string dom time hits
45 28 1777.47058105 1
53 29 1225.66589355 1
54 24 1183.82727051 1
54 25 837.625061035 1
54 25 1061.48547363 1
54 25 1622.39282227 1
54 26 923.398193359 1
54 26 1014.85559082 1
54 26 1271.17565918 1
54 27 685.99041748 1
54 27 722.583740234 1
54 27 820.387817383 1
54 27 878.116088867 1
54 27 947.016967773 1
54 27 985.041992188 1
54 27 986.395812988 1
54 27 1236.77758789 1
54 27 2348.35717773 1
54 28 699.670166016 1
54 28 869.413513184 1
54 28 914.211975098 1
54 28 947.511535645 1
54 28 1209.48449707 1
54 28 1480.5291748 1
54 29 680.672546387 1
54 29 832.723388672 1
54 29 870.755737305 1
54 29 1077.7935791 1
54 29 1639.83776855 1
54 30 685.264404297 1
54 30 758.821289062 1
54 30 851.59576416 1
54 30 868.535217285 1
54 30 957.84765625 1
54 30 963.284118652 1
54 30 1109.31726074 1
54 30 1405.80029297 1
54 30 1801.26171875 1
54 31 1002.00744629 1
54 31 1687.51916504 1
54 31 1877.9744873 1
54 32 790.118041992 1
54 32 1017.49816895 1
54 32 1275.99841309 1
55 22 1377.98205566 1
55 22 1545.57531738 1
55 24 1127.33911133 1
55 24 1312.72692871 1
55 25 1088.80932617 1
55 25 1647.89624023 1
55 26 902.739868164 1
55 26 911.441772461 1
55 26 985.12298584 1
55 26 1003.0401001 1
55 26 1127.48864746 1
55 26 1299.21142578 1
55 26 1302.9017334 1
55 27 757.00982666 1
55 27 790.384399414 1
55 27 968.494689941 1
55 27 1260.53295898 1
55 27 2739.55200195 1
55 28 645.756958008 1
55 28 647.374389648 1
55 28 678.883911133 1
55 28 690.605895996 1
55 28 693.962524414 1
55 28 780.061706543 1
55 28 947.461730957 1
55 28 1086.09265137 1
55 28 1123.45947266 1
55 28 1177.9654541 1
55 28 1215.44128418 1
55 28 1709.52758789 1
55 29 690.183105469 1
55 29 758.506652832 1
55 29 777.03515625 1
55 29 866.366027832 1
55 29 966.499450684 1
55 29 1150.06591797 1
55 29 1201.51965332 1
55 29 1225.38513184 1
55 29 1259.08361816 1
55 29 3114.85766602 1
55 30 715.142578125 1
55 30 1042.39282227 1
55 31 1103.99890137 1
55 32 1663.20446777 1
55 32 2105.35400391 1
56 28 1583.29553223 1
61 26 1406.58605957 1
62 21 1319.3692627 1
62 22 931.613220215 1
62 22 1019.14855957 1
62 22 1188.14099121 1
62 22 1844.35534668 1
62 23 977.385070801 1
62 23 1589.73632812 1
62 24 914.529968262 1
62 26 1088.44641113 1
62 26 1697.35070801 1
62 27 752.11706543 1
62 27 764.249694824 1
62 27 788.979370117 1
62 27 833.315124512 1
62 27 910.638977051 1
62 27 928.734069824 1
62 27 944.490966797 1
62 27 1093.37573242 1
62 27 1111.39855957 1
62 28 680.624572754 1
62 28 725.880310059 1
62 28 737.183105469 1
62 28 801.162475586 1
62 28 808.450561523 1
62 28 873.104431152 1
62 28 896.332458496 1
62 28 1008.44549561 1
62 28 1079.75366211 1
62 28 1141.95556641 1
62 28 1142.78967285 1
62 28 1319.11340332 1
62 28 1350.75219727 1
62 28 1373.57617188 1
62 28 1467.38989258 1
62 28 1852.90197754 1
62 29 661.358947754 1
62 29 758.911499023 1
62 29 777.819763184 1
62 29 795.960632324 1
62 29 806.777648926 1
62 29 817.665283203 1
62 29 908.25958252 1
62 29 928.680175781 1
62 29 967.308776855 1
62 29 1043.17297363 1
62 29 1067.46582031 1
62 29 1726.34204102 1
62 30 739.857177734 1
62 30 936.251220703 1
62 30 1011.01477051 1
62 30 1216.36010742 1
62 30 1245.82971191 1
62 30 1554.53320312 1
62 31 1064.70397949 1
62 31 1713.73083496 1
62 32 1479.52819824 1
63 18 1570.70581055 1
63 20 1187.14245605 1
63 21 959.991149902 1
63 21 1212.01489258 1
63 21 1222.63659668 1
63 22 758.293579102 1
63 22 886.839599609 1
63 22 941.47442627 1
63 22 1163.74829102 1
63 22 2007.27319336 1
63 23 695.71862793 1
63 23 700.154296875 1
63 23 701.768066406 1
63 23 712.588317871 1
63 23 715.63671875 1
63 23 1033.73620605 1
63 23 1109.11779785 1
63 23 1144.42138672 1
63 23 2157.93505859 1
63 24 532.505554199 1
63 24 545.532104492 1
63 24 550.618286133 1
63 24 557.365478516 1
63 24 582.912536621 1
63 24 594.750427246 1
63 24 597.678588867 1
63 24 605.865722656 1
63 24 618.325866699 1
63 24 625.997619629 1
63 24 658.206481934 1
63 24 667.00592041 1
63 24 674.507568359 1
63 24 676.448669434 1
63 24 715.255615234 1
63 24 844.199462891 1
63 24 904.472290039 1
63 24 1202.78100586 1
63 24 1477.0637207 1
63 24 1501.69628906 1
63 25 434.454681396 1
63 25 437.066680908 1
63 25 459.241760254 1
63 25 467.032165527 1
63 25 468.612823486 1
63 25 476.312011719 1
63 25 476.559539795 1
63 25 478.652404785 1
63 25 489.34487915 1
63 25 490.138336182 1
63 25 498.720184326 1
63 25 501.3097229 1
63 25 528.725524902 1
63 25 536.026123047 1
63 25 538.830505371 1
63 25 541.497619629 1
63 25 542.283935547 1
63 25 546.354003906 1
63 25 547.99822998 1
63 25 561.679016113 1
63 25 568.387268066 1
63 25 569.583496094 1
63 25 601.381164551 1
63 25 601.606079102 1
63 25 623.113952637 1
63 25 642.535949707 1
63 25 650.782836914 1
63 25 651.604370117 1
63 25 662.277282715 1
63 25 677.705932617 1
63 25 699.74798584 1
63 25 752.490234375 1
63 25 755.65045166 1
63 25 763.482299805 1
63 25 782.84588623 1
63 25 823.309936523 1
63 25 864.331604004 1
63 25 904.213317871 1
63 25 941.14465332 1
63 25 1010.07348633 1
63 25 1053.72509766 1
63 25 1081.60876465 1
63 25 1095.81591797 1
63 25 1106.36706543 1
63 25 1236.62451172 1
63 25 1820.48583984 1
63 26 321.799926758 1
63 26 333.527282715 1
63 26 338.81729126 1
63 26 341.332763672 1
63 26 342.748016357 1
63 26 344.454101562 1
63 26 345.03213501 1
63 26 345.04208374 1
63 26 345.659515381 1
63 26 347.567657471 1
63 26 349.422698975 1
63 26 354.775360107 1
63 26 355.24798584 1
63 26 357.042663574 1
63 26 359.0909729 1
63 26 359.366241455 1
63 26 359.863769531 1
63 26 360.547546387 1
63 26 360.671020508 1
63 26 360.799468994 1
63 26 362.055358887 1
63 26 364.438201904 1
63 26 367.171539307 1
63 26 368.777282715 1
63 26 371.963226318 1
63 26 372.060913086 1
63 26 372.105682373 1
63 26 374.905151367 1
63 26 376.322296143 1
63 26 377.077392578 1
63 26 377.906036377 1
63 26 378.791809082 1
63 26 378.917480469 1
63 26 380.470062256 1
63 26 381.62789917 1
63 26 385.944519043 1
63 26 386.434204102 1
63 26 389.759613037 1
63 26 390.008331299 1
63 26 393.833007812 1
63 26 394.448028564 1
63 26 394.953369141 1
63 26 397.936187744 1
63 26 401.012786865 1
63 26 402.144134521 1
63 26 403.807220459 1
63 26 405.839233398 1
63 26 407.209075928 1
63 26 408.743835449 1
63 26 409.414978027 1
63 26 409.446990967 1
63 26 409.876647949 1
63 26 411.773071289 1
63 26 412.117126465 1
63 26 415.75189209 1
63 26 418.261108398 1
63 26 423.092895508 1
63 26 423.280273438 1
63 26 424.756011963 1
63 26 424.762359619 1
63 26 428.686737061 1
63 26 429.65246582 1
63 26 448.732879639 1
63 26 450.354248047 1
63 26 454.230377197 1
63 26 462.807556152 1
63 26 468.295166016 1
63 26 483.440856934 1
63 26 483.636505127 1
63 26 490.379241943 1
63 26 498.710235596 1
63 26 499.420501709 1
63 26 500.659851074 1
63 26 506.051086426 1
63 26 508.707611084 1
63 26 529.738342285 1
63 26 538.206848145 1
63 26 542.655883789 1
63 26 543.959838867 1
63 26 550.911499023 1
63 26 552.373901367 1
63 26 552.843261719 1
63 26 556.450683594 1
63 26 558.306945801 1
63 26 561.210449219 1
63 26 567.619140625 1
63 26 571.000183105 1
63 26 571.265563965 1
63 26 581.228393555 1
63 26 581.290466309 1
63 26 582.23638916 1
63 26 595.650512695 1
63 26 595.813720703 1
63 26 611.677307129 1
63 26 612.338745117 1
63 26 613.358581543 1
63 26 637.693725586 1
63 26 658.999206543 1
63 26 661.336242676 1
63 26 671.172485352 1
63 26 676.304077148 1
63 26 678.628723145 1
63 26 682.030334473 1
63 26 733.99029541 1
63 26 736.909423828 1
63 26 761.569641113 1
63 26 774.100219727 1
63 26 804.030700684 1
63 26 808.08013916 1
63 26 825.764587402 1
63 26 854.311950684 1
63 26 866.192749023 1
63 26 890.012695312 1
63 26 895.133972168 1
63 26 943.464477539 1
63 26 964.161010742 1
63 26 988.168762207 1
63 26 1046.28503418 1
63 26 1127.58911133 1
63 26 1142.09997559 1
63 26 1216.32019043 1
63 26 1229.88659668 1
63 26 1235.43212891 1
63 26 1343.50927734 1
63 27 245.080795288 1
63 27 247.206832886 1
63 27 252.444610596 1
63 27 253.071716309 1
63 27 253.351913452 1
63 27 253.647033691 1
63 27 255.271575928 1
63 27 255.780181885 1
63 27 255.950408936 1
63 27 256.756286621 1
63 27 257.013031006 1
63 27 257.991760254 1
63 27 258.432861328 1
63 27 258.497009277 1
63 27 259.252563477 1
63 27 259.809082031 1
63 27 260.892456055 1
63 27 261.020446777 1
63 27 261.973999023 1
63 27 262.215423584 1
63 27 263.647583008 1
63 27 264.12008667 1
63 27 264.33392334 1
63 27 264.762329102 1
63 27 265.298919678 1
63 27 265.437316895 1
63 27 265.488952637 1
63 27 265.556762695 1
63 27 265.970977783 1
63 27 266.363494873 1
63 27 266.74899292 1
63 27 267.460296631 1
63 27 268.962982178 1
63 27 269.161682129 1
63 27 269.171630859 1
63 27 269.289215088 1
63 27 269.321929932 1
63 27 269.53717041 1
63 27 269.848480225 1
63 27 270.562988281 1
63 27 270.965515137 1
63 27 271.16003418 1
63 27 271.327728271 1
63 27 271.434051514 1
63 27 271.747467041 1
63 27 272.123168945 1
63 27 272.25994873 1
63 27 272.574768066 1
63 27 274.196258545 1
63 27 274.753448486 1
63 27 275.022216797 1
63 27 275.030792236 1
63 27 275.669311523 1
63 27 276.393707275 1
63 27 276.564361572 1
63 27 276.694519043 1
63 27 277.200836182 1
63 27 278.384552002 1
63 27 279.102752686 1
63 27 279.246154785 1
63 27 279.341918945 1
63 27 280.225952148 1
63 27 280.400390625 1
63 27 280.876586914 1
63 27 281.358642578 1
63 27 282.442596436 1
63 27 282.834747314 1
63 27 283.494995117 1
63 27 283.615142822 1
63 27 284.587677002 1
63 27 284.682525635 1
63 27 284.698425293 1
63 27 284.845062256 1
63 27 285.910919189 1
63 27 286.227539062 1
63 27 286.393707275 1
63 27 286.677703857 1
63 27 286.694580078 1
63 27 287.137023926 1
63 27 287.392089844 1
63 27 288.011535645 1
63 27 288.19732666 1
63 27 288.357299805 1
63 27 290.286376953 1
63 27 290.44329834 1
63 27 291.705230713 1
63 27 292.498413086 1
63 27 292.676055908 1
63 27 292.812164307 1
63 27 292.870819092 1
63 27 293.810821533 1
63 27 293.949645996 1
63 27 294.916351318 1
63 27 295.038146973 1
63 27 296.16619873 1
63 27 296.248718262 1
63 27 297.292510986 1
63 27 297.543823242 1
63 27 297.875518799 1
63 27 298.102874756 1
63 27 298.15234375 1
63 27 298.254425049 1
63 27 299.529388428 1
63 27 300.584259033 1
63 27 301.438873291 1
63 27 301.890167236 1
63 27 302.074371338 1
63 27 302.324890137 1
63 27 302.518554688 1
63 27 303.985015869 1
63 27 304.086090088 1
63 27 304.40145874 1
63 27 305.924499512 1
63 27 307.478851318 1
63 27 307.63092041 1
63 27 307.984466553 1
63 27 308.797302246 1
63 27 309.090545654 1
63 27 310.463592529 1
63 27 310.903839111 1
63 27 312.451965332 1
63 27 312.951873779 1
63 27 315.727844238 1
63 27 315.987335205 1
63 27 317.795440674 1
63 27 318.013916016 1
63 27 318.325866699 1
63 27 318.362487793 1
63 27 319.401702881 1
63 27 320.361999512 1
63 27 320.505584717 1
63 27 320.868927002 1
63 27 321.900268555 1
63 27 322.408996582 1
63 27 323.922241211 1
63 27 325.215698242 1
63 27 325.246887207 1
63 27 329.490539551 1
63 27 330.28112793 1
63 27 330.470001221 1
63 27 334.709625244 1
63 27 335.068908691 1
63 27 335.667388916 1
63 27 336.396118164 1
63 27 336.618164062 1
63 27 337.504333496 1
63 27 338.124572754 1
63 27 341.538513184 1
63 27 342.567687988 1
63 27 342.859924316 1
63 27 343.168945312 1
63 27 344.400299072 1
63 27 345.471618652 1
63 27 348.42086792 1
63 27 349.25390625 1
63 27 349.282226562 1
63 27 349.582519531 1
63 27 352.859558105 1
63 27 353.790222168 1
63 27 354.465362549 1
63 27 354.785827637 1
63 27 355.041259766 1
63 27 356.975769043 1
63 27 357.681427002 1
63 27 360.014678955 1
63 27 360.762786865 1
63 27 372.459381104 1
63 27 373.020263672 1
63 27 373.524261475 1
63 27 374.185882568 1
63 27 374.218444824 1
63 27 375.353088379 1
63 27 379.189178467 1
63 27 382.396606445 1
63 27 382.479736328 1
63 27 383.798736572 1
63 27 383.845184326 1
63 27 383.89855957 1
63 27 389.546325684 1
63 27 392.534454346 1
63 27 392.864196777 1
63 27 393.408843994 1
63 27 394.958953857 1
63 27 398.382659912 1
63 27 404.560455322 1
63 27 406.80670166 1
63 27 407.308959961 1
63 27 409.124633789 1
63 27 409.175872803 1
63 27 410.66506958 1
63 27 424.863067627 1
63 27 430.7421875 1
63 27 434.62890625 1
63 27 436.028900146 1
63 27 446.338470459 1
63 27 453.9296875 1
63 27 467.642547607 1
63 27 476.916107178 1
63 27 485.373748779 1
63 27 488.497528076 1
63 27 490.189941406 1
63 27 493.890228271 1
63 27 498.057922363 1
63 27 507.063659668 1
63 27 511.17880249 1
63 27 512.140319824 1
63 27 517.634765625 1
63 27 527.138244629 1
63 27 532.339904785 1
63 27 533.973876953 1
63 27 542.17767334 1
63 27 547.570861816 1
63 27 551.216674805 1
63 27 601.357727051 1
63 27 612.367797852 1
63 27 625.095092773 1
63 27 634.904418945 1
63 27 645.955627441 1
63 27 668.854553223 1
63 27 676.874145508 1
63 27 688.725036621 1
63 27 709.98034668 1
63 27 735.896911621 1
63 27 752.834655762 1
63 27 770.02130127 1
63 27 797.866088867 1
63 27 819.413208008 1
63 27 823.513000488 1
63 27 904.001464844 1
63 27 967.35168457 1
63 27 1117.31433105 1
63 27 1213.72424316 1
63 27 1323.40063477 1
63 27 1456.35375977 1
63 27 1738.59265137 1
63 28 158.753982544 1
63 28 162.560928345 1
63 28 163.72795105 1
63 28 164.062973022 1
63 28 164.575088501 1
63 28 165.036804199 1
63 28 165.543838501 1
63 28 165.909683228 1
63 28 166.071273804 1
63 28 166.684646606 1
63 28 166.942886353 1
63 28 167.009216309 1
63 28 167.269287109 1
63 28 167.331558228 1
63 28 167.95199585 1
63 28 168.181365967 1
63 28 168.199172974 1
63 28 168.230270386 1
63 28 168.791290283 1
63 28 169.007049561 1
63 28 169.034286499 1
63 28 169.166763306 1
63 28 169.188781738 1
63 28 169.249206543 1
63 28 169.388778687 1
63 28 169.698303223 1
63 28 169.765075684 1
63 28 170.178817749 1
63 28 170.524749756 1
63 28 170.598373413 1
63 28 171.009780884 1
63 28 171.021957397 1
63 28 171.105621338 1
63 28 171.391723633 1
63 28 171.520431519 1
63 28 171.597808838 1
63 28 171.645324707 1
63 28 171.667953491 1
63 28 171.713790894 1
63 28 171.793838501 1
63 28 172.020263672 1
63 28 172.084594727 1
63 28 172.184707642 1
63 28 172.268569946 1
63 28 172.297164917 1
63 28 172.330703735 1
63 28 172.386688232 1
63 28 172.462249756 1
63 28 172.59475708 1
63 28 172.631820679 1
63 28 173.085342407 1
63 28 173.225860596 1
63 28 173.348602295 1
63 28 173.501693726 1
63 28 173.576919556 1
63 28 173.652572632 1
63 28 173.70324707 1
63 28 174.335281372 1
63 28 174.474349976 1
63 28 174.62461853 1
63 28 174.957885742 1
63 28 175.12953186 1
63 28 175.212310791 1
63 28 175.242965698 1
63 28 175.289169312 1
63 28 175.42098999 1
63 28 175.430679321 1
63 28 175.449737549 1
63 28 175.474105835 1
63 28 175.51222229 1
63 28 175.886398315 1
63 28 176.013290405 1
63 28 176.20111084 1
63 28 176.401947021 1
63 28 176.418579102 1
63 28 176.427276611 1
63 28 176.465835571 1
63 28 176.467712402 1
63 28 176.531295776 1
63 28 176.570648193 1
63 28 176.615020752 1
63 28 176.686630249 1
63 28 176.929580688 1
63 28 176.970016479 1
63 28 177.15725708 1
63 28 177.223953247 1
63 28 177.382217407 1
63 28 177.505386353 1
63 28 177.676651001 1
63 28 177.758255005 1
63 28 177.857955933 1
63 28 177.950927734 1
63 28 178.0103302 1
63 28 178.205612183 1
63 28 178.465652466 1
63 28 178.601959229 1
63 28 178.690231323 1
63 28 178.829406738 1
63 28 178.941040039 1
63 28 179.090530396 1
63 28 179.102310181 1
63 28 179.115936279 1
63 28 179.17036438 1
63 28 179.215942383 1
63 28 179.298858643 1
63 28 179.36505127 1
63 28 179.464279175 1
63 28 179.464447021 1
63 28 180.048904419 1
63 28 180.133789062 1
63 28 180.158676147 1
63 28 180.192428589 1
63 28 180.207550049 1
63 28 180.557357788 1
63 28 180.560684204 1
63 28 180.687744141 1
63 28 180.722824097 1
63 28 180.770568848 1
63 28 180.798751831 1
63 28 180.880630493 1
63 28 180.960632324 1
63 28 180.979324341 1
63 28 181.003356934 1
63 28 181.011764526 1
63 28 181.146148682 1
63 28 181.213104248 1
63 28 181.237884521 1
63 28 181.310806274 1
63 28 181.434707642 1
63 28 182.11932373 1
63 28 182.251541138 1
63 28 182.47984314 1
63 28 182.766464233 1
63 28 182.843444824 1
63 28 182.97428894 1
63 28 183.083343506 1
63 28 183.124588013 1
63 28 183.137863159 1
63 28 183.18258667 1
63 28 183.306549072 1
63 28 183.324478149 1
63 28 183.355545044 1
63 28 183.729248047 1
63 28 183.963226318 1
63 28 184.419174194 1
63 28 184.783325195 1
63 28 185.472717285 1
63 28 185.61366272 1
63 28 186.074661255 1
63 28 186.087600708 1
63 28 186.311584473 1
63 28 186.389892578 1
63 28 186.462051392 1
63 28 186.491775513 1
63 28 186.658615112 1
63 28 186.671340942 1
63 28 186.717437744 1
63 28 186.804153442 1
63 28 186.877670288 1
63 28 187.0025177 1
63 28 187.121948242 1
63 28 187.21131897 1
63 28 187.328292847 1
63 28 187.478744507 1
63 28 187.523605347 1
63 28 187.589141846 1
63 28 187.663360596 1
63 28 187.935760498 1
63 28 188.048095703 1
63 28 188.415878296 1
63 28 188.60597229 1
63 28 189.034500122 1
63 28 189.191085815 1
63 28 189.212356567 1
63 28 189.250793457 1
63 28 189.527511597 1
63 28 189.547836304 1
63 28 189.733261108 1
63 28 189.809753418 1
63 28 189.832366943 1
63 28 189.901977539 1
63 28 190.283569336 1
63 28 190.291091919 1
63 28 190.350830078 1
63 28 190.427368164 1
63 28 190.608795166 1
63 28 190.681472778 1
63 28 190.847869873 1
63 28 190.954833984 1
63 28 191.189300537 1
63 28 191.339736938 1
63 28 191.492492676 1
63 28 191.632949829 1
63 28 191.86730957 1
63 28 191.988357544 1
63 28 192.067108154 1
63 28 192.20375061 1
63 28 192.797042847 1
63 28 192.900344849 1
63 28 192.915313721 1
63 28 193.042282104 1
63 28 193.192169189 1
63 28 193.332992554 1
63 28 193.388381958 1
63 28 193.456039429 1
63 28 193.457962036 1
63 28 193.538574219 1
63 28 193.71282959 1
63 28 193.733596802 1
63 28 194.040420532 1
63 28 194.040939331 1
63 28 194.191543579 1
63 28 194.464080811 1
63 28 194.476760864 1
63 28 194.505569458 1
63 28 194.5440979 1
63 28 194.718811035 1
63 28 194.79624939 1
63 28 194.831420898 1
63 28 194.926879883 1
63 28 195.236602783 1
63 28 195.31060791 1
63 28 195.417312622 1
63 28 195.623718262 1
63 28 195.706039429 1
63 28 195.817306519 1
63 28 196.265563965 1
63 28 196.352401733 1
63 28 196.375976562 1
63 28 196.453445435 1
63 28 196.482559204 1
63 28 196.597869873 1
63 28 196.606582642 1
63 28 196.61907959 1
63 28 196.749938965 1
63 28 196.835800171 1
63 28 196.837921143 1
63 28 197.833435059 1
63 28 197.849517822 1
63 28 197.89465332 1
63 28 198.324890137 1
63 28 198.361602783 1
63 28 198.629425049 1
63 28 199.276428223 1
63 28 199.426361084 1
63 28 199.738723755 1
63 28 199.747970581 1
63 28 200.057281494 1
63 28 200.088775635 1
63 28 200.328720093 1
63 28 200.333496094 1
63 28 200.373245239 1
63 28 200.392669678 1
63 28 200.504394531 1
63 28 200.61088562 1
63 28 200.785263062 1
63 28 200.818405151 1
63 28 201.192153931 1
63 28 201.520446777 1
63 28 201.646209717 1
63 28 201.749191284 1
63 28 201.955841064 1
63 28 202.354370117 1
63 28 202.484725952 1
63 28 202.717712402 1
63 28 202.97076416 1
63 28 203.505599976 1
63 28 203.833374023 1
63 28 204.162124634 1
63 28 204.320022583 1
63 28 204.645797729 1
63 28 204.678421021 1
63 28 204.801895142 1
63 28 204.815979004 1
63 28 205.218734741 1
63 28 206.23475647 1
63 28 206.566802979 1
63 28 207.014190674 1
63 28 207.36378479 1
63 28 207.444488525 1
63 28 207.797286987 1
63 28 208.018447876 1
63 28 208.232849121 1
63 28 208.342819214 1
63 28 208.408355713 1
63 28 209.05291748 1
63 28 209.482910156 1
63 28 210.47026062 1
63 28 211.387207031 1
63 28 211.650283813 1
63 28 211.716812134 1
63 28 211.819229126 1
63 28 211.922271729 1
63 28 211.990753174 1
63 28 212.398162842 1
63 28 212.40435791 1
63 28 212.800094604 1
63 28 213.244781494 1
63 28 213.678833008 1
63 28 213.713729858 1
63 28 213.718017578 1
63 28 213.760284424 1
63 28 213.777191162 1
63 28 214.354019165 1
63 28 215.12600708 1
63 28 215.587768555 1
63 28 215.895629883 1
63 28 216.010025024 1
63 28 216.01550293 1
63 28 216.436782837 1
63 28 216.615432739 1
63 28 217.58883667 1
63 28 217.827911377 1
63 28 218.038009644 1
63 28 219.001800537 1
63 28 219.247055054 1
63 28 219.606201172 1
63 28 219.677215576 1
63 28 219.898040771 1
63 28 220.244796753 1
63 28 220.571304321 1
63 28 221.991760254 1
63 28 222.045410156 1
63 28 222.414489746 1
63 28 222.873748779 1
63 28 223.833312988 1
63 28 223.866104126 1
63 28 224.885604858 1
63 28 225.105987549 1
63 28 225.774978638 1
63 28 225.851577759 1
63 28 226.302139282 1
63 28 226.933547974 1
63 28 227.913421631 1
63 28 228.079544067 1
63 28 228.209625244 1
63 28 228.271697998 1
63 28 228.522384644 1
63 28 228.772888184 1
63 28 228.907104492 1
63 28 228.981704712 1
63 28 229.208526611 1
63 28 229.692306519 1
63 28 229.980331421 1
63 28 230.732177734 1
63 28 230.910598755 1
63 28 230.965484619 1
63 28 231.201004028 1
63 28 232.263717651 1
63 28 232.845977783 1
63 28 233.002990723 1
63 28 233.446868896 1
63 28 233.60319519 1
63 28 233.833587646 1
63 28 235.010513306 1
63 28 235.413528442 1
63 28 237.436538696 1
63 28 238.116271973 1
63 28 238.591033936 1
63 28 238.876525879 1
63 28 238.979919434 1
63 28 240.014877319 1
63 28 240.448394775 1
63 28 240.65083313 1
63 28 241.29524231 1
63 28 241.581848145 1
63 28 242.435745239 1
63 28 243.255187988 1
63 28 244.219192505 1
63 28 245.104721069 1
63 28 245.125656128 1
63 28 245.208587646 1
63 28 245.23727417 1
63 28 245.247543335 1
63 28 245.352783203 1
63 28 245.796447754 1
63 28 245.878768921 1
63 28 248.906707764 1
63 28 248.99005127 1
63 28 249.305679321 1
63 28 249.63571167 1
63 28 249.6925354 1
63 28 250.262908936 1
63 28 250.489303589 1
63 28 252.661209106 1
63 28 252.984817505 1
63 28 254.416671753 1
63 28 255.16003418 1
63 28 255.382492065 1
63 28 256.395599365 1
63 28 257.175292969 1
63 28 257.257293701 1
63 28 257.895385742 1
63 28 259.055847168 1
63 28 259.105682373 1
63 28 259.293273926 1
63 28 259.563720703 1
63 28 261.253662109 1
63 28 261.460388184 1
63 28 262.917877197 1
63 28 263.588165283 1
63 28 265.948425293 1
63 28 269.885955811 1
63 28 269.917480469 1
63 28 272.479888916 1
63 28 273.168243408 1
63 28 275.589385986 1
63 28 276.994598389 1
63 28 279.232757568 1
63 28 279.750457764 1
63 28 284.811462402 1
63 28 285.102508545 1
63 28 285.353057861 1
63 28 287.148132324 1
63 28 288.54119873 1
63 28 289.809661865 1
63 28 294.999511719 1
63 28 295.925415039 1
63 28 296.731719971 1
63 28 300.392089844 1
63 28 300.73739624 1
63 28 304.118743896 1
63 28 306.045288086 1
63 28 306.115814209 1
63 28 306.848083496 1
63 28 312.76864624 1
63 28 313.328948975 1
63 28 316.365478516 1
63 28 318.701812744 1
63 28 321.106414795 1
63 28 323.897247314 1
63 28 324.849212646 1
63 28 328.524993896 1
63 28 328.869812012 1
63 28 331.165527344 1
63 28 337.889801025 1
63 28 338.354675293 1
63 28 347.359649658 1
63 28 348.640289307 1
63 28 350.978118896 1
63 28 351.030212402 1
63 28 351.869781494 1
63 28 352.407623291 1
63 28 353.346466064 1
63 28 353.506958008 1
63 28 355.87789917 1
63 28 356.433959961 1
63 28 359.984558105 1
63 28 363.685516357 1
63 28 367.879150391 1
63 28 372.679656982 1
63 28 373.985748291 1
63 28 384.068054199 1
63 28 387.124725342 1
63 28 388.54385376 1
63 28 388.856445312 1
63 28 390.735137939 1
63 28 397.740600586 1
63 28 399.676391602 1
63 28 402.839813232 1
63 28 405.093780518 1
63 28 422.681732178 1
63 28 435.071380615 1
63 28 438.469970703 1
63 28 459.128814697 1
63 28 460.198577881 1
63 28 466.837493896 1
63 28 468.955627441 1
63 28 472.181549072 1
63 28 474.929656982 1
63 28 480.837402344 1
63 28 481.591094971 1
63 28 482.140289307 1
63 28 485.031402588 1
63 28 486.754119873 1
63 28 487.829803467 1
63 28 494.172576904 1
63 28 499.234130859 1
63 28 507.716217041 1
63 28 533.924682617 1
63 28 534.307067871 1
63 28 540.688110352 1
63 28 541.552307129 1
63 28 554.715393066 1
63 28 556.337524414 1
63 28 587.030151367 1
63 28 608.637390137 1
63 28 640.389221191 1
63 28 640.753173828 1
63 28 643.859741211 1
63 28 646.891906738 1
63 28 693.013244629 1
63 28 694.318908691 1
63 28 706.281555176 1
63 28 714.274353027 1
63 28 736.670715332 1
63 28 742.079406738 1
63 28 765.784973145 1
63 28 791.428588867 1
63 28 876.376098633 1
63 28 930.682861328 1
63 28 937.278991699 1
63 28 966.29296875 1
63 28 1071.32507324 1
63 28 1136.38793945 1
63 28 1411.33056641 1
63 28 2723.86474609 1
63 29 79.5314788818 1
63 29 81.0506820679 1
63 29 81.1366119385 1
63 29 82.3780899048 1
63 29 82.5383911133 1
63 29 82.5883331299 1
63 29 82.6259384155 1
63 29 82.7364807129 1
63 29 82.7407150269 1
63 29 82.7901611328 1
63 29 82.8648986816 1
63 29 83.2019729614 1
63 29 83.2566604614 1
63 29 83.3868637085 1
63 29 83.4241714478 1
63 29 83.4322128296 1
63 29 83.6591110229 1
63 29 83.6979904175 1
63 29 83.8149261475 1
63 29 83.8349609375 1
63 29 83.8505172729 1
63 29 84.083404541 1
63 29 84.3535919189 1
63 29 84.4574661255 1
63 29 84.7180786133 1
63 29 84.7747879028 1
63 29 84.8838500977 1
63 29 85.0079879761 1
63 29 85.0179901123 1
63 29 85.1408157349 1
63 29 85.142791748 1
63 29 85.1434173584 1
63 29 85.2156143188 1
63 29 85.2205352783 1
63 29 85.2626342773 1
63 29 85.3001174927 1
63 29 85.3458023071 1
63 29 85.3674621582 1
63 29 85.3754425049 1
63 29 85.4774780273 1
63 29 85.6726379395 1
63 29 85.7800674438 1
63 29 85.8206329346 1
63 29 85.8269042969 1
63 29 86.0043563843 1
63 29 86.0205078125 1
63 29 86.0314407349 1
63 29 86.0653991699 1
63 29 86.2202835083 1
63 29 86.2802658081 1
63 29 86.3210754395 1
63 29 86.3295974731 1
63 29 86.4117660522 1
63 29 86.4583740234 1
63 29 86.4691619873 1
63 29 86.4720993042 1
63 29 86.5911560059 1
63 29 86.6089859009 1
63 29 86.6765136719 1
63 29 86.712387085 1
63 29 86.7662124634 1
63 29 86.8213195801 1
63 29 86.9000091553 1
63 29 86.9022827148 1
63 29 86.9823989868 1
63 29 87.0329284668 1
63 29 87.1179580688 1
63 29 87.1292572021 1
63 29 87.1473999023 1
63 29 87.551399231 1
63 29 87.6327514648 1
63 29 87.7376708984 1
63 29 87.768371582 1
63 29 87.7706451416 1
63 29 87.8087692261 1
63 29 87.8148345947 1
63 29 87.822227478 1
63 29 87.8440093994 1
63 29 87.9236907959 1
63 29 87.9613265991 1
63 29 88.0971832275 1
63 29 88.1052017212 1
63 29 88.1713485718 1
63 29 88.1886367798 1
63 29 88.2240524292 1
63 29 88.2910003662 1
63 29 88.2927474976 1
63 29 88.326171875 1
63 29 88.3325271606 1
63 29 88.3400878906 1
63 29 88.368270874 1
63 29 88.3983001709 1
63 29 88.4338531494 1
63 29 88.4704208374 1
63 29 88.4802627563 1
63 29 88.4871520996 1
63 29 88.5467300415 1
63 29 88.5572814941 1
63 29 88.5585250854 1
63 29 88.5761795044 1
63 29 88.5864181519 1
63 29 88.6438674927 1
63 29 88.650062561 1
63 29 88.6538238525 1
63 29 88.6864013672 1
63 29 88.7188034058 1
63 29 88.7467956543 1
63 29 88.7717437744 1
63 29 88.8225402832 1
63 29 88.9042358398 1
63 29 88.9620742798 1
63 29 88.9839630127 1
63 29 88.9972686768 1
63 29 89.0140457153 1
63 29 89.0375137329 1
63 29 89.0381851196 1
63 29 89.0831222534 1
63 29 89.0952224731 1
63 29 89.1089172363 1
63 29 89.1238632202 1
63 29 89.1432342529 1
63 29 89.1465835571 1
63 29 89.2973556519 1
63 29 89.3268280029 1
63 29 89.3321533203 1
63 29 89.3448562622 1
63 29 89.4705352783 1
63 29 89.4898910522 1
63 29 89.5180892944 1
63 29 89.5616455078 1
63 29 89.5811767578 1
63 29 89.5839920044 1
63 29 89.5923995972 1
63 29 89.5944366455 1
63 29 89.6248321533 1
63 29 89.6497650146 1
63 29 89.6525650024 1
63 29 89.6711425781 1
63 29 89.7137374878 1
63 29 89.7389907837 1
63 29 89.7823181152 1
63 29 89.7923355103 1
63 29 89.8499298096 1
63 29 89.8546218872 1
63 29 89.8789215088 1
63 29 89.9747314453 1
63 29 89.9758453369 1
63 29 90.0052032471 1
63 29 90.0289993286 1
63 29 90.0493774414 1
63 29 90.0514602661 1
63 29 90.0576553345 1
63 29 90.0788269043 1
63 29 90.1256713867 1
63 29 90.1306915283 1
63 29 90.1364822388 1
63 29 90.17237854 1
63 29 90.2253189087 1
63 29 90.2464981079 1
63 29 90.250869751 1
63 29 90.2547302246 1
63 29 90.256362915 1
63 29 90.2585830688 1
63 29 90.2668457031 1
63 29 90.2854156494 1
63 29 90.3185806274 1
63 29 90.3568954468 1
63 29 90.36743927 1
63 29 90.3909912109 1
63 29 90.3930053711 1
63 29 90.3997039795 1
63 29 90.4223937988 1
63 29 90.4626159668 1
63 29 90.4630203247 1
63 29 90.4773330688 1
63 29 90.4782104492 1
63 29 90.4807891846 1
63 29 90.4858398438 1
63 29 90.4894866943 1
63 29 90.4974517822 1
63 29 90.5376358032 1
63 29 90.5496749878 1
63 29 90.5774459839 1
63 29 90.5929870605 1
63 29 90.6595077515 1
63 29 90.6819992065 1
63 29 90.6826095581 1
63 29 90.6834106445 1
63 29 90.6930084229 1
63 29 90.7134475708 1
63 29 90.7166671753 1
63 29 90.7349853516 1
63 29 90.7902679443 1
63 29 90.818321228 1
63 29 90.8187866211 1
63 29 90.8196716309 1
63 29 90.8488693237 1
63 29 90.8493728638 1
63 29 90.8582229614 1
63 29 90.8585281372 1
63 29 90.8599319458 1
63 29 90.8817596436 1
63 29 90.9118423462 1
63 29 90.9466018677 1
63 29 90.9498672485 1
63 29 90.9698562622 1
63 29 90.9982681274 1
63 29 90.9991073608 1
63 29 91.0555343628 1
63 29 91.0954437256 1
63 29 91.1103439331 1
63 29 91.1207962036 1
63 29 91.1476821899 1
63 29 91.1773300171 1
63 29 91.25831604 1
63 29 91.2705307007 1
63 29 91.2805023193 1
63 29 91.3079299927 1
63 29 91.3359222412 1
63 29 91.3904724121 1
63 29 91.3958282471 1
63 29 91.4065856934 1
63 29 91.4074935913 1
63 29 91.4096221924 1
63 29 91.4518127441 1
63 29 91.4846038818 1
63 29 91.5141601562 1
63 29 91.5235671997 1
63 29 91.5974807739 1
63 29 91.5990219116 1
63 29 91.6016616821 1
63 29 91.712387085 1
63 29 91.7275924683 1
63 29 91.7621459961 1
63 29 91.7732925415 1
63 29 91.7958450317 1
63 29 91.8141403198 1
63 29 91.8213882446 1
63 29 91.8451080322 1
63 29 91.8527984619 1
63 29 91.8554229736 1
63 29 91.8831176758 1
63 29 91.9100112915 1
63 29 91.9472808838 1
63 29 91.9474105835 1
63 29 91.9809799194 1
63 29 92.0099334717 1
63 29 92.0206680298 1
63 29 92.050819397 1
63 29 92.0511856079 1
63 29 92.0989837646 1
63 29 92.1099090576 1
63 29 92.1276626587 1
63 29 92.1358566284 1
63 29 92.1571884155 1
63 29 92.2005233765 1
63 29 92.2267074585 1
63 29 92.2518386841 1
63 29 92.2528533936 1
63 29 92.301612854 1
63 29 92.3075408936 1
63 29 92.3424911499 1
63 29 92.3503570557 1
63 29 92.3743972778 1
63 29 92.412071228 1
63 29 92.4354400635 1
63 29 92.435585022 1
63 29 92.4740753174 1
63 29 92.4830551147 1
63 29 92.4993209839 1
63 29 92.5043182373 1
63 29 92.5242156982 1
63 29 92.5280380249 1
63 29 92.5445785522 1
63 29 92.5570526123 1
63 29 92.5938949585 1
63 29 92.6035461426 1
63 29 92.6147155762 1
63 29 92.6274490356 1
63 29 92.6398925781 1
63 29 92.6689605713 1
63 29 92.6865768433 1
63 29 92.7004394531 1
63 29 92.7157516479 1
63 29 92.7229156494 1
63 29 92.7635040283 1
63 29 92.7751846313 1
63 29 92.8067474365 1
63 29 92.9013214111 1
63 29 92.9133605957 1
63 29 92.9292907715 1
63 29 92.9588088989 1
63 29 92.9919128418 1
63 29 93.0116882324 1
63 29 93.0172653198 1
63 29 93.104598999 1
63 29 93.1072235107 1
63 29 93.1530456543 1
63 29 93.1540908813 1
63 29 93.224319458 1
63 29 93.2282867432 1
63 29 93.2811965942 1
63 29 93.3727874756 1
63 29 93.3915252686 1
63 29 93.4099807739 1
63 29 93.4225692749 1
63 29 93.427444458 1
63 29 93.4719161987 1
63 29 93.4744644165 1
63 29 93.4807815552 1
63 29 93.484413147 1
63 29 93.4971008301 1
63 29 93.5026016235 1
63 29 93.5144348145 1
63 29 93.5235977173 1
63 29 93.5319671631 1
63 29 93.6264877319 1
63 29 93.6334609985 1
63 29 93.6721496582 1
63 29 93.6855545044 1
63 29 93.6979141235 1
63 29 93.7067337036 1
63 29 93.7235641479 1
63 29 93.7407989502 1
63 29 93.7717666626 1
63 29 93.7832183838 1
63 29 93.8074417114 1
63 29 93.8126754761 1
63 29 93.8343887329 1
63 29 93.8717575073 1
63 29 93.8757247925 1
63 29 93.8857421875 1
63 29 93.9003753662 1
63 29 93.9096069336 1
63 29 93.9117507935 1
63 29 93.9121932983 1
63 29 93.9265289307 1
63 29 93.9350662231 1
63 29 93.9451980591 1
63 29 93.9769592285 1
63 29 93.9839477539 1
63 29 93.9913024902 1
63 29 94.0008926392 1
63 29 94.0692214966 1
63 29 94.0836181641 1
63 29 94.0840454102 1
63 29 94.0873565674 1
63 29 94.0893707275 1
63 29 94.1152572632 1
63 29 94.133026123 1
63 29 94.1601028442 1
63 29 94.1671600342 1
63 29 94.1793746948 1
63 29 94.2002716064 1
63 29 94.2225036621 1
63 29 94.2578735352 1
63 29 94.2704162598 1
63 29 94.2980499268 1
63 29 94.3264770508 1
63 29 94.3464355469 1
63 29 94.3496017456 1
63 29 94.3663787842 1
63 29 94.4334640503 1
63 29 94.4492492676 1
63 29 94.4535751343 1
63 29 94.4586334229 1
63 29 94.4614486694 1
63 29 94.4963226318 1
63 29 94.5280303955 1
63 29 94.5453338623 1
63 29 94.5788192749 1
63 29 94.5801696777 1
63 29 94.5985488892 1
63 29 94.6587371826 1
63 29 94.6663742065 1
63 29 94.6994171143 1
63 29 94.7136306763 1
63 29 94.7261734009 1
63 29 94.7374343872 1
63 29 94.7761001587 1
63 29 94.8131637573 1
63 29 94.8192825317 1
63 29 94.839012146 1
63 29 94.8608932495 1
63 29 94.8649291992 1
63 29 94.8829040527 1
63 29 94.9033737183 1
63 29 94.9064102173 1
63 29 94.936126709 1
63 29 94.939491272 1
63 29 94.9411010742 1
63 29 94.9488677979 1
63 29 94.9513473511 1
63 29 94.9527282715 1
63 29 94.9592514038 1
63 29 94.9875488281 1
63 29 94.9882202148 1
63 29 95.0238876343 1
63 29 95.0302581787 1
63 29 95.0390014648 1
63 29 95.081489563 1
63 29 95.1112594604 1
63 29 95.124168396 1
63 29 95.1586303711 1
63 29 95.1971740723 1
63 29 95.2114868164 1
63 29 95.226890564 1
63 29 95.228515625 1
63 29 95.2291793823 1
63 29 95.2689361572 1
63 29 95.2875213623 1
63 29 95.3392486572 1
63 29 95.3463668823 1
63 29 95.365814209 1
63 29 95.3747024536 1
63 29 95.3960876465 1
63 29 95.398147583 1
63 29 95.4410934448 1
63 29 95.4714050293 1
63 29 95.4916229248 1
63 29 95.4989318848 1
63 29 95.5167770386 1
63 29 95.5781707764 1
63 29 95.5923843384 1
63 29 95.6137695312 1
63 29 95.6325531006 1
63 29 95.6787872314 1
63 29 95.6964263916 1
63 29 95.6977844238 1
63 29 95.6984481812 1
63 29 95.713180542 1
63 29 95.7452316284 1
63 29 95.7496795654 1
63 29 95.7529449463 1
63 29 95.7847137451 1
63 29 95.7848052979 1
63 29 95.7851638794 1
63 29 95.7920837402 1
63 29 95.8114242554 1
63 29 95.8541564941 1
63 29 95.89793396 1
63 29 95.9316177368 1
63 29 95.9603729248 1
63 29 95.9729690552 1
63 29 95.9823455811 1
63 29 95.9831390381 1
63 29 95.9910812378 1
63 29 95.9923477173 1
63 29 95.9985961914 1
63 29 96.006072998 1
63 29 96.0188980103 1
63 29 96.0385818481 1
63 29 96.0891952515 1
63 29 96.1325759888 1
63 29 96.1370315552 1
63 29 96.1388397217 1
63 29 96.1497802734 1
63 29 96.1538009644 1
63 29 96.1674499512 1
63 29 96.2160644531 1
63 29 96.2266998291 1
63 29 96.2592697144 1
63 29 96.2842636108 1
63 29 96.306060791 1
63 29 96.3383789062 1
63 29 96.3713607788 1
63 29 96.4535980225 1
63 29 96.4786987305 1
63 29 96.5123901367 1
63 29 96.5402374268 1
63 29 96.5455932617 1
63 29 96.5588378906 1
63 29 96.55909729 1
63 29 96.5854949951 1
63 29 96.5995635986 1
63 29 96.599609375 1
63 29 96.6040344238 1
63 29 96.6272201538 1
63 29 96.6354446411 1
63 29 96.6399841309 1
63 29 96.7478866577 1
63 29 96.7965927124 1
63 29 96.8211975098 1
63 29 96.8984298706 1
63 29 96.9091491699 1
63 29 96.9103240967 1
63 29 96.9175262451 1
63 29 96.980796814 1
63 29 96.9937744141 1
63 29 97.0107879639 1
63 29 97.0247344971 1
63 29 97.0575408936 1
63 29 97.0741577148 1
63 29 97.0796356201 1
63 29 97.0800628662 1
63 29 97.0870819092 1
63 29 97.1015014648 1
63 29 97.1357040405 1
63 29 97.1880569458 1
63 29 97.2086486816 1
63 29 97.2111053467 1
63 29 97.2250976562 1
63 29 97.2330474854 1
63 29 97.2398910522 1
63 29 97.2494888306 1
63 29 97.2525634766 1
63 29 97.3099517822 1
63 29 97.3363037109 1
63 29 97.3461303711 1
63 29 97.3488922119 1
63 29 97.4163208008 1
63 29 97.4506530762 1
63 29 97.464881897 1
63 29 97.4767074585 1
63 29 97.5363006592 1
63 29 97.5375442505 1
63 29 97.5442810059 1
63 29 97.5515289307 1
63 29 97.6179122925 1
63 29 97.6426467896 1
63 29 97.690536499 1
63 29 97.6919784546 1
63 29 97.7033691406 1
63 29 97.758895874 1
63 29 97.7657241821 1
63 29 97.8086242676 1
63 29 97.8402099609 1
63 29 97.8891448975 1
63 29 97.9031219482 1
63 29 97.9092330933 1
63 29 97.9206924438 1
63 29 97.9888381958 1
63 29 97.9898300171 1
63 29 97.9969177246 1
63 29 98.0595550537 1
63 29 98.0805740356 1
63 29 98.1356582642 1
63 29 98.1727142334 1
63 29 98.1823425293 1
63 29 98.227432251 1
63 29 98.2727890015 1
63 29 98.2806472778 1
63 29 98.2974777222 1
63 29 98.3046569824 1
63 29 98.3380432129 1
63 29 98.3720245361 1
63 29 98.3783569336 1
63 29 98.3919143677 1
63 29 98.4014816284 1
63 29 98.4535827637 1
63 29 98.4766311646 1
63 29 98.4859161377 1
63 29 98.5130691528 1
63 29 98.528137207 1
63 29 98.5346908569 1
63 29 98.5718002319 1
63 29 98.6471252441 1
63 29 98.6549835205 1
63 29 98.6927261353 1
63 29 98.7010116577 1
63 29 98.7102203369 1
63 29 98.7233200073 1
63 29 98.7386779785 1
63 29 98.7885818481 1
63 29 98.7989120483 1
63 29 98.8086471558 1
63 29 98.8237533569 1
63 29 98.854019165 1
63 29 98.8574371338 1
63 29 98.9563827515 1
63 29 98.9780197144 1
63 29 98.9813995361 1
63 29 98.9873123169 1
63 29 99.0463180542 1
63 29 99.0624237061 1
63 29 99.1781158447 1
63 29 99.183807373 1
63 29 99.2373123169 1
63 29 99.2437973022 1
63 29 99.2930221558 1
63 29 99.323348999 1
63 29 99.326751709 1
63 29 99.329284668 1
63 29 99.4103164673 1
63 29 99.4405593872 1
63 29 99.4447402954 1
63 29 99.4839935303 1
63 29 99.4848251343 1
63 29 99.5160217285 1
63 29 99.5589828491 1
63 29 99.581817627 1
63 29 99.6196289062 1
63 29 99.6328811646 1
63 29 99.6415405273 1
63 29 99.6505203247 1
63 29 99.6541061401 1
63 29 99.6866455078 1
63 29 99.6871337891 1
63 29 99.7916870117 1
63 29 99.8093795776 1
63 29 99.8612365723 1
63 29 99.8651657104 1
63 29 99.8656692505 1
63 29 99.8801116943 1
63 29 99.9114990234 1
63 29 99.9133529663 1
63 29 99.973197937 1
63 29 99.9823074341 1
63 29 99.9835662842 1
63 29 99.9869689941 1
63 29 99.9869995117 1
63 29 99.9928970337 1
63 29 99.9986419678 1
63 29 100.001617432 1
63 29 100.005683899 1
63 29 100.041114807 1
63 29 100.041801453 1
63 29 100.051841736 1
63 29 100.115600586 1
63 29 100.118560791 1
63 29 100.122711182 1
63 29 100.155761719 1
63 29 100.181266785 1
63 29 100.189971924 1
63 29 100.235771179 1
63 29 100.239517212 1
63 29 100.252365112 1
63 29 100.28364563 1
63 29 100.290328979 1
63 29 100.30696106 1
63 29 100.324676514 1
63 29 100.326652527 1
63 29 100.350288391 1
63 29 100.446121216 1
63 29 100.483062744 1
63 29 100.488952637 1
63 29 100.585411072 1
63 29 100.607345581 1
63 29 100.63004303 1
63 29 100.652992249 1
63 29 100.753448486 1
63 29 100.78212738 1
63 29 100.803779602 1
63 29 100.859153748 1
63 29 100.93422699 1
63 29 100.957206726 1
63 29 100.958595276 1
63 29 100.964767456 1
63 29 100.998916626 1
63 29 101.011108398 1
63 29 101.02457428 1
63 29 101.076797485 1
63 29 101.10408783 1
63 29 101.114776611 1
63 29 101.11479187 1
63 29 101.129219055 1
63 29 101.181488037 1
63 29 101.18952179 1
63 29 101.203910828 1
63 29 101.271697998 1
63 29 101.292503357 1
63 29 101.300521851 1
63 29 101.324531555 1
63 29 101.35635376 1
63 29 101.402420044 1
63 29 101.47038269 1
63 29 101.484130859 1
63 29 101.52709198 1
63 29 101.539398193 1
63 29 101.582901001 1
63 29 101.596664429 1
63 29 101.666259766 1
63 29 101.675704956 1
63 29 101.698287964 1
63 29 101.795379639 1
63 29 101.798774719 1
63 29 101.810920715 1
63 29 101.816337585 1
63 29 101.848945618 1
63 29 101.884147644 1
63 29 101.884880066 1
63 29 102.000007629 1
63 29 102.001785278 1
63 29 102.026733398 1
63 29 102.043899536 1
63 29 102.059806824 1
63 29 102.062759399 1
63 29 102.093940735 1
63 29 102.149368286 1
63 29 102.199150085 1
63 29 102.205131531 1
63 29 102.212425232 1
63 29 102.222290039 1
63 29 102.234840393 1
63 29 102.237335205 1
63 29 102.32522583 1
63 29 102.356216431 1
63 29 102.392715454 1
63 29 102.52053833 1
63 29 102.556091309 1
63 29 102.566299438 1
63 29 102.582138062 1
63 29 102.584960938 1
63 29 102.590026855 1
63 29 102.59337616 1
63 29 102.614524841 1
63 29 102.621864319 1
63 29 102.71434021 1
63 29 102.794822693 1
63 29 102.804748535 1
63 29 102.825904846 1
63 29 102.888221741 1
63 29 102.956794739 1
63 29 102.974647522 1
63 29 102.995315552 1
63 29 103.010391235 1
63 29 103.074874878 1
63 29 103.077934265 1
63 29 103.102920532 1
63 29 103.147773743 1
63 29 103.219650269 1
63 29 103.246315002 1
63 29 103.255661011 1
63 29 103.258834839 1
63 29 103.270019531 1
63 29 103.290428162 1
63 29 103.296363831 1
63 29 103.386009216 1
63 29 103.41178894 1
63 29 103.414932251 1
63 29 103.419250488 1
63 29 103.427528381 1
63 29 103.440505981 1
63 29 103.485237122 1
63 29 103.502716064 1
63 29 103.607650757 1
63 29 103.623886108 1
63 29 103.664321899 1
63 29 103.674842834 1
63 29 103.676689148 1
63 29 103.678337097 1
63 29 103.683616638 1
63 29 103.684013367 1
63 29 103.729949951 1
63 29 103.760887146 1
63 29 103.821754456 1
63 29 103.960945129 1
63 29 103.989700317 1
63 29 104.01965332 1
63 29 104.028106689 1
63 29 104.083343506 1
63 29 104.155906677 1
63 29 104.175170898 1
63 29 104.210021973 1
63 29 104.239891052 1
63 29 104.240264893 1
63 29 104.287460327 1
63 29 104.327735901 1
63 29 104.388816833 1
63 29 104.418632507 1
63 29 104.448730469 1
63 29 104.46257019 1
63 29 104.471458435 1
63 29 104.49822998 1
63 29 104.533462524 1
63 29 104.582252502 1
63 29 104.593612671 1
63 29 104.689941406 1
63 29 104.804161072 1
63 29 104.826698303 1
63 29 104.882514954 1
63 29 104.887992859 1
63 29 104.929115295 1
63 29 104.94833374 1
63 29 104.980201721 1
63 29 105.001953125 1
63 29 105.003883362 1
63 29 105.099502563 1
63 29 105.111587524 1
63 29 105.120185852 1
63 29 105.162467957 1
63 29 105.174484253 1
63 29 105.183860779 1
63 29 105.205123901 1
63 29 105.222541809 1
63 29 105.24559021 1
63 29 105.274345398 1
63 29 105.303131104 1
63 29 105.308326721 1
63 29 105.316223145 1
63 29 105.336112976 1
63 29 105.348876953 1
63 29 105.431861877 1
63 29 105.590148926 1
63 29 105.649879456 1
63 29 105.709732056 1
63 29 105.723243713 1
63 29 105.724655151 1
63 29 105.744438171 1
63 29 105.766410828 1
63 29 105.76725769 1
63 29 105.79801178 1
63 29 105.969017029 1
63 29 106.003608704 1
63 29 106.033103943 1
63 29 106.063613892 1
63 29 106.083244324 1
63 29 106.093887329 1
63 29 106.17931366 1
63 29 106.257637024 1
63 29 106.278617859 1
63 29 106.302612305 1
63 29 106.318748474 1
63 29 106.374305725 1
63 29 106.389892578 1
63 29 106.400085449 1
63 29 106.457717896 1
63 29 106.494819641 1
63 29 106.505355835 1
63 29 106.534141541 1
63 29 106.551795959 1
63 29 106.588096619 1
63 29 106.632995605 1
63 29 106.684242249 1
63 29 106.703277588 1
63 29 106.888031006 1
63 29 106.929145813 1
63 29 106.945266724 1
63 29 106.950897217 1
63 29 107.14390564 1
63 29 107.148620605 1
63 29 107.16178894 1
63 29 107.188621521 1
63 29 107.206596375 1
63 29 107.260955811 1
63 29 107.275672913 1
63 29 107.279647827 1
63 29 107.395332336 1
63 29 107.436561584 1
63 29 107.438591003 1
63 29 107.439445496 1
63 29 107.470870972 1
63 29 107.472053528 1
63 29 107.520774841 1
63 29 107.53855896 1
63 29 107.61138916 1
63 29 107.658126831 1
63 29 107.659202576 1
63 29 107.7396698 1
63 29 107.831504822 1
63 29 107.932098389 1
63 29 107.943626404 1
63 29 108.031982422 1
63 29 108.063171387 1
63 29 108.089927673 1
63 29 108.11769104 1
63 29 108.124412537 1
63 29 108.146713257 1
63 29 108.153427124 1
63 29 108.246231079 1
63 29 108.283210754 1
63 29 108.287864685 1
63 29 108.312110901 1
63 29 108.341842651 1
63 29 108.342758179 1
63 29 108.421020508 1
63 29 108.484939575 1
63 29 108.535812378 1
63 29 108.762229919 1
63 29 108.822059631 1
63 29 108.83014679 1
63 29 108.847808838 1
63 29 108.850547791 1
63 29 108.859611511 1
63 29 108.869697571 1
63 29 108.892021179 1
63 29 108.900428772 1
63 29 108.908996582 1
63 29 108.958526611 1
63 29 109.043380737 1
63 29 109.09803009 1
63 29 109.176887512 1
63 29 109.239471436 1
63 29 109.322296143 1
63 29 109.406852722 1
63 29 109.407012939 1
63 29 109.419883728 1
63 29 109.593742371 1
63 29 109.599868774 1
63 29 109.623016357 1
63 29 109.654792786 1
63 29 109.67804718 1
63 29 109.740318298 1
63 29 109.791503906 1
63 29 109.793434143 1
63 29 109.819046021 1
63 29 109.846656799 1
63 29 109.962928772 1
63 29 110.267715454 1
63 29 110.300445557 1
63 29 110.316726685 1
63 29 110.393135071 1
63 29 110.39881134 1
63 29 110.580245972 1
63 29 110.694206238 1
63 29 110.72808075 1
63 29 110.774787903 1
63 29 110.796646118 1
63 29 110.99055481 1
63 29 111.067451477 1
63 29 111.171302795 1
63 29 111.22492981 1
63 29 111.238510132 1
63 29 111.246528625 1
63 29 111.303909302 1
63 29 111.36882019 1
63 29 111.483863831 1
63 29 111.484603882 1
63 29 111.554153442 1
63 29 111.557952881 1
63 29 111.61631012 1
63 29 111.68384552 1
63 29 111.729347229 1
63 29 111.739196777 1
63 29 111.741600037 1
63 29 111.803031921 1
63 29 111.826202393 1
63 29 111.847595215 1
63 29 111.859703064 1
63 29 111.879692078 1
63 29 111.89641571 1
63 29 111.928718567 1
63 29 111.973846436 1
63 29 111.985267639 1
63 29 112.032989502 1
63 29 112.048309326 1
63 29 112.074508667 1
63 29 112.108703613 1
63 29 112.197952271 1
63 29 112.24307251 1
63 29 112.401649475 1
63 29 112.441703796 1
63 29 112.606666565 1
63 29 112.67288208 1
63 29 112.683731079 1
63 29 112.69569397 1
63 29 112.74508667 1
63 29 112.759162903 1
63 29 112.848953247 1
63 29 112.900558472 1
63 29 113.071838379 1
63 29 113.143615723 1
63 29 113.156204224 1
63 29 113.218544006 1
63 29 113.233757019 1
63 29 113.290084839 1
63 29 113.369369507 1
63 29 113.641769409 1
63 29 113.656898499 1
63 29 113.661354065 1
63 29 113.720817566 1
63 29 113.756958008 1
63 29 113.774398804 1
63 29 113.806617737 1
63 29 114.084846497 1
63 29 114.086631775 1
63 29 114.087760925 1
63 29 114.102409363 1
63 29 114.114234924 1
63 29 114.299964905 1
63 29 114.324119568 1
63 29 114.324325562 1
63 29 114.355148315 1
63 29 114.59677124 1
63 29 114.619667053 1
63 29 114.690406799 1
63 29 114.765731812 1
63 29 114.865653992 1
63 29 114.897338867 1
63 29 114.945907593 1
63 29 115.044647217 1
63 29 115.060287476 1
63 29 115.157867432 1
63 29 115.160049438 1
63 29 115.236938477 1
63 29 115.663551331 1
63 29 115.747161865 1
63 29 115.762794495 1
63 29 115.783798218 1
63 29 115.826095581 1
63 29 115.898170471 1
63 29 115.902450562 1
63 29 115.918449402 1
63 29 115.934280396 1
63 29 116.004600525 1
63 29 116.046646118 1
63 29 116.106658936 1
63 29 116.114204407 1
63 29 116.195053101 1
63 29 116.214500427 1
63 29 116.219787598 1
63 29 116.262016296 1
63 29 116.655784607 1
63 29 116.75944519 1
63 29 116.795394897 1
63 29 116.938751221 1
63 29 116.984924316 1
63 29 117.086418152 1
63 29 117.192695618 1
63 29 117.203063965 1
63 29 117.265548706 1
63 29 117.286491394 1
63 29 117.342002869 1
63 29 117.379768372 1
63 29 117.500778198 1
63 29 117.546966553 1
63 29 117.555870056 1
63 29 117.674812317 1
63 29 117.706642151 1
63 29 117.853691101 1
63 29 117.910064697 1
63 29 117.932380676 1
63 29 118.004753113 1
63 29 118.009460449 1
63 29 118.039527893 1
63 29 118.040039062 1
63 29 118.073150635 1
63 29 118.196662903 1
63 29 118.473571777 1
63 29 118.598899841 1
63 29 118.690086365 1
63 29 118.720062256 1
63 29 118.802436829 1
63 29 118.825683594 1
63 29 118.890632629 1
63 29 119.042533875 1
63 29 119.091087341 1
63 29 119.162071228 1
63 29 119.493141174 1
63 29 119.500076294 1
63 29 119.505592346 1
63 29 119.599403381 1
63 29 119.618011475 1
63 29 119.885002136 1
63 29 120.017562866 1
63 29 120.118347168 1
63 29 120.191436768 1
63 29 120.199638367 1
63 29 120.2420578 1
63 29 120.417259216 1
63 29 120.573875427 1
63 29 120.598556519 1
63 29 120.700180054 1
63 29 120.754776001 1
63 29 120.81867218 1
63 29 120.820335388 1
63 29 120.997138977 1
63 29 121.114837646 1
63 29 121.484207153 1
63 29 121.903083801 1
63 29 122.007965088 1
63 29 122.027069092 1
63 29 122.105613708 1
63 29 122.114280701 1
63 29 122.157363892 1
63 29 122.36315155 1
63 29 122.535179138 1
63 29 122.548377991 1
63 29 122.763702393 1
63 29 122.862541199 1
63 29 123.090179443 1
63 29 123.278846741 1
63 29 123.406524658 1
63 29 123.438514709 1
63 29 123.522064209 1
63 29 123.649131775 1
63 29 123.876571655 1
63 29 123.948898315 1
63 29 123.97832489 1
63 29 124.081871033 1
63 29 124.114349365 1
63 29 124.376861572 1
63 29 124.429893494 1
63 29 124.447174072 1
63 29 124.526473999 1
63 29 124.709671021 1
63 29 124.805229187 1
63 29 125.172477722 1
63 29 125.40688324 1
63 29 125.410812378 1
63 29 125.890762329 1
63 29 125.954856873 1
63 29 126.060165405 1
63 29 126.140571594 1
63 29 126.337631226 1
63 29 126.496696472 1
63 29 126.732757568 1
63 29 126.756324768 1
63 29 126.940788269 1
63 29 126.984916687 1
63 29 127.052635193 1
63 29 127.255622864 1
63 29 127.476272583 1
63 29 127.550796509 1
63 29 127.768867493 1
63 29 128.087982178 1
63 29 128.222381592 1
63 29 128.238616943 1
63 29 128.326858521 1
63 29 128.547866821 1
63 29 128.717880249 1
63 29 128.855102539 1
63 29 128.866256714 1
63 29 128.878723145 1
63 29 129.012573242 1
63 29 129.01473999 1
63 29 129.060562134 1
63 29 129.087982178 1
63 29 129.26763916 1
63 29 129.664703369 1
63 29 130.641693115 1
63 29 130.698486328 1
63 29 131.009429932 1
63 29 131.07258606 1
63 29 131.172958374 1
63 29 131.268188477 1
63 29 131.335067749 1
63 29 131.812911987 1
63 29 131.982070923 1
63 29 132.41494751 1
63 29 132.567703247 1
63 29 132.569015503 1
63 29 132.690322876 1
63 29 132.759277344 1
63 29 132.770599365 1
63 29 133.145248413 1
63 29 133.159591675 1
63 29 133.529251099 1
63 29 133.632141113 1
63 29 133.87336731 1
63 29 134.320083618 1
63 29 135.067733765 1
63 29 135.074798584 1
63 29 135.355560303 1
63 29 135.363510132 1
63 29 135.643920898 1
63 29 135.774871826 1
63 29 135.780548096 1
63 29 136.004760742 1
63 29 136.170135498 1
63 29 136.217605591 1
63 29 136.51020813 1
63 29 136.551315308 1
63 29 137.488494873 1
63 29 137.501495361 1
63 29 137.594085693 1
63 29 138.003372192 1
63 29 138.383911133 1
63 29 138.943756104 1
63 29 139.157318115 1
63 29 139.317398071 1
63 29 139.601455688 1
63 29 139.627883911 1
63 29 139.784957886 1
63 29 140.01083374 1
63 29 140.143447876 1
63 29 140.293945312 1
63 29 140.664855957 1
63 29 140.825683594 1
63 29 141.107635498 1
63 29 141.190078735 1
63 29 141.195037842 1
63 29 141.213485718 1
63 29 142.703430176 1
63 29 142.774383545 1
63 29 143.268844604 1
63 29 143.69102478 1
63 29 143.778839111 1
63 29 143.801559448 1
63 29 143.932495117 1
63 29 144.253204346 1
63 29 144.327896118 1
63 29 144.586730957 1
63 29 144.607772827 1
63 29 144.834655762 1
63 29 145.06338501 1
63 29 145.622695923 1
63 29 145.645370483 1
63 29 145.692825317 1
63 29 145.763122559 1
63 29 146.468765259 1
63 29 146.490264893 1
63 29 146.801437378 1
63 29 146.835662842 1
63 29 146.939376831 1
63 29 146.977630615 1
63 29 147.033432007 1
63 29 147.416259766 1
63 29 147.752182007 1
63 29 148.146087646 1
63 29 148.202789307 1
63 29 148.322418213 1
63 29 148.45640564 1
63 29 148.856399536 1
63 29 148.901000977 1
63 29 149.260375977 1
63 29 149.448745728 1
63 29 149.535140991 1
63 29 149.650238037 1
63 29 150.310165405 1
63 29 150.795654297 1
63 29 150.850006104 1
63 29 151.688201904 1
63 29 152.423339844 1
63 29 152.747253418 1
63 29 152.791397095 1
63 29 152.957595825 1
63 29 153.10093689 1
63 29 153.582321167 1
63 29 153.750213623 1
63 29 153.998397827 1
63 29 154.401535034 1
63 29 154.474639893 1
63 29 154.985137939 1
63 29 155.241958618 1
63 29 155.249084473 1
63 29 155.360336304 1
63 29 155.735229492 1
63 29 156.218093872 1
63 29 156.270248413 1
63 29 156.53692627 1
63 29 156.763519287 1
63 29 156.917694092 1
63 29 156.964523315 1
63 29 157.451034546 1
63 29 158.163955688 1
63 29 158.596755981 1
63 29 158.925720215 1
63 29 159.000335693 1
63 29 159.240203857 1
63 29 159.403167725 1
63 29 159.608718872 1
63 29 159.883117676 1
63 29 161.006484985 1
63 29 161.048492432 1
63 29 161.11479187 1
63 29 161.765258789 1
63 29 161.839935303 1
63 29 163.290878296 1
63 29 163.484924316 1
63 29 164.061660767 1
63 29 164.283447266 1
63 29 164.469818115 1
63 29 164.511230469 1
63 29 164.690429688 1
63 29 164.789489746 1
63 29 164.886825562 1
63 29 165.125671387 1
63 29 165.229782104 1
63 29 165.407913208 1
63 29 165.993286133 1
63 29 166.215591431 1
63 29 167.320404053 1
63 29 167.716186523 1
63 29 168.081192017 1
63 29 168.751876831 1
63 29 169.102905273 1
63 29 169.95324707 1
63 29 171.214370728 1
63 29 172.123016357 1
63 29 172.140487671 1
63 29 172.71975708 1
63 29 173.632720947 1
63 29 174.535003662 1
63 29 174.93687439 1
63 29 175.023086548 1
63 29 176.050460815 1
63 29 177.150817871 1
63 29 177.707763672 1
63 29 177.742385864 1
63 29 177.862579346 1
63 29 178.187042236 1
63 29 179.024673462 1
63 29 179.066238403 1
63 29 179.472427368 1
63 29 180.410827637 1
63 29 180.847549438 1
63 29 182.072097778 1
63 29 182.084732056 1
63 29 183.336593628 1
63 29 183.818359375 1
63 29 184.195098877 1
63 29 184.244232178 1
63 29 184.346008301 1
63 29 185.226211548 1
63 29 186.02684021 1
63 29 186.407714844 1
63 29 187.834762573 1
63 29 187.996109009 1
63 29 188.633239746 1
63 29 189.077316284 1
63 29 189.288970947 1
63 29 189.459854126 1
63 29 189.82208252 1
63 29 190.272964478 1
63 29 195.864059448 1
63 29 197.082702637 1
63 29 199.200088501 1
63 29 200.9584198 1
63 29 201.477233887 1
63 29 201.912200928 1
63 29 202.452468872 1
63 29 203.097595215 1
63 29 204.103393555 1
63 29 204.777450562 1
63 29 206.087142944 1
63 29 207.681716919 1
63 29 208.998397827 1
63 29 209.650512695 1
63 29 210.069213867 1
63 29 212.956863403 1
63 29 214.47718811 1
63 29 215.215713501 1
63 29 216.513839722 1
63 29 216.932998657 1
63 29 218.47505188 1
63 29 222.696380615 1
63 29 222.967514038 1
63 29 224.9818573 1
63 29 227.402191162 1
63 29 229.177856445 1
63 29 232.447662354 1
63 29 232.79536438 1
63 29 233.744415283 1
63 29 234.983535767 1
63 29 236.77104187 1
63 29 240.562088013 1
63 29 244.365707397 1
63 29 244.494949341 1
63 29 245.499343872 1
63 29 246.654022217 1
63 29 250.577301025 1
63 29 253.585281372 1
63 29 255.571578979 1
63 29 255.675506592 1
63 29 255.984664917 1
63 29 258.770568848 1
63 29 264.019165039 1
63 29 264.952758789 1
63 29 268.812652588 1
63 29 269.779571533 1
63 29 270.737121582 1
63 29 271.116729736 1
63 29 272.634094238 1
63 29 272.654876709 1
63 29 273.742706299 1
63 29 279.067352295 1
63 29 283.910186768 1
63 29 284.54510498 1
63 29 284.573394775 1
63 29 286.530609131 1
63 29 289.918640137 1
63 29 290.655090332 1
63 29 293.800231934 1
63 29 294.526031494 1
63 29 295.579315186 1
63 29 297.100036621 1
63 29 298.18850708 1
63 29 304.723937988 1
63 29 305.593811035 1
63 29 308.553619385 1
63 29 313.313140869 1
63 29 322.731658936 1
63 29 331.137573242 1
63 29 337.529968262 1
63 29 339.290710449 1
63 29 345.053100586 1
63 29 345.753601074 1
63 29 364.441314697 1
63 29 369.077697754 1
63 29 370.074523926 1
63 29 376.0887146 1
63 29 382.799560547 1
63 29 391.683227539 1
63 29 393.924285889 1
63 29 406.397247314 1
63 29 408.390258789 1
63 29 410.802978516 1
63 29 417.267974854 1
63 29 420.488708496 1
63 29 438.461090088 1
63 29 443.242401123 1
63 29 444.10144043 1
63 29 446.041717529 1
63 29 460.45791626 1
63 29 464.885162354 1
63 29 469.137268066 1
63 29 484.821563721 1
63 29 484.931427002 1
63 29 486.280731201 1
63 29 496.458587646 1
63 29 497.694000244 1
63 29 509.576629639 1
63 29 510.098144531 1
63 29 512.097351074 1
63 29 538.920166016 1
63 29 547.034729004 1
63 29 548.822021484 1
63 29 550.490722656 1
63 29 553.64666748 1
63 29 554.092956543 1
63 29 563.028076172 1
63 29 567.409484863 1
63 29 583.865844727 1
63 29 606.466369629 1
63 29 611.765930176 1
63 29 617.352722168 1
63 29 634.846069336 1
63 29 635.472412109 1
63 29 636.852905273 1
63 29 641.834228516 1
63 29 648.510681152 1
63 29 649.233154297 1
63 29 653.023010254 1
63 29 682.052734375 1
63 29 688.897705078 1
63 29 703.221069336 1
63 29 709.822143555 1
63 29 757.288391113 1
63 29 764.412902832 1
63 29 771.908569336 1
63 29 792.460876465 1
63 29 810.530639648 1
63 29 840.206542969 1
63 29 934.039672852 1
63 29 957.41027832 1
63 29 1026.93774414 1
63 29 1051.08166504 1
63 29 1403.87133789 1
63 29 1500.06872559 1
63 29 2780.37207031 1
63 31 94.5617218018 1
63 31 94.9382781982 1
63 31 94.9662017822 1
63 31 95.7541885376 1
63 31 95.8502655029 1
63 31 95.9167480469 1
63 31 96.5667724609 1
63 31 96.8720397949 1
63 31 102.246368408 1
63 31 103.272315979 1
63 31 104.090255737 1
63 31 105.605674744 1
63 31 105.735832214 1
63 31 105.941711426 1
63 31 106.138771057 1
63 31 109.654266357 1
63 31 110.713417053 1
63 31 116.002151489 1
63 31 116.20500946 1
63 31 118.511184692 1
63 31 119.503646851 1
63 31 120.733200073 1
63 31 121.576797485 1
63 31 122.055595398 1
63 31 122.121528625 1
63 31 122.222969055 1
63 31 122.513420105 1
63 31 122.773719788 1
63 31 123.083030701 1
63 31 124.160705566 1
63 31 124.338973999 1
63 31 125.275619507 1
63 31 125.870506287 1
63 31 125.942367554 1
63 31 127.097839355 1
63 31 127.967056274 1
63 31 129.109085083 1
63 31 129.310836792 1
63 31 130.433532715 1
63 31 130.873947144 1
63 31 132.202636719 1
63 31 133.334457397 1
63 31 133.521255493 1
63 31 133.568115234 1
63 31 134.166000366 1
63 31 134.840454102 1
63 31 136.671157837 1
63 31 136.728134155 1
63 31 137.009292603 1
63 31 138.756225586 1
63 31 140.296463013 1
63 31 141.213241577 1
63 31 141.896575928 1
63 31 142.296859741 1
63 31 142.61114502 1
63 31 142.759262085 1
63 31 142.983306885 1
63 31 143.776184082 1
63 31 143.87298584 1
63 31 144.284683228 1
63 31 145.175674438 1
63 31 146.289840698 1
63 31 147.290435791 1
63 31 147.42539978 1
63 31 150.26361084 1
63 31 150.298141479 1
63 31 150.650756836 1
63 31 150.781478882 1
63 31 151.477279663 1
63 31 151.646636963 1
63 31 152.726364136 1
63 31 153.147918701 1
63 31 153.509307861 1
63 31 154.209793091 1
63 31 155.344818115 1
63 31 157.684631348 1
63 31 159.054901123 1
63 31 159.112380981 1
63 31 159.268051147 1
63 31 161.170959473 1
63 31 161.52104187 1
63 31 161.892196655 1
63 31 162.148406982 1
63 31 162.989700317 1
63 31 163.524276733 1
63 31 163.576278687 1
63 31 166.144607544 1
63 31 166.73348999 1
63 31 167.118530273 1
63 31 167.719497681 1
63 31 170.184463501 1
63 31 173.51512146 1
63 31 173.556518555 1
63 31 173.915252686 1
63 31 176.318252563 1
63 31 176.479446411 1
63 31 177.911468506 1
63 31 178.139190674 1
63 31 178.286590576 1
63 31 178.488372803 1
63 31 181.077728271 1
63 31 181.404495239 1
63 31 182.135528564 1
63 31 182.196792603 1
63 31 183.290512085 1
63 31 183.376296997 1
63 31 185.745529175 1
63 31 188.19682312 1
63 31 189.109436035 1
63 31 189.163711548 1
63 31 190.014343262 1
63 31 190.384628296 1
63 31 190.660812378 1
63 31 191.033859253 1
63 31 193.400772095 1
63 31 194.444152832 1
63 31 195.358596802 1
63 31 199.331161499 1
63 31 199.813873291 1
63 31 199.880142212 1
63 31 200.460830688 1
63 31 200.851150513 1
63 31 200.957229614 1
63 31 202.750213623 1
63 31 203.319778442 1
63 31 204.164245605 1
63 31 206.067871094 1
63 31 207.337661743 1
63 31 210.467849731 1
63 31 210.710723877 1
63 31 210.948791504 1
63 31 211.67791748 1
63 31 213.832778931 1
63 31 214.322494507 1
63 31 214.716217041 1
63 31 216.985794067 1
63 31 218.057540894 1
63 31 220.646057129 1
63 31 221.245223999 1
63 31 223.462234497 1
63 31 225.339233398 1
63 31 226.846389771 1
63 31 229.435272217 1
63 31 232.17678833 1
63 31 232.383239746 1
63 31 234.314147949 1
63 31 235.003952026 1
63 31 236.494567871 1
63 31 240.367950439 1
63 31 241.502532959 1
63 31 241.85848999 1
63 31 244.934234619 1
63 31 245.477172852 1
63 31 246.48274231 1
63 31 249.404815674 1
63 31 249.887237549 1
63 31 249.976043701 1
63 31 253.154510498 1
63 31 257.147674561 1
63 31 261.491027832 1
63 31 262.627410889 1
63 31 263.511322021 1
63 31 268.063659668 1
63 31 270.131835938 1
63 31 271.036499023 1
63 31 273.167999268 1
63 31 275.982147217 1
63 31 281.331207275 1
63 31 281.40322876 1
63 31 281.520599365 1
63 31 282.608459473 1
63 31 282.771026611 1
63 31 282.821105957 1
63 31 286.310028076 1
63 31 286.836608887 1
63 31 288.467529297 1
63 31 289.256652832 1
63 31 291.066070557 1
63 31 295.31729126 1
63 31 298.124389648 1
63 31 298.315185547 1
63 31 300.526977539 1
63 31 306.729217529 1
63 31 307.244415283 1
63 31 308.505432129 1
63 31 310.756195068 1
63 31 323.959777832 1
63 31 329.145874023 1
63 31 338.681427002 1
63 31 344.433197021 1
63 31 349.358673096 1
63 31 350.945404053 1
63 31 364.476074219 1
63 31 367.362457275 1
63 31 367.86126709 1
63 31 370.681152344 1
63 31 372.851379395 1
63 31 377.235168457 1
63 31 377.245269775 1
63 31 383.767547607 1
63 31 399.778991699 1
63 31 409.802185059 1
63 31 434.628936768 1
63 31 446.043762207 1
63 31 454.648132324 1
63 31 458.165710449 1
63 31 477.544067383 1
63 31 480.603881836 1
63 31 496.376586914 1
63 31 504.305389404 1
63 31 522.39465332 1
63 31 532.192687988 1
63 31 536.521057129 1
63 31 540.436706543 1
63 31 544.641967773 1
63 31 563.854858398 1
63 31 569.345031738 1
63 31 589.663818359 1
63 31 591.664611816 1
63 31 610.61315918 1
63 31 613.678833008 1
63 31 625.962036133 1
63 31 631.626037598 1
63 31 645.680358887 1
63 31 649.476623535 1
63 31 649.74420166 1
63 31 651.594055176 1
63 31 674.323669434 1
63 31 696.820617676 1
63 31 729.950500488 1
63 31 743.473937988 1
63 31 754.338928223 1
63 31 760.882263184 1
63 31 791.849853516 1
63 31 973.740478516 1
63 31 981.545776367 1
63 31 990.434875488 1
63 31 1167.15844727 1
63 31 1173.75598145 1
63 31 2033.78808594 1
63 32 176.380020142 1
63 32 176.650192261 1
63 32 188.426956177 1
63 32 207.912094116 1
63 32 217.914932251 1
63 32 220.214813232 1
63 32 220.802108765 1
63 32 223.244689941 1
63 32 223.720626831 1
63 32 230.12713623 1
63 32 234.230102539 1
63 32 235.027694702 1
63 32 235.489013672 1
63 32 238.687408447 1
63 32 239.929290771 1
63 32 240.249923706 1
63 32 245.519744873 1
63 32 264.95690918 1
63 32 266.276733398 1
63 32 268.261291504 1
63 32 275.860046387 1
63 32 276.066436768 1
63 32 281.692230225 1
63 32 290.556121826 1
63 32 291.987457275 1
63 32 294.343231201 1
63 32 303.67388916 1
63 32 310.568206787 1
63 32 318.92791748 1
63 32 331.344116211 1
63 32 333.33203125 1
63 32 336.810211182 1
63 32 343.164611816 1
63 32 354.607666016 1
63 32 358.543792725 1
63 32 369.813476562 1
63 32 377.143493652 1
63 32 382.416992188 1
63 32 387.943634033 1
63 32 391.885040283 1
63 32 404.025268555 1
63 32 413.612121582 1
63 32 416.919555664 1
63 32 418.737976074 1
63 32 419.416290283 1
63 32 431.37677002 1
63 32 452.554046631 1
63 32 452.984222412 1
63 32 454.496002197 1
63 32 458.548400879 1
63 32 463.387542725 1
63 32 464.412200928 1
63 32 481.421325684 1
63 32 485.463226318 1
63 32 501.628967285 1
63 32 505.35748291 1
63 32 508.949676514 1
63 32 511.315338135 1
63 32 512.58190918 1
63 32 517.815185547 1
63 32 522.528198242 1
63 32 532.172241211 1
63 32 537.459594727 1
63 32 540.939147949 1
63 32 544.784729004 1
63 32 630.466308594 1
63 32 633.973205566 1
63 32 649.231689453 1
63 32 671.704162598 1
63 32 674.011352539 1
63 32 695.32244873 1
63 32 706.331726074 1
63 32 720.246887207 1
63 32 774.214599609 1
63 32 839.874572754 1
63 32 947.470214844 1
63 32 1167.52380371 1
63 32 1248.57409668 1
63 33 305.510925293 1
63 33 320.820404053 1
63 33 340.632293701 1
63 33 347.972900391 1
63 33 366.452056885 1
63 33 372.227478027 1
63 33 389.095397949 1
63 33 399.864654541 1
63 33 434.006774902 1
63 33 569.479187012 1
63 33 616.41973877 1
63 33 630.366699219 1
63 33 637.66595459 1
63 33 675.220336914 1
63 33 774.758056641 1
63 33 805.780700684 1
63 33 845.719909668 1
63 34 447.976470947 1
63 34 574.063110352 1
63 34 589.99395752 1
63 34 848.181030273 1
64 18 2313.75610352 1
64 24 1270.3527832 1
64 25 1017.64624023 1
64 25 1234.81542969 1
64 25 1367.47680664 1
64 27 748.822631836 1
64 27 1028.03039551 1
64 27 1210.9921875 1
64 27 1522.04443359 1
64 27 1571.89343262 1
64 28 711.912841797 1
64 28 995.712646484 1
64 29 675.176086426 1
64 29 696.970153809 1
64 29 729.905334473 1
64 29 737.863037109 1
64 29 750.335388184 1
64 29 765.546447754 1
64 29 788.317626953 1
64 29 810.049560547 1
64 29 835.201171875 1
64 29 858.296020508 1
64 29 922.786071777 1
64 29 1072.6875 1
64 29 1259.3371582 1
64 30 643.058166504 1
64 30 698.760375977 1
64 30 725.837768555 1
64 30 805.309020996 1
64 30 915.211181641 1
64 30 931.932800293 1
64 30 1000.97473145 1
64 30 1057.57763672 1
64 30 1364.13085938 1
64 30 1465.54223633 1
64 30 1778.15991211 1
64 31 668.792541504 1
64 31 687.785583496 1
64 31 707.483947754 1
64 31 739.256347656 1
64 31 816.914672852 1
64 31 824.86328125 1
64 31 922.247924805 1
64 31 934.105529785 1
64 31 1229.35522461 1
64 32 743.042236328 1
64 32 806.500366211 1
64 32 1127.77050781 1
64 32 1437.42602539 1
64 32 1597.35461426 1
64 32 1864.38024902 1
64 32 2174.44116211 1
64 36 1971.05383301 1
65 29 1389.8548584 1
70 22 1134.21130371 1
70 23 1025.79870605 1
70 23 1777.88232422 1
70 23 1965.9630127 1
70 25 964.380310059 1
70 25 1646.1920166 1
70 26 780.235778809 1
70 26 1028.9119873 1
70 27 709.172180176 1
70 27 718.418029785 1
70 27 796.033447266 1
70 27 880.920166016 1
70 27 941.269592285 1
70 27 1196.57971191 1
70 27 1516.13818359 1
70 28 668.902160645 1
70 28 683.922119141 1
70 28 752.615661621 1
70 28 760.924438477 1
70 28 819.438049316 1
70 28 835.721313477 1
70 28 867.746459961 1
70 28 1063.07495117 1
70 28 1110.05810547 1
70 28 1138.49560547 1
70 28 1276.83911133 1
70 29 662.230224609 1
70 29 804.749450684 1
70 29 809.301635742 1
70 29 813.349304199 1
70 29 840.40612793 1
70 29 911.682556152 1
70 29 945.534362793 1
70 29 1496.32678223 1
70 29 2147.25170898 1
70 29 2396.23730469 1
70 30 720.309020996 1
70 30 818.082763672 1
70 30 857.905029297 1
70 30 1788.96826172 1
70 30 2212.71020508 1
70 31 709.594848633 1
70 31 1053.35510254 1
70 31 1187.57849121 1
70 31 1205.98583984 1
70 31 1243.80493164 1
70 32 2978.3684082 1
71 18 1616.95678711 1
71 23 1039.59338379 1
71 23 1142.85827637 1
71 24 856.911376953 1
71 24 2108.71459961 1
71 25 1211.56762695 1
71 25 1320.65661621 1
71 25 1546.39404297 1
71 25 1797.21984863 1
71 26 792.720275879 1
71 26 846.355529785 1
71 26 950.739562988 1
71 26 976.680236816 1
71 27 747.528625488 1
71 27 755.528442383 1
71 27 820.670227051 1
71 27 853.973937988 1
71 27 914.639038086 1
71 27 1069.40625 1
71 27 1273.1763916 1
71 27 1530.27685547 1
71 27 2453.80224609 1
71 28 774.958435059 1
71 28 786.634643555 1
71 28 863.74621582 1
71 28 873.300292969 1
71 28 904.350708008 1
71 28 937.383361816 1
71 28 941.950561523 1
71 28 1204.58129883 1
71 29 778.643493652 1
71 29 850.016235352 1
71 29 902.139953613 1
71 29 1400.32299805 1
71 30 729.505004883 1
71 30 818.758056641 1
71 30 945.678161621 1
71 30 982.147583008 1
71 30 1042.01904297 1
71 31 1011.46557617 1
71 31 1054.45019531 1
71 31 1111.48132324 1
71 31 1553.7824707 1
71 32 1309.43554688 1
72 27 1236.46362305 1
75 30 2494.08349609 1
77 26 1349.71240234 1
77 26 1387.69311523 1
