000 313.0 0.0 1000000.0
008 275.0 0.0 1000000.0
009 294.0 0.0 1000000.0
010 274.0 0.0 1000000.0
011 313.0 0.0 1000000.0
013 319.0 0.0 1000000.0
016 300.0 0.0 1000000.0
022 311.0 0.0 1000000.0
027 313.0 0.0 1000000.0
034 284.0 0.0 1000000.0
045 269.0 0.0 1000000.0
063 258.0 0.0 1000000.0
090 150.0 0.0 1000000.0
117 94.0 0.0 1000000.0
135 35.0 0.0 1000000.0
146 34.0 0.0 1000000.0
153 24.0 0.0 1000000.0
158 13.0 0.0 1000000.0
162 23.0 0.0 1000000.0
164 15.0 0.0 1000000.0
166 15.0 0.0 1000000.0
167 12.0 0.0 1000000.0
169 10.0 0.0 1000000.0
171 25.0 0.0 1000000.0
172 19.0 0.0 1000000.0
180 14.0 0.0 1000000.0
