000 390.0 0.0 1000000.0
008 376.0 0.0 1000000.0
009 342.0 0.0 1000000.0
010 343.0 0.0 1000000.0
011 357.0 0.0 1000000.0
013 333.0 0.0 1000000.0
016 327.0 0.0 1000000.0
022 326.0 0.0 1000000.0
027 348.0 0.0 1000000.0
034 306.0 0.0 1000000.0
045 301.0 0.0 1000000.0
063 242.0 0.0 1000000.0
090 156.0 0.0 1000000.0
117 77.0 0.0 1000000.0
135 49.0 0.0 1000000.0
146 22.0 0.0 1000000.0
153 22.0 0.0 1000000.0
158 14.0 0.0 1000000.0
162 27.0 0.0 1000000.0
164 17.0 0.0 1000000.0
166 15.0 0.0 1000000.0
167 21.0 0.0 1000000.0
169 11.0 0.0 1000000.0
171 20.0 0.0 1000000.0
172 11.0 0.0 1000000.0
180 21.0 0.0 1000000.0
