string dom time hits
54 21 1610.61218262 1
54 21 1761.68994141 1
54 24 1072.34020996 1
54 25 1225.68322754 1
54 25 1586.56347656 1
54 25 1655.47009277 1
54 26 1046.18737793 1
54 26 1292.84594727 1
54 26 1439.4987793 1
54 27 684.594421387 1
54 27 871.927368164 1
54 27 1052.56750488 1
54 27 1065.47119141 1
54 27 1285.25512695 1
54 27 1426.85925293 1
54 28 691.13885498 1
54 28 723.28137207 1
54 28 730.563964844 1
54 28 794.758789062 1
54 28 1024.26708984 1
54 28 1033.04504395 1
54 28 1083.53015137 1
54 29 700.409667969 1
54 29 847.596618652 1
54 29 849.146240234 1
54 29 905.631225586 1
54 29 948.492980957 1
54 29 1013.11187744 1
54 29 1118.38659668 1
54 29 1234.51940918 1
54 29 2072.94946289 1
54 30 906.321899414 1
54 30 1078.27844238 1
54 30 1108.10205078 1
54 31 770.92956543 1
54 31 788.886108398 1
54 31 827.346130371 1
54 31 1061.35107422 1
54 31 1572.80273438 1
54 31 2542.44628906 1
55 24 1309.17822266 1
55 25 964.622070312 1
55 25 1293.40539551 1
55 26 798.043701172 1
55 26 932.309936523 1
55 26 1016.4364624 1
55 27 728.780883789 1
55 27 809.083312988 1
55 27 859.273071289 1
55 27 864.842895508 1
55 27 916.300964355 1
55 28 1224.32543945 1
55 28 1263.03076172 1
55 28 1452.74951172 1
55 28 2000.59973145 1
55 28 2041.54589844 1
55 29 704.518737793 1
55 29 712.89666748 1
55 29 723.558959961 1
55 29 739.940673828 1
55 29 792.242980957 1
55 29 821.096740723 1
55 29 869.060119629 1
55 29 898.822387695 1
55 29 900.693847656 1
55 29 974.500732422 1
55 29 1042.88964844 1
55 29 1222.41784668 1
55 30 719.965515137 1
55 30 741.867736816 1
55 30 798.236877441 1
55 30 802.127380371 1
55 30 816.56237793 1
55 30 893.760925293 1
55 30 917.022216797 1
55 30 1002.22595215 1
55 31 1073.01831055 1
55 31 1212.81433105 1
55 32 842.044372559 1
55 34 1354.23242188 1
56 30 1619.90539551 1
62 24 1401.13391113 1
62 26 1482.09057617 1
62 27 833.703613281 1
62 27 1026.83959961 1
62 27 1113.11328125 1
62 28 856.16784668 1
62 28 945.105529785 1
62 28 1432.82165527 1
62 29 713.183349609 1
62 29 724.727539062 1
62 29 791.361816406 1
62 29 836.699035645 1
62 29 878.780090332 1
62 29 914.674438477 1
62 29 943.246459961 1
62 29 979.365722656 1
62 29 1128.62280273 1
62 29 1297.17797852 1
62 29 1297.58874512 1
62 30 809.356506348 1
62 30 870.106689453 1
62 30 870.333374023 1
62 30 906.16418457 1
62 30 1556.91369629 1
62 31 683.325439453 1
62 31 931.136291504 1
62 32 769.623962402 1
62 32 850.307617188 1
62 32 860.713378906 1
62 32 960.258666992 1
62 32 2579.7956543 1
63 20 1711.24987793 1
63 22 977.626403809 1
63 22 1066.94299316 1
63 22 1157.87548828 1
63 23 593.973083496 1
63 23 730.191345215 1
63 23 751.733581543 1
63 23 755.366638184 1
63 23 795.539550781 1
63 23 860.302978516 1
63 23 872.42767334 1
63 24 576.75982666 1
63 24 586.684997559 1
63 24 587.386535645 1
63 24 619.682128906 1
63 24 674.356750488 1
63 24 761.023071289 1
63 24 798.921325684 1
63 24 908.168762207 1
63 24 1781.45068359 1
63 25 468.655456543 1
63 25 470.983551025 1
63 25 473.470855713 1
63 25 493.605010986 1
63 25 592.219177246 1
63 25 606.970214844 1
63 25 613.406433105 1
63 25 681.983459473 1
63 25 692.37487793 1
63 25 714.319519043 1
63 25 742.953918457 1
63 25 767.647583008 1
63 25 792.93359375 1
63 25 817.917419434 1
63 25 824.997375488 1
63 25 836.57824707 1
63 25 848.057617188 1
63 25 932.683410645 1
63 25 1002.04968262 1
63 25 1337.08642578 1
63 26 347.381774902 1
63 26 363.139587402 1
63 26 379.731689453 1
63 26 381.773376465 1
63 26 385.872375488 1
63 26 409.930023193 1
63 26 415.033599854 1
63 26 419.530792236 1
63 26 423.84161377 1
63 26 424.729797363 1
63 26 426.75491333 1
63 26 426.851898193 1
63 26 427.454864502 1
63 26 432.888580322 1
63 26 437.647857666 1
63 26 438.522735596 1
63 26 453.896453857 1
63 26 462.244232178 1
63 26 471.863098145 1
63 26 488.927032471 1
63 26 493.110534668 1
63 26 498.819274902 1
63 26 504.261444092 1
63 26 504.504638672 1
63 26 506.92779541 1
63 26 513.801147461 1
63 26 532.81427002 1
63 26 543.81036377 1
63 26 543.94519043 1
63 26 544.295715332 1
63 26 552.718017578 1
63 26 557.29864502 1
63 26 561.286987305 1
63 26 568.446044922 1
63 26 574.954284668 1
63 26 575.74987793 1
63 26 590.58605957 1
63 26 592.700439453 1
63 26 606.312561035 1
63 26 608.233825684 1
63 26 632.705444336 1
63 26 642.787841797 1
63 26 660.648681641 1
63 26 697.569580078 1
63 26 720.345947266 1
63 26 730.632995605 1
63 26 765.680969238 1
63 26 772.186096191 1
63 26 798.503540039 1
63 26 830.191040039 1
63 26 830.76965332 1
63 26 840.029174805 1
63 26 857.163146973 1
63 26 884.408935547 1
63 26 913.175048828 1
63 26 945.534240723 1
63 26 945.708740234 1
63 26 984.514709473 1
63 26 1012.43463135 1
63 26 1018.35388184 1
63 26 1067.79748535 1
63 26 1076.08032227 1
63 26 1179.37902832 1
63 26 1454.71313477 1
63 27 256.046630859 1
63 27 279.411071777 1
63 27 283.912353516 1
63 27 285.532592773 1
63 27 293.738464355 1
63 27 297.717163086 1
63 27 297.906433105 1
63 27 298.888061523 1
63 27 303.842681885 1
63 27 305.663452148 1
63 27 307.54309082 1
63 27 310.052764893 1
63 27 311.47833252 1
63 27 311.678222656 1
63 27 315.84854126 1
63 27 319.214904785 1
63 27 319.286621094 1
63 27 324.485351562 1
63 27 325.748443604 1
63 27 326.101318359 1
63 27 326.437286377 1
63 27 326.519683838 1
63 27 328.264160156 1
63 27 332.359710693 1
63 27 333.358703613 1
63 27 334.976226807 1
63 27 335.265686035 1
63 27 337.518188477 1
63 27 338.241638184 1
63 27 341.0027771 1
63 27 342.271362305 1
63 27 342.272857666 1
63 27 342.565460205 1
63 27 343.624969482 1
63 27 346.381408691 1
63 27 347.979522705 1
63 27 348.363739014 1
63 27 349.816131592 1
63 27 351.609008789 1
63 27 353.726348877 1
63 27 359.728302002 1
63 27 363.154876709 1
63 27 365.568786621 1
63 27 367.09173584 1
63 27 367.308776855 1
63 27 369.155334473 1
63 27 369.612060547 1
63 27 372.712799072 1
63 27 374.531585693 1
63 27 384.429016113 1
63 27 389.481536865 1
63 27 389.834350586 1
63 27 395.871337891 1
63 27 400.142211914 1
63 27 401.989440918 1
63 27 403.050018311 1
63 27 409.290405273 1
63 27 412.863372803 1
63 27 416.100280762 1
63 27 416.199645996 1
63 27 417.695800781 1
63 27 437.215148926 1
63 27 437.56036377 1
63 27 438.910888672 1
63 27 442.819854736 1
63 27 443.052124023 1
63 27 446.765075684 1
63 27 448.977996826 1
63 27 456.864196777 1
63 27 458.265075684 1
63 27 463.651397705 1
63 27 467.347961426 1
63 27 477.029998779 1
63 27 479.183746338 1
63 27 483.26953125 1
63 27 483.859344482 1
63 27 492.236022949 1
63 27 492.550537109 1
63 27 498.040618896 1
63 27 498.41583252 1
63 27 507.884124756 1
63 27 508.046661377 1
63 27 515.131652832 1
63 27 516.174377441 1
63 27 518.154174805 1
63 27 522.644287109 1
63 27 523.21295166 1
63 27 534.151489258 1
63 27 538.304748535 1
63 27 556.892456055 1
63 27 576.59564209 1
63 27 577.901123047 1
63 27 585.345092773 1
63 27 595.935119629 1
63 27 604.53125 1
63 27 626.092224121 1
63 27 626.950195312 1
63 27 637.50402832 1
63 27 648.050537109 1
63 27 662.385620117 1
63 27 670.416320801 1
63 27 695.369689941 1
63 27 734.610046387 1
63 27 736.156066895 1
63 27 736.596618652 1
63 27 741.742126465 1
63 27 749.533630371 1
63 27 759.793395996 1
63 27 781.535888672 1
63 27 784.192687988 1
63 27 789.965881348 1
63 27 834.362243652 1
63 27 858.926513672 1
63 27 895.174072266 1
63 27 896.544189453 1
63 27 897.306884766 1
63 27 918.916564941 1
63 27 934.372619629 1
63 27 984.757629395 1
63 27 999.338134766 1
63 27 1141.33959961 1
63 27 1443.8848877 1
63 28 165.358062744 1
63 28 167.322372437 1
63 28 174.149291992 1
63 28 180.690429688 1
63 28 182.134796143 1
63 28 182.317001343 1
63 28 188.741088867 1
63 28 189.221466064 1
63 28 190.945541382 1
63 28 191.23727417 1
63 28 191.48034668 1
63 28 198.225723267 1
63 28 200.242141724 1
63 28 200.921646118 1
63 28 201.285430908 1
63 28 201.684936523 1
63 28 202.474029541 1
63 28 203.347717285 1
63 28 203.392608643 1
63 28 204.668395996 1
63 28 204.887924194 1
63 28 205.743225098 1
63 28 205.885650635 1
63 28 207.356781006 1
63 28 208.087844849 1
63 28 208.603912354 1
63 28 209.290496826 1
63 28 210.855697632 1
63 28 211.085739136 1
63 28 211.474746704 1
63 28 212.356491089 1
63 28 213.592102051 1
63 28 214.083648682 1
63 28 214.966064453 1
63 28 214.972640991 1
63 28 215.101379395 1
63 28 217.951171875 1
63 28 219.476608276 1
63 28 220.108001709 1
63 28 220.380142212 1
63 28 221.010772705 1
63 28 222.098312378 1
63 28 223.450012207 1
63 28 224.973587036 1
63 28 225.188598633 1
63 28 225.401016235 1
63 28 225.680160522 1
63 28 225.722763062 1
63 28 226.015930176 1
63 28 227.039016724 1
63 28 228.347305298 1
63 28 228.711791992 1
63 28 229.197280884 1
63 28 229.199523926 1
63 28 229.348510742 1
63 28 229.83102417 1
63 28 230.114883423 1
63 28 232.325256348 1
63 28 232.585723877 1
63 28 233.03515625 1
63 28 234.076080322 1
63 28 234.380599976 1
63 28 234.601608276 1
63 28 234.843505859 1
63 28 238.243179321 1
63 28 238.426681519 1
63 28 238.57093811 1
63 28 239.104995728 1
63 28 240.027267456 1
63 28 240.583358765 1
63 28 240.664047241 1
63 28 241.131500244 1
63 28 243.697631836 1
63 28 245.330612183 1
63 28 245.496231079 1
63 28 245.530792236 1
63 28 246.326507568 1
63 28 247.657806396 1
63 28 248.991638184 1
63 28 249.299484253 1
63 28 250.761459351 1
63 28 253.488311768 1
63 28 253.692016602 1
63 28 255.631637573 1
63 28 257.080078125 1
63 28 257.129669189 1
63 28 257.941040039 1
63 28 257.953613281 1
63 28 258.546813965 1
63 28 259.96661377 1
63 28 263.107086182 1
63 28 264.516143799 1
63 28 264.763671875 1
63 28 264.929718018 1
63 28 265.750152588 1
63 28 266.46307373 1
63 28 266.619140625 1
63 28 269.477600098 1
63 28 270.074371338 1
63 28 270.111846924 1
63 28 270.310577393 1
63 28 270.327087402 1
63 28 270.685699463 1
63 28 271.323577881 1
63 28 271.983886719 1
63 28 272.990844727 1
63 28 274.592834473 1
63 28 274.776763916 1
63 28 275.082946777 1
63 28 277.669952393 1
63 28 279.895721436 1
63 28 280.799194336 1
63 28 281.216766357 1
63 28 283.429748535 1
63 28 286.173553467 1
63 28 288.181396484 1
63 28 288.543640137 1
63 28 288.689666748 1
63 28 290.188781738 1
63 28 291.135528564 1
63 28 295.493896484 1
63 28 296.269592285 1
63 28 301.030731201 1
63 28 302.422607422 1
63 28 302.624664307 1
63 28 302.976257324 1
63 28 305.80871582 1
63 28 305.949462891 1
63 28 307.539337158 1
63 28 308.055664062 1
63 28 308.563446045 1
63 28 315.116668701 1
63 28 315.280914307 1
63 28 315.459869385 1
63 28 317.939697266 1
63 28 318.234893799 1
63 28 323.431793213 1
63 28 323.932403564 1
63 28 325.49786377 1
63 28 327.679351807 1
63 28 327.791564941 1
63 28 330.923675537 1
63 28 331.176483154 1
63 28 333.065765381 1
63 28 337.520965576 1
63 28 340.421051025 1
63 28 345.532104492 1
63 28 347.198913574 1
63 28 348.437194824 1
63 28 353.517364502 1
63 28 353.695129395 1
63 28 358.175567627 1
63 28 358.515899658 1
63 28 358.577819824 1
63 28 361.433258057 1
63 28 370.299194336 1
63 28 373.009033203 1
63 28 373.223327637 1
63 28 379.978851318 1
63 28 380.804534912 1
63 28 381.698699951 1
63 28 391.591186523 1
63 28 394.135467529 1
63 28 394.378753662 1
63 28 396.165802002 1
63 28 400.007019043 1
63 28 407.639709473 1
63 28 412.124694824 1
63 28 413.292877197 1
63 28 423.763458252 1
63 28 426.845825195 1
63 28 426.955047607 1
63 28 427.024536133 1
63 28 439.471466064 1
63 28 444.500549316 1
63 28 446.393066406 1
63 28 446.631225586 1
63 28 450.606292725 1
63 28 459.910003662 1
63 28 463.576751709 1
63 28 465.855926514 1
63 28 481.829559326 1
63 28 492.583068848 1
63 28 494.701263428 1
63 28 498.173248291 1
63 28 498.895233154 1
63 28 499.555389404 1
63 28 525.899536133 1
63 28 527.35736084 1
63 28 531.542297363 1
63 28 532.915283203 1
63 28 544.2265625 1
63 28 547.742919922 1
63 28 555.409912109 1
63 28 555.619445801 1
63 28 557.165527344 1
63 28 565.02331543 1
63 28 568.257019043 1
63 28 585.800598145 1
63 28 589.661621094 1
63 28 602.027709961 1
63 28 617.854187012 1
63 28 618.929382324 1
63 28 625.242675781 1
63 28 625.404968262 1
63 28 637.414672852 1
63 28 641.063598633 1
63 28 656.851928711 1
63 28 668.079162598 1
63 28 670.946533203 1
63 28 675.811584473 1
63 28 685.495056152 1
63 28 703.209106445 1
63 28 710.294494629 1
63 28 736.399047852 1
63 28 738.797790527 1
63 28 739.786804199 1
63 28 768.766418457 1
63 28 774.765930176 1
63 28 775.642150879 1
63 28 798.399536133 1
63 28 812.60949707 1
63 28 847.991333008 1
63 28 866.876037598 1
63 28 877.305908203 1
63 28 896.848510742 1
63 28 908.346862793 1
63 28 935.909118652 1
63 28 972.861999512 1
63 28 1017.82531738 1
63 28 1035.11047363 1
63 28 1187.89697266 1
63 28 1227.51806641 1
63 28 1315.08886719 1
63 28 1423.1015625 1
63 29 87.3429794312 1
63 29 88.5738830566 1
63 29 89.9233169556 1
63 29 90.5512390137 1
63 29 90.8330917358 1
63 29 92.2437820435 1
63 29 93.4070739746 1
63 29 95.3829650879 1
63 29 95.7520065308 1
63 29 96.0337600708 1
63 29 96.3401641846 1
63 29 96.5120010376 1
63 29 96.5296020508 1
63 29 96.8031997681 1
63 29 97.4198074341 1
63 29 97.5483551025 1
63 29 97.5720901489 1
63 29 97.8263015747 1
63 29 98.2341079712 1
63 29 98.405380249 1
63 29 98.5726470947 1
63 29 99.6971664429 1
63 29 99.9572525024 1
63 29 100.155250549 1
63 29 101.247459412 1
63 29 101.539337158 1
63 29 101.690460205 1
63 29 101.695266724 1
63 29 101.980812073 1
63 29 102.144340515 1
63 29 102.210762024 1
63 29 102.664932251 1
63 29 102.890937805 1
63 29 102.950874329 1
63 29 103.059555054 1
63 29 103.878860474 1
63 29 103.89704895 1
63 29 104.027862549 1
63 29 104.747329712 1
63 29 105.100280762 1
63 29 105.609306335 1
63 29 105.646972656 1
63 29 105.754760742 1
63 29 107.202316284 1
63 29 107.302680969 1
63 29 107.695663452 1
63 29 107.819549561 1
63 29 107.968681335 1
63 29 108.064758301 1
63 29 108.314079285 1
63 29 108.44026947 1
63 29 108.587524414 1
63 29 108.710189819 1
63 29 108.894042969 1
63 29 109.207099915 1
63 29 109.618247986 1
63 29 109.778587341 1
63 29 110.196762085 1
63 29 110.228919983 1
63 29 110.64616394 1
63 29 110.698631287 1
63 29 110.868530273 1
63 29 111.790252686 1
63 29 111.892860413 1
63 29 113.239715576 1
63 29 113.330055237 1
63 29 113.565979004 1
63 29 113.623947144 1
63 29 113.763130188 1
63 29 113.971237183 1
63 29 114.534805298 1
63 29 114.906311035 1
63 29 114.922767639 1
63 29 115.017456055 1
63 29 115.170913696 1
63 29 115.501960754 1
63 29 115.652786255 1
63 29 115.935775757 1
63 29 116.226699829 1
63 29 116.376495361 1
63 29 116.424255371 1
63 29 116.519828796 1
63 29 116.900848389 1
63 29 116.956443787 1
63 29 117.081916809 1
63 29 117.181541443 1
63 29 117.841758728 1
63 29 118.170974731 1
63 29 119.177139282 1
63 29 119.263977051 1
63 29 119.561172485 1
63 29 119.704872131 1
63 29 119.915473938 1
63 29 120.069099426 1
63 29 120.132377625 1
63 29 120.681114197 1
63 29 120.710632324 1
63 29 121.917060852 1
63 29 121.95110321 1
63 29 122.002685547 1
63 29 122.179283142 1
63 29 122.241409302 1
63 29 122.388717651 1
63 29 122.663848877 1
63 29 122.70766449 1
63 29 122.73298645 1
63 29 122.882736206 1
63 29 122.972045898 1
63 29 123.128456116 1
63 29 123.221946716 1
63 29 123.321678162 1
63 29 123.763145447 1
63 29 124.098342896 1
63 29 124.316444397 1
63 29 124.475524902 1
63 29 125.09614563 1
63 29 125.111946106 1
63 29 125.447090149 1
63 29 125.557594299 1
63 29 125.615898132 1
63 29 126.031166077 1
63 29 126.205078125 1
63 29 126.252372742 1
63 29 126.317268372 1
63 29 126.421737671 1
63 29 127.774223328 1
63 29 128.002929688 1
63 29 128.040206909 1
63 29 128.519927979 1
63 29 128.940429688 1
63 29 129.18421936 1
63 29 129.541183472 1
63 29 130.049865723 1
63 29 130.47706604 1
63 29 130.757095337 1
63 29 131.344528198 1
63 29 131.355133057 1
63 29 131.42918396 1
63 29 131.458831787 1
63 29 131.837097168 1
63 29 131.913787842 1
63 29 132.130187988 1
63 29 132.411453247 1
63 29 132.431976318 1
63 29 132.492446899 1
63 29 133.352371216 1
63 29 133.621414185 1
63 29 133.734405518 1
63 29 134.182785034 1
63 29 134.256469727 1
63 29 134.979064941 1
63 29 135.27911377 1
63 29 135.340560913 1
63 29 135.363723755 1
63 29 136.662307739 1
63 29 137.426391602 1
63 29 137.535003662 1
63 29 137.648910522 1
63 29 138.417251587 1
63 29 138.717407227 1
63 29 138.824035645 1
63 29 139.005615234 1
63 29 139.172470093 1
63 29 139.254425049 1
63 29 139.465835571 1
63 29 139.770721436 1
63 29 139.802154541 1
63 29 140.44178772 1
63 29 140.607894897 1
63 29 140.715759277 1
63 29 140.870376587 1
63 29 140.896118164 1
63 29 141.183883667 1
63 29 141.288116455 1
63 29 141.337982178 1
63 29 141.556304932 1
63 29 141.648880005 1
63 29 141.919250488 1
63 29 141.923721313 1
63 29 142.297943115 1
63 29 143.169616699 1
63 29 143.356887817 1
63 29 143.88053894 1
63 29 144.468383789 1
63 29 144.815475464 1
63 29 145.247848511 1
63 29 145.410873413 1
63 29 145.514663696 1
63 29 145.732345581 1
63 29 145.760192871 1
63 29 145.809906006 1
63 29 146.512649536 1
63 29 147.043746948 1
63 29 147.163894653 1
63 29 147.287979126 1
63 29 147.757827759 1
63 29 148.04914856 1
63 29 148.338668823 1
63 29 148.346328735 1
63 29 148.389282227 1
63 29 148.395187378 1
63 29 148.776245117 1
63 29 149.384307861 1
63 29 149.425582886 1
63 29 149.463607788 1
63 29 150.005905151 1
63 29 150.05027771 1
63 29 150.723175049 1
63 29 150.886199951 1
63 29 150.915771484 1
63 29 150.928939819 1
63 29 150.929916382 1
63 29 151.093078613 1
63 29 151.172668457 1
63 29 151.526626587 1
63 29 151.54234314 1
63 29 151.545089722 1
63 29 151.740692139 1
63 29 151.833511353 1
63 29 151.877044678 1
63 29 151.956741333 1
63 29 152.376052856 1
63 29 152.806640625 1
63 29 152.834030151 1
63 29 152.93170166 1
63 29 153.137298584 1
63 29 153.138061523 1
63 29 153.297668457 1
63 29 154.07472229 1
63 29 154.388549805 1
63 29 154.423080444 1
63 29 156.387863159 1
63 29 156.432312012 1
63 29 156.641357422 1
63 29 156.936126709 1
63 29 157.635467529 1
63 29 157.937316895 1
63 29 157.995285034 1
63 29 158.028503418 1
63 29 158.140472412 1
63 29 158.687606812 1
63 29 159.096069336 1
63 29 159.30921936 1
63 29 159.579574585 1
63 29 159.910919189 1
63 29 159.946212769 1
63 29 160.310501099 1
63 29 160.408218384 1
63 29 161.042999268 1
63 29 161.085327148 1
63 29 161.543258667 1
63 29 161.599868774 1
63 29 161.867355347 1
63 29 162.218994141 1
63 29 162.250747681 1
63 29 162.396575928 1
63 29 163.341552734 1
63 29 163.343811035 1
63 29 163.682800293 1
63 29 163.980392456 1
63 29 164.547607422 1
63 29 164.906295776 1
63 29 165.096084595 1
63 29 165.497024536 1
63 29 165.540756226 1
63 29 165.967681885 1
63 29 166.32144165 1
63 29 166.474578857 1
63 29 166.528961182 1
63 29 166.86114502 1
63 29 167.089508057 1
63 29 167.247894287 1
63 29 167.822570801 1
63 29 167.984130859 1
63 29 168.079772949 1
63 29 168.158493042 1
63 29 168.503189087 1
63 29 168.945846558 1
63 29 169.61656189 1
63 29 170.236801147 1
63 29 170.531005859 1
63 29 170.847579956 1
63 29 170.849655151 1
63 29 171.062103271 1
63 29 171.174316406 1
63 29 171.514251709 1
63 29 171.976257324 1
63 29 172.055297852 1
63 29 172.107315063 1
63 29 172.649963379 1
63 29 172.697555542 1
63 29 173.87071228 1
63 29 173.874252319 1
63 29 174.044418335 1
63 29 174.297424316 1
63 29 175.12979126 1
63 29 175.225326538 1
63 29 175.403961182 1
63 29 175.564910889 1
63 29 175.627212524 1
63 29 176.804092407 1
63 29 176.862426758 1
63 29 177.070129395 1
63 29 177.482055664 1
63 29 177.551605225 1
63 29 179.480880737 1
63 29 180.032714844 1
63 29 181.84967041 1
63 29 181.922454834 1
63 29 182.423095703 1
63 29 183.115447998 1
63 29 183.137207031 1
63 29 183.767868042 1
63 29 184.227661133 1
63 29 184.512710571 1
63 29 185.474838257 1
63 29 185.740432739 1
63 29 186.347824097 1
63 29 186.859512329 1
63 29 187.119781494 1
63 29 187.203887939 1
63 29 187.747650146 1
63 29 188.02545166 1
63 29 188.71925354 1
63 29 189.192565918 1
63 29 189.657073975 1
63 29 190.782455444 1
63 29 190.935806274 1
63 29 190.960144043 1
63 29 190.980285645 1
63 29 191.412017822 1
63 29 191.78024292 1
63 29 194.603759766 1
63 29 195.183990479 1
63 29 195.238693237 1
63 29 195.405151367 1
63 29 197.256378174 1
63 29 197.269714355 1
63 29 198.425506592 1
63 29 199.703521729 1
63 29 203.168167114 1
63 29 203.718582153 1
63 29 204.367874146 1
63 29 204.843063354 1
63 29 207.134719849 1
63 29 207.988220215 1
63 29 209.828918457 1
63 29 210.123260498 1
63 29 210.238647461 1
63 29 211.795089722 1
63 29 212.282958984 1
63 29 213.499282837 1
63 29 214.220306396 1
63 29 214.451065063 1
63 29 215.097946167 1
63 29 215.221542358 1
63 29 215.849655151 1
63 29 217.098983765 1
63 29 217.729660034 1
63 29 218.661392212 1
63 29 218.705215454 1
63 29 221.166870117 1
63 29 223.282592773 1
63 29 223.373031616 1
63 29 223.882339478 1
63 29 224.079269409 1
63 29 224.526641846 1
63 29 225.174133301 1
63 29 225.581359863 1
63 29 226.007766724 1
63 29 226.216400146 1
63 29 228.360794067 1
63 29 228.975296021 1
63 29 229.734832764 1
63 29 230.075759888 1
63 29 231.786529541 1
63 29 234.139205933 1
63 29 234.169219971 1
63 29 234.497848511 1
63 29 235.379211426 1
63 29 237.856628418 1
63 29 237.92288208 1
63 29 238.134536743 1
63 29 241.175292969 1
63 29 241.697906494 1
63 29 242.010803223 1
63 29 242.194839478 1
63 29 243.422744751 1
63 29 243.851623535 1
63 29 249.342529297 1
63 29 251.476638794 1
63 29 251.698272705 1
63 29 252.590545654 1
63 29 253.869903564 1
63 29 255.579879761 1
63 29 255.869873047 1
63 29 257.240447998 1
63 29 257.544036865 1
63 29 257.87713623 1
63 29 257.956207275 1
63 29 259.688446045 1
63 29 259.781311035 1
63 29 261.074676514 1
63 29 266.957336426 1
63 29 267.830352783 1
63 29 268.012420654 1
63 29 270.489105225 1
63 29 271.057525635 1
63 29 275.129058838 1
63 29 277.348083496 1
63 29 280.432220459 1
63 29 282.851623535 1
63 29 285.560241699 1
63 29 286.908172607 1
63 29 291.267700195 1
63 29 297.200805664 1
63 29 298.347290039 1
63 29 304.314819336 1
63 29 305.367034912 1
63 29 307.359619141 1
63 29 308.009307861 1
63 29 314.022186279 1
63 29 314.633728027 1
63 29 322.139160156 1
63 29 322.472686768 1
63 29 323.144348145 1
63 29 324.718383789 1
63 29 331.99319458 1
63 29 336.250061035 1
63 29 343.979187012 1
63 29 344.759979248 1
63 29 350.714111328 1
63 29 355.002410889 1
63 29 357.194366455 1
63 29 363.970153809 1
63 29 364.618438721 1
63 29 365.737487793 1
63 29 375.250946045 1
63 29 377.542541504 1
63 29 377.862945557 1
63 29 379.83694458 1
63 29 382.093719482 1
63 29 389.930145264 1
63 29 392.598236084 1
63 29 396.952087402 1
63 29 397.747650146 1
63 29 398.784637451 1
63 29 399.656890869 1
63 29 405.089447021 1
63 29 406.196380615 1
63 29 407.472381592 1
63 29 408.924346924 1
63 29 413.195556641 1
63 29 415.165283203 1
63 29 418.762390137 1
63 29 422.158050537 1
63 29 423.243652344 1
63 29 428.461364746 1
63 29 433.435516357 1
63 29 435.306427002 1
63 29 437.479248047 1
63 29 438.476654053 1
63 29 438.530426025 1
63 29 443.804046631 1
63 29 445.661102295 1
63 29 448.489349365 1
63 29 459.12612915 1
63 29 462.642303467 1
63 29 471.196228027 1
63 29 471.906158447 1
63 29 481.429962158 1
63 29 487.654541016 1
63 29 504.07409668 1
63 29 510.15032959 1
63 29 511.518859863 1
63 29 514.792602539 1
63 29 518.140319824 1
63 29 546.26739502 1
63 29 551.383056641 1
63 29 559.381713867 1
63 29 561.64276123 1
63 29 565.422912598 1
63 29 578.979980469 1
63 29 580.061523438 1
63 29 582.692871094 1
63 29 583.310058594 1
63 29 601.97052002 1
63 29 624.838989258 1
63 29 628.857788086 1
63 29 644.460998535 1
63 29 659.355712891 1
63 29 748.32824707 1
63 29 750.90447998 1
63 29 754.92779541 1
63 29 755.255432129 1
63 29 774.448730469 1
63 29 776.348449707 1
63 29 786.341552734 1
63 29 790.914306641 1
63 29 825.275695801 1
63 29 832.801452637 1
63 29 870.625549316 1
63 29 902.888977051 1
63 29 913.588745117 1
63 29 948.736022949 1
63 29 979.982788086 1
63 29 1053.26794434 1
63 29 1118.21386719 1
63 29 1277.81713867 1
63 29 1303.22216797 1
63 29 1381.11901855 1
63 31 89.7501449585 1
63 31 90.9110107422 1
63 31 91.6308135986 1
63 31 97.2324523926 1
63 31 99.0788192749 1
63 31 99.6793746948 1
63 31 101.679138184 1
63 31 102.440811157 1
63 31 102.48575592 1
63 31 103.413299561 1
63 31 104.003471375 1
63 31 104.362060547 1
63 31 104.459991455 1
63 31 105.183410645 1
63 31 105.642929077 1
63 31 106.150337219 1
63 31 106.406097412 1
63 31 106.507949829 1
63 31 106.632965088 1
63 31 106.963844299 1
63 31 108.21723938 1
63 31 108.239974976 1
63 31 108.794296265 1
63 31 108.91582489 1
63 31 108.973007202 1
63 31 109.072662354 1
63 31 109.192420959 1
63 31 109.599029541 1
63 31 110.229766846 1
63 31 110.966163635 1
63 31 111.885406494 1
63 31 112.62348938 1
63 31 112.75177002 1
63 31 113.060783386 1
63 31 113.649299622 1
63 31 113.892364502 1
63 31 114.037498474 1
63 31 114.239822388 1
63 31 114.267295837 1
63 31 114.428077698 1
63 31 114.530258179 1
63 31 115.092140198 1
63 31 115.683898926 1
63 31 116.43536377 1
63 31 116.713867188 1
63 31 116.955375671 1
63 31 117.017379761 1
63 31 117.363975525 1
63 31 117.433273315 1
63 31 117.559516907 1
63 31 117.625801086 1
63 31 118.060112 1
63 31 118.608375549 1
63 31 118.70652771 1
63 31 118.816993713 1
63 31 119.379325867 1
63 31 119.552093506 1
63 31 119.698387146 1
63 31 119.721702576 1
63 31 119.746543884 1
63 31 120.540168762 1
63 31 121.366203308 1
63 31 121.581489563 1
63 31 121.821609497 1
63 31 122.338790894 1
63 31 122.619499207 1
63 31 122.783584595 1
63 31 122.842926025 1
63 31 122.894363403 1
63 31 123.1120224 1
63 31 123.347053528 1
63 31 124.312446594 1
63 31 124.348335266 1
63 31 125.000709534 1
63 31 125.280502319 1
63 31 125.901329041 1
63 31 127.207115173 1
63 31 127.428733826 1
63 31 127.821899414 1
63 31 127.827125549 1
63 31 128.44859314 1
63 31 128.485412598 1
63 31 128.841186523 1
63 31 128.850509644 1
63 31 128.916915894 1
63 31 128.971984863 1
63 31 129.026672363 1
63 31 129.364227295 1
63 31 129.470794678 1
63 31 129.758331299 1
63 31 129.823287964 1
63 31 129.889846802 1
63 31 130.283081055 1
63 31 131.138397217 1
63 31 131.414474487 1
63 31 131.437789917 1
63 31 131.559204102 1
63 31 132.128509521 1
63 31 132.221237183 1
63 31 132.45111084 1
63 31 132.473968506 1
63 31 133.306442261 1
63 31 133.395477295 1
63 31 133.807922363 1
63 31 134.047790527 1
63 31 134.577301025 1
63 31 134.613540649 1
63 31 134.651687622 1
63 31 134.708862305 1
63 31 134.828964233 1
63 31 134.950820923 1
63 31 135.283691406 1
63 31 135.599395752 1
63 31 136.195785522 1
63 31 136.231750488 1
63 31 136.321517944 1
63 31 136.542053223 1
63 31 136.547698975 1
63 31 136.802825928 1
63 31 137.14239502 1
63 31 138.128128052 1
63 31 138.283737183 1
63 31 138.817199707 1
63 31 138.93107605 1
63 31 138.95249939 1
63 31 139.435241699 1
63 31 139.451538086 1
63 31 139.471420288 1
63 31 139.696868896 1
63 31 140.025695801 1
63 31 140.048706055 1
63 31 140.066192627 1
63 31 140.175338745 1
63 31 140.700042725 1
63 31 140.984146118 1
63 31 141.002288818 1
63 31 141.217269897 1
63 31 141.294723511 1
63 31 141.647888184 1
63 31 142.123168945 1
63 31 142.859344482 1
63 31 142.879699707 1
63 31 143.051681519 1
63 31 143.772689819 1
63 31 144.438812256 1
63 31 144.580932617 1
63 31 144.88621521 1
63 31 145.050216675 1
63 31 145.05128479 1
63 31 145.448959351 1
63 31 145.476516724 1
63 31 145.609344482 1
63 31 145.66015625 1
63 31 145.810134888 1
63 31 145.992904663 1
63 31 146.185745239 1
63 31 146.352050781 1
63 31 146.410385132 1
63 31 146.957458496 1
63 31 147.188980103 1
63 31 147.221679688 1
63 31 147.315444946 1
63 31 147.493438721 1
63 31 147.508468628 1
63 31 147.907943726 1
63 31 148.102218628 1
63 31 148.132858276 1
63 31 148.141189575 1
63 31 148.381164551 1
63 31 148.542495728 1
63 31 148.91192627 1
63 31 149.050140381 1
63 31 149.216873169 1
63 31 149.458312988 1
63 31 149.710479736 1
63 31 149.867950439 1
63 31 150.032943726 1
63 31 150.134979248 1
63 31 150.488388062 1
63 31 150.58946228 1
63 31 150.627059937 1
63 31 150.801956177 1
63 31 150.828079224 1
63 31 151.026321411 1
63 31 152.043899536 1
63 31 152.472076416 1
63 31 152.538650513 1
63 31 152.645019531 1
63 31 153.582168579 1
63 31 153.764785767 1
63 31 153.767669678 1
63 31 153.791534424 1
63 31 153.986907959 1
63 31 154.039535522 1
63 31 154.084487915 1
63 31 154.112915039 1
63 31 154.13458252 1
63 31 154.364501953 1
63 31 154.634292603 1
63 31 154.729385376 1
63 31 155.58114624 1
63 31 155.749588013 1
63 31 155.797897339 1
63 31 155.849395752 1
63 31 155.867233276 1
63 31 155.871414185 1
63 31 155.93522644 1
63 31 156.113586426 1
63 31 156.135635376 1
63 31 156.755722046 1
63 31 156.918182373 1
63 31 157.529418945 1
63 31 157.597320557 1
63 31 157.828155518 1
63 31 157.860961914 1
63 31 157.864257812 1
63 31 158.368789673 1
63 31 158.562530518 1
63 31 158.570663452 1
63 31 158.75453186 1
63 31 158.972457886 1
63 31 159.213439941 1
63 31 159.288192749 1
63 31 159.416519165 1
63 31 159.611923218 1
63 31 159.869750977 1
63 31 159.924331665 1
63 31 160.306427002 1
63 31 160.352249146 1
63 31 160.580230713 1
63 31 160.593353271 1
63 31 160.722366333 1
63 31 160.767410278 1
63 31 160.820571899 1
63 31 160.932296753 1
63 31 161.444915771 1
63 31 161.514404297 1
63 31 161.556350708 1
63 31 161.788391113 1
63 31 162.103469849 1
63 31 162.364532471 1
63 31 162.740646362 1
63 31 162.957275391 1
63 31 163.315002441 1
63 31 163.365386963 1
63 31 164.088348389 1
63 31 164.382339478 1
63 31 164.622375488 1
63 31 164.700820923 1
63 31 164.780059814 1
63 31 165.139251709 1
63 31 165.41456604 1
63 31 165.480682373 1
63 31 165.536819458 1
63 31 165.57144165 1
63 31 165.677978516 1
63 31 166.126937866 1
63 31 166.32963562 1
63 31 166.476608276 1
63 31 166.491317749 1
63 31 166.95539856 1
63 31 166.987060547 1
63 31 167.186187744 1
63 31 167.354171753 1
63 31 167.608047485 1
63 31 167.855804443 1
63 31 168.215270996 1
63 31 168.821121216 1
63 31 169.067764282 1
63 31 169.215927124 1
63 31 169.53855896 1
63 31 169.586837769 1
63 31 170.342056274 1
63 31 170.457199097 1
63 31 170.601837158 1
63 31 170.798614502 1
63 31 170.831665039 1
63 31 171.135009766 1
63 31 171.245239258 1
63 31 171.904708862 1
63 31 172.577575684 1
63 31 172.789505005 1
63 31 172.859008789 1
63 31 172.977523804 1
63 31 173.173583984 1
63 31 173.545440674 1
63 31 174.081756592 1
63 31 174.138916016 1
63 31 174.306030273 1
63 31 174.475204468 1
63 31 174.479263306 1
63 31 174.560791016 1
63 31 174.885375977 1
63 31 175.30859375 1
63 31 175.311416626 1
63 31 175.507843018 1
63 31 175.828704834 1
63 31 175.916900635 1
63 31 176.7056427 1
63 31 177.134872437 1
63 31 177.310760498 1
63 31 177.464477539 1
63 31 177.911117554 1
63 31 178.083251953 1
63 31 178.126739502 1
63 31 178.819580078 1
63 31 179.032852173 1
63 31 179.085098267 1
63 31 179.106750488 1
63 31 179.124206543 1
63 31 180.031921387 1
63 31 180.109008789 1
63 31 180.13671875 1
63 31 180.186920166 1
63 31 180.581390381 1
63 31 180.616989136 1
63 31 180.63053894 1
63 31 180.660049438 1
63 31 181.42175293 1
63 31 181.491821289 1
63 31 181.772781372 1
63 31 182.023620605 1
63 31 182.103225708 1
63 31 182.456390381 1
63 31 182.880523682 1
63 31 182.965911865 1
63 31 183.470031738 1
63 31 184.413711548 1
63 31 184.67616272 1
63 31 185.008560181 1
63 31 185.152908325 1
63 31 185.576812744 1
63 31 185.614624023 1
63 31 186.757949829 1
63 31 187.027282715 1
63 31 187.071762085 1
63 31 187.094512939 1
63 31 187.156402588 1
63 31 187.984832764 1
63 31 188.012527466 1
63 31 188.199035645 1
63 31 189.494567871 1
63 31 190.829193115 1
63 31 191.46081543 1
63 31 191.646392822 1
63 31 191.926330566 1
63 31 191.954193115 1
63 31 191.985458374 1
63 31 192.224212646 1
63 31 192.457061768 1
63 31 192.72555542 1
63 31 192.758041382 1
63 31 193.952667236 1
63 31 194.489303589 1
63 31 194.546310425 1
63 31 195.219772339 1
63 31 195.37272644 1
63 31 195.637176514 1
63 31 196.664611816 1
63 31 196.6690979 1
63 31 197.024734497 1
63 31 197.464355469 1
63 31 197.657699585 1
63 31 197.867324829 1
63 31 198.498855591 1
63 31 198.960678101 1
63 31 199.343948364 1
63 31 199.458053589 1
63 31 199.541473389 1
63 31 199.642715454 1
63 31 199.7371521 1
63 31 199.79750061 1
63 31 200.528594971 1
63 31 200.967681885 1
63 31 202.351852417 1
63 31 203.402313232 1
63 31 203.618255615 1
63 31 203.762435913 1
63 31 204.230499268 1
63 31 205.4659729 1
63 31 205.873153687 1
63 31 206.093093872 1
63 31 206.51739502 1
63 31 206.846328735 1
63 31 207.137496948 1
63 31 207.502716064 1
63 31 208.936157227 1
63 31 208.957580566 1
63 31 210.415115356 1
63 31 210.704025269 1
63 31 211.057937622 1
63 31 211.171737671 1
63 31 211.265533447 1
63 31 211.500488281 1
63 31 212.190292358 1
63 31 213.175765991 1
63 31 213.391098022 1
63 31 213.535964966 1
63 31 215.587738037 1
63 31 215.617965698 1
63 31 216.000762939 1
63 31 216.921035767 1
63 31 220.00831604 1
63 31 220.024871826 1
63 31 220.10899353 1
63 31 220.366378784 1
63 31 220.833572388 1
63 31 221.107421875 1
63 31 222.225067139 1
63 31 222.647109985 1
63 31 223.387481689 1
63 31 224.2525177 1
63 31 224.62399292 1
63 31 224.93687439 1
63 31 225.939498901 1
63 31 226.914123535 1
63 31 227.676177979 1
63 31 227.834960938 1
63 31 228.561645508 1
63 31 229.005599976 1
63 31 229.054000854 1
63 31 231.565643311 1
63 31 231.942138672 1
63 31 232.562820435 1
63 31 235.176651001 1
63 31 235.630722046 1
63 31 236.781585693 1
63 31 238.071792603 1
63 31 238.886108398 1
63 31 239.019592285 1
63 31 239.533752441 1
63 31 240.507843018 1
63 31 240.73046875 1
63 31 241.362075806 1
63 31 241.901824951 1
63 31 243.27722168 1
63 31 243.490966797 1
63 31 244.378463745 1
63 31 244.400527954 1
63 31 245.073760986 1
63 31 245.211212158 1
63 31 245.223937988 1
63 31 245.551269531 1
63 31 246.328460693 1
63 31 248.144699097 1
63 31 248.162414551 1
63 31 248.758804321 1
63 31 248.946273804 1
63 31 250.277404785 1
63 31 250.592330933 1
63 31 253.564758301 1
63 31 253.66192627 1
63 31 254.349487305 1
63 31 254.984146118 1
63 31 255.626861572 1
63 31 256.269042969 1
63 31 256.466949463 1
63 31 256.477661133 1
63 31 256.489013672 1
63 31 257.506103516 1
63 31 258.298522949 1
63 31 259.002471924 1
63 31 260.021697998 1
63 31 261.8956604 1
63 31 264.669769287 1
63 31 264.898620605 1
63 31 265.453216553 1
63 31 266.503387451 1
63 31 266.765014648 1
63 31 269.182220459 1
63 31 270.256866455 1
63 31 270.619995117 1
63 31 271.223175049 1
63 31 273.641113281 1
63 31 276.400146484 1
63 31 276.634857178 1
63 31 277.099487305 1
63 31 281.495758057 1
63 31 283.375671387 1
63 31 283.4347229 1
63 31 284.741088867 1
63 31 285.284606934 1
63 31 285.379943848 1
63 31 285.506011963 1
63 31 287.030487061 1
63 31 288.397277832 1
63 31 289.780883789 1
63 31 290.082977295 1
63 31 290.464996338 1
63 31 290.98046875 1
63 31 292.964508057 1
63 31 295.686401367 1
63 31 296.270812988 1
63 31 297.765014648 1
63 31 299.268676758 1
63 31 299.322357178 1
63 31 300.243041992 1
63 31 302.590393066 1
63 31 302.897399902 1
63 31 303.218078613 1
63 31 303.323150635 1
63 31 303.651855469 1
63 31 304.530822754 1
63 31 304.999145508 1
63 31 305.531921387 1
63 31 309.71862793 1
63 31 312.781066895 1
63 31 314.639678955 1
63 31 315.524627686 1
63 31 316.947296143 1
63 31 318.776977539 1
63 31 322.165710449 1
63 31 323.194641113 1
63 31 323.60559082 1
63 31 325.373779297 1
63 31 326.815002441 1
63 31 328.128295898 1
63 31 328.19821167 1
63 31 329.465118408 1
63 31 330.128814697 1
63 31 331.88458252 1
63 31 332.769775391 1
63 31 335.371307373 1
63 31 335.554168701 1
63 31 336.024383545 1
63 31 340.988189697 1
63 31 341.125976562 1
63 31 341.748291016 1
63 31 342.039001465 1
63 31 344.990264893 1
63 31 346.176757812 1
63 31 347.399658203 1
63 31 350.008605957 1
63 31 355.680908203 1
63 31 358.582824707 1
63 31 359.326385498 1
63 31 364.314086914 1
63 31 364.946594238 1
63 31 371.500793457 1
63 31 371.888366699 1
63 31 374.414367676 1
63 31 378.917419434 1
63 31 382.609008789 1
63 31 383.398345947 1
63 31 387.51461792 1
63 31 388.120635986 1
63 31 389.25100708 1
63 31 389.794433594 1
63 31 395.912689209 1
63 31 396.934844971 1
63 31 397.899658203 1
63 31 398.691802979 1
63 31 404.044464111 1
63 31 405.418945312 1
63 31 409.767791748 1
63 31 411.294403076 1
63 31 411.978088379 1
63 31 413.018280029 1
63 31 413.088592529 1
63 31 414.366668701 1
63 31 416.331787109 1
63 31 420.010772705 1
63 31 420.702362061 1
63 31 423.752075195 1
63 31 425.488891602 1
63 31 428.197235107 1
63 31 429.889373779 1
63 31 437.276367188 1
63 31 441.080200195 1
63 31 447.070251465 1
63 31 453.47845459 1
63 31 458.638275146 1
63 31 461.94543457 1
63 31 462.586853027 1
63 31 462.943664551 1
63 31 466.803863525 1
63 31 469.950012207 1
63 31 470.366821289 1
63 31 472.877197266 1
63 31 482.299041748 1
63 31 497.931915283 1
63 31 498.661376953 1
63 31 505.488555908 1
63 31 511.472045898 1
63 31 518.153808594 1
63 31 519.022216797 1
63 31 524.027832031 1
63 31 527.001464844 1
63 31 532.050537109 1
63 31 534.947631836 1
63 31 536.947814941 1
63 31 540.073974609 1
63 31 548.664001465 1
63 31 555.397155762 1
63 31 556.085144043 1
63 31 569.43170166 1
63 31 581.332458496 1
63 31 581.608398438 1
63 31 583.296813965 1
63 31 584.486450195 1
63 31 637.175598145 1
63 31 693.336242676 1
63 31 707.285888672 1
63 31 748.351501465 1
63 31 752.681884766 1
63 31 816.196044922 1
63 31 826.245727539 1
63 31 868.977050781 1
63 31 884.017028809 1
63 31 1032.30895996 1
63 31 1039.84643555 1
63 31 1040.43041992 1
63 31 1070.01855469 1
63 31 1284.47949219 1
63 31 1296.44421387 1
63 31 1511.69873047 1
63 31 2224.71606445 1
63 32 197.316085815 1
63 32 202.475997925 1
63 32 206.610229492 1
63 32 209.956207275 1
63 32 210.111129761 1
63 32 216.26663208 1
63 32 216.574142456 1
63 32 218.134521484 1
63 32 218.436721802 1
63 32 219.184875488 1
63 32 220.776779175 1
63 32 222.261123657 1
63 32 224.65776062 1
63 32 226.626617432 1
63 32 227.014480591 1
63 32 227.515289307 1
63 32 228.301940918 1
63 32 233.746673584 1
63 32 234.668991089 1
63 32 235.04196167 1
63 32 235.382522583 1
63 32 236.372695923 1
63 32 236.878479004 1
63 32 237.126831055 1
63 32 237.280639648 1
63 32 238.402877808 1
63 32 240.461349487 1
63 32 240.584182739 1
63 32 245.577697754 1
63 32 247.368621826 1
63 32 248.632736206 1
63 32 248.895126343 1
63 32 250.600662231 1
63 32 255.777359009 1
63 32 257.918060303 1
63 32 258.834228516 1
63 32 260.306671143 1
63 32 262.146118164 1
63 32 262.734466553 1
63 32 263.123718262 1
63 32 272.154602051 1
63 32 273.962310791 1
63 32 274.126983643 1
63 32 274.171203613 1
63 32 274.181427002 1
63 32 276.647247314 1
63 32 279.480499268 1
63 32 279.785522461 1
63 32 279.911071777 1
63 32 279.939819336 1
63 32 280.657348633 1
63 32 281.250640869 1
63 32 281.919006348 1
63 32 282.632904053 1
63 32 283.755645752 1
63 32 285.802642822 1
63 32 289.437408447 1
63 32 289.56427002 1
63 32 290.275238037 1
63 32 291.441711426 1
63 32 292.640106201 1
63 32 292.814666748 1
63 32 293.652404785 1
63 32 295.511322021 1
63 32 298.218963623 1
63 32 299.458679199 1
63 32 300.254852295 1
63 32 300.870361328 1
63 32 303.234771729 1
63 32 304.814331055 1
63 32 305.968963623 1
63 32 310.431365967 1
63 32 310.855926514 1
63 32 312.694976807 1
63 32 313.57800293 1
63 32 314.483306885 1
63 32 315.522613525 1
63 32 319.202514648 1
63 32 320.990753174 1
63 32 321.8487854 1
63 32 324.454589844 1
63 32 324.480285645 1
63 32 325.715759277 1
63 32 326.652679443 1
63 32 327.068939209 1
63 32 327.399627686 1
63 32 327.568267822 1
63 32 328.017669678 1
63 32 330.9140625 1
63 32 331.234649658 1
63 32 332.89553833 1
63 32 336.309783936 1
63 32 337.048858643 1
63 32 337.661682129 1
63 32 342.561981201 1
63 32 348.765411377 1
63 32 349.026123047 1
63 32 349.934783936 1
63 32 351.32989502 1
63 32 354.683319092 1
63 32 354.81930542 1
63 32 359.299377441 1
63 32 359.964538574 1
63 32 360.162445068 1
63 32 362.120178223 1
63 32 366.083404541 1
63 32 366.476593018 1
63 32 374.636383057 1
63 32 378.323120117 1
63 32 379.897338867 1
63 32 381.033630371 1
63 32 384.719818115 1
63 32 385.329711914 1
63 32 386.024780273 1
63 32 386.962768555 1
63 32 395.072906494 1
63 32 395.193664551 1
63 32 398.804595947 1
63 32 399.395690918 1
63 32 401.694641113 1
63 32 402.057403564 1
63 32 403.937774658 1
63 32 411.645812988 1
63 32 414.416778564 1
63 32 417.860595703 1
63 32 422.802093506 1
63 32 430.557434082 1
63 32 438.030761719 1
63 32 450.15057373 1
63 32 451.59185791 1
63 32 455.648590088 1
63 32 466.567352295 1
63 32 472.288726807 1
63 32 474.021057129 1
63 32 475.143554688 1
63 32 478.617034912 1
63 32 483.436431885 1
63 32 488.325897217 1
63 32 488.520324707 1
63 32 490.443054199 1
63 32 499.393554688 1
63 32 502.559448242 1
63 32 504.446044922 1
63 32 510.265350342 1
63 32 510.720245361 1
63 32 515.525085449 1
63 32 530.636779785 1
63 32 551.195922852 1
63 32 559.016662598 1
63 32 563.083740234 1
63 32 563.532531738 1
63 32 570.451965332 1
63 32 570.998291016 1
63 32 588.198303223 1
63 32 591.979309082 1
63 32 617.602233887 1
63 32 622.323242188 1
63 32 626.988830566 1
63 32 629.44708252 1
63 32 631.781188965 1
63 32 633.617126465 1
63 32 640.607849121 1
63 32 713.425048828 1
63 32 717.1875 1
63 32 725.860839844 1
63 32 768.159973145 1
63 32 849.673950195 1
63 32 877.222351074 1
63 32 894.014343262 1
63 32 905.975158691 1
63 32 934.886535645 1
63 32 1021.45574951 1
63 32 1147.23840332 1
63 32 1349.69812012 1
63 32 1485.40002441 1
63 32 1876.89233398 1
63 33 294.938049316 1
63 33 315.525085449 1
63 33 322.512878418 1
63 33 335.39956665 1
63 33 340.683868408 1
63 33 341.27557373 1
63 33 354.563537598 1
63 33 369.074859619 1
63 33 376.806152344 1
63 33 397.630981445 1
63 33 398.459289551 1
63 33 408.772125244 1
63 33 411.353393555 1
63 33 412.453674316 1
63 33 430.885162354 1
63 33 433.458129883 1
63 33 453.294647217 1
63 33 453.429931641 1
63 33 455.152496338 1
63 33 461.511993408 1
63 33 465.334411621 1
63 33 465.776672363 1
63 33 470.834136963 1
63 33 477.154632568 1
63 33 506.547149658 1
63 33 534.603271484 1
63 33 554.662353516 1
63 33 558.369506836 1
63 33 560.656555176 1
63 33 642.962341309 1
63 33 689.627624512 1
63 33 696.693664551 1
63 33 703.212341309 1
63 33 710.743225098 1
63 33 747.983093262 1
63 33 921.815185547 1
63 33 931.057861328 1
63 33 1072.24511719 1
63 33 1312.1628418 1
63 34 551.407409668 1
63 34 675.192504883 1
63 35 786.246887207 1
64 21 1500.11901855 1
64 23 1387.72595215 1
64 23 1763.94812012 1
64 24 1096.80883789 1
64 25 1041.65026855 1
64 25 1279.78710938 1
64 25 2509.62207031 1
64 26 1078.51843262 1
64 27 795.303161621 1
64 27 1078.1505127 1
64 27 1214.09655762 1
64 27 1230.02685547 1
64 27 1295.79602051 1
64 27 1471.60437012 1
64 28 782.449157715 1
64 28 849.136535645 1
64 28 918.886901855 1
64 28 1458.40283203 1
64 29 682.565551758 1
64 29 729.498474121 1
64 29 787.046936035 1
64 29 876.478271484 1
64 29 901.862487793 1
64 29 917.097106934 1
64 29 976.79107666 1
64 29 1285.52001953 1
64 29 1350.9822998 1
64 29 1585.69616699 1
64 29 1935.30541992 1
64 30 660.691772461 1
64 30 688.923156738 1
64 30 702.493225098 1
64 30 707.692138672 1
64 30 733.812194824 1
64 30 778.518188477 1
64 30 822.433105469 1
64 30 888.104003906 1
64 30 923.192626953 1
64 30 938.719604492 1
64 30 1011.47698975 1
64 30 1065.04064941 1
64 30 1480.5847168 1
64 31 667.065979004 1
64 31 719.801818848 1
64 31 816.705688477 1
64 31 822.783508301 1
64 31 899.151733398 1
64 31 1124.19018555 1
64 32 714.025512695 1
64 32 842.310668945 1
64 32 922.067504883 1
64 32 991.41027832 1
64 32 1037.98059082 1
64 32 1826.35949707 1
64 33 1654.49926758 1
64 33 1686.2557373 1
65 28 1754.85754395 1
69 28 1304.63562012 1
70 20 2135.85131836 1
70 24 1005.65966797 1
70 24 1156.21289062 1
70 24 1182.94006348 1
70 24 1487.36755371 1
70 25 1023.40655518 1
70 25 1086.82104492 1
70 25 1616.03613281 1
70 26 1007.06469727 1
70 26 1171.38427734 1
70 27 707.095153809 1
70 27 853.730224609 1
70 27 1129.50708008 1
70 27 1302.82287598 1
70 27 2081.24243164 1
70 27 2133.79833984 1
70 28 692.604553223 1
70 28 710.765991211 1
70 28 723.599304199 1
70 28 1088.42297363 1
70 29 719.426391602 1
70 29 727.04083252 1
70 29 757.626281738 1
70 29 791.305358887 1
70 29 854.294616699 1
70 29 885.628356934 1
70 29 1012.93603516 1
70 29 1018.09814453 1
70 29 1204.40979004 1
70 29 1353.57324219 1
70 29 1772.96032715 1
70 30 706.956970215 1
70 30 896.358276367 1
70 30 939.119812012 1
70 31 746.488464355 1
70 31 868.313842773 1
70 31 955.799072266 1
70 31 1293.37463379 1
70 31 1360.7154541 1
70 32 980.307861328 1
70 32 1463.53027344 1
70 33 1127.27783203 1
71 24 1250.42663574 1
71 25 878.272460938 1
71 25 1472.17492676 1
71 26 803.101623535 1
71 26 848.073120117 1
71 26 878.339904785 1
71 26 890.025939941 1
71 26 935.198303223 1
71 26 961.632263184 1
71 26 997.404724121 1
71 26 1059.59643555 1
71 26 1234.80065918 1
71 26 1413.47583008 1
71 26 1911.20080566 1
71 27 746.47845459 1
71 27 941.780090332 1
71 27 1315.56738281 1
71 27 1530.47021484 1
71 27 1785.53100586 1
71 28 867.1484375 1
71 28 909.279785156 1
71 28 961.485534668 1
71 28 1119.8873291 1
71 28 1158.59008789 1
71 28 1245.26037598 1
71 29 663.599304199 1
71 29 714.958190918 1
71 29 802.915710449 1
71 29 861.920471191 1
71 29 879.442504883 1
71 29 1018.67218018 1
71 29 1065.86425781 1
71 29 1147.89916992 1
71 29 1362.58312988 1
71 30 847.444152832 1
71 30 1043.8815918 1
71 30 1136.92749023 1
71 30 1261.60705566 1
71 31 801.05871582 1
71 31 815.61315918 1
71 31 1170.2779541 1
71 32 1790.48522949 1
72 26 2135.09863281 1
72 29 1364.70068359 1
72 29 2014.94335938 1
72 30 1571.28100586 1
