string dom time hits
53 22 1654.77722168 1
53 25 1785.58068848 1
53 26 1583.83520508 1
53 29 1322.07519531 1
54 22 1167.43127441 1
54 23 1570.39343262 1
54 24 1074.93371582 1
54 25 1210.76074219 1
54 26 801.200927734 1
54 26 832.899963379 1
54 26 880.070922852 1
54 26 1305.63464355 1
54 26 1399.19458008 1
54 27 793.575622559 1
54 27 816.381408691 1
54 27 901.171630859 1
54 27 1132.14001465 1
54 27 2043.82983398 1
54 28 669.297729492 1
54 28 766.158325195 1
54 28 1052.09155273 1
54 28 1101.31091309 1
54 28 1199.3984375 1
54 28 1522.34130859 1
54 29 632.448364258 1
54 29 698.211853027 1
54 29 715.460327148 1
54 29 836.901123047 1
54 29 870.920349121 1
54 29 917.421630859 1
54 29 919.789489746 1
54 29 921.696350098 1
54 30 674.865844727 1
54 30 753.539123535 1
54 30 807.521484375 1
54 30 886.383666992 1
54 30 1013.69122314 1
54 30 1106.94946289 1
54 30 1205.17260742 1
54 30 1209.19885254 1
54 30 1437.72033691 1
54 31 1359.22497559 1
54 31 1651.06982422 1
54 32 1392.16772461 1
54 32 1400.99353027 1
54 33 1737.00036621 1
55 22 1226.56323242 1
55 23 1023.18041992 1
55 25 1056.43811035 1
55 25 1509.5892334 1
55 25 1975.23571777 1
55 26 786.791870117 1
55 26 857.457946777 1
55 26 912.83807373 1
55 26 963.364196777 1
55 26 977.858154297 1
55 26 1087.41503906 1
55 26 1299.96105957 1
55 27 719.640075684 1
55 27 912.350524902 1
55 27 914.607910156 1
55 27 978.751037598 1
55 27 1115.67578125 1
55 28 664.71875 1
55 28 675.854492188 1
55 28 716.100097656 1
55 28 837.920349121 1
55 28 850.474487305 1
55 28 854.521911621 1
55 28 971.302062988 1
55 28 1021.30657959 1
55 28 1037.53686523 1
55 28 1283.23095703 1
55 29 717.124450684 1
55 29 727.50769043 1
55 29 781.667236328 1
55 29 1028.61181641 1
55 29 1096.47814941 1
55 29 1222.30554199 1
55 29 1464.28588867 1
55 29 1650.37084961 1
55 29 2211.51782227 1
55 30 693.686035156 1
55 30 705.246704102 1
55 30 924.850708008 1
55 30 1191.37475586 1
55 30 1210.29956055 1
55 31 701.346618652 1
55 31 707.151916504 1
55 31 859.970703125 1
55 31 890.042236328 1
55 31 1016.57696533 1
55 32 783.903930664 1
55 32 834.718688965 1
55 32 982.331176758 1
55 32 1447.99902344 1
55 33 981.062011719 1
56 27 1456.47619629 1
56 29 1811.23168945 1
56 30 1366.46936035 1
62 20 2039.06347656 1
62 22 2292.12109375 1
62 23 1375.57104492 1
62 25 824.111938477 1
62 25 910.330932617 1
62 25 917.144165039 1
62 25 935.793579102 1
62 25 974.469726562 1
62 25 1007.41290283 1
62 26 755.16595459 1
62 26 862.235717773 1
62 26 915.13470459 1
62 26 1259.29040527 1
62 26 1942.53894043 1
62 27 767.348876953 1
62 27 788.955749512 1
62 27 802.473327637 1
62 27 822.765197754 1
62 27 878.623474121 1
62 27 1924.0838623 1
62 28 642.783325195 1
62 28 687.363525391 1
62 28 714.027038574 1
62 28 724.611083984 1
62 28 726.900695801 1
62 28 744.1328125 1
62 28 749.088928223 1
62 28 761.55456543 1
62 28 778.620056152 1
62 28 785.534179688 1
62 28 805.633239746 1
62 28 906.127380371 1
62 28 995.140014648 1
62 29 669.964355469 1
62 29 748.249633789 1
62 29 751.29876709 1
62 29 932.852478027 1
62 29 975.433898926 1
62 29 1013.28814697 1
62 29 1324.73168945 1
62 29 1361.57983398 1
62 29 1452.00476074 1
62 29 1597.43444824 1
62 30 778.67388916 1
62 30 808.71472168 1
62 30 1188.86791992 1
62 31 1133.80786133 1
62 31 1203.53295898 1
62 32 849.256591797 1
62 32 871.551635742 1
63 19 1371.2076416 1
63 21 993.249450684 1
63 22 811.83996582 1
63 22 1097.76281738 1
63 22 1232.48864746 1
63 23 651.149291992 1
63 23 656.828186035 1
63 23 664.447143555 1
63 23 678.534790039 1
63 23 684.653503418 1
63 23 805.181213379 1
63 23 983.738464355 1
63 23 990.779785156 1
63 23 1001.74316406 1
63 23 1163.46936035 1
63 23 1279.87817383 1
63 24 539.476257324 1
63 24 541.413146973 1
63 24 550.963317871 1
63 24 584.974914551 1
63 24 604.36907959 1
63 24 609.251342773 1
63 24 611.588256836 1
63 24 624.141540527 1
63 24 624.671020508 1
63 24 634.06072998 1
63 24 634.505493164 1
63 24 653.003173828 1
63 24 664.010559082 1
63 24 671.6640625 1
63 24 672.950561523 1
63 24 699.50213623 1
63 24 701.391235352 1
63 24 710.533630371 1
63 24 736.771789551 1
63 24 830.65222168 1
63 24 837.607421875 1
63 24 844.775939941 1
63 24 875.243041992 1
63 24 885.619873047 1
63 24 918.293334961 1
63 24 965.903747559 1
63 24 1122.88916016 1
63 24 1184.9128418 1
63 24 1479.17285156 1
63 24 1582.01745605 1
63 24 1595.23400879 1
63 24 1720.59326172 1
63 25 430.266998291 1
63 25 439.592193604 1
63 25 445.5078125 1
63 25 449.838806152 1
63 25 449.889190674 1
63 25 457.590515137 1
63 25 461.370758057 1
63 25 467.735687256 1
63 25 468.561920166 1
63 25 471.58782959 1
63 25 477.533355713 1
63 25 480.904785156 1
63 25 484.552886963 1
63 25 485.105987549 1
63 25 486.811340332 1
63 25 486.994598389 1
63 25 492.046508789 1
63 25 496.270355225 1
63 25 498.609436035 1
63 25 514.07208252 1
63 25 515.029968262 1
63 25 522.005065918 1
63 25 524.848815918 1
63 25 526.48034668 1
63 25 530.731140137 1
63 25 535.393188477 1
63 25 541.032226562 1
63 25 549.884216309 1
63 25 553.193664551 1
63 25 560.924560547 1
63 25 571.420776367 1
63 25 589.498596191 1
63 25 604.302978516 1
63 25 605.103271484 1
63 25 607.905883789 1
63 25 619.131225586 1
63 25 625.950805664 1
63 25 627.598327637 1
63 25 642.922607422 1
63 25 699.516906738 1
63 25 703.619628906 1
63 25 705.684570312 1
63 25 740.773986816 1
63 25 771.894348145 1
63 25 801.57611084 1
63 25 813.773193359 1
63 25 923.358459473 1
63 25 1002.05181885 1
63 25 1041.12097168 1
63 25 1258.54089355 1
63 25 1343.35656738 1
63 25 1357.9375 1
63 25 1429.47106934 1
63 26 334.822387695 1
63 26 340.020324707 1
63 26 341.877258301 1
63 26 341.987304688 1
63 26 342.376220703 1
63 26 344.976318359 1
63 26 345.867248535 1
63 26 347.281646729 1
63 26 349.414001465 1
63 26 349.878723145 1
63 26 351.01348877 1
63 26 354.197021484 1
63 26 354.682983398 1
63 26 355.168579102 1
63 26 355.705078125 1
63 26 357.534179688 1
63 26 359.155639648 1
63 26 360.661834717 1
63 26 361.893371582 1
63 26 361.967468262 1
63 26 362.283660889 1
63 26 362.386993408 1
63 26 364.35647583 1
63 26 367.292694092 1
63 26 368.447601318 1
63 26 370.591003418 1
63 26 372.06539917 1
63 26 374.034179688 1
63 26 376.400268555 1
63 26 382.36517334 1
63 26 382.916717529 1
63 26 386.873626709 1
63 26 391.500762939 1
63 26 394.556091309 1
63 26 403.717895508 1
63 26 409.404724121 1
63 26 410.903015137 1
63 26 412.733520508 1
63 26 412.811828613 1
63 26 414.38760376 1
63 26 424.127868652 1
63 26 429.250030518 1
63 26 429.374572754 1
63 26 429.532836914 1
63 26 430.956634521 1
63 26 432.819824219 1
63 26 434.86529541 1
63 26 436.907592773 1
63 26 442.525756836 1
63 26 442.720672607 1
63 26 442.840911865 1
63 26 443.260650635 1
63 26 456.603424072 1
63 26 457.79296875 1
63 26 464.09967041 1
63 26 466.906921387 1
63 26 471.611907959 1
63 26 478.328552246 1
63 26 480.379150391 1
63 26 485.294158936 1
63 26 485.992797852 1
63 26 489.899536133 1
63 26 491.118652344 1
63 26 493.700286865 1
63 26 496.167205811 1
63 26 497.056091309 1
63 26 504.879302979 1
63 26 506.39453125 1
63 26 509.239349365 1
63 26 509.65447998 1
63 26 510.551483154 1
63 26 511.101196289 1
63 26 512.491821289 1
63 26 517.195373535 1
63 26 531.059875488 1
63 26 532.210266113 1
63 26 533.665710449 1
63 26 536.441833496 1
63 26 547.609191895 1
63 26 560.662841797 1
63 26 561.444152832 1
63 26 569.176574707 1
63 26 572.205383301 1
63 26 580.210632324 1
63 26 587.493041992 1
63 26 590.06439209 1
63 26 590.091552734 1
63 26 599.598083496 1
63 26 603.647888184 1
63 26 608.962097168 1
63 26 610.39050293 1
63 26 619.747741699 1
63 26 640.648010254 1
63 26 642.00189209 1
63 26 649.434020996 1
63 26 655.016235352 1
63 26 700.930114746 1
63 26 729.21307373 1
63 26 730.228027344 1
63 26 753.750061035 1
63 26 754.29888916 1
63 26 774.100891113 1
63 26 820.192077637 1
63 26 848.929748535 1
63 26 862.244628906 1
63 26 927.243896484 1
63 26 940.73828125 1
63 26 953.734985352 1
63 26 1329.57788086 1
63 26 1554.14294434 1
63 26 1638.69128418 1
63 27 243.174621582 1
63 27 244.11315918 1
63 27 245.184967041 1
63 27 245.777481079 1
63 27 246.832763672 1
63 27 249.348312378 1
63 27 251.241958618 1
63 27 252.179656982 1
63 27 252.513397217 1
63 27 252.770767212 1
63 27 253.420227051 1
63 27 253.482009888 1
63 27 253.648162842 1
63 27 254.01940918 1
63 27 254.075439453 1
63 27 254.392196655 1
63 27 254.514312744 1
63 27 255.209564209 1
63 27 255.290969849 1
63 27 255.619598389 1
63 27 256.002532959 1
63 27 256.016784668 1
63 27 256.725524902 1
63 27 257.094360352 1
63 27 257.789489746 1
63 27 258.052307129 1
63 27 258.392425537 1
63 27 258.429656982 1
63 27 259.073486328 1
63 27 259.919250488 1
63 27 259.954284668 1
63 27 260.00567627 1
63 27 260.362060547 1
63 27 260.851470947 1
63 27 260.86050415 1
63 27 261.060546875 1
63 27 262.030639648 1
63 27 262.45703125 1
63 27 262.657897949 1
63 27 262.706970215 1
63 27 262.832672119 1
63 27 262.938690186 1
63 27 263.446685791 1
63 27 263.4793396 1
63 27 263.810577393 1
63 27 264.819671631 1
63 27 265.429534912 1
63 27 265.603485107 1
63 27 265.871704102 1
63 27 266.143157959 1
63 27 266.217468262 1
63 27 267.5184021 1
63 27 269.102020264 1
63 27 270.085754395 1
63 27 270.574768066 1
63 27 270.96987915 1
63 27 271.095245361 1
63 27 271.2449646 1
63 27 271.765289307 1
63 27 272.428009033 1
63 27 272.549499512 1
63 27 272.70111084 1
63 27 273.225616455 1
63 27 273.239196777 1
63 27 273.313812256 1
63 27 273.748260498 1
63 27 273.773590088 1
63 27 274.046051025 1
63 27 275.490631104 1
63 27 276.40045166 1
63 27 276.7706604 1
63 27 277.085479736 1
63 27 277.150634766 1
63 27 277.207183838 1
63 27 277.927276611 1
63 27 278.462341309 1
63 27 278.8097229 1
63 27 280.27947998 1
63 27 280.839385986 1
63 27 280.868408203 1
63 27 281.405578613 1
63 27 281.944213867 1
63 27 282.023742676 1
63 27 282.135925293 1
63 27 282.594543457 1
63 27 282.876098633 1
63 27 282.922607422 1
63 27 283.54385376 1
63 27 284.376312256 1
63 27 284.668243408 1
63 27 284.79196167 1
63 27 285.454162598 1
63 27 286.107055664 1
63 27 286.204071045 1
63 27 286.514312744 1
63 27 286.948455811 1
63 27 287.773712158 1
63 27 288.904296875 1
63 27 289.399810791 1
63 27 290.642883301 1
63 27 290.690643311 1
63 27 291.094146729 1
63 27 291.115783691 1
63 27 291.416473389 1
63 27 291.48727417 1
63 27 292.889984131 1
63 27 293.260986328 1
63 27 293.505004883 1
63 27 293.845092773 1
63 27 294.287353516 1
63 27 295.310272217 1
63 27 296.026580811 1
63 27 296.284698486 1
63 27 297.933105469 1
63 27 297.945953369 1
63 27 301.16204834 1
63 27 302.221801758 1
63 27 302.292022705 1
63 27 302.442321777 1
63 27 302.48614502 1
63 27 302.925170898 1
63 27 304.168395996 1
63 27 304.173553467 1
63 27 305.512023926 1
63 27 306.336364746 1
63 27 306.487579346 1
63 27 306.680328369 1
63 27 306.692840576 1
63 27 306.696960449 1
63 27 307.095489502 1
63 27 307.558746338 1
63 27 309.703552246 1
63 27 310.156555176 1
63 27 310.263153076 1
63 27 311.304840088 1
63 27 311.417602539 1
63 27 311.830078125 1
63 27 312.294555664 1
63 27 312.630615234 1
63 27 312.854675293 1
63 27 314.455291748 1
63 27 314.885253906 1
63 27 315.269348145 1
63 27 315.441070557 1
63 27 315.997039795 1
63 27 316.41519165 1
63 27 317.046051025 1
63 27 318.963226318 1
63 27 320.412780762 1
63 27 320.918579102 1
63 27 321.365447998 1
63 27 322.976470947 1
63 27 323.73538208 1
63 27 324.694000244 1
63 27 327.423706055 1
63 27 329.040618896 1
63 27 330.897216797 1
63 27 331.016296387 1
63 27 331.288543701 1
63 27 331.772583008 1
63 27 332.443389893 1
63 27 334.618255615 1
63 27 334.635437012 1
63 27 334.657653809 1
63 27 335.576782227 1
63 27 338.831237793 1
63 27 339.607727051 1
63 27 339.640808105 1
63 27 341.286132812 1
63 27 342.801361084 1
63 27 343.829620361 1
63 27 343.943145752 1
63 27 344.097869873 1
63 27 346.037750244 1
63 27 346.272460938 1
63 27 347.686676025 1
63 27 348.183563232 1
63 27 348.314758301 1
63 27 348.881195068 1
63 27 351.29296875 1
63 27 351.979278564 1
63 27 352.919830322 1
63 27 353.321533203 1
63 27 354.270812988 1
63 27 355.706329346 1
63 27 356.862243652 1
63 27 359.160217285 1
63 27 359.883361816 1
63 27 360.23236084 1
63 27 361.424346924 1
63 27 362.206481934 1
63 27 367.414123535 1
63 27 367.506835938 1
63 27 367.69418335 1
63 27 371.065460205 1
63 27 371.391265869 1
63 27 371.932220459 1
63 27 375.319824219 1
63 27 375.9453125 1
63 27 377.012939453 1
63 27 377.804595947 1
63 27 379.428527832 1
63 27 381.486450195 1
63 27 384.745239258 1
63 27 387.13067627 1
63 27 387.444732666 1
63 27 390.064483643 1
63 27 393.528594971 1
63 27 397.770721436 1
63 27 397.92779541 1
63 27 405.263641357 1
63 27 406.646636963 1
63 27 410.091247559 1
63 27 410.675872803 1
63 27 411.992950439 1
63 27 413.183807373 1
63 27 428.565673828 1
63 27 440.626831055 1
63 27 441.434875488 1
63 27 443.330566406 1
63 27 444.612640381 1
63 27 455.195098877 1
63 27 463.688049316 1
63 27 472.131896973 1
63 27 476.470092773 1
63 27 476.571563721 1
63 27 478.66619873 1
63 27 486.715332031 1
63 27 486.980529785 1
63 27 489.031066895 1
63 27 489.911682129 1
63 27 491.58605957 1
63 27 495.188140869 1
63 27 497.340576172 1
63 27 500.560119629 1
63 27 508.149658203 1
63 27 511.074615479 1
63 27 512.238098145 1
63 27 514.610656738 1
63 27 514.782470703 1
63 27 542.95715332 1
63 27 545.819763184 1
63 27 547.122802734 1
63 27 550.781738281 1
63 27 559.614990234 1
63 27 567.206176758 1
63 27 578.644836426 1
63 27 579.110717773 1
63 27 579.767089844 1
63 27 585.454956055 1
63 27 591.05847168 1
63 27 606.321716309 1
63 27 607.008789062 1
63 27 645.873901367 1
63 27 647.848388672 1
63 27 651.65435791 1
63 27 651.69708252 1
63 27 654.416259766 1
63 27 661.106079102 1
63 27 681.573730469 1
63 27 682.50769043 1
63 27 699.899291992 1
63 27 713.53503418 1
63 27 735.648864746 1
63 27 761.92388916 1
63 27 780.82244873 1
63 27 786.358459473 1
63 27 808.278442383 1
63 27 810.429016113 1
63 27 813.860229492 1
63 27 826.992614746 1
63 27 977.627441406 1
63 27 985.874511719 1
63 27 986.919677734 1
63 27 1029.30322266 1
63 27 1140.10314941 1
63 27 1322.00622559 1
63 27 1411.31335449 1
63 27 1520.17004395 1
63 27 1909.50292969 1
63 27 1913.89306641 1
63 28 159.104934692 1
63 28 160.086044312 1
63 28 162.918273926 1
63 28 162.983734131 1
63 28 163.812011719 1
63 28 164.47795105 1
63 28 164.79234314 1
63 28 165.420898438 1
63 28 165.896011353 1
63 28 166.230209351 1
63 28 166.645385742 1
63 28 166.97605896 1
63 28 167.130447388 1
63 28 167.264709473 1
63 28 167.703170776 1
63 28 167.736480713 1
63 28 168.05065918 1
63 28 168.582565308 1
63 28 169.094024658 1
63 28 169.104507446 1
63 28 169.106872559 1
63 28 169.163406372 1
63 28 169.226898193 1
63 28 169.383117676 1
63 28 169.433807373 1
63 28 169.661407471 1
63 28 169.836883545 1
63 28 170.285125732 1
63 28 170.298065186 1
63 28 170.753860474 1
63 28 170.836746216 1
63 28 170.840301514 1
63 28 170.904663086 1
63 28 170.922088623 1
63 28 171.072891235 1
63 28 171.081939697 1
63 28 171.157943726 1
63 28 171.289520264 1
63 28 171.873962402 1
63 28 171.875030518 1
63 28 171.966049194 1
63 28 172.051101685 1
63 28 172.085220337 1
63 28 172.12588501 1
63 28 172.215545654 1
63 28 172.381637573 1
63 28 172.547424316 1
63 28 172.604019165 1
63 28 172.615707397 1
63 28 172.658432007 1
63 28 172.884735107 1
63 28 173.105377197 1
63 28 173.110488892 1
63 28 173.197006226 1
63 28 173.226669312 1
63 28 173.597717285 1
63 28 173.6118927 1
63 28 173.679794312 1
63 28 173.776519775 1
63 28 173.875946045 1
63 28 173.924362183 1
63 28 174.02947998 1
63 28 174.104980469 1
63 28 174.171539307 1
63 28 174.268218994 1
63 28 174.278915405 1
63 28 174.29725647 1
63 28 174.319610596 1
63 28 174.418914795 1
63 28 174.636154175 1
63 28 174.656860352 1
63 28 174.701187134 1
63 28 174.735443115 1
63 28 175.010864258 1
63 28 175.169311523 1
63 28 175.262664795 1
63 28 175.430343628 1
63 28 175.683822632 1
63 28 175.710586548 1
63 28 175.761077881 1
63 28 175.886489868 1
63 28 176.0209198 1
63 28 176.095092773 1
63 28 176.205123901 1
63 28 176.302642822 1
63 28 176.377883911 1
63 28 176.480163574 1
63 28 176.547180176 1
63 28 176.636688232 1
63 28 176.691268921 1
63 28 176.820236206 1
63 28 176.884307861 1
63 28 176.902359009 1
63 28 176.968490601 1
63 28 176.990386963 1
63 28 177.007781982 1
63 28 177.072799683 1
63 28 177.101196289 1
63 28 177.134658813 1
63 28 177.264694214 1
63 28 177.315643311 1
63 28 177.328430176 1
63 28 177.484420776 1
63 28 177.515640259 1
63 28 177.584671021 1
63 28 177.735549927 1
63 28 177.773651123 1
63 28 177.786514282 1
63 28 177.80557251 1
63 28 177.881912231 1
63 28 177.941009521 1
63 28 177.969299316 1
63 28 178.020324707 1
63 28 178.030899048 1
63 28 178.074447632 1
63 28 178.176742554 1
63 28 178.264770508 1
63 28 178.287322998 1
63 28 178.31489563 1
63 28 178.361831665 1
63 28 178.506118774 1
63 28 178.562911987 1
63 28 178.666519165 1
63 28 178.788711548 1
63 28 179.183837891 1
63 28 179.204193115 1
63 28 179.350662231 1
63 28 179.391677856 1
63 28 179.556243896 1
63 28 179.678695679 1
63 28 179.781509399 1
63 28 179.976577759 1
63 28 180.059829712 1
63 28 180.45300293 1
63 28 180.495437622 1
63 28 180.90687561 1
63 28 181.047836304 1
63 28 181.147003174 1
63 28 181.230926514 1
63 28 181.278869629 1
63 28 181.479995728 1
63 28 181.506790161 1
63 28 181.565505981 1
63 28 181.631942749 1
63 28 181.697647095 1
63 28 182.232910156 1
63 28 182.244537354 1
63 28 182.320861816 1
63 28 182.363388062 1
63 28 182.60256958 1
63 28 182.628768921 1
63 28 183.020370483 1
63 28 183.209060669 1
63 28 183.387039185 1
63 28 183.424835205 1
63 28 183.478881836 1
63 28 183.560394287 1
63 28 183.589157104 1
63 28 183.676055908 1
63 28 183.727401733 1
63 28 183.808959961 1
63 28 183.857498169 1
63 28 183.859619141 1
63 28 183.888397217 1
63 28 183.914703369 1
63 28 183.955291748 1
63 28 183.965164185 1
63 28 183.972457886 1
63 28 184.067276001 1
63 28 184.094070435 1
63 28 184.170806885 1
63 28 184.187042236 1
63 28 184.408416748 1
63 28 184.441101074 1
63 28 184.499282837 1
63 28 184.569625854 1
63 28 184.64263916 1
63 28 184.852874756 1
63 28 184.935913086 1
63 28 185.021865845 1
63 28 185.200515747 1
63 28 185.416091919 1
63 28 185.545043945 1
63 28 185.639190674 1
63 28 185.663238525 1
63 28 185.927764893 1
63 28 185.959884644 1
63 28 186.008575439 1
63 28 186.147445679 1
63 28 186.564102173 1
63 28 186.699508667 1
63 28 186.708847046 1
63 28 186.734329224 1
63 28 187.046035767 1
63 28 187.261917114 1
63 28 187.35559082 1
63 28 187.365371704 1
63 28 187.392807007 1
63 28 187.55607605 1
63 28 187.580291748 1
63 28 187.642105103 1
63 28 187.656265259 1
63 28 187.756500244 1
63 28 187.786849976 1
63 28 187.968231201 1
63 28 187.972381592 1
63 28 188.252990723 1
63 28 188.353057861 1
63 28 188.488967896 1
63 28 188.502838135 1
63 28 188.572341919 1
63 28 188.622314453 1
63 28 188.896957397 1
63 28 188.976852417 1
63 28 189.072494507 1
63 28 189.138183594 1
63 28 189.36164856 1
63 28 189.75062561 1
63 28 189.878234863 1
63 28 190.079437256 1
63 28 190.119689941 1
63 28 190.373001099 1
63 28 190.423522949 1
63 28 190.567718506 1
63 28 190.63168335 1
63 28 190.66003418 1
63 28 190.777038574 1
63 28 190.816421509 1
63 28 191.270233154 1
63 28 191.29460144 1
63 28 191.60546875 1
63 28 191.739349365 1
63 28 191.778091431 1
63 28 191.845932007 1
63 28 191.881011963 1
63 28 192.138702393 1
63 28 192.262359619 1
63 28 192.272155762 1
63 28 192.580413818 1
63 28 192.680480957 1
63 28 192.776885986 1
63 28 192.915649414 1
63 28 192.945327759 1
63 28 192.961791992 1
63 28 192.990142822 1
63 28 193.029098511 1
63 28 193.182373047 1
63 28 193.475708008 1
63 28 193.695098877 1
63 28 193.796905518 1
63 28 193.977996826 1
63 28 193.988998413 1
63 28 194.167572021 1
63 28 194.322845459 1
63 28 194.325485229 1
63 28 194.459106445 1
63 28 194.650421143 1
63 28 194.817764282 1
63 28 195.072967529 1
63 28 195.172149658 1
63 28 195.338928223 1
63 28 195.559677124 1
63 28 195.608169556 1
63 28 195.634506226 1
63 28 195.680389404 1
63 28 195.902297974 1
63 28 196.00642395 1
63 28 196.051315308 1
63 28 196.186172485 1
63 28 196.310531616 1
63 28 196.372787476 1
63 28 196.426544189 1
63 28 196.43800354 1
63 28 196.707290649 1
63 28 196.775436401 1
63 28 197.093444824 1
63 28 197.202148438 1
63 28 197.270111084 1
63 28 197.429992676 1
63 28 197.606750488 1
63 28 197.836013794 1
63 28 198.138839722 1
63 28 198.280853271 1
63 28 198.414978027 1
63 28 198.429199219 1
63 28 198.461242676 1
63 28 198.555801392 1
63 28 198.727111816 1
63 28 199.176254272 1
63 28 199.195983887 1
63 28 199.251602173 1
63 28 199.368972778 1
63 28 199.649780273 1
63 28 199.731689453 1
63 28 199.899536133 1
63 28 200.297332764 1
63 28 200.323898315 1
63 28 200.412017822 1
63 28 200.495071411 1
63 28 200.652450562 1
63 28 200.732528687 1
63 28 201.354751587 1
63 28 201.38293457 1
63 28 201.383621216 1
63 28 201.426300049 1
63 28 201.556045532 1
63 28 201.754302979 1
63 28 202.328094482 1
63 28 202.365936279 1
63 28 202.787902832 1
63 28 202.92489624 1
63 28 203.46685791 1
63 28 203.482681274 1
63 28 203.827468872 1
63 28 204.302078247 1
63 28 204.407775879 1
63 28 204.436309814 1
63 28 204.493087769 1
63 28 204.522155762 1
63 28 204.778137207 1
63 28 204.919387817 1
63 28 204.922271729 1
63 28 204.990249634 1
63 28 205.18371582 1
63 28 205.20741272 1
63 28 205.255340576 1
63 28 205.498428345 1
63 28 205.716598511 1
63 28 205.866928101 1
63 28 206.229736328 1
63 28 206.259338379 1
63 28 206.26763916 1
63 28 206.489196777 1
63 28 206.637115479 1
63 28 206.677978516 1
63 28 206.777755737 1
63 28 207.071365356 1
63 28 207.076202393 1
63 28 207.782363892 1
63 28 208.604766846 1
63 28 208.964309692 1
63 28 208.991882324 1
63 28 209.049316406 1
63 28 209.103775024 1
63 28 209.203018188 1
63 28 209.234741211 1
63 28 209.51802063 1
63 28 209.796630859 1
63 28 210.672164917 1
63 28 211.102523804 1
63 28 211.218139648 1
63 28 212.761001587 1
63 28 213.188537598 1
63 28 213.465621948 1
63 28 213.764144897 1
63 28 213.886276245 1
63 28 213.894348145 1
63 28 213.938781738 1
63 28 214.247940063 1
63 28 214.268814087 1
63 28 214.833343506 1
63 28 214.899765015 1
63 28 215.247314453 1
63 28 215.333023071 1
63 28 215.376708984 1
63 28 215.419616699 1
63 28 216.492141724 1
63 28 216.506973267 1
63 28 217.437713623 1
63 28 217.903656006 1
63 28 217.941726685 1
63 28 218.35559082 1
63 28 218.631774902 1
63 28 219.035110474 1
63 28 219.145431519 1
63 28 219.1668396 1
63 28 219.594604492 1
63 28 219.911941528 1
63 28 220.073181152 1
63 28 220.270263672 1
63 28 220.523498535 1
63 28 220.694839478 1
63 28 221.493011475 1
63 28 221.89390564 1
63 28 221.915283203 1
63 28 222.518264771 1
63 28 222.62852478 1
63 28 222.870071411 1
63 28 223.259353638 1
63 28 223.558181763 1
63 28 223.960067749 1
63 28 224.458999634 1
63 28 224.899047852 1
63 28 225.197250366 1
63 28 225.422912598 1
63 28 225.811584473 1
63 28 225.846374512 1
63 28 225.952911377 1
63 28 226.172958374 1
63 28 226.441574097 1
63 28 226.605606079 1
63 28 227.005966187 1
63 28 227.446228027 1
63 28 227.873718262 1
63 28 228.935409546 1
63 28 229.03213501 1
63 28 229.161087036 1
63 28 230.119735718 1
63 28 230.655471802 1
63 28 231.13848877 1
63 28 231.944122314 1
63 28 232.156295776 1
63 28 232.625411987 1
63 28 233.316665649 1
63 28 233.42880249 1
63 28 234.036849976 1
63 28 234.385147095 1
63 28 234.601715088 1
63 28 234.834335327 1
63 28 235.478164673 1
63 28 235.770492554 1
63 28 236.025695801 1
63 28 236.52305603 1
63 28 236.796264648 1
63 28 238.427886963 1
63 28 238.959655762 1
63 28 238.99432373 1
63 28 239.231323242 1
63 28 239.581680298 1
63 28 239.824554443 1
63 28 240.679031372 1
63 28 241.130447388 1
63 28 242.60017395 1
63 28 244.257019043 1
63 28 244.652908325 1
63 28 244.700408936 1
63 28 247.432998657 1
63 28 247.662109375 1
63 28 249.479537964 1
63 28 250.205749512 1
63 28 251.317657471 1
63 28 251.875411987 1
63 28 252.28894043 1
63 28 252.576187134 1
63 28 252.614517212 1
63 28 252.76449585 1
63 28 253.854293823 1
63 28 254.471084595 1
63 28 254.680908203 1
63 28 258.555328369 1
63 28 259.190826416 1
63 28 261.127929688 1
63 28 262.472015381 1
63 28 263.725952148 1
63 28 264.332397461 1
63 28 264.370056152 1
63 28 265.128601074 1
63 28 265.576629639 1
63 28 266.393280029 1
63 28 267.377716064 1
63 28 270.118011475 1
63 28 270.467437744 1
63 28 270.58895874 1
63 28 272.981811523 1
63 28 273.541564941 1
63 28 273.624938965 1
63 28 275.974975586 1
63 28 277.074676514 1
63 28 278.636260986 1
63 28 279.672821045 1
63 28 280.105224609 1
63 28 282.214569092 1
63 28 283.755096436 1
63 28 285.044830322 1
63 28 285.285186768 1
63 28 286.716186523 1
63 28 288.329925537 1
63 28 299.583984375 1
63 28 300.013793945 1
63 28 303.933502197 1
63 28 307.986572266 1
63 28 310.289459229 1
63 28 312.872436523 1
63 28 313.703826904 1
63 28 313.927459717 1
63 28 316.810791016 1
63 28 318.308197021 1
63 28 319.069915771 1
63 28 320.391265869 1
63 28 322.103271484 1
63 28 322.700378418 1
63 28 327.107696533 1
63 28 329.906005859 1
63 28 329.986877441 1
63 28 330.72366333 1
63 28 333.216247559 1
63 28 337.499023438 1
63 28 343.475494385 1
63 28 346.495422363 1
63 28 349.399475098 1
63 28 353.221740723 1
63 28 356.72265625 1
63 28 357.439544678 1
63 28 357.52947998 1
63 28 366.964263916 1
63 28 372.760253906 1
63 28 376.155212402 1
63 28 377.982543945 1
63 28 379.33996582 1
63 28 381.493133545 1
63 28 385.599517822 1
63 28 389.28302002 1
63 28 389.858062744 1
63 28 391.490631104 1
63 28 403.710418701 1
63 28 406.841217041 1
63 28 415.067230225 1
63 28 415.242218018 1
63 28 421.309661865 1
63 28 422.683929443 1
63 28 422.851409912 1
63 28 424.838043213 1
63 28 424.920349121 1
63 28 426.825744629 1
63 28 432.068267822 1
63 28 440.052642822 1
63 28 440.906677246 1
63 28 443.204223633 1
63 28 459.208129883 1
63 28 459.785003662 1
63 28 465.951721191 1
63 28 472.882141113 1
63 28 482.439117432 1
63 28 486.262115479 1
63 28 490.072784424 1
63 28 500.159698486 1
63 28 504.405670166 1
63 28 508.550628662 1
63 28 510.040435791 1
63 28 528.240478516 1
63 28 535.463745117 1
63 28 535.52734375 1
63 28 537.084472656 1
63 28 538.181640625 1
63 28 558.395935059 1
63 28 563.27746582 1
63 28 573.158752441 1
63 28 575.653991699 1
63 28 582.452270508 1
63 28 588.791625977 1
63 28 591.790771484 1
63 28 592.29510498 1
63 28 612.313781738 1
63 28 628.442749023 1
63 28 633.061035156 1
63 28 649.38861084 1
63 28 652.710388184 1
63 28 678.854919434 1
63 28 695.386657715 1
63 28 698.662780762 1
63 28 716.951721191 1
63 28 730.857788086 1
63 28 735.641723633 1
63 28 736.059753418 1
63 28 739.111633301 1
63 28 740.774230957 1
63 28 751.492980957 1
63 28 765.57220459 1
63 28 856.611022949 1
63 28 858.957641602 1
63 28 894.930297852 1
63 28 996.182678223 1
63 28 1001.34118652 1
63 28 1011.60113525 1
63 28 1027.71960449 1
63 28 1144.59033203 1
63 28 1163.06225586 1
63 28 1172.52380371 1
63 28 1436.72900391 1
63 29 77.4716262817 1
63 29 79.5325775146 1
63 29 81.3155441284 1
63 29 81.8869857788 1
63 29 82.1528015137 1
63 29 82.8456954956 1
63 29 82.9808502197 1
63 29 82.9978866577 1
63 29 83.0895996094 1
63 29 83.2802810669 1
63 29 83.3395843506 1
63 29 83.39894104 1
63 29 83.6016235352 1
63 29 83.6487121582 1
63 29 83.6551589966 1
63 29 83.8693237305 1
63 29 83.9262924194 1
63 29 83.9999160767 1
63 29 84.0361251831 1
63 29 84.0428619385 1
63 29 84.1257400513 1
63 29 84.27293396 1
63 29 84.284072876 1
63 29 84.3400497437 1
63 29 84.3472366333 1
63 29 84.387550354 1
63 29 84.4009475708 1
63 29 84.4387054443 1
63 29 84.4511489868 1
63 29 84.4542770386 1
63 29 84.4938659668 1
63 29 84.7828521729 1
63 29 84.9109573364 1
63 29 84.9713668823 1
63 29 85.0027084351 1
63 29 85.0143508911 1
63 29 85.0688858032 1
63 29 85.1313323975 1
63 29 85.2121582031 1
63 29 85.3102035522 1
63 29 85.3503265381 1
63 29 85.366645813 1
63 29 85.3739013672 1
63 29 85.3771743774 1
63 29 85.3821640015 1
63 29 85.4738616943 1
63 29 85.5185165405 1
63 29 85.5305709839 1
63 29 85.5728683472 1
63 29 85.6053543091 1
63 29 85.6416473389 1
63 29 85.658744812 1
63 29 85.6653747559 1
63 29 85.7560882568 1
63 29 85.7582244873 1
63 29 85.7755889893 1
63 29 85.7835388184 1
63 29 85.8178787231 1
63 29 85.81980896 1
63 29 85.8361434937 1
63 29 85.8591690063 1
63 29 85.9816436768 1
63 29 86.0330352783 1
63 29 86.0384216309 1
63 29 86.0536880493 1
63 29 86.0540847778 1
63 29 86.1312179565 1
63 29 86.1337127686 1
63 29 86.1899642944 1
63 29 86.2303390503 1
63 29 86.2571105957 1
63 29 86.3328323364 1
63 29 86.3766174316 1
63 29 86.377281189 1
63 29 86.3811187744 1
63 29 86.4480819702 1
63 29 86.5164871216 1
63 29 86.5193862915 1
63 29 86.5402374268 1
63 29 86.5670471191 1
63 29 86.6058120728 1
63 29 86.6264877319 1
63 29 86.6490402222 1
63 29 86.6522140503 1
63 29 86.6524200439 1
63 29 86.65599823 1
63 29 86.6651916504 1
63 29 86.6714935303 1
63 29 86.6893157959 1
63 29 86.7046813965 1
63 29 86.7063217163 1
63 29 86.7326126099 1
63 29 86.7418060303 1
63 29 86.8241500854 1
63 29 86.8340682983 1
63 29 86.8388366699 1
63 29 86.8420410156 1
63 29 86.8546600342 1
63 29 86.9237213135 1
63 29 86.9421539307 1
63 29 86.9444732666 1
63 29 86.9713439941 1
63 29 87.0179290771 1
63 29 87.1259384155 1
63 29 87.25390625 1
63 29 87.2622070312 1
63 29 87.3318939209 1
63 29 87.4866867065 1
63 29 87.5373840332 1
63 29 87.5403594971 1
63 29 87.5707168579 1
63 29 87.6062164307 1
63 29 87.6589889526 1
63 29 87.6628494263 1
63 29 87.6681137085 1
63 29 87.6731643677 1
63 29 87.7365722656 1
63 29 87.7423324585 1
63 29 87.7454376221 1
63 29 87.7648162842 1
63 29 87.7719116211 1
63 29 87.8070831299 1
63 29 87.9039154053 1
63 29 87.9050674438 1
63 29 87.9557113647 1
63 29 87.9566421509 1
63 29 87.9658813477 1
63 29 87.9771957397 1
63 29 87.9908065796 1
63 29 88.0226211548 1
63 29 88.0279464722 1
63 29 88.0457687378 1
63 29 88.1201477051 1
63 29 88.1273498535 1
63 29 88.1499176025 1
63 29 88.2082061768 1
63 29 88.3016052246 1
63 29 88.3159103394 1
63 29 88.339553833 1
63 29 88.3448104858 1
63 29 88.3459320068 1
63 29 88.448348999 1
63 29 88.4630966187 1
63 29 88.4720916748 1
63 29 88.4884567261 1
63 29 88.5310134888 1
63 29 88.5310592651 1
63 29 88.5931472778 1
63 29 88.5959472656 1
63 29 88.6100082397 1
63 29 88.6125183105 1
63 29 88.6197509766 1
63 29 88.6315155029 1
63 29 88.6657028198 1
63 29 88.6793823242 1
63 29 88.7134780884 1
63 29 88.779624939 1
63 29 88.78465271 1
63 29 88.8022460938 1
63 29 88.8441238403 1
63 29 88.9062194824 1
63 29 88.9528045654 1
63 29 88.9657897949 1
63 29 89.0030288696 1
63 29 89.0617752075 1
63 29 89.0825195312 1
63 29 89.1254730225 1
63 29 89.128074646 1
63 29 89.2146072388 1
63 29 89.2190093994 1
63 29 89.2213745117 1
63 29 89.2341995239 1
63 29 89.2358169556 1
63 29 89.2450637817 1
63 29 89.2557830811 1
63 29 89.337600708 1
63 29 89.41065979 1
63 29 89.4201126099 1
63 29 89.4809875488 1
63 29 89.4942016602 1
63 29 89.540725708 1
63 29 89.5429763794 1
63 29 89.5469894409 1
63 29 89.5685501099 1
63 29 89.5751800537 1
63 29 89.5836868286 1
63 29 89.5936279297 1
63 29 89.668586731 1
63 29 89.6806640625 1
63 29 89.6932296753 1
63 29 89.7117919922 1
63 29 89.7447433472 1
63 29 89.7535934448 1
63 29 89.7638778687 1
63 29 89.7666473389 1
63 29 89.7765731812 1
63 29 89.8221740723 1
63 29 89.8408508301 1
63 29 89.8518981934 1
63 29 89.8594436646 1
63 29 89.9095077515 1
63 29 89.9145584106 1
63 29 90.0023880005 1
63 29 90.0279769897 1
63 29 90.0396728516 1
63 29 90.0469512939 1
63 29 90.0530853271 1
63 29 90.0805130005 1
63 29 90.0847320557 1
63 29 90.0849380493 1
63 29 90.1202316284 1
63 29 90.1327819824 1
63 29 90.1469573975 1
63 29 90.1859664917 1
63 29 90.2222518921 1
63 29 90.2373733521 1
63 29 90.2383117676 1
63 29 90.259803772 1
63 29 90.2791748047 1
63 29 90.2791748047 1
63 29 90.2942047119 1
63 29 90.3044662476 1
63 29 90.3329315186 1
63 29 90.3454666138 1
63 29 90.365486145 1
63 29 90.3832626343 1
63 29 90.4119949341 1
63 29 90.4194946289 1
63 29 90.4608230591 1
63 29 90.4694595337 1
63 29 90.4711456299 1
63 29 90.4861221313 1
63 29 90.5166320801 1
63 29 90.5229721069 1
63 29 90.5343704224 1
63 29 90.5356826782 1
63 29 90.5492935181 1
63 29 90.5674591064 1
63 29 90.604057312 1
63 29 90.665802002 1
63 29 90.6845321655 1
63 29 90.7332229614 1
63 29 90.7529296875 1
63 29 90.8195724487 1
63 29 90.8519134521 1
63 29 90.8618011475 1
63 29 90.8708572388 1
63 29 90.8851776123 1
63 29 90.8876037598 1
63 29 90.9227142334 1
63 29 90.9246826172 1
63 29 90.9308395386 1
63 29 90.9633178711 1
63 29 90.9809570312 1
63 29 90.99949646 1
63 29 91.0300979614 1
63 29 91.0362014771 1
63 29 91.0593795776 1
63 29 91.0649185181 1
63 29 91.0659408569 1
63 29 91.078994751 1
63 29 91.082649231 1
63 29 91.1329956055 1
63 29 91.145149231 1
63 29 91.1475524902 1
63 29 91.151184082 1
63 29 91.1581420898 1
63 29 91.159324646 1
63 29 91.16796875 1
63 29 91.1765441895 1
63 29 91.2247695923 1
63 29 91.2317276001 1
63 29 91.2465515137 1
63 29 91.2497024536 1
63 29 91.2787704468 1
63 29 91.2820739746 1
63 29 91.2847900391 1
63 29 91.3157196045 1
63 29 91.3397903442 1
63 29 91.3494491577 1
63 29 91.3815231323 1
63 29 91.4077453613 1
63 29 91.421295166 1
63 29 91.4375 1
63 29 91.46534729 1
63 29 91.4827651978 1
63 29 91.5442352295 1
63 29 91.5623703003 1
63 29 91.5713806152 1
63 29 91.5726852417 1
63 29 91.5884017944 1
63 29 91.6286239624 1
63 29 91.6431808472 1
63 29 91.6659164429 1
63 29 91.6756210327 1
63 29 91.6876373291 1
63 29 91.7078552246 1
63 29 91.7224807739 1
63 29 91.7232513428 1
63 29 91.7494354248 1
63 29 91.7808303833 1
63 29 91.8212127686 1
63 29 91.8259048462 1
63 29 91.8274002075 1
63 29 91.8609542847 1
63 29 91.8935852051 1
63 29 91.8947219849 1
63 29 91.8975601196 1
63 29 91.8981018066 1
63 29 91.902633667 1
63 29 91.9082565308 1
63 29 91.9800415039 1
63 29 91.9856185913 1
63 29 92.0108718872 1
63 29 92.067527771 1
63 29 92.0770874023 1
63 29 92.0800628662 1
63 29 92.1388168335 1
63 29 92.1493453979 1
63 29 92.1954879761 1
63 29 92.228767395 1
63 29 92.2376098633 1
63 29 92.2608413696 1
63 29 92.2665710449 1
63 29 92.2827911377 1
63 29 92.2842483521 1
63 29 92.2995986938 1
63 29 92.3061294556 1
63 29 92.3902053833 1
63 29 92.4120025635 1
63 29 92.4217605591 1
63 29 92.4251098633 1
63 29 92.4562911987 1
63 29 92.5104598999 1
63 29 92.5597381592 1
63 29 92.5609512329 1
63 29 92.6028594971 1
63 29 92.6173553467 1
63 29 92.6683883667 1
63 29 92.6954498291 1
63 29 92.7062225342 1
63 29 92.7075881958 1
63 29 92.7131958008 1
63 29 92.7145233154 1
63 29 92.7455749512 1
63 29 92.7943267822 1
63 29 92.7990264893 1
63 29 92.8021621704 1
63 29 92.8078384399 1
63 29 92.824546814 1
63 29 92.8274459839 1
63 29 92.8313827515 1
63 29 92.8736114502 1
63 29 92.900100708 1
63 29 92.9110794067 1
63 29 92.922164917 1
63 29 92.9411697388 1
63 29 92.9587631226 1
63 29 92.9867019653 1
63 29 92.9992294312 1
63 29 93.0028076172 1
63 29 93.0059432983 1
63 29 93.0656967163 1
63 29 93.0680541992 1
63 29 93.0834197998 1
63 29 93.0841445923 1
63 29 93.1040420532 1
63 29 93.1277008057 1
63 29 93.1352920532 1
63 29 93.1591873169 1
63 29 93.1627044678 1
63 29 93.1689910889 1
63 29 93.1727523804 1
63 29 93.1784667969 1
63 29 93.1951065063 1
63 29 93.2197723389 1
63 29 93.2256698608 1
63 29 93.2289199829 1
63 29 93.2445678711 1
63 29 93.2798690796 1
63 29 93.2837295532 1
63 29 93.294883728 1
63 29 93.3161773682 1
63 29 93.3271255493 1
63 29 93.3411560059 1
63 29 93.3829345703 1
63 29 93.3875656128 1
63 29 93.4091186523 1
63 29 93.4102859497 1
63 29 93.4553833008 1
63 29 93.5111083984 1
63 29 93.5180206299 1
63 29 93.5280227661 1
63 29 93.540397644 1
63 29 93.580909729 1
63 29 93.5989532471 1
63 29 93.6329879761 1
63 29 93.6462860107 1
63 29 93.6511535645 1
63 29 93.6750640869 1
63 29 93.6837310791 1
63 29 93.7067260742 1
63 29 93.7156600952 1
63 29 93.7225341797 1
63 29 93.7329025269 1
63 29 93.7453308105 1
63 29 93.7512893677 1
63 29 93.7674407959 1
63 29 93.7726745605 1
63 29 93.7984771729 1
63 29 93.818862915 1
63 29 93.823890686 1
63 29 93.8523406982 1
63 29 93.8671875 1
63 29 93.8707885742 1
63 29 93.8976364136 1
63 29 93.8981246948 1
63 29 93.9058074951 1
63 29 93.9150009155 1
63 29 93.9323120117 1
63 29 93.9452209473 1
63 29 93.9744720459 1
63 29 93.9864196777 1
63 29 93.9889755249 1
63 29 94.0011672974 1
63 29 94.0067977905 1
63 29 94.0147094727 1
63 29 94.0428390503 1
63 29 94.0744094849 1
63 29 94.1079483032 1
63 29 94.1125793457 1
63 29 94.1159057617 1
63 29 94.1350021362 1
63 29 94.13621521 1
63 29 94.1473312378 1
63 29 94.1595153809 1
63 29 94.169380188 1
63 29 94.1915893555 1
63 29 94.2071533203 1
63 29 94.2286987305 1
63 29 94.2391052246 1
63 29 94.2413101196 1
63 29 94.2418365479 1
63 29 94.2432022095 1
63 29 94.2825241089 1
63 29 94.2995071411 1
63 29 94.3132247925 1
63 29 94.3142318726 1
63 29 94.3303451538 1
63 29 94.3383636475 1
63 29 94.3431777954 1
63 29 94.3783721924 1
63 29 94.37890625 1
63 29 94.3851013184 1
63 29 94.4033355713 1
63 29 94.435874939 1
63 29 94.4438781738 1
63 29 94.4529647827 1
63 29 94.4632034302 1
63 29 94.4880752563 1
63 29 94.5323562622 1
63 29 94.5369873047 1
63 29 94.5741348267 1
63 29 94.6034622192 1
63 29 94.6072692871 1
63 29 94.6209335327 1
63 29 94.6363067627 1
63 29 94.6608352661 1
63 29 94.668258667 1
63 29 94.6775588989 1
63 29 94.6921157837 1
63 29 94.7054519653 1
63 29 94.7057800293 1
63 29 94.719078064 1
63 29 94.7415924072 1
63 29 94.7526550293 1
63 29 94.7603530884 1
63 29 94.7603912354 1
63 29 94.7683868408 1
63 29 94.7795410156 1
63 29 94.7893066406 1
63 29 94.7929763794 1
63 29 94.8294754028 1
63 29 94.8339538574 1
63 29 94.8500137329 1
63 29 94.8601913452 1
63 29 94.8611450195 1
63 29 94.861946106 1
63 29 94.8994827271 1
63 29 94.9016952515 1
63 29 94.9227523804 1
63 29 94.9283981323 1
63 29 94.9381332397 1
63 29 94.9525375366 1
63 29 94.9666976929 1
63 29 94.9863052368 1
63 29 94.9966583252 1
63 29 95.0202407837 1
63 29 95.0240325928 1
63 29 95.0317077637 1
63 29 95.0442581177 1
63 29 95.0460586548 1
63 29 95.0463790894 1
63 29 95.0470809937 1
63 29 95.0669174194 1
63 29 95.0713043213 1
63 29 95.0784759521 1
63 29 95.0866928101 1
63 29 95.1014709473 1
63 29 95.1192092896 1
63 29 95.1273193359 1
63 29 95.1386795044 1
63 29 95.1469955444 1
63 29 95.1628417969 1
63 29 95.1763076782 1
63 29 95.1785812378 1
63 29 95.1838989258 1
63 29 95.1839141846 1
63 29 95.1944122314 1
63 29 95.1974639893 1
63 29 95.2272262573 1
63 29 95.231628418 1
63 29 95.2378692627 1
63 29 95.2688064575 1
63 29 95.2768325806 1
63 29 95.2777404785 1
63 29 95.3099441528 1
63 29 95.3458938599 1
63 29 95.3461685181 1
63 29 95.3480911255 1
63 29 95.3943862915 1
63 29 95.4083404541 1
63 29 95.4122695923 1
63 29 95.41796875 1
63 29 95.4230728149 1
63 29 95.4457397461 1
63 29 95.4836273193 1
63 29 95.4911117554 1
63 29 95.5000839233 1
63 29 95.5185699463 1
63 29 95.5195541382 1
63 29 95.5277709961 1
63 29 95.5331115723 1
63 29 95.5420455933 1
63 29 95.5531234741 1
63 29 95.5593566895 1
63 29 95.5618743896 1
63 29 95.592124939 1
63 29 95.6067199707 1
63 29 95.6223983765 1
63 29 95.6381225586 1
63 29 95.6411514282 1
63 29 95.6655731201 1
63 29 95.6765594482 1
63 29 95.6831283569 1
63 29 95.6914367676 1
63 29 95.7168121338 1
63 29 95.7246856689 1
63 29 95.7297286987 1
63 29 95.7328262329 1
63 29 95.7780303955 1
63 29 95.7950286865 1
63 29 95.8689727783 1
63 29 95.8728866577 1
63 29 95.8848953247 1
63 29 95.8886413574 1
63 29 95.8919906616 1
63 29 95.8933258057 1
63 29 95.9192504883 1
63 29 95.927947998 1
63 29 95.9334030151 1
63 29 95.9362487793 1
63 29 95.9384307861 1
63 29 95.9542388916 1
63 29 95.9901885986 1
63 29 95.9912567139 1
63 29 96.037612915 1
63 29 96.0466537476 1
63 29 96.0537719727 1
63 29 96.0851287842 1
63 29 96.1067733765 1
63 29 96.1296234131 1
63 29 96.1561203003 1
63 29 96.1913528442 1
63 29 96.1916503906 1
63 29 96.1976852417 1
63 29 96.2033615112 1
63 29 96.2247619629 1
63 29 96.2365646362 1
63 29 96.2390289307 1
63 29 96.2434005737 1
63 29 96.2549972534 1
63 29 96.2758407593 1
63 29 96.3155593872 1
63 29 96.3364181519 1
63 29 96.3671035767 1
63 29 96.3691635132 1
63 29 96.4345550537 1
63 29 96.4496459961 1
63 29 96.4745178223 1
63 29 96.4881820679 1
63 29 96.492980957 1
63 29 96.4958114624 1
63 29 96.4979324341 1
63 29 96.5046768188 1
63 29 96.5107040405 1
63 29 96.5176544189 1
63 29 96.5191879272 1
63 29 96.5252304077 1
63 29 96.5462722778 1
63 29 96.5686187744 1
63 29 96.5788345337 1
63 29 96.581161499 1
63 29 96.6638183594 1
63 29 96.667930603 1
63 29 96.6691055298 1
63 29 96.6774139404 1
63 29 96.6899185181 1
63 29 96.7467269897 1
63 29 96.7543334961 1
63 29 96.756111145 1
63 29 96.8023986816 1
63 29 96.8273696899 1
63 29 96.8285217285 1
63 29 96.8288955688 1
63 29 96.8323135376 1
63 29 96.8565597534 1
63 29 96.8643951416 1
63 29 96.8977584839 1
63 29 96.9005584717 1
63 29 96.9412536621 1
63 29 96.9694290161 1
63 29 96.9709014893 1
63 29 96.9715118408 1
63 29 96.9870986938 1
63 29 97.0142288208 1
63 29 97.0421600342 1
63 29 97.0446243286 1
63 29 97.0505981445 1
63 29 97.0557632446 1
63 29 97.1048583984 1
63 29 97.1371994019 1
63 29 97.1385345459 1
63 29 97.140045166 1
63 29 97.1730880737 1
63 29 97.1908798218 1
63 29 97.234664917 1
63 29 97.2640686035 1
63 29 97.2742156982 1
63 29 97.2833938599 1
63 29 97.3442993164 1
63 29 97.3452529907 1
63 29 97.3527450562 1
63 29 97.3576278687 1
63 29 97.3619842529 1
63 29 97.3664703369 1
63 29 97.3799133301 1
63 29 97.3824768066 1
63 29 97.4700164795 1
63 29 97.4818572998 1
63 29 97.504196167 1
63 29 97.5247879028 1
63 29 97.53490448 1
63 29 97.5388183594 1
63 29 97.5961837769 1
63 29 97.6478652954 1
63 29 97.715133667 1
63 29 97.7342758179 1
63 29 97.7414932251 1
63 29 97.7839813232 1
63 29 97.7966995239 1
63 29 97.8057861328 1
63 29 97.8137207031 1
63 29 97.8182449341 1
63 29 97.8453521729 1
63 29 97.8539886475 1
63 29 97.8802490234 1
63 29 97.8950653076 1
63 29 97.896522522 1
63 29 97.9012832642 1
63 29 97.9026947021 1
63 29 97.9119491577 1
63 29 97.9169616699 1
63 29 97.949836731 1
63 29 97.9523086548 1
63 29 97.9624176025 1
63 29 97.9901657104 1
63 29 97.9981155396 1
63 29 98.0543060303 1
63 29 98.063583374 1
63 29 98.0656280518 1
63 29 98.0727996826 1
63 29 98.0942306519 1
63 29 98.1086425781 1
63 29 98.1172714233 1
63 29 98.1225128174 1
63 29 98.1237258911 1
63 29 98.1560592651 1
63 29 98.173789978 1
63 29 98.2214660645 1
63 29 98.2220611572 1
63 29 98.2727050781 1
63 29 98.2732467651 1
63 29 98.2894668579 1
63 29 98.2946090698 1
63 29 98.2988052368 1
63 29 98.3096466064 1
63 29 98.3224411011 1
63 29 98.3407669067 1
63 29 98.3795166016 1
63 29 98.428062439 1
63 29 98.4377059937 1
63 29 98.4460983276 1
63 29 98.4635162354 1
63 29 98.4700317383 1
63 29 98.4731521606 1
63 29 98.4984283447 1
63 29 98.5058822632 1
63 29 98.5106506348 1
63 29 98.5282440186 1
63 29 98.550163269 1
63 29 98.5552749634 1
63 29 98.5625152588 1
63 29 98.5644607544 1
63 29 98.6377639771 1
63 29 98.6554336548 1
63 29 98.6710205078 1
63 29 98.6908950806 1
63 29 98.7021255493 1
63 29 98.7188034058 1
63 29 98.7439498901 1
63 29 98.745262146 1
63 29 98.7702102661 1
63 29 98.7736663818 1
63 29 98.7784881592 1
63 29 98.791595459 1
63 29 98.8295211792 1
63 29 98.900138855 1
63 29 98.9074172974 1
63 29 98.9109420776 1
63 29 98.9356307983 1
63 29 98.937286377 1
63 29 98.9569549561 1
63 29 98.9569549561 1
63 29 98.9636306763 1
63 29 98.9700546265 1
63 29 98.9802856445 1
63 29 98.9962539673 1
63 29 99.0025863647 1
63 29 99.0204315186 1
63 29 99.0734710693 1
63 29 99.0776290894 1
63 29 99.114440918 1
63 29 99.182762146 1
63 29 99.2261581421 1
63 29 99.2506332397 1
63 29 99.2715454102 1
63 29 99.2734375 1
63 29 99.3166275024 1
63 29 99.3383789062 1
63 29 99.3385696411 1
63 29 99.3825378418 1
63 29 99.4354782104 1
63 29 99.4563827515 1
63 29 99.4645690918 1
63 29 99.4656677246 1
63 29 99.4758987427 1
63 29 99.4972229004 1
63 29 99.5062103271 1
63 29 99.5358200073 1
63 29 99.5400619507 1
63 29 99.5888519287 1
63 29 99.5981445312 1
63 29 99.6106948853 1
63 29 99.6136856079 1
63 29 99.639251709 1
63 29 99.6740264893 1
63 29 99.6997909546 1
63 29 99.7016677856 1
63 29 99.7039260864 1
63 29 99.706237793 1
63 29 99.7428436279 1
63 29 99.7503890991 1
63 29 99.7715988159 1
63 29 99.7747421265 1
63 29 99.8532028198 1
63 29 99.8567428589 1
63 29 99.8576660156 1
63 29 99.8732452393 1
63 29 99.9094619751 1
63 29 99.9234085083 1
63 29 99.9266891479 1
63 29 99.9327087402 1
63 29 99.9402008057 1
63 29 99.9463882446 1
63 29 99.946685791 1
63 29 99.950958252 1
63 29 99.9855194092 1
63 29 100.00151825 1
63 29 100.034141541 1
63 29 100.053337097 1
63 29 100.083885193 1
63 29 100.123405457 1
63 29 100.156097412 1
63 29 100.17502594 1
63 29 100.176399231 1
63 29 100.184181213 1
63 29 100.186332703 1
63 29 100.245681763 1
63 29 100.264839172 1
63 29 100.281776428 1
63 29 100.298744202 1
63 29 100.30091095 1
63 29 100.359809875 1
63 29 100.379478455 1
63 29 100.407752991 1
63 29 100.423080444 1
63 29 100.440460205 1
63 29 100.508834839 1
63 29 100.518791199 1
63 29 100.54108429 1
63 29 100.552459717 1
63 29 100.554039001 1
63 29 100.601928711 1
63 29 100.651649475 1
63 29 100.660469055 1
63 29 100.690032959 1
63 29 100.692214966 1
63 29 100.731437683 1
63 29 100.758605957 1
63 29 100.772598267 1
63 29 100.780006409 1
63 29 100.788124084 1
63 29 100.790473938 1
63 29 100.791542053 1
63 29 100.799812317 1
63 29 100.843399048 1
63 29 100.868110657 1
63 29 100.870094299 1
63 29 100.873878479 1
63 29 100.877670288 1
63 29 100.890480042 1
63 29 100.891189575 1
63 29 100.940048218 1
63 29 100.943199158 1
63 29 100.947967529 1
63 29 100.988876343 1
63 29 100.998199463 1
63 29 101.020988464 1
63 29 101.059700012 1
63 29 101.074760437 1
63 29 101.092323303 1
63 29 101.109703064 1
63 29 101.112754822 1
63 29 101.124099731 1
63 29 101.12853241 1
63 29 101.15586853 1
63 29 101.182693481 1
63 29 101.198638916 1
63 29 101.203277588 1
63 29 101.227752686 1
63 29 101.233016968 1
63 29 101.297157288 1
63 29 101.306251526 1
63 29 101.311691284 1
63 29 101.350746155 1
63 29 101.386001587 1
63 29 101.417388916 1
63 29 101.455436707 1
63 29 101.534683228 1
63 29 101.552017212 1
63 29 101.570396423 1
63 29 101.574462891 1
63 29 101.583084106 1
63 29 101.645362854 1
63 29 101.679550171 1
63 29 101.70148468 1
63 29 101.710655212 1
63 29 101.822570801 1
63 29 101.846420288 1
63 29 101.920173645 1
63 29 101.929855347 1
63 29 101.955619812 1
63 29 102.0470047 1
63 29 102.070091248 1
63 29 102.07447052 1
63 29 102.08745575 1
63 29 102.090026855 1
63 29 102.099876404 1
63 29 102.134742737 1
63 29 102.163009644 1
63 29 102.304237366 1
63 29 102.331054688 1
63 29 102.471992493 1
63 29 102.4765625 1
63 29 102.482421875 1
63 29 102.496391296 1
63 29 102.505104065 1
63 29 102.51146698 1
63 29 102.541267395 1
63 29 102.555213928 1
63 29 102.607215881 1
63 29 102.610679626 1
63 29 102.6197052 1
63 29 102.64012146 1
63 29 102.732078552 1
63 29 102.7602005 1
63 29 102.812698364 1
63 29 102.843307495 1
63 29 102.889373779 1
63 29 102.894599915 1
63 29 102.920768738 1
63 29 102.948036194 1
63 29 102.954528809 1
63 29 102.967391968 1
63 29 102.989501953 1
63 29 103.006462097 1
63 29 103.011886597 1
63 29 103.022369385 1
63 29 103.028900146 1
63 29 103.036315918 1
63 29 103.038581848 1
63 29 103.054840088 1
63 29 103.087722778 1
63 29 103.099197388 1
63 29 103.142227173 1
63 29 103.149330139 1
63 29 103.164649963 1
63 29 103.165794373 1
63 29 103.173927307 1
63 29 103.204666138 1
63 29 103.283859253 1
63 29 103.292366028 1
63 29 103.313957214 1
63 29 103.332984924 1
63 29 103.344139099 1
63 29 103.377578735 1
63 29 103.387161255 1
63 29 103.453567505 1
63 29 103.464736938 1
63 29 103.472816467 1
63 29 103.474266052 1
63 29 103.505958557 1
63 29 103.525299072 1
63 29 103.540809631 1
63 29 103.557823181 1
63 29 103.570930481 1
63 29 103.57333374 1
63 29 103.583061218 1
63 29 103.59098053 1
63 29 103.614776611 1
63 29 103.623222351 1
63 29 103.6508255 1
63 29 103.651939392 1
63 29 103.726478577 1
63 29 103.745162964 1
63 29 103.747467041 1
63 29 103.793273926 1
63 29 103.801765442 1
63 29 103.847106934 1
63 29 103.891853333 1
63 29 103.898986816 1
63 29 103.959899902 1
63 29 104.019874573 1
63 29 104.020713806 1
63 29 104.036933899 1
63 29 104.052337646 1
63 29 104.100212097 1
63 29 104.102806091 1
63 29 104.110961914 1
63 29 104.127365112 1
63 29 104.145935059 1
63 29 104.197402954 1
63 29 104.208679199 1
63 29 104.219863892 1
63 29 104.222373962 1
63 29 104.272987366 1
63 29 104.280509949 1
63 29 104.293014526 1
63 29 104.409347534 1
63 29 104.421051025 1
63 29 104.468070984 1
63 29 104.497535706 1
63 29 104.508323669 1
63 29 104.543334961 1
63 29 104.569526672 1
63 29 104.653419495 1
63 29 104.685371399 1
63 29 104.685386658 1
63 29 104.733879089 1
63 29 104.787605286 1
63 29 104.814544678 1
63 29 104.817947388 1
63 29 104.819641113 1
63 29 104.858810425 1
63 29 104.860534668 1
63 29 104.863365173 1
63 29 104.885368347 1
63 29 104.912635803 1
63 29 104.921455383 1
63 29 104.985801697 1
63 29 105.001373291 1
63 29 105.009628296 1
63 29 105.04082489 1
63 29 105.079795837 1
63 29 105.110534668 1
63 29 105.155044556 1
63 29 105.187782288 1
63 29 105.195297241 1
63 29 105.208274841 1
63 29 105.215209961 1
63 29 105.253265381 1
63 29 105.258422852 1
63 29 105.258735657 1
63 29 105.263336182 1
63 29 105.273094177 1
63 29 105.303565979 1
63 29 105.320365906 1
63 29 105.361602783 1
63 29 105.372764587 1
63 29 105.388511658 1
63 29 105.406654358 1
63 29 105.423683167 1
63 29 105.46824646 1
63 29 105.487953186 1
63 29 105.495368958 1
63 29 105.561759949 1
63 29 105.567726135 1
63 29 105.578201294 1
63 29 105.583930969 1
63 29 105.597038269 1
63 29 105.604370117 1
63 29 105.655586243 1
63 29 105.658256531 1
63 29 105.704071045 1
63 29 105.737442017 1
63 29 105.786994934 1
63 29 105.803619385 1
63 29 105.871421814 1
63 29 105.88306427 1
63 29 105.923591614 1
63 29 105.940391541 1
63 29 106.006408691 1
63 29 106.028511047 1
63 29 106.036567688 1
63 29 106.040351868 1
63 29 106.088394165 1
63 29 106.094779968 1
63 29 106.127334595 1
63 29 106.127548218 1
63 29 106.134429932 1
63 29 106.195175171 1
63 29 106.24332428 1
63 29 106.261421204 1
63 29 106.301498413 1
63 29 106.305000305 1
63 29 106.313743591 1
63 29 106.313835144 1
63 29 106.33921051 1
63 29 106.364044189 1
63 29 106.371360779 1
63 29 106.385414124 1
63 29 106.406852722 1
63 29 106.407653809 1
63 29 106.46824646 1
63 29 106.489685059 1
63 29 106.537811279 1
63 29 106.554237366 1
63 29 106.599479675 1
63 29 106.635665894 1
63 29 106.639289856 1
63 29 106.708740234 1
63 29 106.773284912 1
63 29 106.78704834 1
63 29 106.793884277 1
63 29 106.833732605 1
63 29 106.84614563 1
63 29 106.849487305 1
63 29 106.851158142 1
63 29 106.851242065 1
63 29 106.885467529 1
63 29 106.9298172 1
63 29 106.978469849 1
63 29 107.097976685 1
63 29 107.153945923 1
63 29 107.232254028 1
63 29 107.238456726 1
63 29 107.252113342 1
63 29 107.273796082 1
63 29 107.278800964 1
63 29 107.311721802 1
63 29 107.474731445 1
63 29 107.512321472 1
63 29 107.533622742 1
63 29 107.572036743 1
63 29 107.643363953 1
63 29 107.650497437 1
63 29 107.656959534 1
63 29 107.658508301 1
63 29 107.692626953 1
63 29 107.738212585 1
63 29 107.745056152 1
63 29 107.760559082 1
63 29 107.845672607 1
63 29 107.934211731 1
63 29 107.999176025 1
63 29 108.008827209 1
63 29 108.020744324 1
63 29 108.144195557 1
63 29 108.161972046 1
63 29 108.226493835 1
63 29 108.247695923 1
63 29 108.360870361 1
63 29 108.366218567 1
63 29 108.379066467 1
63 29 108.447265625 1
63 29 108.453811646 1
63 29 108.507583618 1
63 29 108.577819824 1
63 29 108.640342712 1
63 29 108.739105225 1
63 29 108.75466156 1
63 29 108.854690552 1
63 29 108.907073975 1
63 29 108.916603088 1
63 29 108.929695129 1
63 29 109.088272095 1
63 29 109.103507996 1
63 29 109.122940063 1
63 29 109.158287048 1
63 29 109.183319092 1
63 29 109.230506897 1
63 29 109.266151428 1
63 29 109.368041992 1
63 29 109.370254517 1
63 29 109.429039001 1
63 29 109.485229492 1
63 29 109.499763489 1
63 29 109.585792542 1
63 29 109.648452759 1
63 29 109.675041199 1
63 29 109.822570801 1
63 29 109.886329651 1
63 29 109.983131409 1
63 29 110.0001297 1
63 29 110.136741638 1
63 29 110.19493103 1
63 29 110.26625824 1
63 29 110.33795166 1
63 29 110.360214233 1
63 29 110.516311646 1
63 29 110.589042664 1
63 29 110.640457153 1
63 29 110.691238403 1
63 29 110.716995239 1
63 29 110.728752136 1
63 29 110.741439819 1
63 29 110.746940613 1
63 29 110.767036438 1
63 29 110.779571533 1
63 29 110.786621094 1
63 29 110.8306427 1
63 29 110.870521545 1
63 29 110.883773804 1
63 29 110.914657593 1
63 29 110.922714233 1
63 29 111.000816345 1
63 29 111.078796387 1
63 29 111.091140747 1
63 29 111.161125183 1
63 29 111.163848877 1
63 29 111.196029663 1
63 29 111.229660034 1
63 29 111.233703613 1
63 29 111.262649536 1
63 29 111.300956726 1
63 29 111.318824768 1
63 29 111.371139526 1
63 29 111.473701477 1
63 29 111.487388611 1
63 29 111.626251221 1
63 29 111.684127808 1
63 29 111.684631348 1
63 29 111.764930725 1
63 29 111.811126709 1
63 29 111.837600708 1
63 29 111.963973999 1
63 29 112.023933411 1
63 29 112.049934387 1
63 29 112.073265076 1
63 29 112.148597717 1
63 29 112.153320312 1
63 29 112.156242371 1
63 29 112.165283203 1
63 29 112.179397583 1
63 29 112.283607483 1
63 29 112.382972717 1
63 29 112.39440155 1
63 29 112.400802612 1
63 29 112.423171997 1
63 29 112.494819641 1
63 29 112.525726318 1
63 29 112.585243225 1
63 29 112.598014832 1
63 29 112.601425171 1
63 29 112.679756165 1
63 29 112.763809204 1
63 29 112.781730652 1
63 29 112.932128906 1
63 29 113.032020569 1
63 29 113.033721924 1
63 29 113.051292419 1
63 29 113.104232788 1
63 29 113.166313171 1
63 29 113.235969543 1
63 29 113.264030457 1
63 29 113.269165039 1
63 29 113.395530701 1
63 29 113.405891418 1
63 29 113.501922607 1
63 29 113.512779236 1
63 29 113.569976807 1
63 29 113.753158569 1
63 29 113.801475525 1
63 29 113.821624756 1
63 29 113.862464905 1
63 29 113.897087097 1
63 29 113.91468811 1
63 29 114.017677307 1
63 29 114.022262573 1
63 29 114.036224365 1
63 29 114.072875977 1
63 29 114.188034058 1
63 29 114.190582275 1
63 29 114.249633789 1
63 29 114.329612732 1
63 29 114.333984375 1
63 29 114.446876526 1
63 29 114.560905457 1
63 29 114.596237183 1
63 29 114.887542725 1
63 29 114.995223999 1
63 29 115.014602661 1
63 29 115.267929077 1
63 29 115.304519653 1
63 29 115.31439209 1
63 29 115.318870544 1
63 29 115.435081482 1
63 29 115.462265015 1
63 29 115.505088806 1
63 29 115.546325684 1
63 29 115.726638794 1
63 29 115.729476929 1
63 29 115.752822876 1
63 29 115.754882812 1
63 29 115.828895569 1
63 29 115.837211609 1
63 29 115.894508362 1
63 29 115.905181885 1
63 29 115.937400818 1
63 29 116.002227783 1
63 29 116.031166077 1
63 29 116.108901978 1
63 29 116.259590149 1
63 29 116.328216553 1
63 29 116.341316223 1
63 29 116.407653809 1
63 29 116.611534119 1
63 29 116.619979858 1
63 29 116.64931488 1
63 29 116.683883667 1
63 29 116.713867188 1
63 29 116.726921082 1
63 29 116.892028809 1
63 29 116.894622803 1
63 29 116.96938324 1
63 29 117.106925964 1
63 29 117.166702271 1
63 29 117.178222656 1
63 29 117.18927002 1
63 29 117.339920044 1
63 29 117.51020813 1
63 29 117.673171997 1
63 29 117.835243225 1
63 29 117.894012451 1
63 29 117.894927979 1
63 29 117.951507568 1
63 29 118.025726318 1
63 29 118.124565125 1
63 29 118.16493988 1
63 29 118.393280029 1
63 29 118.411277771 1
63 29 118.522377014 1
63 29 118.685440063 1
63 29 118.813919067 1
63 29 118.928352356 1
63 29 118.93120575 1
63 29 119.175788879 1
63 29 119.24445343 1
63 29 119.451339722 1
63 29 119.675689697 1
63 29 119.716049194 1
63 29 119.958496094 1
63 29 119.966362 1
63 29 119.984169006 1
63 29 120.012908936 1
63 29 120.081771851 1
63 29 120.087852478 1
63 29 120.201324463 1
63 29 120.282852173 1
63 29 120.293701172 1
63 29 120.357559204 1
63 29 120.44229126 1
63 29 120.690879822 1
63 29 120.743606567 1
63 29 120.762931824 1
63 29 120.803100586 1
63 29 120.936286926 1
63 29 121.104255676 1
63 29 121.13873291 1
63 29 121.159286499 1
63 29 121.162208557 1
63 29 121.269554138 1
63 29 121.336288452 1
63 29 121.417243958 1
63 29 121.525032043 1
63 29 121.540428162 1
63 29 121.585144043 1
63 29 121.763343811 1
63 29 121.771125793 1
63 29 121.771255493 1
63 29 121.802192688 1
63 29 122.191749573 1
63 29 122.225700378 1
63 29 122.298469543 1
63 29 122.673057556 1
63 29 122.885978699 1
63 29 122.982833862 1
63 29 123.057136536 1
63 29 123.158401489 1
63 29 123.265464783 1
63 29 123.294944763 1
63 29 123.55014801 1
63 29 123.550628662 1
63 29 123.651664734 1
63 29 123.957084656 1
63 29 124.100456238 1
63 29 124.414680481 1
63 29 124.427726746 1
63 29 124.441879272 1
63 29 124.462768555 1
63 29 124.525558472 1
63 29 124.656898499 1
63 29 124.783485413 1
63 29 124.910392761 1
63 29 125.067565918 1
63 29 125.111953735 1
63 29 125.201026917 1
63 29 125.307861328 1
63 29 125.316894531 1
63 29 125.461540222 1
63 29 125.570724487 1
63 29 125.599533081 1
63 29 125.699310303 1
63 29 125.758331299 1
63 29 125.920532227 1
63 29 125.990661621 1
63 29 126.20740509 1
63 29 126.220611572 1
63 29 126.24520874 1
63 29 126.305137634 1
63 29 126.45148468 1
63 29 126.566360474 1
63 29 126.567581177 1
63 29 126.585121155 1
63 29 126.630752563 1
63 29 126.751228333 1
63 29 126.769393921 1
63 29 126.860351562 1
63 29 126.921943665 1
63 29 127.163063049 1
63 29 127.328300476 1
63 29 127.494400024 1
63 29 127.554382324 1
63 29 127.569984436 1
63 29 127.662330627 1
63 29 127.70942688 1
63 29 127.717834473 1
63 29 127.918495178 1
63 29 128.416717529 1
63 29 128.556259155 1
63 29 128.623031616 1
63 29 128.625106812 1
63 29 128.763900757 1
63 29 128.806686401 1
63 29 129.01864624 1
63 29 129.390518188 1
63 29 129.638595581 1
63 29 129.771575928 1
63 29 129.807022095 1
63 29 129.91305542 1
63 29 129.968063354 1
63 29 130.28767395 1
63 29 130.404922485 1
63 29 130.488647461 1
63 29 130.665481567 1
63 29 130.710739136 1
63 29 130.96925354 1
63 29 131.316757202 1
63 29 131.540863037 1
63 29 131.553268433 1
63 29 131.605224609 1
63 29 131.663131714 1
63 29 131.966064453 1
63 29 132.715209961 1
63 29 132.782150269 1
63 29 132.904510498 1
63 29 133.052246094 1
63 29 133.203186035 1
63 29 133.45249939 1
63 29 133.637207031 1
63 29 133.685546875 1
63 29 134.188522339 1
63 29 134.226547241 1
63 29 134.329086304 1
63 29 134.365631104 1
63 29 134.620040894 1
63 29 134.733840942 1
63 29 134.926773071 1
63 29 134.999694824 1
63 29 135.04057312 1
63 29 135.212768555 1
63 29 135.305725098 1
63 29 135.521774292 1
63 29 135.774017334 1
63 29 135.942092896 1
63 29 136.164993286 1
63 29 136.165435791 1
63 29 136.172531128 1
63 29 136.434280396 1
63 29 136.459228516 1
63 29 136.510604858 1
63 29 137.042114258 1
63 29 137.097106934 1
63 29 137.265563965 1
63 29 137.285446167 1
63 29 137.305786133 1
63 29 137.837280273 1
63 29 137.889343262 1
63 29 138.046112061 1
63 29 138.201263428 1
63 29 138.427429199 1
63 29 138.496231079 1
63 29 138.823257446 1
63 29 139.319473267 1
63 29 139.334869385 1
63 29 139.43031311 1
63 29 139.436096191 1
63 29 139.908584595 1
63 29 140.048843384 1
63 29 140.456451416 1
63 29 140.503875732 1
63 29 140.510467529 1
63 29 140.874084473 1
63 29 141.068069458 1
63 29 141.263442993 1
63 29 141.452163696 1
63 29 141.675247192 1
63 29 141.832855225 1
63 29 141.952941895 1
63 29 142.061065674 1
63 29 142.125839233 1
63 29 142.36289978 1
63 29 143.174697876 1
63 29 143.206893921 1
63 29 143.790298462 1
63 29 143.958602905 1
63 29 144.428344727 1
63 29 144.570220947 1
63 29 144.808044434 1
63 29 145.32611084 1
63 29 145.494445801 1
63 29 145.609741211 1
63 29 145.6353302 1
63 29 145.9737854 1
63 29 146.005142212 1
63 29 146.609939575 1
63 29 146.753341675 1
63 29 146.885238647 1
63 29 147.051040649 1
63 29 147.06690979 1
63 29 147.496017456 1
63 29 147.610794067 1
63 29 147.680557251 1
63 29 148.003616333 1
63 29 148.266464233 1
63 29 148.466812134 1
63 29 148.734909058 1
63 29 149.076080322 1
63 29 149.105224609 1
63 29 150.024642944 1
63 29 150.073043823 1
63 29 150.106063843 1
63 29 151.578323364 1
63 29 152.65914917 1
63 29 152.871047974 1
63 29 153.699615479 1
63 29 153.737609863 1
63 29 153.940109253 1
63 29 154.775512695 1
63 29 154.804794312 1
63 29 155.073272705 1
63 29 155.425827026 1
63 29 155.541671753 1
63 29 155.677307129 1
63 29 155.862930298 1
63 29 156.018203735 1
63 29 156.359115601 1
63 29 156.383987427 1
63 29 156.467102051 1
63 29 156.485916138 1
63 29 157.012573242 1
63 29 157.093643188 1
63 29 157.202529907 1
63 29 157.249801636 1
63 29 157.45803833 1
63 29 158.3230896 1
63 29 158.999511719 1
63 29 159.728790283 1
63 29 159.804428101 1
63 29 159.974899292 1
63 29 160.006729126 1
63 29 160.799560547 1
63 29 161.727935791 1
63 29 161.983474731 1
63 29 162.479263306 1
63 29 163.003204346 1
63 29 164.235031128 1
63 29 164.878707886 1
63 29 165.040374756 1
63 29 165.364807129 1
63 29 165.846511841 1
63 29 165.909133911 1
63 29 166.023269653 1
63 29 166.065414429 1
63 29 166.63722229 1
63 29 167.952133179 1
63 29 168.731414795 1
63 29 169.094482422 1
63 29 170.04045105 1
63 29 170.169235229 1
63 29 171.240310669 1
63 29 171.394088745 1
63 29 172.10295105 1
63 29 172.47102356 1
63 29 173.003814697 1
63 29 173.843231201 1
63 29 174.110046387 1
63 29 174.187713623 1
63 29 174.467468262 1
63 29 174.563781738 1
63 29 174.69303894 1
63 29 174.997909546 1
63 29 175.071411133 1
63 29 176.37097168 1
63 29 177.48777771 1
63 29 177.877990723 1
63 29 177.99659729 1
63 29 178.283828735 1
63 29 178.627090454 1
63 29 180.268264771 1
63 29 180.549331665 1
63 29 181.291183472 1
63 29 181.473510742 1
63 29 181.803512573 1
63 29 182.053451538 1
63 29 182.46295166 1
63 29 184.229919434 1
63 29 184.605453491 1
63 29 184.72416687 1
63 29 185.262283325 1
63 29 185.27394104 1
63 29 186.299362183 1
63 29 186.448059082 1
63 29 187.595077515 1
63 29 187.84336853 1
63 29 188.100814819 1
63 29 188.674972534 1
63 29 189.170852661 1
63 29 189.259231567 1
63 29 190.0284729 1
63 29 190.935409546 1
63 29 191.338378906 1
63 29 192.438522339 1
63 29 192.795196533 1
63 29 193.741485596 1
63 29 194.619537354 1
63 29 194.991394043 1
63 29 195.178604126 1
63 29 195.677124023 1
63 29 197.392623901 1
63 29 197.600479126 1
63 29 197.632904053 1
63 29 198.859725952 1
63 29 198.953430176 1
63 29 199.598297119 1
63 29 202.341308594 1
63 29 202.565078735 1
63 29 202.836227417 1
63 29 203.093902588 1
63 29 203.565338135 1
63 29 203.844223022 1
63 29 204.480255127 1
63 29 205.150268555 1
63 29 205.363464355 1
63 29 205.741210938 1
63 29 205.991607666 1
63 29 207.875930786 1
63 29 210.445617676 1
63 29 211.229660034 1
63 29 214.763244629 1
63 29 216.352783203 1
63 29 217.008087158 1
63 29 218.460021973 1
63 29 218.666625977 1
63 29 218.762710571 1
63 29 219.272537231 1
63 29 219.350875854 1
63 29 222.167327881 1
63 29 224.709381104 1
63 29 228.018600464 1
63 29 228.838424683 1
63 29 233.646957397 1
63 29 233.919021606 1
63 29 234.11907959 1
63 29 235.943252563 1
63 29 236.08039856 1
63 29 240.444946289 1
63 29 240.99772644 1
63 29 242.916107178 1
63 29 245.167709351 1
63 29 247.587432861 1
63 29 249.217010498 1
63 29 250.917984009 1
63 29 253.711486816 1
63 29 257.415252686 1
63 29 258.310882568 1
63 29 259.603851318 1
63 29 265.546112061 1
63 29 270.502929688 1
63 29 274.779815674 1
63 29 276.378051758 1
63 29 276.628479004 1
63 29 277.565551758 1
63 29 282.016571045 1
63 29 282.56036377 1
63 29 291.826324463 1
63 29 293.035949707 1
63 29 294.856384277 1
63 29 297.723388672 1
63 29 300.619720459 1
63 29 311.505859375 1
63 29 312.875762939 1
63 29 318.837280273 1
63 29 319.310546875 1
63 29 320.373901367 1
63 29 322.188995361 1
63 29 325.578186035 1
63 29 335.954437256 1
63 29 336.73135376 1
63 29 336.742889404 1
63 29 339.738677979 1
63 29 342.499572754 1
63 29 345.733947754 1
63 29 345.894836426 1
63 29 347.407012939 1
63 29 348.06930542 1
63 29 355.073730469 1
63 29 355.13458252 1
63 29 360.103363037 1
63 29 361.440917969 1
63 29 367.31829834 1
63 29 372.156433105 1
63 29 377.486328125 1
63 29 378.223236084 1
63 29 389.932373047 1
63 29 390.557891846 1
63 29 393.930938721 1
63 29 394.642272949 1
63 29 404.89175415 1
63 29 409.230133057 1
63 29 410.334350586 1
63 29 420.892089844 1
63 29 423.314422607 1
63 29 427.240905762 1
63 29 427.629516602 1
63 29 437.396087646 1
63 29 439.066070557 1
63 29 453.528198242 1
63 29 475.67300415 1
63 29 488.802154541 1
63 29 489.231872559 1
63 29 506.332763672 1
63 29 527.18548584 1
63 29 535.005859375 1
63 29 537.851318359 1
63 29 538.660522461 1
63 29 542.877075195 1
63 29 545.939941406 1
63 29 565.411804199 1
63 29 569.437316895 1
63 29 573.609313965 1
63 29 580.186767578 1
63 29 610.505554199 1
63 29 614.671447754 1
63 29 626.078857422 1
63 29 633.579833984 1
63 29 651.057434082 1
63 29 656.375854492 1
63 29 697.329467773 1
63 29 707.495117188 1
63 29 718.733337402 1
63 29 729.477355957 1
63 29 734.112121582 1
63 29 781.01940918 1
63 29 793.244018555 1
63 29 807.902893066 1
63 29 818.154602051 1
63 29 848.274169922 1
63 29 871.32824707 1
63 29 944.287902832 1
63 29 1085.01171875 1
63 29 1113.99267578 1
63 29 1265.07910156 1
63 29 1280.40234375 1
63 29 1764.5925293 1
63 29 1954.16589355 1
63 31 87.3083114624 1
63 31 90.4965057373 1
63 31 92.0500259399 1
63 31 94.4502563477 1
63 31 96.9388046265 1
63 31 97.2853469849 1
63 31 99.4523468018 1
63 31 100.422920227 1
63 31 100.555198669 1
63 31 102.319503784 1
63 31 106.15499115 1
63 31 106.201873779 1
63 31 107.62915802 1
63 31 108.20135498 1
63 31 112.038841248 1
63 31 113.110847473 1
63 31 113.59563446 1
63 31 114.061141968 1
63 31 114.571479797 1
63 31 114.648117065 1
63 31 114.927185059 1
63 31 116.143302917 1
63 31 118.127922058 1
63 31 119.848838806 1
63 31 121.469352722 1
63 31 122.67628479 1
63 31 127.460006714 1
63 31 127.635253906 1
63 31 128.504364014 1
63 31 129.385162354 1
63 31 129.493148804 1
63 31 130.261688232 1
63 31 131.85925293 1
63 31 132.045852661 1
63 31 132.58605957 1
63 31 132.631393433 1
63 31 133.070953369 1
63 31 133.750900269 1
63 31 135.278137207 1
63 31 136.104476929 1
63 31 136.406036377 1
63 31 136.480880737 1
63 31 136.486450195 1
63 31 137.30027771 1
63 31 140.650772095 1
63 31 140.744735718 1
63 31 140.977600098 1
63 31 141.021850586 1
63 31 141.406799316 1
63 31 142.522644043 1
63 31 143.198104858 1
63 31 144.702941895 1
63 31 147.682571411 1
63 31 147.802688599 1
63 31 148.032867432 1
63 31 152.4947052 1
63 31 152.627288818 1
63 31 152.68572998 1
63 31 155.45135498 1
63 31 155.96321106 1
63 31 156.558532715 1
63 31 157.404815674 1
63 31 158.611602783 1
63 31 159.984924316 1
63 31 160.935546875 1
63 31 161.512283325 1
63 31 163.200073242 1
63 31 163.428573608 1
63 31 164.511688232 1
63 31 164.571731567 1
63 31 165.130126953 1
63 31 166.96270752 1
63 31 168.317367554 1
63 31 168.810180664 1
63 31 169.652755737 1
63 31 170.116882324 1
63 31 170.551055908 1
63 31 171.766525269 1
63 31 173.419815063 1
63 31 176.926330566 1
63 31 177.61605835 1
63 31 177.947845459 1
63 31 178.329574585 1
63 31 181.031265259 1
63 31 182.013366699 1
63 31 183.263931274 1
63 31 185.858657837 1
63 31 185.882629395 1
63 31 186.04045105 1
63 31 187.857421875 1
63 31 189.525787354 1
63 31 191.856170654 1
63 31 192.182342529 1
63 31 194.521774292 1
63 31 197.547180176 1
63 31 197.932373047 1
63 31 200.407424927 1
63 31 203.57460022 1
63 31 204.082702637 1
63 31 205.936416626 1
63 31 206.069656372 1
63 31 207.421661377 1
63 31 208.195510864 1
63 31 210.085494995 1
63 31 210.566604614 1
63 31 211.590835571 1
63 31 212.192977905 1
63 31 225.547424316 1
63 31 227.695617676 1
63 31 231.563598633 1
63 31 232.781387329 1
63 31 234.250289917 1
63 31 235.281723022 1
63 31 239.738525391 1
63 31 241.184402466 1
63 31 241.713302612 1
63 31 243.141036987 1
63 31 245.738815308 1
63 31 246.39125061 1
63 31 247.533218384 1
63 31 247.999282837 1
63 31 248.383850098 1
63 31 249.358108521 1
63 31 255.972396851 1
63 31 259.534484863 1
63 31 259.571838379 1
63 31 263.12588501 1
63 31 263.356048584 1
63 31 265.239959717 1
63 31 268.157531738 1
63 31 268.238983154 1
63 31 268.492614746 1
63 31 268.952606201 1
63 31 272.833007812 1
63 31 276.657440186 1
63 31 278.355773926 1
63 31 285.722106934 1
63 31 290.391418457 1
63 31 292.015045166 1
63 31 294.544158936 1
63 31 297.830749512 1
63 31 299.313995361 1
63 31 301.840118408 1
63 31 302.662750244 1
63 31 305.057128906 1
63 31 307.548736572 1
63 31 308.559783936 1
63 31 321.266906738 1
63 31 327.630615234 1
63 31 328.86618042 1
63 31 333.042541504 1
63 31 333.63772583 1
63 31 334.108886719 1
63 31 336.449462891 1
63 31 350.474395752 1
63 31 354.486053467 1
63 31 354.722473145 1
63 31 360.495025635 1
63 31 366.323730469 1
63 31 369.302978516 1
63 31 370.193725586 1
63 31 371.576599121 1
63 31 381.070373535 1
63 31 382.569030762 1
63 31 388.463226318 1
63 31 396.631225586 1
63 31 401.244110107 1
63 31 408.028747559 1
63 31 409.748443604 1
63 31 410.536682129 1
63 31 419.329345703 1
63 31 423.003845215 1
63 31 424.64465332 1
63 31 427.745117188 1
63 31 431.432800293 1
63 31 434.301574707 1
63 31 444.625457764 1
63 31 445.61529541 1
63 31 455.561309814 1
63 31 458.101043701 1
63 31 458.870758057 1
63 31 463.350189209 1
63 31 514.898376465 1
63 31 526.091064453 1
63 31 537.791992188 1
63 31 554.330627441 1
63 31 559.994812012 1
63 31 564.241821289 1
63 31 573.776550293 1
63 31 574.807983398 1
63 31 595.265869141 1
63 31 600.258972168 1
63 31 621.059265137 1
63 31 627.853149414 1
63 31 643.887390137 1
63 31 689.405944824 1
63 31 750.148254395 1
63 31 759.846679688 1
63 31 765.921813965 1
63 31 768.15032959 1
63 31 792.079589844 1
63 31 1026.63549805 1
63 31 1050.8807373 1
63 31 1055.08251953 1
63 31 1079.51745605 1
63 31 1106.00964355 1
63 31 1119.9855957 1
63 31 1349.37854004 1
63 31 1472.90930176 1
63 31 1578.86962891 1
63 32 180.428771973 1
63 32 200.524169922 1
63 32 211.850463867 1
63 32 213.54737854 1
63 32 216.119949341 1
63 32 221.00958252 1
63 32 226.821838379 1
63 32 231.945068359 1
63 32 232.120788574 1
63 32 235.835784912 1
63 32 239.204299927 1
63 32 240.967346191 1
63 32 242.467681885 1
63 32 242.949707031 1
63 32 261.126800537 1
63 32 267.440856934 1
63 32 268.706634521 1
63 32 270.119812012 1
63 32 272.829803467 1
63 32 273.789489746 1
63 32 276.305908203 1
63 32 278.653137207 1
63 32 280.324859619 1
63 32 290.783782959 1
63 32 291.056732178 1
63 32 294.591522217 1
63 32 296.769470215 1
63 32 298.913696289 1
63 32 304.907897949 1
63 32 307.506835938 1
63 32 307.836364746 1
63 32 322.706054688 1
63 32 327.341461182 1
63 32 330.353240967 1
63 32 333.251586914 1
63 32 335.020263672 1
63 32 342.108825684 1
63 32 354.216156006 1
63 32 360.361602783 1
63 32 360.507080078 1
63 32 368.795959473 1
63 32 369.339874268 1
63 32 374.892883301 1
63 32 375.141662598 1
63 32 391.622924805 1
63 32 402.684692383 1
63 32 404.708831787 1
63 32 407.201934814 1
63 32 409.40145874 1
63 32 413.659576416 1
63 32 426.457275391 1
63 32 440.9559021 1
63 32 442.905548096 1
63 32 455.638946533 1
63 32 458.126373291 1
63 32 468.65914917 1
63 32 469.67288208 1
63 32 476.2940979 1
63 32 488.623046875 1
63 32 494.173675537 1
63 32 505.111785889 1
63 32 525.945861816 1
63 32 533.459716797 1
63 32 537.727905273 1
63 32 559.145996094 1
63 32 560.892456055 1
63 32 576.430664062 1
63 32 585.852783203 1
63 32 602.932861328 1
63 32 604.798217773 1
63 32 628.615539551 1
63 32 634.285522461 1
63 32 662.643554688 1
63 32 676.36730957 1
63 32 737.519226074 1
63 32 751.908935547 1
63 32 765.548950195 1
63 32 775.369445801 1
63 32 852.952026367 1
63 32 961.504699707 1
63 32 1009.3807373 1
63 32 1058.25427246 1
63 32 1104.11889648 1
63 33 298.179779053 1
63 33 319.48046875 1
63 33 346.625732422 1
63 33 367.983581543 1
63 33 416.966766357 1
63 33 431.618041992 1
63 33 431.709625244 1
63 33 443.13269043 1
63 33 495.835418701 1
63 33 510.13458252 1
63 33 535.492431641 1
63 33 553.200561523 1
63 33 594.984985352 1
63 33 615.79864502 1
63 33 618.811645508 1
63 33 717.336669922 1
63 33 755.000427246 1
63 33 781.652587891 1
63 33 869.08984375 1
63 33 903.35333252 1
63 34 833.850402832 1
63 35 558.390380859 1
64 20 1510.59057617 1
64 22 1519.38293457 1
64 24 1091.05419922 1
64 24 1136.86730957 1
64 25 947.398132324 1
64 25 1472.86083984 1
64 26 1191.0847168 1
64 26 1282.19946289 1
64 27 1006.02642822 1
64 27 1150.57531738 1
64 27 1285.28503418 1
64 28 717.304077148 1
64 28 737.698486328 1
64 28 854.038513184 1
64 28 939.74206543 1
64 28 1082.69433594 1
64 28 1102.85009766 1
64 28 1155.20629883 1
64 28 1398.43811035 1
64 29 630.286865234 1
64 29 683.321166992 1
64 29 695.479553223 1
64 29 946.341003418 1
64 29 985.225402832 1
64 29 1071.78540039 1
64 29 1952.76123047 1
64 30 661.134399414 1
64 30 668.572509766 1
64 30 678.034912109 1
64 30 829.413818359 1
64 30 860.806945801 1
64 30 934.548278809 1
64 30 964.783813477 1
64 30 1065.04016113 1
64 30 1071.24926758 1
64 30 1125.0645752 1
64 30 1155.79125977 1
64 31 610.400756836 1
64 31 682.278076172 1
64 31 686.64453125 1
64 31 795.355773926 1
64 31 810.58782959 1
64 31 875.573364258 1
64 31 905.558349609 1
64 31 1722.35351562 1
64 32 670.809387207 1
64 32 828.840576172 1
64 32 909.829833984 1
64 32 938.564880371 1
64 32 967.612915039 1
64 32 968.86541748 1
64 32 1014.41949463 1
64 32 1240.83959961 1
64 33 709.046569824 1
69 25 1447.6817627 1
69 30 1307.67199707 1
70 21 1560.56420898 1
70 23 1311.95129395 1
70 23 1410.37927246 1
70 25 1000.00848389 1
70 25 1399.33068848 1
70 26 824.282897949 1
70 26 879.810852051 1
70 26 1112.68469238 1
70 26 1281.27160645 1
70 27 714.86517334 1
70 27 864.880432129 1
70 27 895.375915527 1
70 27 896.763000488 1
70 27 912.471130371 1
70 27 1053.1763916 1
70 27 1149.55847168 1
70 27 1152.73852539 1
70 28 665.292114258 1
70 28 684.284118652 1
70 28 737.660827637 1
70 28 840.15625 1
70 28 852.539550781 1
70 28 875.932373047 1
70 28 1087.49938965 1
70 29 660.720581055 1
70 29 746.648925781 1
70 29 905.304443359 1
70 29 1005.8583374 1
70 29 1050.80737305 1
70 29 1237.60595703 1
70 29 1264.63220215 1
70 30 709.890625 1
70 30 907.740478516 1
70 30 943.250305176 1
70 30 1369.37744141 1
70 30 1558.50500488 1
70 31 757.05670166 1
70 31 759.028015137 1
70 31 865.233032227 1
70 31 917.850952148 1
70 31 1268.37084961 1
70 32 1315.47644043 1
70 32 1424.80859375 1
70 34 2832.97924805 1
71 22 1512.67297363 1
71 23 1172.44885254 1
71 23 2517.74121094 1
71 24 1101.45593262 1
71 24 1105.37487793 1
71 25 823.921630859 1
71 25 1036.42553711 1
71 25 1046.7578125 1
71 25 1246.34765625 1
71 25 1927.23522949 1
71 26 773.713317871 1
71 26 885.834716797 1
71 26 933.15234375 1
71 26 974.413085938 1
71 26 1032.6887207 1
71 26 1168.18249512 1
71 27 763.061767578 1
71 27 799.954467773 1
71 27 881.078674316 1
71 27 941.566101074 1
71 27 958.402709961 1
71 27 1000.26141357 1
71 27 1020.74914551 1
71 27 1085.4440918 1
71 27 1299.78710938 1
71 28 710.439025879 1
71 28 716.464111328 1
71 28 723.994628906 1
71 28 744.040710449 1
71 28 773.315368652 1
71 28 894.111328125 1
71 28 916.430480957 1
71 28 1117.37658691 1
71 29 704.672668457 1
71 29 713.266662598 1
71 29 1364.18566895 1
71 29 1715.26733398 1
71 30 633.537902832 1
71 31 1302.33886719 1
71 31 1521.76586914 1
72 19 1843.42553711 1
72 29 1152.3536377 1
77 25 2472.05712891 1
77 29 1516.02514648 1
77 31 1510.1920166 1
78 31 1724.76086426 1
