000 307.0 0.0 1000000.0
008 321.0 0.0 1000000.0
009 309.0 0.0 1000000.0
010 321.0 0.0 1000000.0
011 327.0 0.0 1000000.0
013 320.0 0.0 1000000.0
016 330.0 0.0 1000000.0
022 331.0 0.0 1000000.0
027 354.0 0.0 1000000.0
034 297.0 0.0 1000000.0
045 289.0 0.0 1000000.0
063 273.0 0.0 1000000.0
090 158.0 0.0 1000000.0
117 86.0 0.0 1000000.0
135 48.0 0.0 1000000.0
146 29.0 0.0 1000000.0
153 19.0 0.0 1000000.0
158 17.0 0.0 1000000.0
162 24.0 0.0 1000000.0
164 15.0 0.0 1000000.0
166 6.0 0.0 1000000.0
167 19.0 0.0 1000000.0
169 13.0 0.0 1000000.0
171 17.0 0.0 1000000.0
172 22.0 0.0 1000000.0
180 13.0 0.0 1000000.0
