string dom time hits
45 28 1659.14782715 1
54 19 1479.24951172 1
54 20 1241.48083496 1
54 21 1455.390625 1
54 23 1574.8001709 1
54 24 1123.63842773 1
54 26 960.910400391 1
54 26 1590.26977539 1
54 27 1029.66625977 1
54 27 1163.88928223 1
54 27 1755.05529785 1
54 28 734.661560059 1
54 28 850.239746094 1
54 28 957.359130859 1
54 28 1001.51696777 1
54 28 1283.0970459 1
54 28 1590.10534668 1
54 28 1934.49243164 1
54 29 677.661254883 1
54 29 868.432922363 1
54 29 1049.1484375 1
54 29 1185.26782227 1
54 29 1238.51391602 1
54 29 1538.2154541 1
54 29 1694.61474609 1
54 29 1805.60583496 1
54 30 625.723022461 1
54 30 1372.43139648 1
54 30 1471.45275879 1
54 32 927.294555664 1
54 32 1374.87670898 1
54 34 854.497009277 1
55 23 1697.24279785 1
55 25 1794.97790527 1
55 26 1299.63684082 1
55 26 1847.82336426 1
55 27 728.422119141 1
55 27 997.098205566 1
55 27 1016.34204102 1
55 27 1373.40795898 1
55 27 2030.07312012 1
55 28 710.801757812 1
55 28 740.179931641 1
55 28 784.517272949 1
55 28 785.280700684 1
55 28 787.805664062 1
55 28 796.44354248 1
55 28 827.456848145 1
55 28 952.933898926 1
55 28 1010.51013184 1
55 28 1038.68432617 1
55 28 1265.4161377 1
55 29 746.874084473 1
55 29 975.028015137 1
55 29 1141.32714844 1
55 29 1499.84436035 1
55 29 1501.06884766 1
55 29 2053.34765625 1
55 30 699.546203613 1
55 30 899.437133789 1
55 30 1083.42285156 1
55 30 1233.97607422 1
55 30 1479.54907227 1
55 31 675.809448242 1
55 31 838.455444336 1
55 31 978.267578125 1
55 31 1323.99182129 1
55 32 1690.81530762 1
55 32 1854.67810059 1
55 34 1115.60839844 1
56 19 1905.64123535 1
56 31 1574.35852051 1
62 22 1017.73834229 1
62 22 2095.12939453 1
62 25 2211.71630859 1
62 26 786.566894531 1
62 26 849.397521973 1
62 27 896.68359375 1
62 27 951.67956543 1
62 27 1154.5144043 1
62 27 1298.37902832 1
62 27 1712.1862793 1
62 28 673.393127441 1
62 28 777.097900391 1
62 28 840.079711914 1
62 28 862.555480957 1
62 28 1100.40759277 1
62 29 707.579101562 1
62 29 714.446044922 1
62 29 815.659667969 1
62 29 836.581420898 1
62 29 893.9765625 1
62 30 730.94354248 1
62 30 1008.19110107 1
62 30 1029.62182617 1
62 30 1240.95324707 1
63 19 2194.38012695 1
63 22 797.719421387 1
63 22 1446.88354492 1
63 23 723.028137207 1
63 23 728.760742188 1
63 23 835.380554199 1
63 23 973.588012695 1
63 23 1202.18762207 1
63 23 1348.77026367 1
63 24 542.146240234 1
63 24 555.138977051 1
63 24 592.84979248 1
63 24 614.804626465 1
63 24 623.876281738 1
63 24 624.450378418 1
63 24 691.601745605 1
63 24 710.544433594 1
63 24 716.177490234 1
63 24 721.599304199 1
63 24 809.012756348 1
63 24 838.08972168 1
63 24 878.766296387 1
63 25 481.155944824 1
63 25 481.33480835 1
63 25 487.299163818 1
63 25 506.895141602 1
63 25 519.459777832 1
63 25 543.908996582 1
63 25 554.537780762 1
63 25 563.164794922 1
63 25 570.077819824 1
63 25 626.119934082 1
63 25 674.689941406 1
63 25 708.411987305 1
63 25 730.851074219 1
63 25 805.873962402 1
63 25 835.12487793 1
63 25 916.580444336 1
63 25 920.687866211 1
63 25 956.859375 1
63 25 966.237792969 1
63 25 1011.2947998 1
63 25 1131.60876465 1
63 26 334.628570557 1
63 26 355.632965088 1
63 26 357.237121582 1
63 26 362.277526855 1
63 26 366.99331665 1
63 26 367.842895508 1
63 26 370.109100342 1
63 26 374.173706055 1
63 26 375.608673096 1
63 26 384.737640381 1
63 26 389.305480957 1
63 26 396.101806641 1
63 26 399.77142334 1
63 26 402.24029541 1
63 26 411.470916748 1
63 26 412.864257812 1
63 26 413.262786865 1
63 26 414.457733154 1
63 26 428.429229736 1
63 26 428.533172607 1
63 26 431.57598877 1
63 26 433.923065186 1
63 26 435.219909668 1
63 26 447.921264648 1
63 26 448.130889893 1
63 26 454.55065918 1
63 26 475.659851074 1
63 26 482.040466309 1
63 26 506.167419434 1
63 26 520.29296875 1
63 26 538.907653809 1
63 26 550.729553223 1
63 26 559.083374023 1
63 26 575.90423584 1
63 26 578.04864502 1
63 26 582.650512695 1
63 26 583.380371094 1
63 26 601.643859863 1
63 26 602.644958496 1
63 26 639.494384766 1
63 26 652.615234375 1
63 26 654.518249512 1
63 26 668.983093262 1
63 26 672.77935791 1
63 26 685.57421875 1
63 26 697.857543945 1
63 26 711.361694336 1
63 26 777.197387695 1
63 26 778.159851074 1
63 26 800.467834473 1
63 26 850.272338867 1
63 26 926.997131348 1
63 26 929.081237793 1
63 26 951.631103516 1
63 26 959.846801758 1
63 26 977.965698242 1
63 26 1079.58679199 1
63 26 1091.26977539 1
63 26 1100.73144531 1
63 26 1124.46911621 1
63 26 1322.07824707 1
63 26 1442.20422363 1
63 26 1590.70385742 1
63 27 248.723831177 1
63 27 253.944320679 1
63 27 260.763977051 1
63 27 261.381988525 1
63 27 261.618011475 1
63 27 263.15737915 1
63 27 266.371551514 1
63 27 266.505157471 1
63 27 266.710235596 1
63 27 267.172912598 1
63 27 267.449432373 1
63 27 267.715423584 1
63 27 268.535827637 1
63 27 269.763214111 1
63 27 274.283874512 1
63 27 274.850524902 1
63 27 275.114440918 1
63 27 276.187316895 1
63 27 276.843170166 1
63 27 278.176849365 1
63 27 278.398406982 1
63 27 280.113586426 1
63 27 280.635375977 1
63 27 280.680389404 1
63 27 281.553466797 1
63 27 284.30166626 1
63 27 285.478729248 1
63 27 286.382537842 1
63 27 287.711090088 1
63 27 288.492248535 1
63 27 288.534637451 1
63 27 289.215332031 1
63 27 291.655853271 1
63 27 292.331359863 1
63 27 293.746154785 1
63 27 296.117553711 1
63 27 296.730010986 1
63 27 297.924438477 1
63 27 298.857025146 1
63 27 301.496582031 1
63 27 306.573303223 1
63 27 308.001617432 1
63 27 308.482177734 1
63 27 310.190979004 1
63 27 313.521484375 1
63 27 314.805633545 1
63 27 318.886962891 1
63 27 325.024078369 1
63 27 328.889129639 1
63 27 329.697235107 1
63 27 330.300415039 1
63 27 331.772125244 1
63 27 334.940856934 1
63 27 339.045654297 1
63 27 342.414367676 1
63 27 343.672302246 1
63 27 344.158721924 1
63 27 344.163665771 1
63 27 347.70324707 1
63 27 352.616607666 1
63 27 354.550537109 1
63 27 361.635925293 1
63 27 364.376342773 1
63 27 366.803222656 1
63 27 377.071136475 1
63 27 377.561126709 1
63 27 377.875396729 1
63 27 378.034881592 1
63 27 393.377624512 1
63 27 398.504852295 1
63 27 405.0262146 1
63 27 410.73336792 1
63 27 421.614807129 1
63 27 435.467193604 1
63 27 449.842285156 1
63 27 464.871856689 1
63 27 465.132598877 1
63 27 478.812011719 1
63 27 500.697296143 1
63 27 508.536376953 1
63 27 524.463623047 1
63 27 543.671264648 1
63 27 554.298034668 1
63 27 557.07043457 1
63 27 560.776794434 1
63 27 584.80065918 1
63 27 586.218139648 1
63 27 587.264587402 1
63 27 687.559509277 1
63 27 693.62322998 1
63 27 700.296020508 1
63 27 732.201660156 1
63 27 760.129150391 1
63 27 788.691833496 1
63 27 840.301757812 1
63 27 1073.13244629 1
63 27 1126.5871582 1
63 28 161.143661499 1
63 28 167.074432373 1
63 28 167.356277466 1
63 28 168.311859131 1
63 28 168.358306885 1
63 28 169.698226929 1
63 28 170.130462646 1
63 28 171.496139526 1
63 28 172.015350342 1
63 28 172.031799316 1
63 28 173.094467163 1
63 28 173.106506348 1
63 28 173.134780884 1
63 28 174.005554199 1
63 28 175.60496521 1
63 28 175.62387085 1
63 28 176.784973145 1
63 28 177.003860474 1
63 28 177.984222412 1
63 28 178.128356934 1
63 28 179.504623413 1
63 28 179.640991211 1
63 28 179.782791138 1
63 28 179.845321655 1
63 28 179.85043335 1
63 28 181.721252441 1
63 28 182.106689453 1
63 28 182.932632446 1
63 28 183.548599243 1
63 28 184.686813354 1
63 28 184.839431763 1
63 28 185.472854614 1
63 28 185.515533447 1
63 28 185.641479492 1
63 28 185.782867432 1
63 28 185.967712402 1
63 28 186.625762939 1
63 28 186.951751709 1
63 28 187.202484131 1
63 28 187.398605347 1
63 28 187.686706543 1
63 28 188.03717041 1
63 28 188.045730591 1
63 28 188.106292725 1
63 28 189.24772644 1
63 28 192.199768066 1
63 28 192.665390015 1
63 28 192.709182739 1
63 28 193.198440552 1
63 28 193.849380493 1
63 28 193.907974243 1
63 28 194.093994141 1
63 28 194.750457764 1
63 28 195.123413086 1
63 28 195.12979126 1
63 28 195.582229614 1
63 28 196.371536255 1
63 28 196.40612793 1
63 28 196.691116333 1
63 28 197.017959595 1
63 28 197.115707397 1
63 28 197.387893677 1
63 28 199.915863037 1
63 28 199.951171875 1
63 28 200.595718384 1
63 28 200.720504761 1
63 28 201.400619507 1
63 28 201.645385742 1
63 28 201.720199585 1
63 28 201.881790161 1
63 28 202.688354492 1
63 28 202.860137939 1
63 28 203.874084473 1
63 28 204.384002686 1
63 28 204.56211853 1
63 28 204.662017822 1
63 28 205.925918579 1
63 28 205.927719116 1
63 28 206.188201904 1
63 28 206.586212158 1
63 28 207.819717407 1
63 28 208.121337891 1
63 28 208.8881073 1
63 28 209.020721436 1
63 28 209.792770386 1
63 28 209.90625 1
63 28 210.491638184 1
63 28 210.764404297 1
63 28 212.288482666 1
63 28 212.827545166 1
63 28 214.358169556 1
63 28 214.722763062 1
63 28 215.475204468 1
63 28 217.048690796 1
63 28 217.284057617 1
63 28 218.545059204 1
63 28 219.084335327 1
63 28 220.688796997 1
63 28 220.89831543 1
63 28 221.838699341 1
63 28 222.066497803 1
63 28 222.265991211 1
63 28 224.061187744 1
63 28 224.697067261 1
63 28 224.919006348 1
63 28 225.431900024 1
63 28 227.22328186 1
63 28 227.4480896 1
63 28 229.225021362 1
63 28 230.226974487 1
63 28 230.311599731 1
63 28 231.438201904 1
63 28 233.893157959 1
63 28 237.334411621 1
63 28 238.314590454 1
63 28 239.044708252 1
63 28 239.090164185 1
63 28 241.042114258 1
63 28 241.045120239 1
63 28 241.132461548 1
63 28 242.236862183 1
63 28 245.908279419 1
63 28 247.421478271 1
63 28 250.449234009 1
63 28 251.220672607 1
63 28 251.583847046 1
63 28 253.742889404 1
63 28 254.182540894 1
63 28 255.137634277 1
63 28 256.345367432 1
63 28 260.470703125 1
63 28 262.083465576 1
63 28 262.667572021 1
63 28 264.733795166 1
63 28 267.768310547 1
63 28 269.30279541 1
63 28 279.249938965 1
63 28 285.880981445 1
63 28 286.01739502 1
63 28 287.156982422 1
63 28 289.931976318 1
63 28 292.176300049 1
63 28 296.880340576 1
63 28 300.509735107 1
63 28 310.854400635 1
63 28 313.745452881 1
63 28 319.612335205 1
63 28 320.053649902 1
63 28 325.417419434 1
63 28 326.630554199 1
63 28 327.892913818 1
63 28 328.96685791 1
63 28 340.912628174 1
63 28 341.75289917 1
63 28 342.104492188 1
63 28 351.887573242 1
63 28 354.46282959 1
63 28 363.688049316 1
63 28 366.727539062 1
63 28 367.676086426 1
63 28 367.961090088 1
63 28 368.985168457 1
63 28 369.263397217 1
63 28 369.273132324 1
63 28 369.485107422 1
63 28 376.005706787 1
63 28 377.08001709 1
63 28 379.299560547 1
63 28 386.55078125 1
63 28 388.330474854 1
63 28 389.937194824 1
63 28 395.344909668 1
63 28 400.032989502 1
63 28 400.837188721 1
63 28 407.428771973 1
63 28 414.586212158 1
63 28 420.99105835 1
63 28 426.876312256 1
63 28 435.319061279 1
63 28 445.705780029 1
63 28 454.294525146 1
63 28 456.094146729 1
63 28 458.045379639 1
63 28 459.848114014 1
63 28 487.092834473 1
63 28 492.081085205 1
63 28 515.548828125 1
63 28 517.176330566 1
63 28 543.032897949 1
63 28 578.85168457 1
63 28 594.304260254 1
63 28 595.799194336 1
63 28 609.421630859 1
63 28 611.715637207 1
63 28 628.027832031 1
63 28 637.979858398 1
63 28 653.961547852 1
63 28 654.645935059 1
63 28 665.93182373 1
63 28 679.070129395 1
63 28 750.569091797 1
63 28 760.771789551 1
63 28 800.241699219 1
63 28 802.546813965 1
63 28 959.848388672 1
63 28 1054.08972168 1
63 28 1093.22375488 1
63 28 1107.84631348 1
63 29 81.9177703857 1
63 29 82.0491943359 1
63 29 83.5820846558 1
63 29 84.5152359009 1
63 29 84.6757736206 1
63 29 84.7509689331 1
63 29 84.9214096069 1
63 29 85.2050857544 1
63 29 85.8069763184 1
63 29 86.2429885864 1
63 29 86.474571228 1
63 29 87.0332336426 1
63 29 87.3442687988 1
63 29 87.6214599609 1
63 29 87.7447128296 1
63 29 88.2104492188 1
63 29 88.2243270874 1
63 29 88.8520812988 1
63 29 89.0567245483 1
63 29 89.1995239258 1
63 29 89.4145736694 1
63 29 89.6241531372 1
63 29 89.8481140137 1
63 29 89.9352111816 1
63 29 89.9506835938 1
63 29 89.9940643311 1
63 29 90.4194717407 1
63 29 90.4558639526 1
63 29 90.5054626465 1
63 29 90.5375137329 1
63 29 90.5840148926 1
63 29 90.7721710205 1
63 29 90.9062957764 1
63 29 90.9713973999 1
63 29 91.0398712158 1
63 29 91.2850570679 1
63 29 91.4163208008 1
63 29 91.5749893188 1
63 29 91.5769958496 1
63 29 91.6764373779 1
63 29 91.8275146484 1
63 29 92.0610427856 1
63 29 92.0929412842 1
63 29 92.1726074219 1
63 29 92.3173065186 1
63 29 92.3864593506 1
63 29 92.3893356323 1
63 29 92.4506912231 1
63 29 92.5365066528 1
63 29 92.7496795654 1
63 29 92.7518386841 1
63 29 92.7884902954 1
63 29 92.801651001 1
63 29 92.8925476074 1
63 29 93.0239334106 1
63 29 93.2306671143 1
63 29 93.2520523071 1
63 29 93.4069976807 1
63 29 93.4498138428 1
63 29 93.5530776978 1
63 29 93.8072280884 1
63 29 93.9460601807 1
63 29 94.2530670166 1
63 29 94.4748916626 1
63 29 94.5030517578 1
63 29 94.5342788696 1
63 29 94.5819702148 1
63 29 94.6216125488 1
63 29 94.671081543 1
63 29 94.732925415 1
63 29 94.9024658203 1
63 29 95.2865371704 1
63 29 95.303062439 1
63 29 95.3334121704 1
63 29 95.36302948 1
63 29 95.4010314941 1
63 29 95.4655380249 1
63 29 95.4879455566 1
63 29 95.5163803101 1
63 29 95.5386962891 1
63 29 95.6750335693 1
63 29 95.740814209 1
63 29 95.7631988525 1
63 29 95.8569030762 1
63 29 95.876449585 1
63 29 96.0114822388 1
63 29 96.0244216919 1
63 29 96.1165924072 1
63 29 96.3371810913 1
63 29 96.358833313 1
63 29 96.5306396484 1
63 29 96.9397125244 1
63 29 96.9484100342 1
63 29 96.9502944946 1
63 29 97.027381897 1
63 29 97.0360565186 1
63 29 97.0637130737 1
63 29 97.0676727295 1
63 29 97.0978927612 1
63 29 97.4202041626 1
63 29 97.6763153076 1
63 29 98.1789398193 1
63 29 98.2895584106 1
63 29 98.3975067139 1
63 29 98.4196472168 1
63 29 98.5759963989 1
63 29 98.6889266968 1
63 29 98.8785247803 1
63 29 98.9213943481 1
63 29 99.1226043701 1
63 29 99.2035980225 1
63 29 99.3264160156 1
63 29 99.3925018311 1
63 29 99.4429855347 1
63 29 99.5691604614 1
63 29 99.7818374634 1
63 29 99.9384613037 1
63 29 99.9874572754 1
63 29 100.061439514 1
63 29 100.190971375 1
63 29 100.249107361 1
63 29 100.348548889 1
63 29 100.694320679 1
63 29 100.695274353 1
63 29 100.714912415 1
63 29 100.729782104 1
63 29 100.792930603 1
63 29 100.861312866 1
63 29 100.965171814 1
63 29 101.071792603 1
63 29 101.106185913 1
63 29 101.129730225 1
63 29 101.190063477 1
63 29 101.276504517 1
63 29 101.363334656 1
63 29 101.611968994 1
63 29 101.707237244 1
63 29 101.979133606 1
63 29 102.21900177 1
63 29 102.282913208 1
63 29 102.537101746 1
63 29 102.678726196 1
63 29 102.949234009 1
63 29 102.983787537 1
63 29 103.106399536 1
63 29 103.246185303 1
63 29 103.254081726 1
63 29 103.280426025 1
63 29 103.29511261 1
63 29 103.318840027 1
63 29 103.371116638 1
63 29 103.469261169 1
63 29 103.48991394 1
63 29 103.626541138 1
63 29 104.05039978 1
63 29 104.064529419 1
63 29 104.140625 1
63 29 104.341751099 1
63 29 104.423423767 1
63 29 104.582458496 1
63 29 104.81489563 1
63 29 104.933197021 1
63 29 104.936210632 1
63 29 105.037094116 1
63 29 105.03792572 1
63 29 105.396263123 1
63 29 105.425048828 1
63 29 105.478927612 1
63 29 105.630981445 1
63 29 105.882339478 1
63 29 105.968414307 1
63 29 105.974327087 1
63 29 105.983436584 1
63 29 106.22240448 1
63 29 106.252975464 1
63 29 106.59853363 1
63 29 106.676765442 1
63 29 106.90297699 1
63 29 107.034484863 1
63 29 107.445571899 1
63 29 107.466789246 1
63 29 107.634613037 1
63 29 107.66330719 1
63 29 107.696090698 1
63 29 107.800254822 1
63 29 107.886886597 1
63 29 108.017288208 1
63 29 108.045349121 1
63 29 108.323379517 1
63 29 108.500846863 1
63 29 108.600532532 1
63 29 108.691795349 1
63 29 109.054145813 1
63 29 109.558036804 1
63 29 109.696273804 1
63 29 109.71598053 1
63 29 109.836898804 1
63 29 109.998069763 1
63 29 110.404899597 1
63 29 110.412307739 1
63 29 110.932128906 1
63 29 111.555046082 1
63 29 112.058006287 1
63 29 112.210754395 1
63 29 112.488616943 1
63 29 112.5233078 1
63 29 112.533828735 1
63 29 112.795806885 1
63 29 112.837203979 1
63 29 112.89654541 1
63 29 113.226264954 1
63 29 113.617446899 1
63 29 113.855834961 1
63 29 113.970016479 1
63 29 114.139068604 1
63 29 114.199363708 1
63 29 114.200790405 1
63 29 115.014343262 1
63 29 115.107841492 1
63 29 115.371070862 1
63 29 115.550483704 1
63 29 116.197433472 1
63 29 116.434448242 1
63 29 116.721054077 1
63 29 116.985580444 1
63 29 117.37727356 1
63 29 117.392608643 1
63 29 117.621528625 1
63 29 117.901077271 1
63 29 117.956359863 1
63 29 118.504364014 1
63 29 118.995552063 1
63 29 119.122138977 1
63 29 119.219177246 1
63 29 119.809379578 1
63 29 119.956069946 1
63 29 120.008262634 1
63 29 120.121147156 1
63 29 120.660110474 1
63 29 122.073638916 1
63 29 122.511993408 1
63 29 122.938751221 1
63 29 123.04208374 1
63 29 124.027435303 1
63 29 124.348617554 1
63 29 124.461097717 1
63 29 124.696350098 1
63 29 125.473121643 1
63 29 125.615142822 1
63 29 125.938804626 1
63 29 126.104240417 1
63 29 126.104270935 1
63 29 126.154449463 1
63 29 126.97077179 1
63 29 127.116226196 1
63 29 127.374542236 1
63 29 127.443778992 1
63 29 128.220581055 1
63 29 128.670318604 1
63 29 128.728775024 1
63 29 129.449188232 1
63 29 129.844360352 1
63 29 130.953735352 1
63 29 131.227874756 1
63 29 132.288619995 1
63 29 132.724731445 1
63 29 132.833511353 1
63 29 132.917190552 1
63 29 133.032714844 1
63 29 133.127456665 1
63 29 135.373535156 1
63 29 135.62399292 1
63 29 135.782684326 1
63 29 136.401138306 1
63 29 136.772506714 1
63 29 137.367752075 1
63 29 137.832061768 1
63 29 139.098800659 1
63 29 139.854598999 1
63 29 140.417663574 1
63 29 140.89225769 1
63 29 141.619522095 1
63 29 141.913330078 1
63 29 142.305770874 1
63 29 143.115890503 1
63 29 143.894989014 1
63 29 144.373382568 1
63 29 146.361816406 1
63 29 147.194595337 1
63 29 148.041488647 1
63 29 148.047714233 1
63 29 148.386764526 1
63 29 148.824966431 1
63 29 149.371551514 1
63 29 149.820297241 1
63 29 150.481521606 1
63 29 150.658630371 1
63 29 150.895614624 1
63 29 151.691314697 1
63 29 153.860076904 1
63 29 154.275512695 1
63 29 154.911483765 1
63 29 154.929351807 1
63 29 154.947738647 1
63 29 157.336730957 1
63 29 158.567489624 1
63 29 159.439682007 1
63 29 160.737564087 1
63 29 163.295715332 1
63 29 164.991424561 1
63 29 165.249130249 1
63 29 166.246368408 1
63 29 166.634872437 1
63 29 166.820785522 1
63 29 167.243011475 1
63 29 167.33354187 1
63 29 167.904571533 1
63 29 168.762985229 1
63 29 169.944976807 1
63 29 170.25680542 1
63 29 171.163848877 1
63 29 171.623519897 1
63 29 172.041015625 1
63 29 172.864822388 1
63 29 174.727935791 1
63 29 174.92489624 1
63 29 179.220291138 1
63 29 179.894668579 1
63 29 180.744766235 1
63 29 181.320648193 1
63 29 181.968078613 1
63 29 182.176071167 1
63 29 185.231369019 1
63 29 185.404647827 1
63 29 187.001144409 1
63 29 187.752593994 1
63 29 192.900131226 1
63 29 193.753952026 1
63 29 195.408569336 1
63 29 196.320175171 1
63 29 197.576385498 1
63 29 197.717559814 1
63 29 197.999328613 1
63 29 202.634033203 1
63 29 204.724441528 1
63 29 205.450790405 1
63 29 205.989028931 1
63 29 206.905181885 1
63 29 208.121276855 1
63 29 208.237518311 1
63 29 209.960098267 1
63 29 210.641113281 1
63 29 211.118301392 1
63 29 211.261016846 1
63 29 213.871170044 1
63 29 215.582580566 1
63 29 216.294448853 1
63 29 217.048583984 1
63 29 219.004318237 1
63 29 219.153930664 1
63 29 221.644851685 1
63 29 222.645767212 1
63 29 226.502578735 1
63 29 227.291366577 1
63 29 227.688705444 1
63 29 228.758666992 1
63 29 229.890411377 1
63 29 230.097732544 1
63 29 230.401855469 1
63 29 232.25151062 1
63 29 232.421600342 1
63 29 232.872573853 1
63 29 233.049957275 1
63 29 237.818435669 1
63 29 238.791946411 1
63 29 239.687759399 1
63 29 242.235351562 1
63 29 243.760375977 1
63 29 244.621780396 1
63 29 246.585098267 1
63 29 246.726486206 1
63 29 247.224716187 1
63 29 252.669128418 1
63 29 254.922607422 1
63 29 257.352172852 1
63 29 257.906433105 1
63 29 262.733551025 1
63 29 264.546691895 1
63 29 266.34552002 1
63 29 268.345123291 1
63 29 270.236938477 1
63 29 274.421203613 1
63 29 276.856231689 1
63 29 277.495117188 1
63 29 278.315795898 1
63 29 278.358886719 1
63 29 279.99420166 1
63 29 280.948974609 1
63 29 282.159515381 1
63 29 286.660247803 1
63 29 291.880981445 1
63 29 299.995117188 1
63 29 305.07824707 1
63 29 309.767303467 1
63 29 310.747253418 1
63 29 316.472991943 1
63 29 321.076385498 1
63 29 323.209136963 1
63 29 323.883636475 1
63 29 328.470367432 1
63 29 335.764953613 1
63 29 348.282318115 1
63 29 349.157531738 1
63 29 350.652526855 1
63 29 353.01348877 1
63 29 353.133178711 1
63 29 355.196472168 1
63 29 355.853179932 1
63 29 356.271209717 1
63 29 356.879516602 1
63 29 360.431152344 1
63 29 361.879089355 1
63 29 363.635406494 1
63 29 385.047088623 1
63 29 390.499511719 1
63 29 399.882537842 1
63 29 404.622009277 1
63 29 406.239135742 1
63 29 408.219482422 1
63 29 413.646453857 1
63 29 418.378570557 1
63 29 426.123779297 1
63 29 428.132659912 1
63 29 436.964202881 1
63 29 441.334472656 1
63 29 446.004455566 1
63 29 451.239196777 1
63 29 462.479919434 1
63 29 492.38394165 1
63 29 496.467712402 1
63 29 498.644165039 1
63 29 523.710021973 1
63 29 543.470153809 1
63 29 546.709899902 1
63 29 549.862060547 1
63 29 557.873168945 1
63 29 567.291381836 1
63 29 576.296813965 1
63 29 613.048217773 1
63 29 614.443603516 1
63 29 626.962219238 1
63 29 675.364501953 1
63 29 708.420593262 1
63 29 775.859680176 1
63 29 819.830688477 1
63 29 825.578186035 1
63 29 844.746765137 1
63 29 888.66027832 1
63 29 895.644165039 1
63 29 1030.77832031 1
63 29 1114.99975586 1
63 29 1153.48339844 1
63 29 1204.68664551 1
63 29 1277.44897461 1
63 29 1549.22314453 1
63 29 3567.10717773 1
63 31 86.5689315796 1
63 31 87.5024337769 1
63 31 87.903465271 1
63 31 89.3402709961 1
63 31 91.3468093872 1
63 31 92.1739273071 1
63 31 95.0164108276 1
63 31 95.9081726074 1
63 31 96.3899765015 1
63 31 97.4405059814 1
63 31 97.6858520508 1
63 31 97.8057098389 1
63 31 98.4286346436 1
63 31 98.8848495483 1
63 31 99.5047073364 1
63 31 100.071624756 1
63 31 100.197319031 1
63 31 100.375007629 1
63 31 100.812789917 1
63 31 101.191017151 1
63 31 102.124702454 1
63 31 102.651268005 1
63 31 102.846099854 1
63 31 103.144706726 1
63 31 103.212730408 1
63 31 103.40524292 1
63 31 104.021240234 1
63 31 104.034370422 1
63 31 104.10194397 1
63 31 104.151901245 1
63 31 104.40473175 1
63 31 104.460159302 1
63 31 104.802360535 1
63 31 105.470314026 1
63 31 106.155380249 1
63 31 106.204162598 1
63 31 108.712623596 1
63 31 108.85206604 1
63 31 108.94026947 1
63 31 109.393676758 1
63 31 109.397827148 1
63 31 110.028236389 1
63 31 110.0496521 1
63 31 110.722038269 1
63 31 111.267448425 1
63 31 111.340499878 1
63 31 111.394592285 1
63 31 111.648696899 1
63 31 111.706222534 1
63 31 112.331565857 1
63 31 112.5807724 1
63 31 113.057113647 1
63 31 113.129402161 1
63 31 113.828178406 1
63 31 114.149307251 1
63 31 114.627250671 1
63 31 115.659141541 1
63 31 115.866989136 1
63 31 116.124389648 1
63 31 116.267364502 1
63 31 117.020256042 1
63 31 118.128082275 1
63 31 118.419036865 1
63 31 118.503684998 1
63 31 118.738174438 1
63 31 119.417259216 1
63 31 119.741966248 1
63 31 120.111076355 1
63 31 120.442245483 1
63 31 120.560707092 1
63 31 120.621070862 1
63 31 123.032264709 1
63 31 123.399589539 1
63 31 123.502380371 1
63 31 123.601203918 1
63 31 124.227775574 1
63 31 125.589454651 1
63 31 125.658042908 1
63 31 126.077018738 1
63 31 126.181251526 1
63 31 126.508636475 1
63 31 126.768814087 1
63 31 127.672409058 1
63 31 127.962677002 1
63 31 128.130203247 1
63 31 128.736328125 1
63 31 128.793106079 1
63 31 129.35824585 1
63 31 129.399414062 1
63 31 129.456207275 1
63 31 131.005722046 1
63 31 131.337097168 1
63 31 131.396224976 1
63 31 133.140533447 1
63 31 134.740707397 1
63 31 134.876068115 1
63 31 135.472320557 1
63 31 135.751327515 1
63 31 138.133468628 1
63 31 139.628738403 1
63 31 140.87437439 1
63 31 141.007095337 1
63 31 141.291305542 1
63 31 141.542495728 1
63 31 141.546615601 1
63 31 142.170791626 1
63 31 142.235610962 1
63 31 142.259170532 1
63 31 142.770843506 1
63 31 143.694152832 1
63 31 144.955245972 1
63 31 145.382064819 1
63 31 148.083999634 1
63 31 148.450561523 1
63 31 150.520843506 1
63 31 151.960098267 1
63 31 152.763717651 1
63 31 153.158706665 1
63 31 154.056335449 1
63 31 154.200668335 1
63 31 154.335266113 1
63 31 158.054428101 1
63 31 158.430938721 1
63 31 160.160324097 1
63 31 163.762695312 1
63 31 163.855575562 1
63 31 164.309158325 1
63 31 166.197967529 1
63 31 166.932235718 1
63 31 166.985946655 1
63 31 168.095184326 1
63 31 169.60874939 1
63 31 169.993179321 1
63 31 171.250610352 1
63 31 171.327041626 1
63 31 171.624038696 1
63 31 172.251052856 1
63 31 172.474395752 1
63 31 173.068222046 1
63 31 173.380096436 1
63 31 174.205566406 1
63 31 176.950653076 1
63 31 177.1953125 1
63 31 177.46333313 1
63 31 177.769180298 1
63 31 183.410140991 1
63 31 184.140335083 1
63 31 191.227294922 1
63 31 194.676254272 1
63 31 195.821670532 1
63 31 195.97416687 1
63 31 197.129898071 1
63 31 202.04510498 1
63 31 202.787612915 1
63 31 203.413726807 1
63 31 203.571594238 1
63 31 203.710830688 1
63 31 205.642150879 1
63 31 206.59602356 1
63 31 208.866744995 1
63 31 209.791152954 1
63 31 210.40612793 1
63 31 212.102432251 1
63 31 212.374145508 1
63 31 213.535903931 1
63 31 213.733169556 1
63 31 217.121673584 1
63 31 219.606903076 1
63 31 221.603240967 1
63 31 222.726119995 1
63 31 222.997528076 1
63 31 223.477203369 1
63 31 226.117660522 1
63 31 228.492218018 1
63 31 229.551651001 1
63 31 230.509567261 1
63 31 232.518203735 1
63 31 238.137664795 1
63 31 239.657669067 1
63 31 240.307830811 1
63 31 245.389190674 1
63 31 245.831481934 1
63 31 250.003829956 1
63 31 254.097061157 1
63 31 254.322845459 1
63 31 257.233825684 1
63 31 257.905639648 1
63 31 260.677734375 1
63 31 261.832672119 1
63 31 262.260162354 1
63 31 262.293792725 1
63 31 266.050415039 1
63 31 266.31729126 1
63 31 268.411376953 1
63 31 270.400421143 1
63 31 272.52130127 1
63 31 285.161346436 1
63 31 286.446350098 1
63 31 293.381530762 1
63 31 294.935913086 1
63 31 296.794952393 1
63 31 297.81652832 1
63 31 302.916229248 1
63 31 303.231689453 1
63 31 307.317443848 1
63 31 324.112670898 1
63 31 327.415771484 1
63 31 334.415802002 1
63 31 335.304016113 1
63 31 337.047668457 1
63 31 341.407318115 1
63 31 345.051971436 1
63 31 346.113067627 1
63 31 348.127044678 1
63 31 348.754333496 1
63 31 355.047210693 1
63 31 355.159454346 1
63 31 356.073120117 1
63 31 358.545013428 1
63 31 358.576934814 1
63 31 360.220367432 1
63 31 366.523254395 1
63 31 375.656066895 1
63 31 396.611022949 1
63 31 398.518768311 1
63 31 412.876373291 1
63 31 416.820068359 1
63 31 425.878479004 1
63 31 447.542755127 1
63 31 449.347991943 1
63 31 459.039459229 1
63 31 460.191864014 1
63 31 468.041442871 1
63 31 493.62286377 1
63 31 536.496459961 1
63 31 542.840820312 1
63 31 546.549560547 1
63 31 558.373962402 1
63 31 657.186035156 1
63 31 673.42956543 1
63 31 674.484130859 1
63 31 698.767822266 1
63 31 707.017211914 1
63 31 730.188171387 1
63 31 734.483703613 1
63 31 738.256286621 1
63 31 795.695068359 1
63 31 1024.86096191 1
63 31 1030.27185059 1
63 31 1095.72131348 1
63 32 186.286514282 1
63 32 187.117965698 1
63 32 188.786712646 1
63 32 193.053604126 1
63 32 195.13331604 1
63 32 199.03125 1
63 32 199.875961304 1
63 32 200.572006226 1
63 32 202.426940918 1
63 32 206.412322998 1
63 32 206.467056274 1
63 32 206.646652222 1
63 32 207.452987671 1
63 32 209.681091309 1
63 32 212.10987854 1
63 32 213.865951538 1
63 32 216.102981567 1
63 32 216.169143677 1
63 32 220.541366577 1
63 32 222.682952881 1
63 32 226.516647339 1
63 32 228.815048218 1
63 32 230.525177002 1
63 32 230.945632935 1
63 32 234.283416748 1
63 32 237.039245605 1
63 32 237.924804688 1
63 32 238.000396729 1
63 32 239.630722046 1
63 32 243.873886108 1
63 32 245.245010376 1
63 32 247.995269775 1
63 32 260.564727783 1
63 32 269.261108398 1
63 32 272.210235596 1
63 32 274.564239502 1
63 32 279.485931396 1
63 32 286.173278809 1
63 32 286.474517822 1
63 32 287.681274414 1
63 32 287.879486084 1
63 32 289.418670654 1
63 32 295.680389404 1
63 32 295.953369141 1
63 32 296.01348877 1
63 32 299.021972656 1
63 32 305.723022461 1
63 32 311.937133789 1
63 32 318.223693848 1
63 32 321.19833374 1
63 32 322.363067627 1
63 32 323.845916748 1
63 32 323.953552246 1
63 32 324.952423096 1
63 32 329.029693604 1
63 32 338.386688232 1
63 32 339.620574951 1
63 32 342.276794434 1
63 32 344.54019165 1
63 32 344.938751221 1
63 32 348.246246338 1
63 32 355.963134766 1
63 32 367.142669678 1
63 32 367.475982666 1
63 32 369.177886963 1
63 32 378.940002441 1
63 32 383.860443115 1
63 32 390.74609375 1
63 32 392.899169922 1
63 32 393.161804199 1
63 32 402.02355957 1
63 32 402.489257812 1
63 32 415.354766846 1
63 32 417.433044434 1
63 32 428.227386475 1
63 32 434.344238281 1
63 32 435.632049561 1
63 32 450.304077148 1
63 32 450.728668213 1
63 32 469.356994629 1
63 32 484.964904785 1
63 32 514.933166504 1
63 32 533.405151367 1
63 32 626.824157715 1
63 32 633.654663086 1
63 32 641.77923584 1
63 32 676.756713867 1
63 32 775.188659668 1
63 32 782.392578125 1
63 33 282.423614502 1
63 33 308.087768555 1
63 33 328.602935791 1
63 33 363.71963501 1
63 33 371.031921387 1
63 33 390.603973389 1
63 33 413.555480957 1
63 33 427.182037354 1
63 33 444.152282715 1
63 33 449.939056396 1
63 33 461.533813477 1
63 33 467.315307617 1
63 33 493.292572021 1
63 33 515.166015625 1
63 33 557.676513672 1
63 33 592.537414551 1
63 33 732.983398438 1
63 34 431.440551758 1
63 34 453.029052734 1
63 34 481.758087158 1
63 34 583.046325684 1
63 34 799.406799316 1
63 34 1092.08581543 1
63 35 912.905822754 1
64 26 1019.5010376 1
64 27 782.003234863 1
64 27 816.114562988 1
64 27 865.484863281 1
64 27 1837.67199707 1
64 28 700.591186523 1
64 28 795.269042969 1
64 28 865.91217041 1
64 28 971.596862793 1
64 28 2069.15991211 1
64 29 676.880249023 1
64 29 709.904846191 1
64 29 735.974121094 1
64 29 795.685424805 1
64 29 803.526733398 1
64 29 825.126525879 1
64 29 924.014709473 1
64 29 927.098510742 1
64 29 1015.16534424 1
64 30 621.798034668 1
64 30 635.047485352 1
64 30 744.503295898 1
64 30 768.90423584 1
64 30 792.31060791 1
64 30 899.212646484 1
64 30 1303.9822998 1
64 30 1784.81982422 1
64 30 1904.51647949 1
64 31 878.04510498 1
64 31 960.922790527 1
64 31 1618.40124512 1
64 32 682.238830566 1
64 32 741.226196289 1
64 32 1049.99023438 1
64 32 1823.7956543 1
64 33 1254.35717773 1
70 23 1112.60339355 1
70 24 1168.3338623 1
70 24 1300.09631348 1
70 25 1004.6973877 1
70 25 1163.98840332 1
70 26 1002.63079834 1
70 27 748.175048828 1
70 27 861.641113281 1
70 27 1009.36395264 1
70 27 1036.56884766 1
70 28 691.817810059 1
70 28 727.678466797 1
70 28 852.961669922 1
70 28 872.340637207 1
70 28 985.929626465 1
70 28 1205.09313965 1
70 28 1405.47253418 1
70 29 806.356201172 1
70 29 1068.65405273 1
70 30 681.268981934 1
70 30 989.475158691 1
71 24 1186.60681152 1
71 25 870.481811523 1
71 25 1063.75439453 1
71 26 757.200744629 1
71 26 829.774353027 1
71 26 1166.93432617 1
71 26 1495.76281738 1
71 26 3645.00488281 1
71 27 718.887573242 1
71 27 881.144104004 1
71 27 1062.85949707 1
71 27 1364.31713867 1
71 28 670.719970703 1
71 28 715.094604492 1
71 28 740.410644531 1
71 28 900.848510742 1
71 28 1404.47558594 1
71 29 641.957824707 1
71 29 661.068115234 1
71 29 828.461303711 1
71 29 1160.75085449 1
71 29 1535.32678223 1
71 29 2141.72729492 1
71 30 734.537231445 1
71 30 873.175964355 1
71 30 1804.55212402 1
71 31 879.365661621 1
71 32 817.698791504 1
71 34 1643.78857422 1
72 27 2412.44189453 1
