000 294.0 0.0 1000000.0
008 291.0 0.0 1000000.0
009 270.0 0.0 1000000.0
010 283.0 0.0 1000000.0
011 317.0 0.0 1000000.0
013 290.0 0.0 1000000.0
016 315.0 0.0 1000000.0
022 340.0 0.0 1000000.0
027 337.0 0.0 1000000.0
034 314.0 0.0 1000000.0
045 309.0 0.0 1000000.0
063 272.0 0.0 1000000.0
090 163.0 0.0 1000000.0
117 86.0 0.0 1000000.0
135 47.0 0.0 1000000.0
146 47.0 0.0 1000000.0
153 23.0 0.0 1000000.0
158 18.0 0.0 1000000.0
162 25.0 0.0 1000000.0
164 17.0 0.0 1000000.0
166 22.0 0.0 1000000.0
167 19.0 0.0 1000000.0
169 20.0 0.0 1000000.0
171 21.0 0.0 1000000.0
172 13.0 0.0 1000000.0
180 21.0 0.0 1000000.0
