string dom time hits
45 27 1791.49621582 1
54 22 1092.21240234 1
54 23 1597.14428711 1
54 24 1410.19238281 1
54 26 1069.87207031 1
54 26 1238.2388916 1
54 26 1810.89819336 1
54 27 1216.17114258 1
54 28 970.235595703 1
54 28 1386.26867676 1
54 28 2265.15698242 1
54 29 963.903625488 1
54 30 688.691040039 1
54 30 833.742858887 1
54 30 847.938049316 1
54 30 1071.52734375 1
55 26 1302.80639648 1
55 27 964.600463867 1
55 28 743.599914551 1
55 28 832.190063477 1
55 30 1191.37451172 1
55 30 1523.60827637 1
55 32 997.592102051 1
55 33 1378.79968262 1
56 27 2521.77099609 1
62 26 1445.21350098 1
62 28 737.219909668 1
62 28 737.86541748 1
62 28 780.725830078 1
62 30 737.253601074 1
62 30 1024.56530762 1
62 30 1131.5612793 1
62 30 1292.68847656 1
62 31 935.384094238 1
63 22 1009.23468018 1
63 22 1009.73602295 1
63 24 781.354309082 1
63 24 1318.24194336 1
63 25 466.116851807 1
63 25 509.51272583 1
63 25 521.651794434 1
63 25 564.588317871 1
63 25 1060.23693848 1
63 25 1081.17053223 1
63 26 407.37109375 1
63 26 408.556854248 1
63 26 476.294769287 1
63 26 498.091583252 1
63 26 550.732299805 1
63 26 570.831726074 1
63 26 641.681945801 1
63 26 646.692565918 1
63 26 674.310119629 1
63 26 777.173461914 1
63 26 852.049438477 1
63 26 877.746643066 1
63 26 1001.80822754 1
63 26 1103.58618164 1
63 26 1337.28381348 1
63 27 268.244171143 1
63 27 269.990814209 1
63 27 273.893829346 1
63 27 285.98815918 1
63 27 287.18649292 1
63 27 289.470184326 1
63 27 300.440887451 1
63 27 325.062194824 1
63 27 325.565063477 1
63 27 325.675201416 1
63 27 326.671539307 1
63 27 339.331298828 1
63 27 349.52532959 1
63 27 352.90802002 1
63 27 378.042999268 1
63 27 380.397186279 1
63 27 395.814910889 1
63 27 444.909545898 1
63 27 447.747711182 1
63 27 453.93182373 1
63 27 460.264221191 1
63 27 469.902862549 1
63 27 513.461364746 1
63 27 550.260986328 1
63 27 551.685791016 1
63 27 609.98059082 1
63 27 799.054077148 1
63 27 890.076843262 1
63 27 923.160827637 1
63 27 941.01171875 1
63 27 1073.96374512 1
63 28 194.171447754 1
63 28 202.054626465 1
63 28 215.800613403 1
63 28 228.46887207 1
63 28 229.198303223 1
63 28 231.115890503 1
63 28 233.2396698 1
63 28 234.76852417 1
63 28 235.90914917 1
63 28 237.679443359 1
63 28 238.073455811 1
63 28 239.41960144 1
63 28 240.447662354 1
63 28 240.967773438 1
63 28 246.23449707 1
63 28 246.895263672 1
63 28 255.125930786 1
63 28 256.925415039 1
63 28 266.239593506 1
63 28 273.79385376 1
63 28 274.224456787 1
63 28 276.396118164 1
63 28 281.195892334 1
63 28 286.452941895 1
63 28 290.854553223 1
63 28 326.596466064 1
63 28 343.882141113 1
63 28 360.412689209 1
63 28 367.631866455 1
63 28 387.706420898 1
63 28 390.429473877 1
63 28 392.993652344 1
63 28 408.951080322 1
63 28 414.586212158 1
63 28 434.658874512 1
63 28 440.904937744 1
63 28 447.531188965 1
63 28 451.646484375 1
63 28 455.824127197 1
63 28 466.989379883 1
63 28 487.839477539 1
63 28 493.150268555 1
63 28 626.21496582 1
63 28 635.26953125 1
63 28 645.74597168 1
63 28 724.977233887 1
63 28 727.213378906 1
63 28 740.547119141 1
63 28 745.989318848 1
63 28 757.376647949 1
63 28 766.712463379 1
63 28 793.82623291 1
63 28 885.033569336 1
63 28 889.649475098 1
63 28 1070.72094727 1
63 28 1250.33190918 1
63 29 86.54296875 1
63 29 100.396522522 1
63 29 101.294441223 1
63 29 103.894256592 1
63 29 105.613441467 1
63 29 105.773094177 1
63 29 107.136169434 1
63 29 107.237121582 1
63 29 107.880912781 1
63 29 109.733718872 1
63 29 109.890350342 1
63 29 110.35194397 1
63 29 111.268859863 1
63 29 119.480003357 1
63 29 119.76537323 1
63 29 120.627426147 1
63 29 121.688598633 1
63 29 122.042739868 1
63 29 124.42766571 1
63 29 125.167060852 1
63 29 125.648735046 1
63 29 126.02331543 1
63 29 127.001869202 1
63 29 129.497909546 1
63 29 129.557907104 1
63 29 130.437164307 1
63 29 131.431304932 1
63 29 131.860015869 1
63 29 132.918258667 1
63 29 133.947784424 1
63 29 134.109405518 1
63 29 134.442550659 1
63 29 135.511413574 1
63 29 136.717605591 1
63 29 138.497039795 1
63 29 138.53263855 1
63 29 140.252059937 1
63 29 142.659088135 1
63 29 143.548477173 1
63 29 145.184677124 1
63 29 147.152648926 1
63 29 148.516220093 1
63 29 149.57635498 1
63 29 152.5181427 1
63 29 153.71206665 1
63 29 153.829711914 1
63 29 157.027389526 1
63 29 157.747390747 1
63 29 158.823150635 1
63 29 158.863372803 1
63 29 159.03604126 1
63 29 159.34022522 1
63 29 159.490219116 1
63 29 159.638244629 1
63 29 162.335617065 1
63 29 163.393173218 1
63 29 163.445907593 1
63 29 164.018981934 1
63 29 164.506866455 1
63 29 165.322387695 1
63 29 165.822982788 1
63 29 166.155548096 1
63 29 169.98034668 1
63 29 170.88671875 1
63 29 172.047836304 1
63 29 172.85144043 1
63 29 174.510681152 1
63 29 174.934005737 1
63 29 176.514877319 1
63 29 178.020004272 1
63 29 180.296188354 1
63 29 182.651382446 1
63 29 183.447525024 1
63 29 184.02545166 1
63 29 189.402664185 1
63 29 191.860336304 1
63 29 196.2787323 1
63 29 198.856231689 1
63 29 202.559997559 1
63 29 206.2940979 1
63 29 215.435913086 1
63 29 221.33454895 1
63 29 224.509063721 1
63 29 230.000915527 1
63 29 230.029830933 1
63 29 241.12677002 1
63 29 267.388580322 1
63 29 279.659973145 1
63 29 295.787567139 1
63 29 307.01171875 1
63 29 327.308929443 1
63 29 330.668762207 1
63 29 332.127258301 1
63 29 337.996307373 1
63 29 361.325561523 1
63 29 377.791473389 1
63 29 382.107452393 1
63 29 417.859741211 1
63 29 420.154754639 1
63 29 435.16317749 1
63 29 473.932739258 1
63 29 526.569885254 1
63 29 565.577941895 1
63 29 727.819274902 1
63 29 793.967407227 1
63 29 1103.69287109 1
63 31 96.1322784424 1
63 31 98.8480453491 1
63 31 99.9328231812 1
63 31 100.777015686 1
63 31 101.266899109 1
63 31 102.865188599 1
63 31 109.042427063 1
63 31 109.765007019 1
63 31 110.503379822 1
63 31 110.532936096 1
63 31 110.912025452 1
63 31 111.613464355 1
63 31 114.891914368 1
63 31 115.342651367 1
63 31 116.509880066 1
63 31 120.137657166 1
63 31 122.495864868 1
63 31 124.5154953 1
63 31 124.525764465 1
63 31 127.392456055 1
63 31 128.761886597 1
63 31 129.633590698 1
63 31 129.987731934 1
63 31 130.109436035 1
63 31 131.605957031 1
63 31 131.610534668 1
63 31 133.093109131 1
63 31 134.445648193 1
63 31 134.652648926 1
63 31 134.982162476 1
63 31 135.573577881 1
63 31 135.953948975 1
63 31 136.394378662 1
63 31 136.443023682 1
63 31 136.728988647 1
63 31 137.036575317 1
63 31 138.094985962 1
63 31 139.649368286 1
63 31 140.298553467 1
63 31 140.438491821 1
63 31 140.746520996 1
63 31 142.03843689 1
63 31 142.373931885 1
63 31 143.378509521 1
63 31 143.93119812 1
63 31 143.957168579 1
63 31 144.781417847 1
63 31 145.044296265 1
63 31 145.281738281 1
63 31 145.831359863 1
63 31 146.667480469 1
63 31 147.461456299 1
63 31 149.632293701 1
63 31 150.328933716 1
63 31 151.478729248 1
63 31 152.161148071 1
63 31 152.286239624 1
63 31 153.297103882 1
63 31 154.137466431 1
63 31 154.851409912 1
63 31 155.000274658 1
63 31 157.592483521 1
63 31 158.371429443 1
63 31 158.51159668 1
63 31 158.978851318 1
63 31 161.128982544 1
63 31 161.191665649 1
63 31 161.483718872 1
63 31 161.589233398 1
63 31 162.384857178 1
63 31 166.100357056 1
63 31 166.126663208 1
63 31 166.392303467 1
63 31 168.840286255 1
63 31 169.894958496 1
63 31 170.799087524 1
63 31 171.18170166 1
63 31 174.212982178 1
63 31 174.263137817 1
63 31 174.286056519 1
63 31 175.00579834 1
63 31 175.731109619 1
63 31 178.29989624 1
63 31 178.993988037 1
63 31 179.531768799 1
63 31 179.703430176 1
63 31 180.39730835 1
63 31 180.488449097 1
63 31 181.322036743 1
63 31 181.574249268 1
63 31 182.098388672 1
63 31 182.583053589 1
63 31 183.087463379 1
63 31 183.177276611 1
63 31 183.27180481 1
63 31 184.363677979 1
63 31 186.230438232 1
63 31 186.65675354 1
63 31 186.676025391 1
63 31 186.866394043 1
63 31 187.610702515 1
63 31 187.856735229 1
63 31 189.034408569 1
63 31 191.961303711 1
63 31 192.255233765 1
63 31 193.058929443 1
63 31 193.794937134 1
63 31 195.33782959 1
63 31 198.670928955 1
63 31 199.230575562 1
63 31 200.682739258 1
63 31 201.684371948 1
63 31 202.491012573 1
63 31 204.054077148 1
63 31 205.955184937 1
63 31 205.979568481 1
63 31 208.709533691 1
63 31 210.605377197 1
63 31 210.713531494 1
63 31 210.8306427 1
63 31 214.339111328 1
63 31 216.051864624 1
63 31 218.590896606 1
63 31 218.692642212 1
63 31 220.552261353 1
63 31 220.782867432 1
63 31 222.155654907 1
63 31 222.818984985 1
63 31 222.959365845 1
63 31 225.244476318 1
63 31 225.898468018 1
63 31 225.934509277 1
63 31 226.96395874 1
63 31 226.979934692 1
63 31 228.766311646 1
63 31 229.150726318 1
63 31 231.475326538 1
63 31 237.423019409 1
63 31 241.870758057 1
63 31 246.808761597 1
63 31 249.148178101 1
63 31 249.257675171 1
63 31 251.846557617 1
63 31 253.189743042 1
63 31 258.223297119 1
63 31 267.806152344 1
63 31 269.265472412 1
63 31 273.10534668 1
63 31 284.247589111 1
63 31 288.893859863 1
63 31 290.239135742 1
63 31 290.314056396 1
63 31 298.702606201 1
63 31 298.882415771 1
63 31 302.466064453 1
63 31 302.618438721 1
63 31 325.776519775 1
63 31 327.313018799 1
63 31 327.349334717 1
63 31 346.641784668 1
63 31 370.682434082 1
63 31 372.297119141 1
63 31 380.180145264 1
63 31 381.819610596 1
63 31 400.603637695 1
63 31 401.054382324 1
63 31 404.291046143 1
63 31 414.893249512 1
63 31 442.973205566 1
63 31 443.034790039 1
63 31 443.940155029 1
63 31 453.840362549 1
63 31 477.986541748 1
63 31 494.408447266 1
63 31 504.016113281 1
63 31 508.486694336 1
63 31 522.29296875 1
63 31 532.966430664 1
63 31 596.489379883 1
63 31 600.119689941 1
63 31 628.189941406 1
63 31 631.694091797 1
63 31 634.694335938 1
63 31 768.109191895 1
63 31 1104.76245117 1
63 32 202.914611816 1
63 32 203.214752197 1
63 32 221.777450562 1
63 32 222.360733032 1
63 32 237.43939209 1
63 32 237.470855713 1
63 32 237.594802856 1
63 32 237.783355713 1
63 32 239.234771729 1
63 32 242.089797974 1
63 32 247.200408936 1
63 32 248.928863525 1
63 32 249.307266235 1
63 32 252.590393066 1
63 32 252.727539062 1
63 32 257.922210693 1
63 32 258.390441895 1
63 32 260.190673828 1
63 32 261.917633057 1
63 32 264.785919189 1
63 32 271.100708008 1
63 32 277.610473633 1
63 32 278.058166504 1
63 32 279.044372559 1
63 32 287.757171631 1
63 32 291.281616211 1
63 32 292.183197021 1
63 32 293.426300049 1
63 32 293.430541992 1
63 32 294.335754395 1
63 32 295.117553711 1
63 32 296.92590332 1
63 32 298.179351807 1
63 32 298.476470947 1
63 32 299.015960693 1
63 32 299.906707764 1
63 32 302.019226074 1
63 32 303.757446289 1
63 32 307.562591553 1
63 32 315.651184082 1
63 32 317.623199463 1
63 32 320.100891113 1
63 32 324.531646729 1
63 32 337.359405518 1
63 32 371.956451416 1
63 32 374.582855225 1
63 32 382.865966797 1
63 32 392.49319458 1
63 32 405.293457031 1
63 32 427.387329102 1
63 32 433.562683105 1
63 32 446.646820068 1
63 32 452.200653076 1
63 32 495.40133667 1
63 32 547.822387695 1
63 32 593.613769531 1
63 32 604.907714844 1
63 32 605.832702637 1
63 32 615.972412109 1
63 32 775.335449219 1
63 32 1010.07550049 1
63 32 1191.68908691 1
63 33 312.300415039 1
63 33 358.867645264 1
63 33 439.492248535 1
63 33 473.992279053 1
63 33 526.659179688 1
63 33 537.139465332 1
63 33 594.464233398 1
63 33 759.039367676 1
63 34 527.68548584 1
63 34 684.992919922 1
64 28 867.549804688 1
64 28 1048.5802002 1
64 29 795.556213379 1
64 29 908.165222168 1
64 30 883.83380127 1
64 30 1076.94616699 1
64 32 756.043701172 1
64 32 1173.39526367 1
64 33 984.184509277 1
64 34 817.965209961 1
70 26 831.202331543 1
70 27 1003.58728027 1
70 27 1060.17785645 1
70 28 699.401916504 1
70 28 814.34777832 1
70 28 855.86315918 1
70 28 1726.74609375 1
70 30 1065.7890625 1
71 24 1279.79577637 1
71 26 2224.45239258 1
71 27 731.325378418 1
71 28 921.668701172 1
71 28 1067.85925293 1
71 30 770.645446777 1
71 31 1234.46179199 1
