string dom time hits
35 28 1911.20874023 1
45 26 1989.23352051 1
45 30 1473.78356934 1
46 30 1778.12475586 1
46 31 2157.1003418 1
53 31 1280.82836914 1
54 22 1634.89367676 1
54 22 1788.11645508 1
54 24 940.045837402 1
54 24 1083.42443848 1
54 26 758.766052246 1
54 26 996.020141602 1
54 26 1159.7713623 1
54 26 1367.06152344 1
54 26 1370.99853516 1
54 27 689.232421875 1
54 27 729.48046875 1
54 27 748.796569824 1
54 27 792.976257324 1
54 27 824.978210449 1
54 27 920.30291748 1
54 27 951.524047852 1
54 28 688.458129883 1
54 28 772.760314941 1
54 28 817.199462891 1
54 28 827.78326416 1
54 28 837.80279541 1
54 28 872.633911133 1
54 28 980.287536621 1
54 28 1039.40893555 1
54 29 691.860900879 1
54 29 730.93548584 1
54 29 758.340515137 1
54 29 812.754943848 1
54 29 839.739318848 1
54 29 879.05670166 1
54 29 887.315856934 1
54 29 893.972045898 1
54 29 940.595581055 1
54 29 2707.12280273 1
54 30 880.30871582 1
54 30 1129.33300781 1
54 30 1275.27990723 1
54 31 1059.2611084 1
54 31 2027.51049805 1
54 33 1710.59729004 1
54 34 1116.08984375 1
55 22 1974.29003906 1
55 25 779.018005371 1
55 25 969.477661133 1
55 25 1047.77893066 1
55 25 1137.22753906 1
55 25 1178.00427246 1
55 25 1266.05456543 1
55 26 896.025756836 1
55 26 901.553344727 1
55 26 934.009216309 1
55 26 1019.1159668 1
55 26 1038.17041016 1
55 26 1041.80297852 1
55 26 1104.35119629 1
55 26 1462.70788574 1
55 26 1760.08752441 1
55 27 682.55291748 1
55 27 751.184875488 1
55 27 770.957641602 1
55 27 779.93963623 1
55 27 809.649658203 1
55 27 846.194030762 1
55 27 855.681762695 1
55 27 947.752441406 1
55 27 1040.03503418 1
55 27 1059.48071289 1
55 27 1168.48718262 1
55 28 657.122314453 1
55 28 687.369873047 1
55 28 850.07800293 1
55 28 960.65838623 1
55 28 966.748657227 1
55 28 1013.99639893 1
55 28 1039.75598145 1
55 28 1306.61230469 1
55 28 1346.98327637 1
55 28 1449.95275879 1
55 28 2143.85913086 1
55 28 2187.12475586 1
55 29 633.918823242 1
55 29 753.253234863 1
55 29 767.734069824 1
55 29 907.476623535 1
55 30 856.129882812 1
55 30 874.395141602 1
55 30 878.375732422 1
55 30 1110.89868164 1
55 30 1420.4942627 1
55 31 852.07421875 1
55 31 873.653076172 1
55 31 1273.59741211 1
55 32 1725.20825195 1
55 34 1266.6595459 1
56 24 2538.66918945 1
56 30 2379.53710938 1
61 27 1657.76123047 1
62 23 1291.93933105 1
62 24 1339.32678223 1
62 25 827.462280273 1
62 25 1339.98962402 1
62 26 1324.85009766 1
62 27 677.548095703 1
62 27 705.88494873 1
62 27 739.124694824 1
62 27 746.805480957 1
62 27 755.469116211 1
62 27 758.397766113 1
62 27 793.496643066 1
62 27 908.404968262 1
62 27 986.953125 1
62 27 1012.74761963 1
62 28 663.701721191 1
62 28 718.820922852 1
62 28 792.836608887 1
62 28 884.524963379 1
62 28 970.749572754 1
62 28 998.067749023 1
62 28 1129.39208984 1
62 28 1716.53295898 1
62 29 725.939941406 1
62 29 942.493652344 1
62 29 1005.30102539 1
62 29 1055.56030273 1
62 29 1235.28442383 1
62 29 2066.55200195 1
62 30 709.519104004 1
62 30 742.534301758 1
62 30 858.207763672 1
62 30 1517.828125 1
62 31 689.629943848 1
62 31 1184.1817627 1
62 31 1204.31713867 1
62 31 1281.97302246 1
62 31 2487.12353516 1
63 15 3343.26782227 1
63 20 1133.3885498 1
63 20 1217.83789062 1
63 21 1022.66333008 1
63 21 1142.84655762 1
63 21 1144.70983887 1
63 22 746.064758301 1
63 22 833.376159668 1
63 22 1058.19189453 1
63 22 1442.02490234 1
63 22 1445.90710449 1
63 22 1479.1192627 1
63 22 1494.30236816 1
63 22 1539.92956543 1
63 23 687.324645996 1
63 23 693.17956543 1
63 23 749.837463379 1
63 23 785.95501709 1
63 23 827.908325195 1
63 23 845.537963867 1
63 23 975.96875 1
63 23 1143.02770996 1
63 23 1237.79577637 1
63 24 525.198974609 1
63 24 547.621337891 1
63 24 566.878234863 1
63 24 584.907287598 1
63 24 728.953613281 1
63 24 767.009338379 1
63 24 814.317199707 1
63 24 917.545959473 1
63 24 945.171875 1
63 24 962.656860352 1
63 24 1021.13293457 1
63 24 1131.953125 1
63 24 1502.26196289 1
63 24 2233.73486328 1
63 25 425.765716553 1
63 25 439.305145264 1
63 25 444.056915283 1
63 25 461.305023193 1
63 25 466.10055542 1
63 25 469.255554199 1
63 25 474.048248291 1
63 25 483.216064453 1
63 25 483.714630127 1
63 25 485.64263916 1
63 25 492.206207275 1
63 25 495.518005371 1
63 25 503.485473633 1
63 25 507.880767822 1
63 25 508.095825195 1
63 25 522.27746582 1
63 25 527.871032715 1
63 25 541.967651367 1
63 25 565.157165527 1
63 25 565.376281738 1
63 25 574.606750488 1
63 25 590.618774414 1
63 25 597.198120117 1
63 25 598.678588867 1
63 25 601.258056641 1
63 25 614.276245117 1
63 25 630.795410156 1
63 25 632.234375 1
63 25 647.758972168 1
63 25 658.619628906 1
63 25 661.465026855 1
63 25 683.313720703 1
63 25 685.848022461 1
63 25 759.687133789 1
63 25 819.851989746 1
63 25 826.568908691 1
63 25 877.413146973 1
63 25 924.544921875 1
63 25 934.69934082 1
63 25 1022.80187988 1
63 25 1070.17724609 1
63 25 1116.88244629 1
63 25 1125.10864258 1
63 25 1344.71435547 1
63 25 1713.21606445 1
63 26 329.824981689 1
63 26 333.754272461 1
63 26 334.531097412 1
63 26 339.253723145 1
63 26 339.653656006 1
63 26 347.398132324 1
63 26 347.541778564 1
63 26 349.266143799 1
63 26 352.574707031 1
63 26 354.763397217 1
63 26 355.475341797 1
63 26 355.56552124 1
63 26 357.456481934 1
63 26 358.080230713 1
63 26 360.833099365 1
63 26 362.747955322 1
63 26 366.228424072 1
63 26 367.522918701 1
63 26 368.051818848 1
63 26 368.923461914 1
63 26 369.420288086 1
63 26 371.125091553 1
63 26 371.327880859 1
63 26 373.61114502 1
63 26 373.759338379 1
63 26 373.881591797 1
63 26 379.477600098 1
63 26 379.601623535 1
63 26 381.863616943 1
63 26 382.873413086 1
63 26 385.513519287 1
63 26 385.567993164 1
63 26 387.667510986 1
63 26 391.864440918 1
63 26 392.806549072 1
63 26 393.124938965 1
63 26 394.030578613 1
63 26 395.738220215 1
63 26 396.061309814 1
63 26 397.739074707 1
63 26 398.320068359 1
63 26 398.954345703 1
63 26 399.282196045 1
63 26 400.721954346 1
63 26 402.410003662 1
63 26 403.625671387 1
63 26 406.512878418 1
63 26 408.683654785 1
63 26 411.411773682 1
63 26 411.846038818 1
63 26 412.385253906 1
63 26 415.151580811 1
63 26 415.904785156 1
63 26 423.255218506 1
63 26 425.123962402 1
63 26 425.758483887 1
63 26 439.150360107 1
63 26 440.359619141 1
63 26 440.695831299 1
63 26 447.042938232 1
63 26 447.279510498 1
63 26 448.480987549 1
63 26 449.304321289 1
63 26 450.492889404 1
63 26 450.81439209 1
63 26 451.585449219 1
63 26 458.849090576 1
63 26 458.89944458 1
63 26 462.809539795 1
63 26 463.226501465 1
63 26 464.422912598 1
63 26 465.226623535 1
63 26 465.993469238 1
63 26 482.225982666 1
63 26 483.401245117 1
63 26 484.213104248 1
63 26 484.453613281 1
63 26 484.489471436 1
63 26 485.786987305 1
63 26 487.01651001 1
63 26 488.244110107 1
63 26 488.316925049 1
63 26 497.81539917 1
63 26 499.111694336 1
63 26 507.654205322 1
63 26 507.847015381 1
63 26 514.5859375 1
63 26 516.91607666 1
63 26 533.597045898 1
63 26 548.777709961 1
63 26 555.336730957 1
63 26 559.952697754 1
63 26 561.117797852 1
63 26 567.586914062 1
63 26 590.805358887 1
63 26 596.395507812 1
63 26 597.411499023 1
63 26 599.527526855 1
63 26 601.677978516 1
63 26 608.655517578 1
63 26 611.348205566 1
63 26 622.982849121 1
63 26 636.535888672 1
63 26 638.728942871 1
63 26 643.020812988 1
63 26 649.374511719 1
63 26 649.781677246 1
63 26 670.434875488 1
63 26 671.227966309 1
63 26 682.995117188 1
63 26 710.787841797 1
63 26 733.11138916 1
63 26 736.54284668 1
63 26 764.842712402 1
63 26 801.788452148 1
63 26 802.249755859 1
63 26 824.976745605 1
63 26 830.57232666 1
63 26 834.50012207 1
63 26 888.588195801 1
63 26 916.438720703 1
63 26 994.507141113 1
63 26 1059.44470215 1
63 26 1153.64611816 1
63 26 1216.41381836 1
63 26 1230.76000977 1
63 26 1481.47070312 1
63 27 240.937652588 1
63 27 242.51902771 1
63 27 245.106658936 1
63 27 245.247207642 1
63 27 246.569168091 1
63 27 246.761993408 1
63 27 247.217300415 1
63 27 248.884918213 1
63 27 249.152404785 1
63 27 249.321136475 1
63 27 249.742706299 1
63 27 250.759887695 1
63 27 252.057922363 1
63 27 252.982055664 1
63 27 253.942214966 1
63 27 255.872955322 1
63 27 256.007446289 1
63 27 256.013916016 1
63 27 256.13192749 1
63 27 257.171234131 1
63 27 257.242767334 1
63 27 257.661315918 1
63 27 257.957702637 1
63 27 258.374237061 1
63 27 259.225158691 1
63 27 259.413543701 1
63 27 259.481964111 1
63 27 259.808410645 1
63 27 260.014190674 1
63 27 260.096221924 1
63 27 260.173980713 1
63 27 261.226501465 1
63 27 261.432067871 1
63 27 262.343536377 1
63 27 262.421569824 1
63 27 262.56628418 1
63 27 262.63079834 1
63 27 262.652374268 1
63 27 263.48147583 1
63 27 264.064147949 1
63 27 265.324310303 1
63 27 265.724853516 1
63 27 266.277862549 1
63 27 266.549194336 1
63 27 266.658203125 1
63 27 267.087280273 1
63 27 267.554534912 1
63 27 267.700775146 1
63 27 267.884155273 1
63 27 268.046630859 1
63 27 268.133514404 1
63 27 268.187103271 1
63 27 268.68572998 1
63 27 268.725372314 1
63 27 268.767547607 1
63 27 268.877197266 1
63 27 268.899291992 1
63 27 268.946624756 1
63 27 269.807189941 1
63 27 270.477722168 1
63 27 271.884643555 1
63 27 272.158325195 1
63 27 272.331878662 1
63 27 273.540283203 1
63 27 273.581268311 1
63 27 273.594726562 1
63 27 273.889007568 1
63 27 274.445892334 1
63 27 274.452270508 1
63 27 274.769256592 1
63 27 274.812347412 1
63 27 275.230010986 1
63 27 275.479309082 1
63 27 275.814361572 1
63 27 275.883453369 1
63 27 276.425567627 1
63 27 277.392242432 1
63 27 277.569091797 1
63 27 277.981811523 1
63 27 278.130218506 1
63 27 278.364746094 1
63 27 278.93927002 1
63 27 279.535247803 1
63 27 280.121734619 1
63 27 280.244598389 1
63 27 280.376220703 1
63 27 280.662750244 1
63 27 280.697113037 1
63 27 280.734283447 1
63 27 281.389404297 1
63 27 281.427429199 1
63 27 281.498748779 1
63 27 282.99206543 1
63 27 283.405334473 1
63 27 283.483825684 1
63 27 285.68862915 1
63 27 285.749267578 1
63 27 285.846191406 1
63 27 286.169311523 1
63 27 286.568115234 1
63 27 286.691436768 1
63 27 286.936279297 1
63 27 287.264831543 1
63 27 287.650268555 1
63 27 287.789337158 1
63 27 287.991973877 1
63 27 288.522399902 1
63 27 289.047637939 1
63 27 289.499938965 1
63 27 289.776794434 1
63 27 289.833862305 1
63 27 289.878051758 1
63 27 290.550445557 1
63 27 290.779846191 1
63 27 291.315765381 1
63 27 291.369598389 1
63 27 291.563964844 1
63 27 291.640869141 1
63 27 291.713256836 1
63 27 291.863952637 1
63 27 292.221099854 1
63 27 292.470062256 1
63 27 292.548309326 1
63 27 292.592590332 1
63 27 293.536407471 1
63 27 293.742462158 1
63 27 294.135803223 1
63 27 294.372680664 1
63 27 294.7890625 1
63 27 295.176239014 1
63 27 295.507263184 1
63 27 295.929931641 1
63 27 296.365570068 1
63 27 296.587921143 1
63 27 296.795837402 1
63 27 296.977386475 1
63 27 297.010528564 1
63 27 297.020904541 1
63 27 297.038513184 1
63 27 297.890380859 1
63 27 298.235900879 1
63 27 298.564697266 1
63 27 298.679595947 1
63 27 299.01159668 1
63 27 299.532836914 1
63 27 299.973602295 1
63 27 300.907806396 1
63 27 301.039215088 1
63 27 303.05581665 1
63 27 303.706787109 1
63 27 305.499481201 1
63 27 306.074523926 1
63 27 306.564453125 1
63 27 306.645446777 1
63 27 308.594909668 1
63 27 308.784332275 1
63 27 309.439605713 1
63 27 311.923431396 1
63 27 311.975158691 1
63 27 312.805999756 1
63 27 313.336181641 1
63 27 313.412536621 1
63 27 313.683837891 1
63 27 313.900878906 1
63 27 314.513336182 1
63 27 315.407806396 1
63 27 315.729400635 1
63 27 316.401489258 1
63 27 316.779510498 1
63 27 318.401397705 1
63 27 320.538848877 1
63 27 321.086090088 1
63 27 321.867004395 1
63 27 323.070739746 1
63 27 325.59375 1
63 27 326.761016846 1
63 27 326.97833252 1
63 27 327.167999268 1
63 27 328.260559082 1
63 27 331.818084717 1
63 27 332.062011719 1
63 27 332.153961182 1
63 27 333.017578125 1
63 27 333.749633789 1
63 27 334.839691162 1
63 27 336.703613281 1
63 27 338.091308594 1
63 27 339.16973877 1
63 27 340.4296875 1
63 27 341.030090332 1
63 27 341.400634766 1
63 27 343.050964355 1
63 27 344.467254639 1
63 27 345.317260742 1
63 27 347.87008667 1
63 27 349.198150635 1
63 27 349.736816406 1
63 27 351.988433838 1
63 27 353.426940918 1
63 27 354.559936523 1
63 27 354.862121582 1
63 27 354.934448242 1
63 27 356.802856445 1
63 27 357.187042236 1
63 27 358.430175781 1
63 27 358.712402344 1
63 27 359.113128662 1
63 27 361.468475342 1
63 27 365.413635254 1
63 27 367.018432617 1
63 27 376.947265625 1
63 27 377.686248779 1
63 27 380.607940674 1
63 27 381.382873535 1
63 27 382.096282959 1
63 27 383.53338623 1
63 27 383.890869141 1
63 27 387.716094971 1
63 27 389.551086426 1
63 27 390.998046875 1
63 27 393.566650391 1
63 27 395.339233398 1
63 27 396.804016113 1
63 27 397.99810791 1
63 27 404.823120117 1
63 27 405.283172607 1
63 27 405.782775879 1
63 27 406.102600098 1
63 27 409.172546387 1
63 27 412.997253418 1
63 27 418.491210938 1
63 27 421.217498779 1
63 27 422.711608887 1
63 27 424.571472168 1
63 27 429.741424561 1
63 27 435.599243164 1
63 27 436.466461182 1
63 27 446.963592529 1
63 27 456.783691406 1
63 27 467.136993408 1
63 27 476.959350586 1
63 27 479.806091309 1
63 27 484.470977783 1
63 27 492.078155518 1
63 27 495.062744141 1
63 27 502.374633789 1
63 27 513.566711426 1
63 27 517.037536621 1
63 27 518.070739746 1
63 27 524.223632812 1
63 27 525.861999512 1
63 27 528.25769043 1
63 27 535.594421387 1
63 27 539.159301758 1
63 27 539.468139648 1
63 27 555.80859375 1
63 27 569.458557129 1
63 27 580.516174316 1
63 27 585.183837891 1
63 27 590.036315918 1
63 27 608.431762695 1
63 27 615.33782959 1
63 27 616.614562988 1
63 27 627.783508301 1
63 27 635.511047363 1
63 27 641.426879883 1
63 27 650.445922852 1
63 27 667.88861084 1
63 27 673.289550781 1
63 27 689.06817627 1
63 27 697.291687012 1
63 27 701.491149902 1
63 27 716.298706055 1
63 27 721.945129395 1
63 27 724.364501953 1
63 27 755.415405273 1
63 27 772.300476074 1
63 27 773.548156738 1
63 27 855.748962402 1
63 27 870.447387695 1
63 27 879.883544922 1
63 27 988.196594238 1
63 27 1080.95666504 1
63 27 1178.63867188 1
63 27 1551.40087891 1
63 27 1819.92504883 1
63 27 1869.05297852 1
63 28 159.15397644 1
63 28 162.950546265 1
63 28 162.984512329 1
63 28 164.131912231 1
63 28 164.627990723 1
63 28 165.494995117 1
63 28 165.730728149 1
63 28 165.817169189 1
63 28 166.423629761 1
63 28 166.444992065 1
63 28 166.722824097 1
63 28 166.816009521 1
63 28 166.898971558 1
63 28 167.057449341 1
63 28 167.150436401 1
63 28 167.447998047 1
63 28 167.534927368 1
63 28 167.721435547 1
63 28 167.790985107 1
63 28 167.920837402 1
63 28 168.133743286 1
63 28 168.193847656 1
63 28 168.196548462 1
63 28 168.445800781 1
63 28 168.498748779 1
63 28 168.694274902 1
63 28 168.703491211 1
63 28 169.20085144 1
63 28 169.323272705 1
63 28 169.370834351 1
63 28 169.670471191 1
63 28 169.746627808 1
63 28 169.848724365 1
63 28 170.159729004 1
63 28 170.379501343 1
63 28 170.435760498 1
63 28 170.554107666 1
63 28 170.602752686 1
63 28 170.625091553 1
63 28 170.629226685 1
63 28 170.838821411 1
63 28 170.845153809 1
63 28 170.859664917 1
63 28 170.864395142 1
63 28 170.890014648 1
63 28 170.903457642 1
63 28 170.921081543 1
63 28 170.979614258 1
63 28 171.263717651 1
63 28 171.319717407 1
63 28 171.394897461 1
63 28 171.395721436 1
63 28 171.446136475 1
63 28 171.452209473 1
63 28 171.45475769 1
63 28 171.570083618 1
63 28 171.694778442 1
63 28 171.886535645 1
63 28 172.054412842 1
63 28 172.117034912 1
63 28 172.401550293 1
63 28 172.476043701 1
63 28 172.575958252 1
63 28 172.626480103 1
63 28 172.63192749 1
63 28 172.701889038 1
63 28 172.750869751 1
63 28 172.764099121 1
63 28 172.862030029 1
63 28 172.896179199 1
63 28 172.956130981 1
63 28 172.999893188 1
63 28 173.065963745 1
63 28 173.24597168 1
63 28 173.553329468 1
63 28 173.622024536 1
63 28 173.68019104 1
63 28 173.704940796 1
63 28 173.876434326 1
63 28 173.950332642 1
63 28 173.992004395 1
63 28 174.489395142 1
63 28 174.597015381 1
63 28 174.800613403 1
63 28 174.87046814 1
63 28 174.885025024 1
63 28 175.008087158 1
63 28 175.044662476 1
63 28 175.132904053 1
63 28 175.134399414 1
63 28 175.160064697 1
63 28 175.356018066 1
63 28 175.359298706 1
63 28 175.417449951 1
63 28 175.44972229 1
63 28 175.491989136 1
63 28 175.538421631 1
63 28 175.584152222 1
63 28 175.703567505 1
63 28 175.704925537 1
63 28 175.944274902 1
63 28 176.179275513 1
63 28 176.338180542 1
63 28 176.350967407 1
63 28 176.371002197 1
63 28 176.587478638 1
63 28 176.800338745 1
63 28 176.818328857 1
63 28 177.17791748 1
63 28 177.268569946 1
63 28 177.393753052 1
63 28 177.398513794 1
63 28 177.68510437 1
63 28 177.687820435 1
63 28 177.905990601 1
63 28 177.961715698 1
63 28 178.027481079 1
63 28 178.028152466 1
63 28 178.251831055 1
63 28 178.417251587 1
63 28 178.420471191 1
63 28 178.500488281 1
63 28 178.583099365 1
63 28 178.612213135 1
63 28 178.725036621 1
63 28 178.791992188 1
63 28 178.826812744 1
63 28 178.93536377 1
63 28 178.947814941 1
63 28 179.117416382 1
63 28 179.190811157 1
63 28 179.39012146 1
63 28 179.414978027 1
63 28 179.47064209 1
63 28 179.567993164 1
63 28 179.582580566 1
63 28 179.605651855 1
63 28 179.648590088 1
63 28 179.747070312 1
63 28 179.812591553 1
63 28 179.857437134 1
63 28 179.875457764 1
63 28 179.886383057 1
63 28 179.908462524 1
63 28 179.92376709 1
63 28 180.068695068 1
63 28 180.107589722 1
63 28 180.200912476 1
63 28 180.236343384 1
63 28 180.239776611 1
63 28 180.247360229 1
63 28 180.29006958 1
63 28 180.44682312 1
63 28 180.48815918 1
63 28 180.518341064 1
63 28 180.591461182 1
63 28 180.667358398 1
63 28 180.709197998 1
63 28 180.789398193 1
63 28 180.805587769 1
63 28 181.027923584 1
63 28 181.141983032 1
63 28 181.151062012 1
63 28 181.173278809 1
63 28 181.204788208 1
63 28 181.45854187 1
63 28 181.510131836 1
63 28 181.551040649 1
63 28 181.565505981 1
63 28 181.575790405 1
63 28 181.586486816 1
63 28 181.605804443 1
63 28 181.64100647 1
63 28 181.745162964 1
63 28 181.825241089 1
63 28 181.899765015 1
63 28 181.936630249 1
63 28 181.966751099 1
63 28 182.105361938 1
63 28 182.151763916 1
63 28 182.182769775 1
63 28 182.245925903 1
63 28 182.26210022 1
63 28 182.306152344 1
63 28 182.312698364 1
63 28 182.318618774 1
63 28 182.377487183 1
63 28 182.458206177 1
63 28 182.573928833 1
63 28 182.585006714 1
63 28 182.653701782 1
63 28 182.802993774 1
63 28 182.899612427 1
63 28 183.067855835 1
63 28 183.307373047 1
63 28 183.318206787 1
63 28 183.40838623 1
63 28 183.452468872 1
63 28 183.480621338 1
63 28 183.519195557 1
63 28 183.584640503 1
63 28 183.657394409 1
63 28 183.728210449 1
63 28 183.818145752 1
63 28 183.947143555 1
63 28 184.077682495 1
63 28 184.118774414 1
63 28 184.194091797 1
63 28 184.221206665 1
63 28 184.236312866 1
63 28 184.331710815 1
63 28 184.376174927 1
63 28 184.481414795 1
63 28 184.541107178 1
63 28 184.546035767 1
63 28 184.551864624 1
63 28 184.578155518 1
63 28 184.812942505 1
63 28 184.917068481 1
63 28 185.182113647 1
63 28 185.317108154 1
63 28 185.322311401 1
63 28 185.374298096 1
63 28 185.382659912 1
63 28 185.39453125 1
63 28 185.552444458 1
63 28 185.553665161 1
63 28 185.682434082 1
63 28 185.694000244 1
63 28 185.995422363 1
63 28 185.996109009 1
63 28 186.11680603 1
63 28 186.129455566 1
63 28 186.264358521 1
63 28 186.444137573 1
63 28 186.775390625 1
63 28 186.868591309 1
63 28 186.906570435 1
63 28 186.966110229 1
63 28 187.010696411 1
63 28 187.056213379 1
63 28 187.06854248 1
63 28 187.088088989 1
63 28 187.33807373 1
63 28 187.395645142 1
63 28 187.58215332 1
63 28 188.200820923 1
63 28 188.292861938 1
63 28 188.319641113 1
63 28 188.514251709 1
63 28 188.566162109 1
63 28 188.593231201 1
63 28 188.650238037 1
63 28 188.662017822 1
63 28 188.80758667 1
63 28 188.934326172 1
63 28 189.026290894 1
63 28 189.036529541 1
63 28 189.165542603 1
63 28 189.251739502 1
63 28 189.406814575 1
63 28 189.773895264 1
63 28 189.778884888 1
63 28 190.037765503 1
63 28 190.1275177 1
63 28 190.335540771 1
63 28 190.350128174 1
63 28 190.458755493 1
63 28 190.487884521 1
63 28 190.689483643 1
63 28 190.8309021 1
63 28 191.01121521 1
63 28 191.097595215 1
63 28 191.235290527 1
63 28 191.297439575 1
63 28 191.528457642 1
63 28 191.598526001 1
63 28 191.76725769 1
63 28 191.878448486 1
63 28 191.895553589 1
63 28 191.95274353 1
63 28 191.986831665 1
63 28 192.019226074 1
63 28 192.656860352 1
63 28 192.735168457 1
63 28 192.917999268 1
63 28 192.99671936 1
63 28 193.004882812 1
63 28 193.140213013 1
63 28 193.193283081 1
63 28 193.20425415 1
63 28 193.301986694 1
63 28 193.435302734 1
63 28 193.474075317 1
63 28 193.822067261 1
63 28 193.991668701 1
63 28 194.018005371 1
63 28 194.16545105 1
63 28 194.188156128 1
63 28 194.236846924 1
63 28 194.481689453 1
63 28 194.541564941 1
63 28 194.663528442 1
63 28 194.729431152 1
63 28 194.743774414 1
63 28 194.954742432 1
63 28 195.121673584 1
63 28 195.176574707 1
63 28 195.181838989 1
63 28 195.258224487 1
63 28 195.484832764 1
63 28 195.498397827 1
63 28 195.536972046 1
63 28 195.61831665 1
63 28 195.736663818 1
63 28 195.808105469 1
63 28 195.824172974 1
63 28 196.017547607 1
63 28 196.078018188 1
63 28 196.0887146 1
63 28 196.106369019 1
63 28 196.216873169 1
63 28 196.518737793 1
63 28 196.565795898 1
63 28 196.629013062 1
63 28 196.644989014 1
63 28 196.948547363 1
63 28 196.951675415 1
63 28 197.280639648 1
63 28 197.379226685 1
63 28 197.421676636 1
63 28 197.424789429 1
63 28 197.434051514 1
63 28 197.466888428 1
63 28 197.554016113 1
63 28 197.653900146 1
63 28 197.769943237 1
63 28 198.073730469 1
63 28 198.568206787 1
63 28 198.602737427 1
63 28 198.629821777 1
63 28 198.653411865 1
63 28 198.754959106 1
63 28 198.870483398 1
63 28 198.938537598 1
63 28 199.291168213 1
63 28 199.328430176 1
63 28 199.479766846 1
63 28 199.507751465 1
63 28 199.800857544 1
63 28 199.809616089 1
63 28 199.837921143 1
63 28 199.861206055 1
63 28 199.98348999 1
63 28 200.042266846 1
63 28 200.043823242 1
63 28 200.114532471 1
63 28 200.348632812 1
63 28 201.039169312 1
63 28 201.109176636 1
63 28 201.248458862 1
63 28 201.427963257 1
63 28 201.443222046 1
63 28 201.545028687 1
63 28 201.904968262 1
63 28 202.031799316 1
63 28 202.064910889 1
63 28 202.208953857 1
63 28 202.302810669 1
63 28 202.358230591 1
63 28 202.68107605 1
63 28 202.846176147 1
63 28 202.916397095 1
63 28 202.960128784 1
63 28 202.988998413 1
63 28 203.223571777 1
63 28 203.463775635 1
63 28 203.543701172 1
63 28 203.642425537 1
63 28 203.769104004 1
63 28 203.886047363 1
63 28 203.893081665 1
63 28 204.186584473 1
63 28 204.350402832 1
63 28 204.668426514 1
63 28 204.846908569 1
63 28 204.86328125 1
63 28 204.8931427 1
63 28 204.931015015 1
63 28 204.989257812 1
63 28 205.103561401 1
63 28 205.302886963 1
63 28 205.561264038 1
63 28 205.598205566 1
63 28 205.735946655 1
63 28 205.74357605 1
63 28 205.994049072 1
63 28 206.085754395 1
63 28 207.060699463 1
63 28 207.250137329 1
63 28 207.347320557 1
63 28 207.949188232 1
63 28 208.113510132 1
63 28 208.25440979 1
63 28 208.366271973 1
63 28 208.762191772 1
63 28 208.786773682 1
63 28 209.322494507 1
63 28 209.324737549 1
63 28 209.526077271 1
63 28 209.746047974 1
63 28 209.847702026 1
63 28 209.875137329 1
63 28 210.003570557 1
63 28 210.217514038 1
63 28 210.416564941 1
63 28 210.600830078 1
63 28 210.744522095 1
63 28 211.525146484 1
63 28 211.6381073 1
63 28 211.692611694 1
63 28 211.865646362 1
63 28 212.310333252 1
63 28 212.778060913 1
63 28 213.230545044 1
63 28 213.509429932 1
63 28 214.158569336 1
63 28 214.367446899 1
63 28 214.384536743 1
63 28 215.049636841 1
63 28 215.385910034 1
63 28 215.396942139 1
63 28 215.511886597 1
63 28 215.783035278 1
63 28 216.288650513 1
63 28 216.365783691 1
63 28 216.496917725 1
63 28 217.096206665 1
63 28 217.4662323 1
63 28 217.633560181 1
63 28 217.756546021 1
63 28 218.189529419 1
63 28 218.462020874 1
63 28 218.722091675 1
63 28 218.870422363 1
63 28 220.166992188 1
63 28 220.838012695 1
63 28 220.86428833 1
63 28 221.575393677 1
63 28 221.958847046 1
63 28 222.206436157 1
63 28 222.6640625 1
63 28 222.730178833 1
63 28 222.81930542 1
63 28 223.13508606 1
63 28 223.139968872 1
63 28 223.168289185 1
63 28 223.662460327 1
63 28 223.675415039 1
63 28 224.07800293 1
63 28 224.26260376 1
63 28 224.760650635 1
63 28 224.871322632 1
63 28 225.242370605 1
63 28 225.450790405 1
63 28 226.527587891 1
63 28 227.429611206 1
63 28 228.210510254 1
63 28 228.566207886 1
63 28 229.617645264 1
63 28 229.972335815 1
63 28 231.093765259 1
63 28 231.215820312 1
63 28 231.636383057 1
63 28 231.952102661 1
63 28 232.354705811 1
63 28 232.564529419 1
63 28 233.237411499 1
63 28 235.221694946 1
63 28 235.904418945 1
63 28 236.295501709 1
63 28 236.654830933 1
63 28 237.583099365 1
63 28 238.664825439 1
63 28 238.722061157 1
63 28 240.165756226 1
63 28 240.656509399 1
63 28 243.248138428 1
63 28 243.632125854 1
63 28 243.654891968 1
63 28 244.627487183 1
63 28 245.555130005 1
63 28 246.273666382 1
63 28 246.696151733 1
63 28 246.729797363 1
63 28 248.149780273 1
63 28 248.331588745 1
63 28 249.468780518 1
63 28 251.938323975 1
63 28 253.515533447 1
63 28 254.057571411 1
63 28 254.931396484 1
63 28 255.174621582 1
63 28 255.787628174 1
63 28 256.907409668 1
63 28 257.124328613 1
63 28 257.674530029 1
63 28 258.411102295 1
63 28 260.164855957 1
63 28 260.334686279 1
63 28 260.987030029 1
63 28 261.115234375 1
63 28 261.602264404 1
63 28 261.875854492 1
63 28 262.816680908 1
63 28 263.233520508 1
63 28 263.605255127 1
63 28 267.820739746 1
63 28 268.621826172 1
63 28 269.875610352 1
63 28 270.217926025 1
63 28 272.127410889 1
63 28 272.2762146 1
63 28 273.712036133 1
63 28 274.773132324 1
63 28 276.933746338 1
63 28 277.641662598 1
63 28 279.309082031 1
63 28 279.975463867 1
63 28 280.785491943 1
63 28 281.87399292 1
63 28 283.640808105 1
63 28 287.487457275 1
63 28 288.54498291 1
63 28 288.908233643 1
63 28 289.24597168 1
63 28 290.286804199 1
63 28 291.088500977 1
63 28 291.184936523 1
63 28 291.722320557 1
63 28 292.008728027 1
63 28 292.530914307 1
63 28 293.028106689 1
63 28 293.453369141 1
63 28 295.18762207 1
63 28 295.65145874 1
63 28 296.391662598 1
63 28 297.368103027 1
63 28 298.086608887 1
63 28 301.40713501 1
63 28 302.80847168 1
63 28 303.098236084 1
63 28 303.586639404 1
63 28 304.186981201 1
63 28 304.927185059 1
63 28 306.030029297 1
63 28 306.964752197 1
63 28 307.390380859 1
63 28 307.690216064 1
63 28 310.924072266 1
63 28 311.484191895 1
63 28 312.084320068 1
63 28 313.960876465 1
63 28 320.133209229 1
63 28 320.15637207 1
63 28 320.396484375 1
63 28 320.663635254 1
63 28 322.283355713 1
63 28 322.776763916 1
63 28 323.316162109 1
63 28 326.528167725 1
63 28 327.437866211 1
63 28 327.942474365 1
63 28 328.299560547 1
63 28 329.670471191 1
63 28 330.841217041 1
63 28 331.018951416 1
63 28 331.752258301 1
63 28 334.212646484 1
63 28 335.437438965 1
63 28 341.968353271 1
63 28 344.101196289 1
63 28 347.352539062 1
63 28 350.172576904 1
63 28 353.666351318 1
63 28 356.886566162 1
63 28 358.984741211 1
63 28 363.269897461 1
63 28 363.51763916 1
63 28 363.607147217 1
63 28 366.518859863 1
63 28 369.420257568 1
63 28 371.51385498 1
63 28 372.224395752 1
63 28 372.452850342 1
63 28 375.13861084 1
63 28 385.933288574 1
63 28 386.117980957 1
63 28 389.409362793 1
63 28 391.439422607 1
63 28 393.773773193 1
63 28 397.026519775 1
63 28 403.122314453 1
63 28 409.496887207 1
63 28 413.673400879 1
63 28 413.81362915 1
63 28 424.666107178 1
63 28 440.401885986 1
63 28 444.040802002 1
63 28 446.69619751 1
63 28 460.630126953 1
63 28 465.391906738 1
63 28 468.096740723 1
63 28 470.078887939 1
63 28 471.726745605 1
63 28 474.719818115 1
63 28 489.059967041 1
63 28 496.692565918 1
63 28 503.578521729 1
63 28 508.240234375 1
63 28 521.631347656 1
63 28 526.04095459 1
63 28 558.844421387 1
63 28 602.216369629 1
63 28 610.215087891 1
63 28 611.223815918 1
63 28 622.103759766 1
63 28 641.641662598 1
63 28 642.10559082 1
63 28 647.145690918 1
63 28 664.564758301 1
63 28 666.548461914 1
63 28 672.29699707 1
63 28 676.51776123 1
63 28 677.816040039 1
63 28 703.385925293 1
63 28 735.713134766 1
63 28 751.479248047 1
63 28 765.230407715 1
63 28 800.961181641 1
63 28 815.374145508 1
63 28 837.448364258 1
63 28 840.653381348 1
63 28 849.195922852 1
63 28 849.374084473 1
63 28 854.194641113 1
63 28 863.742004395 1
63 28 880.118774414 1
63 28 893.085083008 1
63 28 907.622924805 1
63 28 916.71105957 1
63 28 950.95324707 1
63 28 953.640136719 1
63 28 1029.8536377 1
63 28 1031.21716309 1
63 28 1067.08288574 1
63 28 1119.66992188 1
63 28 1135.07678223 1
63 28 1550.87353516 1
63 28 1747.34118652 1
63 28 2164.93725586 1
63 29 79.7124557495 1
63 29 80.4737548828 1
63 29 81.0322570801 1
63 29 81.704574585 1
63 29 81.779258728 1
63 29 81.8417434692 1
63 29 81.8598709106 1
63 29 82.005569458 1
63 29 82.0342254639 1
63 29 82.0720062256 1
63 29 82.4326934814 1
63 29 82.7436065674 1
63 29 82.9062652588 1
63 29 83.0646743774 1
63 29 83.1185455322 1
63 29 83.2646331787 1
63 29 83.2897567749 1
63 29 83.3217163086 1
63 29 83.4181900024 1
63 29 83.4695739746 1
63 29 83.5120544434 1
63 29 83.5623397827 1
63 29 83.8416519165 1
63 29 83.8571472168 1
63 29 83.9455718994 1
63 29 84.0046386719 1
63 29 84.1312484741 1
63 29 84.1427688599 1
63 29 84.1936264038 1
63 29 84.313911438 1
63 29 84.3398208618 1
63 29 84.363571167 1
63 29 84.3823623657 1
63 29 84.4502639771 1
63 29 84.5400924683 1
63 29 84.5561141968 1
63 29 84.6452255249 1
63 29 84.6972351074 1
63 29 84.7696990967 1
63 29 84.8398361206 1
63 29 84.8673553467 1
63 29 84.870552063 1
63 29 84.9323425293 1
63 29 84.9783401489 1
63 29 85.1289749146 1
63 29 85.1877670288 1
63 29 85.3509292603 1
63 29 85.3625030518 1
63 29 85.4567642212 1
63 29 85.5322494507 1
63 29 85.5365371704 1
63 29 85.619644165 1
63 29 85.683303833 1
63 29 85.6988983154 1
63 29 85.7530441284 1
63 29 85.8060836792 1
63 29 86.0252990723 1
63 29 86.0789794922 1
63 29 86.1428146362 1
63 29 86.1633605957 1
63 29 86.1922225952 1
63 29 86.2155151367 1
63 29 86.2530975342 1
63 29 86.2608108521 1
63 29 86.283454895 1
63 29 86.3239746094 1
63 29 86.3502807617 1
63 29 86.3829727173 1
63 29 86.3878936768 1
63 29 86.450920105 1
63 29 86.4709243774 1
63 29 86.5224838257 1
63 29 86.553276062 1
63 29 86.5710754395 1
63 29 86.6014709473 1
63 29 86.6117019653 1
63 29 86.6631011963 1
63 29 86.6894760132 1
63 29 86.6987991333 1
63 29 86.7410736084 1
63 29 86.7963867188 1
63 29 86.8201904297 1
63 29 86.8909072876 1
63 29 86.9006195068 1
63 29 86.9135360718 1
63 29 86.9358825684 1
63 29 87.0073394775 1
63 29 87.0442962646 1
63 29 87.0875320435 1
63 29 87.0883865356 1
63 29 87.0926132202 1
63 29 87.233833313 1
63 29 87.2734909058 1
63 29 87.3378982544 1
63 29 87.3412628174 1
63 29 87.3574066162 1
63 29 87.3670349121 1
63 29 87.3701934814 1
63 29 87.3863525391 1
63 29 87.4004058838 1
63 29 87.4139328003 1
63 29 87.479385376 1
63 29 87.5330276489 1
63 29 87.6189041138 1
63 29 87.6283569336 1
63 29 87.6309585571 1
63 29 87.640914917 1
63 29 87.6704330444 1
63 29 87.7018356323 1
63 29 87.7193222046 1
63 29 87.7202148438 1
63 29 87.7851867676 1
63 29 87.8143844604 1
63 29 87.8871078491 1
63 29 87.8904266357 1
63 29 87.9012527466 1
63 29 87.9451370239 1
63 29 87.9705886841 1
63 29 87.9947967529 1
63 29 88.0043487549 1
63 29 88.0190124512 1
63 29 88.0296707153 1
63 29 88.0879898071 1
63 29 88.1075515747 1
63 29 88.1234970093 1
63 29 88.1356658936 1
63 29 88.1375427246 1
63 29 88.1552658081 1
63 29 88.1728744507 1
63 29 88.1749801636 1
63 29 88.1794052124 1
63 29 88.189125061 1
63 29 88.1994247437 1
63 29 88.2131576538 1
63 29 88.2459716797 1
63 29 88.2745895386 1
63 29 88.3017654419 1
63 29 88.3211288452 1
63 29 88.3791809082 1
63 29 88.4016036987 1
63 29 88.4042892456 1
63 29 88.4381408691 1
63 29 88.483795166 1
63 29 88.4917831421 1
63 29 88.500869751 1
63 29 88.5051193237 1
63 29 88.507484436 1
63 29 88.5494537354 1
63 29 88.6076889038 1
63 29 88.6406860352 1
63 29 88.6499938965 1
63 29 88.666305542 1
63 29 88.7192993164 1
63 29 88.7373428345 1
63 29 88.7395629883 1
63 29 88.7521896362 1
63 29 88.7598571777 1
63 29 88.7964935303 1
63 29 88.8291168213 1
63 29 88.8850021362 1
63 29 88.9015579224 1
63 29 88.9179916382 1
63 29 88.9300460815 1
63 29 88.9779052734 1
63 29 89.0683059692 1
63 29 89.0897521973 1
63 29 89.109413147 1
63 29 89.1119995117 1
63 29 89.1245651245 1
63 29 89.1559829712 1
63 29 89.1996765137 1
63 29 89.2055435181 1
63 29 89.2172546387 1
63 29 89.2273788452 1
63 29 89.2330093384 1
63 29 89.2514266968 1
63 29 89.2531433105 1
63 29 89.2763214111 1
63 29 89.2920913696 1
63 29 89.3212127686 1
63 29 89.3266525269 1
63 29 89.3291168213 1
63 29 89.3617172241 1
63 29 89.3668365479 1
63 29 89.3748626709 1
63 29 89.3805618286 1
63 29 89.4250259399 1
63 29 89.448387146 1
63 29 89.4580612183 1
63 29 89.4917602539 1
63 29 89.5216903687 1
63 29 89.5366210938 1
63 29 89.5600814819 1
63 29 89.6117553711 1
63 29 89.6360321045 1
63 29 89.71043396 1
63 29 89.7633209229 1
63 29 89.7738647461 1
63 29 89.7823562622 1
63 29 89.8018722534 1
63 29 89.8142318726 1
63 29 89.8166656494 1
63 29 89.8323440552 1
63 29 89.8790817261 1
63 29 89.8845367432 1
63 29 89.9113388062 1
63 29 89.9910888672 1
63 29 89.9914855957 1
63 29 90.001449585 1
63 29 90.0613479614 1
63 29 90.0718154907 1
63 29 90.1644287109 1
63 29 90.1680603027 1
63 29 90.2342758179 1
63 29 90.2443847656 1
63 29 90.2686080933 1
63 29 90.3133163452 1
63 29 90.3793182373 1
63 29 90.3895568848 1
63 29 90.4075088501 1
63 29 90.4231567383 1
63 29 90.4626922607 1
63 29 90.490020752 1
63 29 90.494972229 1
63 29 90.5037231445 1
63 29 90.5134735107 1
63 29 90.517288208 1
63 29 90.5336380005 1
63 29 90.5349884033 1
63 29 90.5542221069 1
63 29 90.5745162964 1
63 29 90.580039978 1
63 29 90.6227340698 1
63 29 90.6337814331 1
63 29 90.6360168457 1
63 29 90.6915435791 1
63 29 90.6939544678 1
63 29 90.7031326294 1
63 29 90.7060089111 1
63 29 90.7519607544 1
63 29 90.7597503662 1
63 29 90.7770004272 1
63 29 90.8016662598 1
63 29 90.8062438965 1
63 29 90.8730773926 1
63 29 90.8918075562 1
63 29 90.9041748047 1
63 29 90.9244995117 1
63 29 90.9284973145 1
63 29 90.9550170898 1
63 29 90.9613571167 1
63 29 90.9683914185 1
63 29 91.0684661865 1
63 29 91.0710754395 1
63 29 91.0770950317 1
63 29 91.0993728638 1
63 29 91.1083602905 1
63 29 91.1111602783 1
63 29 91.1171646118 1
63 29 91.1494827271 1
63 29 91.1508865356 1
63 29 91.1568222046 1
63 29 91.1854934692 1
63 29 91.1882171631 1
63 29 91.2243041992 1
63 29 91.231803894 1
63 29 91.2457962036 1
63 29 91.2564849854 1
63 29 91.2629928589 1
63 29 91.2992248535 1
63 29 91.3577957153 1
63 29 91.3688812256 1
63 29 91.3719787598 1
63 29 91.4161453247 1
63 29 91.4541625977 1
63 29 91.4668731689 1
63 29 91.4712371826 1
63 29 91.4748764038 1
63 29 91.4819107056 1
63 29 91.4872360229 1
63 29 91.4910354614 1
63 29 91.4992675781 1
63 29 91.5053939819 1
63 29 91.5337905884 1
63 29 91.5541229248 1
63 29 91.5887298584 1
63 29 91.5889282227 1
63 29 91.600112915 1
63 29 91.6271743774 1
63 29 91.6407699585 1
63 29 91.6515884399 1
63 29 91.6559677124 1
63 29 91.6959152222 1
63 29 91.7141265869 1
63 29 91.7213516235 1
63 29 91.7294387817 1
63 29 91.7689056396 1
63 29 91.7971496582 1
63 29 91.8014907837 1
63 29 91.802696228 1
63 29 91.8445892334 1
63 29 91.8453598022 1
63 29 91.8518600464 1
63 29 91.889175415 1
63 29 91.9297332764 1
63 29 91.9426879883 1
63 29 91.9778137207 1
63 29 92.0008468628 1
63 29 92.0028457642 1
63 29 92.0507888794 1
63 29 92.0752182007 1
63 29 92.107170105 1
63 29 92.1274337769 1
63 29 92.1436767578 1
63 29 92.1731948853 1
63 29 92.1991958618 1
63 29 92.2129211426 1
63 29 92.2169647217 1
63 29 92.2317962646 1
63 29 92.2947158813 1
63 29 92.3015823364 1
63 29 92.3093261719 1
63 29 92.3537750244 1
63 29 92.3862228394 1
63 29 92.3883209229 1
63 29 92.3943099976 1
63 29 92.3995437622 1
63 29 92.4223709106 1
63 29 92.4292449951 1
63 29 92.4867553711 1
63 29 92.5114593506 1
63 29 92.5304260254 1
63 29 92.5400161743 1
63 29 92.5522842407 1
63 29 92.6022720337 1
63 29 92.6314468384 1
63 29 92.6369552612 1
63 29 92.6401290894 1
63 29 92.6491317749 1
63 29 92.6729888916 1
63 29 92.6847457886 1
63 29 92.6964416504 1
63 29 92.7152786255 1
63 29 92.7370834351 1
63 29 92.7437744141 1
63 29 92.7530212402 1
63 29 92.8213272095 1
63 29 92.8357772827 1
63 29 92.8529052734 1
63 29 92.9041595459 1
63 29 92.9127120972 1
63 29 92.9214248657 1
63 29 92.9354858398 1
63 29 92.9487380981 1
63 29 92.9657287598 1
63 29 92.967048645 1
63 29 92.9801025391 1
63 29 92.9911117554 1
63 29 92.9970855713 1
63 29 92.9973831177 1
63 29 93.0289382935 1
63 29 93.0714111328 1
63 29 93.0748748779 1
63 29 93.0790252686 1
63 29 93.0887069702 1
63 29 93.1176834106 1
63 29 93.1230545044 1
63 29 93.1640701294 1
63 29 93.1788864136 1
63 29 93.2266998291 1
63 29 93.2293624878 1
63 29 93.2397537231 1
63 29 93.2532501221 1
63 29 93.2635345459 1
63 29 93.2656478882 1
63 29 93.3459396362 1
63 29 93.3465118408 1
63 29 93.381942749 1
63 29 93.3923034668 1
63 29 93.3926849365 1
63 29 93.4200210571 1
63 29 93.423248291 1
63 29 93.4253234863 1
63 29 93.4562759399 1
63 29 93.4617843628 1
63 29 93.5110626221 1
63 29 93.519493103 1
63 29 93.5450744629 1
63 29 93.5540542603 1
63 29 93.5597991943 1
63 29 93.5843353271 1
63 29 93.5861129761 1
63 29 93.5913619995 1
63 29 93.5921630859 1
63 29 93.6185150146 1
63 29 93.6220092773 1
63 29 93.6246109009 1
63 29 93.6273651123 1
63 29 93.6633758545 1
63 29 93.6754608154 1
63 29 93.681640625 1
63 29 93.6859359741 1
63 29 93.7126541138 1
63 29 93.7461700439 1
63 29 93.7500076294 1
63 29 93.7835617065 1
63 29 93.7866287231 1
63 29 93.7940139771 1
63 29 93.8233032227 1
63 29 93.8276977539 1
63 29 93.8318481445 1
63 29 93.8332595825 1
63 29 93.8478164673 1
63 29 93.8506011963 1
63 29 93.852973938 1
63 29 93.8561782837 1
63 29 93.8814697266 1
63 29 93.8832015991 1
63 29 93.8900604248 1
63 29 93.8973083496 1
63 29 93.8974533081 1
63 29 93.9080734253 1
63 29 93.9195251465 1
63 29 93.932434082 1
63 29 93.947479248 1
63 29 93.9502182007 1
63 29 93.9518661499 1
63 29 93.9579467773 1
63 29 93.9812927246 1
63 29 93.9892578125 1
63 29 94.021156311 1
63 29 94.0362319946 1
63 29 94.0363845825 1
63 29 94.0566101074 1
63 29 94.0742416382 1
63 29 94.0784683228 1
63 29 94.0932998657 1
63 29 94.0995025635 1
63 29 94.1220016479 1
63 29 94.1299133301 1
63 29 94.1686019897 1
63 29 94.1825942993 1
63 29 94.1877288818 1
63 29 94.1915588379 1
63 29 94.2042922974 1
63 29 94.2168502808 1
63 29 94.2227706909 1
63 29 94.2495040894 1
63 29 94.2560577393 1
63 29 94.2683410645 1
63 29 94.2694549561 1
63 29 94.2806854248 1
63 29 94.2823791504 1
63 29 94.2901535034 1
63 29 94.2990875244 1
63 29 94.3028640747 1
63 29 94.3295822144 1
63 29 94.3333892822 1
63 29 94.3492431641 1
63 29 94.3494949341 1
63 29 94.3539657593 1
63 29 94.4195785522 1
63 29 94.4200820923 1
63 29 94.4252548218 1
63 29 94.4272613525 1
63 29 94.4272689819 1
63 29 94.447883606 1
63 29 94.4732131958 1
63 29 94.4741363525 1
63 29 94.4741592407 1
63 29 94.4742279053 1
63 29 94.4753646851 1
63 29 94.4805984497 1
63 29 94.4835968018 1
63 29 94.4899902344 1
63 29 94.518951416 1
63 29 94.520149231 1
63 29 94.5224456787 1
63 29 94.6092834473 1
63 29 94.6166305542 1
63 29 94.6544723511 1
63 29 94.6669082642 1
63 29 94.68724823 1
63 29 94.6877975464 1
63 29 94.7171707153 1
63 29 94.721321106 1
63 29 94.7214889526 1
63 29 94.7369003296 1
63 29 94.759513855 1
63 29 94.7751541138 1
63 29 94.7813491821 1
63 29 94.784614563 1
63 29 94.7891082764 1
63 29 94.7933807373 1
63 29 94.8034820557 1
63 29 94.8490219116 1
63 29 94.8763809204 1
63 29 94.8979110718 1
63 29 94.9237670898 1
63 29 94.9593429565 1
63 29 94.9785461426 1
63 29 95.0092163086 1
63 29 95.0213851929 1
63 29 95.0255050659 1
63 29 95.0654678345 1
63 29 95.1112747192 1
63 29 95.1234664917 1
63 29 95.1631088257 1
63 29 95.1705169678 1
63 29 95.1757278442 1
63 29 95.1808700562 1
63 29 95.2060699463 1
63 29 95.2410812378 1
63 29 95.262550354 1
63 29 95.3022232056 1
63 29 95.3076477051 1
63 29 95.3300323486 1
63 29 95.3706054688 1
63 29 95.3767471313 1
63 29 95.3825378418 1
63 29 95.3909835815 1
63 29 95.3971786499 1
63 29 95.4761886597 1
63 29 95.5079650879 1
63 29 95.5086669922 1
63 29 95.5284729004 1
63 29 95.5316467285 1
63 29 95.5356292725 1
63 29 95.5360946655 1
63 29 95.5379943848 1
63 29 95.5437164307 1
63 29 95.5617141724 1
63 29 95.5887985229 1
63 29 95.6189193726 1
63 29 95.6221694946 1
63 29 95.6528778076 1
63 29 95.653503418 1
63 29 95.6562957764 1
63 29 95.6736526489 1
63 29 95.6932601929 1
63 29 95.7065658569 1
63 29 95.7435379028 1
63 29 95.7446365356 1
63 29 95.7459716797 1
63 29 95.7519378662 1
63 29 95.7521514893 1
63 29 95.7531204224 1
63 29 95.7625274658 1
63 29 95.7643356323 1
63 29 95.7715835571 1
63 29 95.772026062 1
63 29 95.7816162109 1
63 29 95.7931976318 1
63 29 95.8097610474 1
63 29 95.8150558472 1
63 29 95.8242034912 1
63 29 95.8709411621 1
63 29 95.8770370483 1
63 29 95.8971328735 1
63 29 95.9003448486 1
63 29 95.938041687 1
63 29 95.9698486328 1
63 29 95.9780578613 1
63 29 95.9789581299 1
63 29 95.9807128906 1
63 29 95.9812774658 1
63 29 95.9907836914 1
63 29 96.0036468506 1
63 29 96.0039367676 1
63 29 96.0052947998 1
63 29 96.0238113403 1
63 29 96.0548324585 1
63 29 96.0586090088 1
63 29 96.1100845337 1
63 29 96.1351852417 1
63 29 96.1374282837 1
63 29 96.152557373 1
63 29 96.1802902222 1
63 29 96.1865692139 1
63 29 96.2111968994 1
63 29 96.2407836914 1
63 29 96.24609375 1
63 29 96.2563705444 1
63 29 96.2624511719 1
63 29 96.2710876465 1
63 29 96.2726287842 1
63 29 96.2927474976 1
63 29 96.3167037964 1
63 29 96.3333129883 1
63 29 96.3642959595 1
63 29 96.3918685913 1
63 29 96.3923492432 1
63 29 96.3955307007 1
63 29 96.4400787354 1
63 29 96.4880065918 1
63 29 96.5110321045 1
63 29 96.5802536011 1
63 29 96.6174926758 1
63 29 96.6418914795 1
63 29 96.6444625854 1
63 29 96.6488265991 1
63 29 96.6588058472 1
63 29 96.6698379517 1
63 29 96.6795425415 1
63 29 96.6807479858 1
63 29 96.6853179932 1
63 29 96.6889038086 1
63 29 96.7317047119 1
63 29 96.7374649048 1
63 29 96.7377319336 1
63 29 96.7500991821 1
63 29 96.7575836182 1
63 29 96.7865447998 1
63 29 96.786567688 1
63 29 96.8068847656 1
63 29 96.8412704468 1
63 29 96.84349823 1
63 29 96.8526382446 1
63 29 96.8793182373 1
63 29 96.8799591064 1
63 29 96.915184021 1
63 29 96.9268112183 1
63 29 96.9787139893 1
63 29 96.9863586426 1
63 29 96.9916915894 1
63 29 97.0071868896 1
63 29 97.0678253174 1
63 29 97.0711212158 1
63 29 97.0936965942 1
63 29 97.1013259888 1
63 29 97.1068496704 1
63 29 97.1226654053 1
63 29 97.1267776489 1
63 29 97.1611175537 1
63 29 97.2021255493 1
63 29 97.2105941772 1
63 29 97.2121276855 1
63 29 97.215423584 1
63 29 97.2156295776 1
63 29 97.2163009644 1
63 29 97.2858581543 1
63 29 97.2883453369 1
63 29 97.3018417358 1
63 29 97.3139877319 1
63 29 97.315826416 1
63 29 97.3243331909 1
63 29 97.3252182007 1
63 29 97.3541946411 1
63 29 97.3710708618 1
63 29 97.3877029419 1
63 29 97.4340057373 1
63 29 97.4401855469 1
63 29 97.4542999268 1
63 29 97.4914550781 1
63 29 97.491973877 1
63 29 97.5165786743 1
63 29 97.5201034546 1
63 29 97.5481262207 1
63 29 97.5519104004 1
63 29 97.5919189453 1
63 29 97.6049575806 1
63 29 97.6374740601 1
63 29 97.6806411743 1
63 29 97.6872253418 1
63 29 97.7015304565 1
63 29 97.7131576538 1
63 29 97.736038208 1
63 29 97.7755508423 1
63 29 97.7902069092 1
63 29 97.8061828613 1
63 29 97.8271789551 1
63 29 97.9157104492 1
63 29 97.9398040771 1
63 29 97.9565353394 1
63 29 97.9968032837 1
63 29 98.0484237671 1
63 29 98.0536956787 1
63 29 98.0605163574 1
63 29 98.0648803711 1
63 29 98.0824127197 1
63 29 98.1351165771 1
63 29 98.1574630737 1
63 29 98.1874847412 1
63 29 98.1997146606 1
63 29 98.2123565674 1
63 29 98.2225570679 1
63 29 98.2266235352 1
63 29 98.2523422241 1
63 29 98.2733840942 1
63 29 98.2858581543 1
63 29 98.3040313721 1
63 29 98.3118591309 1
63 29 98.3142700195 1
63 29 98.3284988403 1
63 29 98.3317947388 1
63 29 98.3356552124 1
63 29 98.3682785034 1
63 29 98.3756866455 1
63 29 98.3842163086 1
63 29 98.3941421509 1
63 29 98.4043273926 1
63 29 98.4132003784 1
63 29 98.4679412842 1
63 29 98.4942550659 1
63 29 98.5223236084 1
63 29 98.5236663818 1
63 29 98.5286178589 1
63 29 98.5467376709 1
63 29 98.549118042 1
63 29 98.5627670288 1
63 29 98.5767211914 1
63 29 98.5786437988 1
63 29 98.5827407837 1
63 29 98.5960693359 1
63 29 98.6003341675 1
63 29 98.6014633179 1
63 29 98.6450042725 1
63 29 98.6889724731 1
63 29 98.6921844482 1
63 29 98.693145752 1
63 29 98.7044143677 1
63 29 98.7222976685 1
63 29 98.7275772095 1
63 29 98.7339401245 1
63 29 98.7386932373 1
63 29 98.7413406372 1
63 29 98.7628860474 1
63 29 98.7713012695 1
63 29 98.8067398071 1
63 29 98.8093795776 1
63 29 98.8121337891 1
63 29 98.8191604614 1
63 29 98.8722000122 1
63 29 98.8766555786 1
63 29 98.905708313 1
63 29 98.9253005981 1
63 29 98.967414856 1
63 29 98.9743728638 1
63 29 98.9867477417 1
63 29 98.9879760742 1
63 29 99.0009689331 1
63 29 99.0016326904 1
63 29 99.0042495728 1
63 29 99.006111145 1
63 29 99.0128936768 1
63 29 99.0273132324 1
63 29 99.0406188965 1
63 29 99.0821456909 1
63 29 99.0959243774 1
63 29 99.1408996582 1
63 29 99.170135498 1
63 29 99.180267334 1
63 29 99.1858825684 1
63 29 99.2237548828 1
63 29 99.2386703491 1
63 29 99.3198013306 1
63 29 99.357711792 1
63 29 99.3616943359 1
63 29 99.3762893677 1
63 29 99.3789901733 1
63 29 99.433921814 1
63 29 99.4448623657 1
63 29 99.4477615356 1
63 29 99.4552688599 1
63 29 99.485534668 1
63 29 99.5018844604 1
63 29 99.5365829468 1
63 29 99.5631561279 1
63 29 99.5854187012 1
63 29 99.5897293091 1
63 29 99.5949783325 1
63 29 99.5951004028 1
63 29 99.6198806763 1
63 29 99.6344528198 1
63 29 99.6410675049 1
63 29 99.6449279785 1
63 29 99.650428772 1
63 29 99.6663284302 1
63 29 99.6797103882 1
63 29 99.6832885742 1
63 29 99.7125320435 1
63 29 99.7202377319 1
63 29 99.7240905762 1
63 29 99.767578125 1
63 29 99.7839736938 1
63 29 99.7900314331 1
63 29 99.7998962402 1
63 29 99.8358230591 1
63 29 99.8425064087 1
63 29 99.8485412598 1
63 29 99.8640823364 1
63 29 99.9019927979 1
63 29 99.9422073364 1
63 29 99.9639587402 1
63 29 99.9701538086 1
63 29 99.9719238281 1
63 29 100.005096436 1
63 29 100.012382507 1
63 29 100.031982422 1
63 29 100.072471619 1
63 29 100.097206116 1
63 29 100.104866028 1
63 29 100.119644165 1
63 29 100.168228149 1
63 29 100.17805481 1
63 29 100.206916809 1
63 29 100.219825745 1
63 29 100.226356506 1
63 29 100.249984741 1
63 29 100.322517395 1
63 29 100.336242676 1
63 29 100.400718689 1
63 29 100.414916992 1
63 29 100.420700073 1
63 29 100.483840942 1
63 29 100.499649048 1
63 29 100.510314941 1
63 29 100.565544128 1
63 29 100.621704102 1
63 29 100.630081177 1
63 29 100.650978088 1
63 29 100.666702271 1
63 29 100.675125122 1
63 29 100.678260803 1
63 29 100.766174316 1
63 29 100.77658844 1
63 29 100.824707031 1
63 29 100.827461243 1
63 29 100.854049683 1
63 29 100.907363892 1
63 29 100.908004761 1
63 29 100.911758423 1
63 29 100.92024231 1
63 29 100.923629761 1
63 29 100.950378418 1
63 29 100.9897995 1
63 29 101.014579773 1
63 29 101.049972534 1
63 29 101.071250916 1
63 29 101.086097717 1
63 29 101.15423584 1
63 29 101.169898987 1
63 29 101.191215515 1
63 29 101.228881836 1
63 29 101.290061951 1
63 29 101.295463562 1
63 29 101.298675537 1
63 29 101.305076599 1
63 29 101.313896179 1
63 29 101.32509613 1
63 29 101.33530426 1
63 29 101.346282959 1
63 29 101.35634613 1
63 29 101.35874176 1
63 29 101.360870361 1
63 29 101.365684509 1
63 29 101.37286377 1
63 29 101.452644348 1
63 29 101.505050659 1
63 29 101.506629944 1
63 29 101.514541626 1
63 29 101.530792236 1
63 29 101.532676697 1
63 29 101.710662842 1
63 29 101.730354309 1
63 29 101.732131958 1
63 29 101.734855652 1
63 29 101.748886108 1
63 29 101.793411255 1
63 29 101.806892395 1
63 29 101.814811707 1
63 29 101.849067688 1
63 29 101.854507446 1
63 29 102.04221344 1
63 29 102.095115662 1
63 29 102.103881836 1
63 29 102.120033264 1
63 29 102.121307373 1
63 29 102.167243958 1
63 29 102.182701111 1
63 29 102.23740387 1
63 29 102.296386719 1
63 29 102.306465149 1
63 29 102.306655884 1
63 29 102.345581055 1
63 29 102.42603302 1
63 29 102.445671082 1
63 29 102.460983276 1
63 29 102.471138 1
63 29 102.556480408 1
63 29 102.58745575 1
63 29 102.600860596 1
63 29 102.610496521 1
63 29 102.657920837 1
63 29 102.676612854 1
63 29 102.683311462 1
63 29 102.689567566 1
63 29 102.708122253 1
63 29 102.737411499 1
63 29 102.863525391 1
63 29 102.884391785 1
63 29 102.897705078 1
63 29 102.902641296 1
63 29 102.90322876 1
63 29 102.913887024 1
63 29 102.970977783 1
63 29 102.99962616 1
63 29 103.003219604 1
63 29 103.010276794 1
63 29 103.014053345 1
63 29 103.034439087 1
63 29 103.050926208 1
63 29 103.070114136 1
63 29 103.087135315 1
63 29 103.110496521 1
63 29 103.130073547 1
63 29 103.154876709 1
63 29 103.183067322 1
63 29 103.21245575 1
63 29 103.227874756 1
63 29 103.232833862 1
63 29 103.28729248 1
63 29 103.295265198 1
63 29 103.340263367 1
63 29 103.363891602 1
63 29 103.381843567 1
63 29 103.454544067 1
63 29 103.517845154 1
63 29 103.518669128 1
63 29 103.575233459 1
63 29 103.626739502 1
63 29 103.635910034 1
63 29 103.635986328 1
63 29 103.689086914 1
63 29 103.692085266 1
63 29 103.693565369 1
63 29 103.729019165 1
63 29 103.741004944 1
63 29 103.742614746 1
63 29 103.745925903 1
63 29 103.748840332 1
63 29 103.750457764 1
63 29 103.790596008 1
63 29 103.794372559 1
63 29 103.795860291 1
63 29 103.800567627 1
63 29 103.873405457 1
63 29 103.890449524 1
63 29 103.951942444 1
63 29 103.957572937 1
63 29 103.963760376 1
63 29 103.976463318 1
63 29 103.998252869 1
63 29 104.005264282 1
63 29 104.046592712 1
63 29 104.058189392 1
63 29 104.085891724 1
63 29 104.149482727 1
63 29 104.215827942 1
63 29 104.217208862 1
63 29 104.22568512 1
63 29 104.267044067 1
63 29 104.267211914 1
63 29 104.293022156 1
63 29 104.306182861 1
63 29 104.32913208 1
63 29 104.36125946 1
63 29 104.429267883 1
63 29 104.439331055 1
63 29 104.448425293 1
63 29 104.45639801 1
63 29 104.504074097 1
63 29 104.504501343 1
63 29 104.507385254 1
63 29 104.524238586 1
63 29 104.562820435 1
63 29 104.645347595 1
63 29 104.661437988 1
63 29 104.699798584 1
63 29 104.70135498 1
63 29 104.739189148 1
63 29 104.800460815 1
63 29 104.828605652 1
63 29 104.858917236 1
63 29 104.867012024 1
63 29 104.945030212 1
63 29 105.048561096 1
63 29 105.049919128 1
63 29 105.101486206 1
63 29 105.101905823 1
63 29 105.120223999 1
63 29 105.145072937 1
63 29 105.158943176 1
63 29 105.193664551 1
63 29 105.239059448 1
63 29 105.26322937 1
63 29 105.264411926 1
63 29 105.269950867 1
63 29 105.283638 1
63 29 105.3123703 1
63 29 105.345901489 1
63 29 105.372871399 1
63 29 105.399902344 1
63 29 105.442802429 1
63 29 105.463783264 1
63 29 105.531974792 1
63 29 105.555549622 1
63 29 105.56137085 1
63 29 105.569602966 1
63 29 105.589622498 1
63 29 105.598770142 1
63 29 105.628990173 1
63 29 105.708488464 1
63 29 105.727828979 1
63 29 105.773742676 1
63 29 105.790840149 1
63 29 105.798286438 1
63 29 105.888580322 1
63 29 105.89756012 1
63 29 105.908508301 1
63 29 105.950386047 1
63 29 105.983680725 1
63 29 105.995285034 1
63 29 106.02180481 1
63 29 106.023094177 1
63 29 106.031394958 1
63 29 106.037445068 1
63 29 106.05255127 1
63 29 106.079750061 1
63 29 106.111976624 1
63 29 106.114746094 1
63 29 106.123878479 1
63 29 106.175262451 1
63 29 106.287086487 1
63 29 106.33140564 1
63 29 106.333320618 1
63 29 106.355163574 1
63 29 106.378822327 1
63 29 106.384963989 1
63 29 106.44569397 1
63 29 106.479042053 1
63 29 106.520401001 1
63 29 106.549530029 1
63 29 106.577377319 1
63 29 106.637489319 1
63 29 106.647575378 1
63 29 106.685676575 1
63 29 106.687232971 1
63 29 106.699546814 1
63 29 106.749320984 1
63 29 106.83846283 1
63 29 106.847518921 1
63 29 106.914505005 1
63 29 106.947547913 1
63 29 106.970016479 1
63 29 106.9845047 1
63 29 107.046829224 1
63 29 107.046951294 1
63 29 107.084869385 1
63 29 107.112770081 1
63 29 107.123046875 1
63 29 107.199066162 1
63 29 107.238967896 1
63 29 107.270248413 1
63 29 107.280784607 1
63 29 107.297927856 1
63 29 107.323608398 1
63 29 107.396232605 1
63 29 107.397583008 1
63 29 107.416114807 1
63 29 107.476966858 1
63 29 107.523223877 1
63 29 107.551437378 1
63 29 107.608039856 1
63 29 107.613090515 1
63 29 107.626960754 1
63 29 107.651504517 1
63 29 107.771568298 1
63 29 107.786827087 1
63 29 107.90447998 1
63 29 107.904899597 1
63 29 107.910484314 1
63 29 107.915054321 1
63 29 107.927268982 1
63 29 107.930717468 1
63 29 107.956886292 1
63 29 107.961273193 1
63 29 107.966682434 1
63 29 107.990989685 1
63 29 108.004180908 1
63 29 108.006950378 1
63 29 108.015953064 1
63 29 108.223670959 1
63 29 108.264602661 1
63 29 108.372322083 1
63 29 108.428581238 1
63 29 108.441947937 1
63 29 108.480514526 1
63 29 108.586410522 1
63 29 108.60811615 1
63 29 108.677619934 1
63 29 108.69443512 1
63 29 108.789482117 1
63 29 108.808441162 1
63 29 108.899688721 1
63 29 108.916542053 1
63 29 108.933105469 1
63 29 109.042396545 1
63 29 109.08203125 1
63 29 109.101730347 1
63 29 109.164123535 1
63 29 109.350448608 1
63 29 109.368095398 1
63 29 109.386909485 1
63 29 109.412063599 1
63 29 109.493339539 1
63 29 109.50907135 1
63 29 109.516265869 1
63 29 109.549255371 1
63 29 109.56085968 1
63 29 109.584892273 1
63 29 109.587028503 1
63 29 109.644767761 1
63 29 109.676048279 1
63 29 109.710678101 1
63 29 109.72277832 1
63 29 109.75629425 1
63 29 109.88130188 1
63 29 109.883491516 1
63 29 109.893096924 1
63 29 109.956130981 1
63 29 109.975349426 1
63 29 109.989349365 1
63 29 109.990829468 1
63 29 109.994750977 1
63 29 110.031402588 1
63 29 110.128433228 1
63 29 110.129371643 1
63 29 110.15171051 1
63 29 110.169746399 1
63 29 110.210754395 1
63 29 110.227622986 1
63 29 110.235549927 1
63 29 110.312843323 1
63 29 110.332298279 1
63 29 110.343322754 1
63 29 110.366462708 1
63 29 110.411056519 1
63 29 110.438240051 1
63 29 110.451881409 1
63 29 110.515663147 1
63 29 110.526870728 1
63 29 110.735046387 1
63 29 110.842605591 1
63 29 110.870605469 1
63 29 110.886352539 1
63 29 111.0701828 1
63 29 111.121055603 1
63 29 111.142127991 1
63 29 111.146408081 1
63 29 111.153259277 1
63 29 111.218223572 1
63 29 111.230964661 1
63 29 111.310920715 1
63 29 111.37689209 1
63 29 111.393585205 1
63 29 111.410362244 1
63 29 111.426712036 1
63 29 111.428276062 1
63 29 111.472221375 1
63 29 111.633323669 1
63 29 111.663482666 1
63 29 111.697029114 1
63 29 111.750534058 1
63 29 111.77571106 1
63 29 111.77796936 1
63 29 111.780067444 1
63 29 111.819908142 1
63 29 111.858169556 1
63 29 111.950141907 1
63 29 111.988265991 1
63 29 112.004943848 1
63 29 112.054122925 1
63 29 112.067268372 1
63 29 112.103660583 1
63 29 112.20149231 1
63 29 112.223510742 1
63 29 112.226043701 1
63 29 112.233917236 1
63 29 112.303916931 1
63 29 112.348106384 1
63 29 112.438667297 1
63 29 112.479171753 1
63 29 112.51815033 1
63 29 112.661331177 1
63 29 112.670516968 1
63 29 112.682846069 1
63 29 112.954589844 1
63 29 113.098762512 1
63 29 113.259140015 1
63 29 113.272743225 1
63 29 113.329811096 1
63 29 113.344207764 1
63 29 113.443870544 1
63 29 113.450698853 1
63 29 113.494667053 1
63 29 113.58505249 1
63 29 113.656890869 1
63 29 113.739753723 1
63 29 113.789367676 1
63 29 113.799942017 1
63 29 113.895507812 1
63 29 113.928138733 1
63 29 113.976043701 1
63 29 114.075332642 1
63 29 114.131965637 1
63 29 114.402534485 1
63 29 114.434585571 1
63 29 114.506729126 1
63 29 114.509986877 1
63 29 114.544792175 1
63 29 114.575920105 1
63 29 114.761688232 1
63 29 114.838500977 1
63 29 114.894828796 1
63 29 114.920692444 1
63 29 114.963195801 1
63 29 115.102050781 1
63 29 115.158805847 1
63 29 115.27696991 1
63 29 115.296813965 1
63 29 115.305625916 1
63 29 115.311027527 1
63 29 115.436401367 1
63 29 115.593109131 1
63 29 115.604888916 1
63 29 115.632797241 1
63 29 115.763153076 1
63 29 115.849372864 1
63 29 115.869316101 1
63 29 115.927963257 1
63 29 115.943115234 1
63 29 115.958343506 1
63 29 115.959747314 1
63 29 116.013580322 1
63 29 116.052825928 1
63 29 116.119003296 1
63 29 116.19127655 1
63 29 116.312530518 1
63 29 116.324623108 1
63 29 116.337989807 1
63 29 116.36605072 1
63 29 116.392097473 1
63 29 116.408828735 1
63 29 116.41280365 1
63 29 116.430786133 1
63 29 116.435012817 1
63 29 116.455413818 1
63 29 116.46383667 1
63 29 116.579307556 1
63 29 116.704566956 1
63 29 116.720199585 1
63 29 116.826896667 1
63 29 116.866584778 1
63 29 116.992385864 1
63 29 117.08303833 1
63 29 117.18977356 1
63 29 117.229454041 1
63 29 117.358772278 1
63 29 117.465942383 1
63 29 117.506965637 1
63 29 117.533859253 1
63 29 117.54725647 1
63 29 117.563041687 1
63 29 117.608459473 1
63 29 117.721176147 1
63 29 117.73538208 1
63 29 117.769432068 1
63 29 117.792732239 1
63 29 117.812019348 1
63 29 117.925323486 1
63 29 118.08052063 1
63 29 118.158943176 1
63 29 118.160903931 1
63 29 118.169570923 1
63 29 118.189125061 1
63 29 118.270248413 1
63 29 118.354232788 1
63 29 118.595619202 1
63 29 118.61026001 1
63 29 118.705848694 1
63 29 118.75390625 1
63 29 118.833503723 1
63 29 118.910392761 1
63 29 118.944374084 1
63 29 119.325408936 1
63 29 119.433479309 1
63 29 119.463607788 1
63 29 119.612106323 1
63 29 119.674232483 1
63 29 119.768920898 1
63 29 119.864784241 1
63 29 120.02003479 1
63 29 120.042160034 1
63 29 120.045875549 1
63 29 120.067398071 1
63 29 120.094589233 1
63 29 120.125968933 1
63 29 120.143959045 1
63 29 120.197753906 1
63 29 120.254501343 1
63 29 120.313369751 1
63 29 120.390365601 1
63 29 120.402114868 1
63 29 120.47857666 1
63 29 120.525047302 1
63 29 120.730758667 1
63 29 121.061798096 1
63 29 121.061836243 1
63 29 121.130706787 1
63 29 121.138206482 1
63 29 121.145622253 1
63 29 121.157089233 1
63 29 121.228385925 1
63 29 121.278030396 1
63 29 121.337242126 1
63 29 121.36164093 1
63 29 121.380958557 1
63 29 121.445083618 1
63 29 121.675956726 1
63 29 121.780540466 1
63 29 121.782112122 1
63 29 121.805000305 1
63 29 121.821434021 1
63 29 121.839073181 1
63 29 121.843658447 1
63 29 121.977104187 1
63 29 122.007247925 1
63 29 122.035896301 1
63 29 122.257255554 1
63 29 122.303161621 1
63 29 122.351799011 1
63 29 122.409194946 1
63 29 122.482261658 1
63 29 122.531448364 1
63 29 122.76574707 1
63 29 122.800079346 1
63 29 122.84979248 1
63 29 122.852401733 1
63 29 122.970672607 1
63 29 122.991188049 1
63 29 123.0782547 1
63 29 123.177902222 1
63 29 123.187309265 1
63 29 123.255851746 1
63 29 123.265464783 1
63 29 123.53238678 1
63 29 123.536369324 1
63 29 123.747444153 1
63 29 123.793159485 1
63 29 123.946533203 1
63 29 124.056816101 1
63 29 124.076774597 1
63 29 124.246253967 1
63 29 124.365524292 1
63 29 124.457359314 1
63 29 124.530860901 1
63 29 124.560012817 1
63 29 124.832023621 1
63 29 124.844825745 1
63 29 124.855300903 1
63 29 124.901397705 1
63 29 125.240913391 1
63 29 125.291305542 1
63 29 125.388542175 1
63 29 125.530517578 1
63 29 125.532371521 1
63 29 125.648399353 1
63 29 125.937515259 1
63 29 126.137519836 1
63 29 126.263237 1
63 29 126.485099792 1
63 29 126.538146973 1
63 29 126.739784241 1
63 29 126.762428284 1
63 29 126.978347778 1
63 29 127.046913147 1
63 29 127.177482605 1
63 29 127.347236633 1
63 29 127.38621521 1
63 29 127.596351624 1
63 29 127.76852417 1
63 29 127.832145691 1
63 29 128.012084961 1
63 29 128.109146118 1
63 29 128.175323486 1
63 29 128.254333496 1
63 29 128.262191772 1
63 29 128.445343018 1
63 29 129.152053833 1
63 29 129.507995605 1
63 29 129.519622803 1
63 29 129.568450928 1
63 29 129.753112793 1
63 29 129.939849854 1
63 29 129.984359741 1
63 29 130.014434814 1
63 29 130.197845459 1
63 29 130.290802002 1
63 29 130.486343384 1
63 29 130.637313843 1
63 29 130.680252075 1
63 29 130.700759888 1
63 29 130.776519775 1
63 29 130.784439087 1
63 29 130.980911255 1
63 29 131.019012451 1
63 29 131.101501465 1
63 29 131.108276367 1
63 29 131.269744873 1
63 29 131.308914185 1
63 29 131.546005249 1
63 29 131.550598145 1
63 29 131.975967407 1
63 29 132.236862183 1
63 29 132.56842041 1
63 29 132.678756714 1
63 29 133.009353638 1
63 29 133.064743042 1
63 29 133.176071167 1
63 29 133.859237671 1
63 29 134.017959595 1
63 29 134.027954102 1
63 29 134.282684326 1
63 29 134.582427979 1
63 29 134.602783203 1
63 29 135.044296265 1
63 29 135.058425903 1
63 29 135.427963257 1
63 29 135.805358887 1
63 29 135.829223633 1
63 29 136.120147705 1
63 29 136.511734009 1
63 29 136.840332031 1
63 29 136.843795776 1
63 29 136.979858398 1
63 29 137.180297852 1
63 29 137.243896484 1
63 29 137.373001099 1
63 29 137.387313843 1
63 29 137.645599365 1
63 29 138.402740479 1
63 29 139.178085327 1
63 29 139.536697388 1
63 29 139.656265259 1
63 29 139.873382568 1
63 29 140.166000366 1
63 29 140.316253662 1
63 29 140.714324951 1
63 29 140.928482056 1
63 29 141.05229187 1
63 29 141.062286377 1
63 29 141.194702148 1
63 29 141.252883911 1
63 29 141.31413269 1
63 29 141.768096924 1
63 29 142.621627808 1
63 29 142.944015503 1
63 29 143.112426758 1
63 29 143.320922852 1
63 29 143.936508179 1
63 29 144.889541626 1
63 29 145.135787964 1
63 29 145.62878418 1
63 29 146.365707397 1
63 29 146.757644653 1
63 29 146.975631714 1
63 29 147.119873047 1
63 29 147.235137939 1
63 29 147.464660645 1
63 29 147.52885437 1
63 29 147.567001343 1
63 29 148.069519043 1
63 29 148.586410522 1
63 29 148.601669312 1
63 29 148.962036133 1
63 29 149.392242432 1
63 29 149.553268433 1
63 29 149.638305664 1
63 29 149.667419434 1
63 29 149.707260132 1
63 29 149.813903809 1
63 29 150.092941284 1
63 29 150.462051392 1
63 29 150.944122314 1
63 29 150.99420166 1
63 29 151.285247803 1
63 29 151.548477173 1
63 29 151.94039917 1
63 29 152.233474731 1
63 29 152.273895264 1
63 29 152.32699585 1
63 29 152.763626099 1
63 29 152.833648682 1
63 29 153.154464722 1
63 29 153.28968811 1
63 29 153.489227295 1
63 29 153.58416748 1
63 29 153.608337402 1
63 29 153.751266479 1
63 29 154.078689575 1
63 29 154.102310181 1
63 29 154.152282715 1
63 29 155.456100464 1
63 29 155.675613403 1
63 29 156.735717773 1
63 29 156.861495972 1
63 29 157.363021851 1
63 29 157.457931519 1
63 29 157.537445068 1
63 29 157.637786865 1
63 29 157.752868652 1
63 29 157.765686035 1
63 29 157.811462402 1
63 29 157.981918335 1
63 29 158.448028564 1
63 29 158.492263794 1
63 29 158.530685425 1
63 29 158.63243103 1
63 29 158.928375244 1
63 29 159.383163452 1
63 29 160.269683838 1
63 29 160.327560425 1
63 29 160.532821655 1
63 29 160.798431396 1
63 29 160.888900757 1
63 29 161.799926758 1
63 29 161.955215454 1
63 29 162.137451172 1
63 29 162.223846436 1
63 29 163.353164673 1
63 29 163.561309814 1
63 29 163.578582764 1
63 29 163.59777832 1
63 29 163.694213867 1
63 29 163.818206787 1
63 29 164.346008301 1
63 29 164.656814575 1
63 29 166.318527222 1
63 29 166.535476685 1
63 29 167.092895508 1
63 29 168.03137207 1
63 29 168.478225708 1
63 29 168.696609497 1
63 29 168.728591919 1
63 29 168.83833313 1
63 29 168.988174438 1
63 29 169.057128906 1
63 29 170.096313477 1
63 29 170.312896729 1
63 29 170.766616821 1
63 29 171.469848633 1
63 29 172.908370972 1
63 29 173.159255981 1
63 29 173.713012695 1
63 29 175.709960938 1
63 29 176.145507812 1
63 29 176.182266235 1
63 29 177.769302368 1
63 29 178.113037109 1
63 29 178.501861572 1
63 29 178.584762573 1
63 29 179.83430481 1
63 29 179.923431396 1
63 29 180.611953735 1
63 29 181.495895386 1
63 29 181.656082153 1
63 29 182.904953003 1
63 29 183.291671753 1
63 29 183.648361206 1
63 29 185.069763184 1
63 29 185.459564209 1
63 29 185.73487854 1
63 29 186.058502197 1
63 29 186.069244385 1
63 29 186.313690186 1
63 29 186.986022949 1
63 29 187.77557373 1
63 29 188.702957153 1
63 29 189.904251099 1
63 29 190.367675781 1
63 29 190.6953125 1
63 29 190.86907959 1
63 29 190.981536865 1
63 29 191.059066772 1
63 29 192.51171875 1
63 29 194.554824829 1
63 29 194.76210022 1
63 29 194.79989624 1
63 29 195.224075317 1
63 29 195.404693604 1
63 29 195.651046753 1
63 29 196.313201904 1
63 29 196.985717773 1
63 29 197.481552124 1
63 29 199.245147705 1
63 29 199.81036377 1
63 29 199.920288086 1
63 29 201.565093994 1
63 29 202.278030396 1
63 29 203.668502808 1
63 29 203.839797974 1
63 29 206.965820312 1
63 29 208.643722534 1
63 29 208.673538208 1
63 29 209.198272705 1
63 29 209.638061523 1
63 29 213.402664185 1
63 29 214.149200439 1
63 29 219.571075439 1
63 29 221.350265503 1
63 29 222.421417236 1
63 29 226.029846191 1
63 29 226.843078613 1
63 29 228.199127197 1
63 29 228.758285522 1
63 29 231.217971802 1
63 29 231.655426025 1
63 29 231.733261108 1
63 29 231.802032471 1
63 29 232.232650757 1
63 29 233.06640625 1
63 29 233.561737061 1
63 29 234.331726074 1
63 29 236.244873047 1
63 29 238.625320435 1
63 29 239.155227661 1
63 29 239.215362549 1
63 29 239.98324585 1
63 29 240.30619812 1
63 29 241.852355957 1
63 29 242.821670532 1
63 29 243.368041992 1
63 29 244.822235107 1
63 29 249.258377075 1
63 29 256.037353516 1
63 29 260.981140137 1
63 29 261.758514404 1
63 29 263.378540039 1
63 29 264.211639404 1
63 29 269.939331055 1
63 29 275.542938232 1
63 29 281.781951904 1
63 29 292.848266602 1
63 29 294.992401123 1
63 29 296.600860596 1
63 29 299.299835205 1
63 29 304.320617676 1
63 29 304.656402588 1
63 29 306.264007568 1
63 29 307.587280273 1
63 29 308.032470703 1
63 29 313.681762695 1
63 29 314.145690918 1
63 29 322.913635254 1
63 29 327.927215576 1
63 29 330.907104492 1
63 29 337.09375 1
63 29 339.426727295 1
63 29 341.307220459 1
63 29 346.165130615 1
63 29 349.136169434 1
63 29 357.3671875 1
63 29 358.227355957 1
63 29 366.101104736 1
63 29 376.100616455 1
63 29 379.002563477 1
63 29 379.556915283 1
63 29 389.674133301 1
63 29 394.000274658 1
63 29 408.293579102 1
63 29 410.156646729 1
63 29 413.06048584 1
63 29 433.568847656 1
63 29 435.432098389 1
63 29 438.62512207 1
63 29 439.660827637 1
63 29 440.607055664 1
63 29 443.621551514 1
63 29 446.584655762 1
63 29 448.081573486 1
63 29 449.487335205 1
63 29 453.892303467 1
63 29 454.061737061 1
63 29 455.643066406 1
63 29 459.076782227 1
63 29 469.775421143 1
63 29 476.070068359 1
63 29 484.991271973 1
63 29 499.253723145 1
63 29 499.917480469 1
63 29 503.115722656 1
63 29 507.825958252 1
63 29 511.529724121 1
63 29 511.682434082 1
63 29 526.478027344 1
63 29 529.532043457 1
63 29 531.880371094 1
63 29 541.649108887 1
63 29 542.388793945 1
63 29 543.345458984 1
63 29 555.735961914 1
63 29 568.193786621 1
63 29 577.606628418 1
63 29 611.642028809 1
63 29 649.184875488 1
63 29 656.694458008 1
63 29 688.231933594 1
63 29 694.720397949 1
63 29 728.989013672 1
63 29 732.906921387 1
63 29 737.338684082 1
63 29 744.792602539 1
63 29 753.87512207 1
63 29 783.181945801 1
63 29 793.365539551 1
63 29 813.423156738 1
63 29 861.39630127 1
63 29 925.979492188 1
63 29 940.078735352 1
63 29 989.970092773 1
63 29 1061.82873535 1
63 29 1114.52636719 1
63 29 1120.05664062 1
63 29 1172.25256348 1
63 29 1174.48522949 1
63 29 1252.22729492 1
63 29 1265.12817383 1
63 29 1308.4979248 1
63 31 89.6307754517 1
63 31 98.8175811768 1
63 31 100.781959534 1
63 31 101.407585144 1
63 31 109.829566956 1
63 31 109.83190918 1
63 31 110.675430298 1
63 31 112.386436462 1
63 31 112.936431885 1
63 31 114.053718567 1
63 31 116.074195862 1
63 31 117.377815247 1
63 31 118.123649597 1
63 31 118.141471863 1
63 31 118.828163147 1
63 31 121.255348206 1
63 31 121.992225647 1
63 31 125.012153625 1
63 31 126.174453735 1
63 31 127.958641052 1
63 31 128.922149658 1
63 31 129.374450684 1
63 31 131.254989624 1
63 31 134.248901367 1
63 31 134.789764404 1
63 31 135.435958862 1
63 31 136.211273193 1
63 31 136.617721558 1
63 31 137.267288208 1
63 31 137.40725708 1
63 31 139.681884766 1
63 31 139.765518188 1
63 31 139.91645813 1
63 31 141.093719482 1
63 31 141.565246582 1
63 31 142.198532104 1
63 31 142.977554321 1
63 31 144.002075195 1
63 31 144.599472046 1
63 31 146.315872192 1
63 31 147.37046814 1
63 31 147.593551636 1
63 31 149.142700195 1
63 31 149.88343811 1
63 31 149.979187012 1
63 31 150.516906738 1
63 31 153.946487427 1
63 31 153.963500977 1
63 31 154.076385498 1
63 31 154.546936035 1
63 31 157.485565186 1
63 31 157.93788147 1
63 31 157.956466675 1
63 31 158.368484497 1
63 31 159.519088745 1
63 31 160.075973511 1
63 31 161.624969482 1
63 31 162.41696167 1
63 31 164.27053833 1
63 31 164.612854004 1
63 31 165.884002686 1
63 31 165.964950562 1
63 31 166.320831299 1
63 31 168.077407837 1
63 31 169.643692017 1
63 31 171.02645874 1
63 31 174.255187988 1
63 31 176.589431763 1
63 31 177.065460205 1
63 31 179.128768921 1
63 31 180.352020264 1
63 31 184.08430481 1
63 31 186.334030151 1
63 31 188.392974854 1
63 31 189.684768677 1
63 31 189.958999634 1
63 31 191.977462769 1
63 31 193.619338989 1
63 31 193.795913696 1
63 31 196.875198364 1
63 31 197.043518066 1
63 31 197.742797852 1
63 31 200.103317261 1
63 31 201.865280151 1
63 31 202.203659058 1
63 31 204.247695923 1
63 31 205.609634399 1
63 31 205.84085083 1
63 31 207.318969727 1
63 31 207.892669678 1
63 31 208.450439453 1
63 31 209.810577393 1
63 31 210.849380493 1
63 31 210.941467285 1
63 31 211.047607422 1
63 31 213.644821167 1
63 31 216.49559021 1
63 31 218.439193726 1
63 31 218.540634155 1
63 31 218.747924805 1
63 31 220.647521973 1
63 31 221.074127197 1
63 31 222.061233521 1
63 31 223.654541016 1
63 31 225.05329895 1
63 31 229.235321045 1
63 31 229.826293945 1
63 31 230.743789673 1
63 31 231.436096191 1
63 31 232.581710815 1
63 31 233.97555542 1
63 31 235.572616577 1
63 31 236.508483887 1
63 31 236.521026611 1
63 31 236.847183228 1
63 31 237.879104614 1
63 31 238.525009155 1
63 31 239.654418945 1
63 31 241.034835815 1
63 31 248.145294189 1
63 31 251.274169922 1
63 31 252.552520752 1
63 31 254.401306152 1
63 31 254.975585938 1
63 31 258.775726318 1
63 31 260.612762451 1
63 31 264.225769043 1
63 31 266.542144775 1
63 31 266.965667725 1
63 31 267.688903809 1
63 31 272.389312744 1
63 31 272.74420166 1
63 31 273.685119629 1
63 31 274.107391357 1
63 31 274.335205078 1
63 31 280.19442749 1
63 31 282.480407715 1
63 31 283.867614746 1
63 31 284.678466797 1
63 31 285.0340271 1
63 31 291.3878479 1
63 31 298.944793701 1
63 31 306.027740479 1
63 31 309.891448975 1
63 31 311.048156738 1
63 31 311.754974365 1
63 31 313.261627197 1
63 31 314.307098389 1
63 31 315.199249268 1
63 31 318.330383301 1
63 31 319.9296875 1
63 31 327.604095459 1
63 31 329.061218262 1
63 31 329.41696167 1
63 31 333.771759033 1
63 31 334.354370117 1
63 31 336.812255859 1
63 31 340.578796387 1
63 31 342.412078857 1
63 31 342.743652344 1
63 31 347.310455322 1
63 31 349.164154053 1
63 31 354.752563477 1
63 31 360.373596191 1
63 31 360.490905762 1
63 31 364.080169678 1
63 31 364.798309326 1
63 31 370.449035645 1
63 31 372.752960205 1
63 31 386.596343994 1
63 31 390.08190918 1
63 31 392.495117188 1
63 31 395.628814697 1
63 31 404.871307373 1
63 31 407.077575684 1
63 31 410.524963379 1
63 31 420.6199646 1
63 31 434.232849121 1
63 31 434.87399292 1
63 31 435.135406494 1
63 31 441.082183838 1
63 31 441.254608154 1
63 31 452.69229126 1
63 31 463.748809814 1
63 31 468.66607666 1
63 31 469.003173828 1
63 31 473.886688232 1
63 31 474.293823242 1
63 31 475.702941895 1
63 31 478.640472412 1
63 31 494.11138916 1
63 31 498.026916504 1
63 31 511.253540039 1
63 31 516.405761719 1
63 31 530.487121582 1
63 31 554.092834473 1
63 31 561.09161377 1
63 31 601.734558105 1
63 31 644.282775879 1
63 31 644.645263672 1
63 31 649.51550293 1
63 31 683.818237305 1
63 31 697.257568359 1
63 31 716.124145508 1
63 31 751.125244141 1
63 31 791.489257812 1
63 31 843.634765625 1
63 31 911.859680176 1
63 31 932.987548828 1
63 31 1030.5480957 1
63 31 1114.48083496 1
63 31 1199.42907715 1
63 31 1202.44836426 1
63 31 1230.03527832 1
63 31 1239.02441406 1
63 31 1285.92749023 1
63 31 1289.12426758 1
63 31 1462.59643555 1
63 32 190.131378174 1
63 32 197.42149353 1
63 32 203.366867065 1
63 32 205.148635864 1
63 32 209.96081543 1
63 32 211.187332153 1
63 32 217.820968628 1
63 32 220.792404175 1
63 32 224.039993286 1
63 32 227.295974731 1
63 32 239.443695068 1
63 32 242.092971802 1
63 32 251.005569458 1
63 32 252.365539551 1
63 32 254.177383423 1
63 32 254.596054077 1
63 32 258.667663574 1
63 32 273.563964844 1
63 32 278.448455811 1
63 32 283.196807861 1
63 32 288.531005859 1
63 32 296.333984375 1
63 32 299.008300781 1
63 32 303.72366333 1
63 32 303.846618652 1
63 32 305.146820068 1
63 32 307.441009521 1
63 32 308.58291626 1
63 32 308.718963623 1
63 32 314.179199219 1
63 32 319.363952637 1
63 32 324.392028809 1
63 32 325.782562256 1
63 32 328.760467529 1
63 32 337.026000977 1
63 32 345.049499512 1
63 32 349.9402771 1
63 32 350.207946777 1
63 32 354.013427734 1
63 32 357.535949707 1
63 32 366.576873779 1
63 32 380.826477051 1
63 32 380.84161377 1
63 32 392.784637451 1
63 32 393.909362793 1
63 32 396.049987793 1
63 32 399.455383301 1
63 32 427.055541992 1
63 32 441.033233643 1
63 32 452.824157715 1
63 32 455.019500732 1
63 32 455.236297607 1
63 32 463.666107178 1
63 32 481.272949219 1
63 32 483.372802734 1
63 32 512.670410156 1
63 32 513.75604248 1
63 32 517.344177246 1
63 32 517.43737793 1
63 32 578.980529785 1
63 32 582.898986816 1
63 32 591.045776367 1
63 32 591.718505859 1
63 32 604.266662598 1
63 32 643.243591309 1
63 32 765.236083984 1
63 32 1494.49438477 1
63 32 1516.29968262 1
63 33 361.17791748 1
63 33 364.853637695 1
63 33 402.523834229 1
63 33 446.247467041 1
63 33 482.992858887 1
63 33 484.057159424 1
63 33 494.458282471 1
63 33 520.493164062 1
63 33 569.012695312 1
63 33 584.96270752 1
63 33 591.668640137 1
63 33 663.270507812 1
63 33 665.652832031 1
63 33 736.778991699 1
63 34 548.102661133 1
63 34 884.159545898 1
63 34 1034.63537598 1
63 34 1183.61633301 1
63 34 1357.46240234 1
64 24 1212.84631348 1
64 25 1100.45996094 1
64 25 1399.43029785 1
64 25 2086.65698242 1
64 27 818.127807617 1
64 27 840.975219727 1
64 27 893.828918457 1
64 27 926.147827148 1
64 27 950.593261719 1
64 27 960.976501465 1
64 27 980.531555176 1
64 27 1029.25830078 1
64 27 1082.85632324 1
64 27 1098.53271484 1
64 27 1197.32055664 1
64 27 1292.95507812 1
64 28 741.699401855 1
64 28 1107.89770508 1
64 28 1370.42443848 1
64 29 677.481262207 1
64 29 699.867980957 1
64 29 737.161254883 1
64 29 755.241027832 1
64 29 805.266052246 1
64 29 859.45324707 1
64 29 889.748168945 1
64 29 1053.01464844 1
64 29 1202.68981934 1
64 29 1210.78552246 1
64 29 1229.63098145 1
64 30 630.283874512 1
64 30 640.067260742 1
64 30 816.514038086 1
64 30 820.933166504 1
64 30 926.967773438 1
64 30 1072.0736084 1
64 30 1294.94873047 1
64 30 1327.96704102 1
64 30 1398.63378906 1
64 30 1514.17016602 1
64 31 625.480407715 1
64 31 710.950439453 1
64 31 722.479919434 1
64 31 782.755371094 1
64 31 891.792785645 1
64 31 973.049316406 1
64 31 998.851623535 1
64 31 1022.48449707 1
64 31 1167.47143555 1
64 31 1191.33959961 1
64 31 1365.76428223 1
64 32 661.926696777 1
64 32 709.249633789 1
64 32 823.655456543 1
64 32 1573.17431641 1
64 33 1019.46539307 1
64 33 1115.48864746 1
69 31 1438.07128906 1
70 24 1098.00402832 1
70 24 1297.71337891 1
70 24 1575.421875 1
70 24 1713.96240234 1
70 26 820.476806641 1
70 26 867.030029297 1
70 26 922.472412109 1
70 26 998.934387207 1
70 26 1001.65753174 1
70 26 1064.61303711 1
70 27 706.566894531 1
70 27 1332.51818848 1
70 27 1354.56945801 1
70 27 1710.70019531 1
70 28 662.546386719 1
70 28 691.029052734 1
70 28 760.092590332 1
70 28 768.971557617 1
70 28 790.004272461 1
70 28 851.932312012 1
70 28 929.232849121 1
70 28 960.836425781 1
70 28 1019.01031494 1
70 28 1059.86987305 1
70 28 1143.97363281 1
70 28 1514.78283691 1
70 29 643.989562988 1
70 29 701.780395508 1
70 29 709.48248291 1
70 29 865.872192383 1
70 29 971.885498047 1
70 29 1003.10064697 1
70 29 1052.0411377 1
70 29 1285.13110352 1
70 29 1371.17993164 1
70 30 638.651855469 1
70 30 744.391601562 1
70 30 864.655883789 1
70 30 967.444946289 1
70 31 912.234130859 1
70 31 917.657470703 1
71 23 1184.55334473 1
71 23 1278.6015625 1
71 24 1424.3782959 1
71 25 955.658752441 1
71 25 1020.02105713 1
71 26 845.994873047 1
71 26 896.205749512 1
71 26 1099.43920898 1
71 26 1227.609375 1
71 26 1298.0513916 1
71 27 727.851196289 1
71 27 771.183349609 1
71 27 779.761779785 1
71 27 820.975341797 1
71 27 915.987121582 1
71 27 981.385375977 1
71 27 1022.54827881 1
71 27 1134.47753906 1
71 27 1169.85571289 1
71 27 1222.66882324 1
71 27 1296.72790527 1
71 27 1320.17004395 1
71 27 1503.55981445 1
71 28 874.426757812 1
71 28 955.71081543 1
71 28 1014.22412109 1
71 28 1793.64587402 1
71 29 680.360351562 1
71 29 847.834777832 1
71 29 904.59777832 1
71 29 1054.78881836 1
71 29 1090.98364258 1
71 29 1099.25158691 1
71 29 1644.71728516 1
71 30 731.846923828 1
71 30 745.610778809 1
71 30 800.645019531 1
71 30 1030.02697754 1
71 31 927.845397949 1
71 31 1504.62463379 1
71 32 915.13861084 1
72 20 2438.5222168 1
72 29 1779.46447754 1
72 30 1312.96069336 1
72 32 2178.65673828 1
77 28 1652.82922363 1
77 28 1870.14147949 1
77 29 1126.14160156 1
77 32 1778.65881348 1
78 30 2143.63989258 1
