string dom time hits
46 25 1813.73828125 1
53 27 2025.62866211 1
53 28 1366.93066406 1
54 23 1147.77734375 1
54 24 848.712036133 1
54 25 806.577880859 1
54 25 926.792175293 1
54 25 969.13293457 1
54 25 1382.70007324 1
54 26 963.705810547 1
54 26 1047.87133789 1
54 26 1079.28564453 1
54 26 1318.80041504 1
54 27 688.227111816 1
54 27 780.207397461 1
54 27 910.22088623 1
54 27 923.217834473 1
54 27 1348.47802734 1
54 27 1352.6484375 1
54 27 1367.25085449 1
54 27 2807.8996582 1
54 28 735.81842041 1
54 28 927.539794922 1
54 28 1955.75024414 1
54 29 654.662841797 1
54 29 779.813598633 1
54 29 887.209899902 1
54 29 902.364013672 1
54 29 1059.49401855 1
54 29 1531.18005371 1
54 29 1592.42028809 1
54 29 1850.41760254 1
54 30 834.010070801 1
54 30 855.166137695 1
54 30 928.22857666 1
54 30 1011.73303223 1
54 30 1675.36450195 1
54 31 798.157348633 1
54 31 830.255615234 1
54 31 917.521118164 1
54 31 1310.17590332 1
54 31 1337.7064209 1
54 31 1608.51501465 1
54 32 845.392211914 1
54 32 1643.25268555 1
54 33 951.172058105 1
54 33 1064.31530762 1
55 21 1304.11279297 1
55 24 1272.71484375 1
55 25 859.78125 1
55 25 1034.60595703 1
55 25 2202.41821289 1
55 26 786.585632324 1
55 26 1033.44482422 1
55 27 737.727233887 1
55 27 782.283630371 1
55 27 851.2265625 1
55 27 884.220458984 1
55 27 895.117248535 1
55 27 1136.99951172 1
55 27 1191.43054199 1
55 27 1623.62744141 1
55 28 671.891845703 1
55 28 706.495727539 1
55 28 872.546264648 1
55 28 904.498840332 1
55 28 955.265686035 1
55 29 656.89630127 1
55 29 706.680969238 1
55 29 709.251281738 1
55 29 759.57598877 1
55 29 823.935668945 1
55 29 836.533813477 1
55 29 931.989501953 1
55 29 938.762817383 1
55 29 1013.94226074 1
55 29 1030.79772949 1
55 29 1171.26782227 1
55 29 1518.59985352 1
55 30 726.13293457 1
55 30 791.83770752 1
55 30 798.043334961 1
55 30 955.78338623 1
55 30 1161.87194824 1
55 33 1210.6751709 1
56 29 1510.60205078 1
62 24 1042.14819336 1
62 25 910.147155762 1
62 25 1075.98681641 1
62 25 2175.05761719 1
62 26 809.200195312 1
62 26 880.204040527 1
62 26 902.292114258 1
62 26 941.985656738 1
62 27 833.590148926 1
62 27 852.711425781 1
62 27 892.156738281 1
62 27 945.746032715 1
62 27 990.592895508 1
62 27 1075.29504395 1
62 27 1248.47045898 1
62 27 1281.3828125 1
62 27 1292.54455566 1
62 28 722.289855957 1
62 28 742.052001953 1
62 28 782.510864258 1
62 28 859.19543457 1
62 28 865.288208008 1
62 28 894.101501465 1
62 28 921.801818848 1
62 28 1059.04162598 1
62 28 1080.01098633 1
62 28 1226.62341309 1
62 28 2372.4309082 1
62 29 689.707458496 1
62 29 706.54510498 1
62 29 728.221374512 1
62 29 815.886901855 1
62 29 866.923034668 1
62 29 1027.02294922 1
62 29 1036.56359863 1
62 29 1134.55200195 1
62 29 1175.70739746 1
62 29 1195.06884766 1
62 29 1588.34118652 1
62 30 704.860046387 1
62 30 717.546325684 1
62 30 979.69732666 1
62 30 979.84564209 1
62 30 1069.90307617 1
62 30 1731.55224609 1
62 31 1049.12976074 1
62 31 1151.34606934 1
62 31 2219.80883789 1
62 32 874.989440918 1
63 18 1254.42004395 1
63 21 1347.11572266 1
63 22 1265.98547363 1
63 23 621.274230957 1
63 23 943.211669922 1
63 23 1520.78161621 1
63 24 607.212219238 1
63 24 653.890319824 1
63 24 660.315063477 1
63 24 693.525085449 1
63 24 713.687194824 1
63 24 806.425537109 1
63 24 863.240905762 1
63 24 987.460998535 1
63 24 1129.66064453 1
63 25 436.471343994 1
63 25 437.108917236 1
63 25 441.108795166 1
63 25 447.830932617 1
63 25 453.26071167 1
63 25 477.025268555 1
63 25 486.560699463 1
63 25 487.564788818 1
63 25 491.892547607 1
63 25 502.204467773 1
63 25 505.048522949 1
63 25 506.317565918 1
63 25 514.576660156 1
63 25 521.789123535 1
63 25 526.483032227 1
63 25 527.521728516 1
63 25 528.815246582 1
63 25 528.932006836 1
63 25 530.199829102 1
63 25 542.639160156 1
63 25 545.106445312 1
63 25 547.340026855 1
63 25 558.479614258 1
63 25 558.550292969 1
63 25 576.403137207 1
63 25 602.527832031 1
63 25 625.496704102 1
63 25 625.82043457 1
63 25 650.325927734 1
63 25 674.770568848 1
63 25 693.239135742 1
63 25 719.488647461 1
63 25 727.260131836 1
63 25 751.740966797 1
63 25 781.652648926 1
63 25 851.423156738 1
63 25 851.504699707 1
63 25 904.747619629 1
63 25 910.980895996 1
63 25 1067.90368652 1
63 25 1132.63793945 1
63 25 1141.65698242 1
63 25 1160.63476562 1
63 25 1203.20288086 1
63 25 1299.94213867 1
63 25 1312.2713623 1
63 25 1449.05615234 1
63 26 330.277954102 1
63 26 334.259185791 1
63 26 341.146789551 1
63 26 345.049438477 1
63 26 348.041717529 1
63 26 353.21194458 1
63 26 356.714141846 1
63 26 360.489044189 1
63 26 361.116027832 1
63 26 368.021118164 1
63 26 377.69128418 1
63 26 378.154144287 1
63 26 379.085235596 1
63 26 380.157562256 1
63 26 382.031555176 1
63 26 382.752563477 1
63 26 397.158111572 1
63 26 398.756561279 1
63 26 399.345916748 1
63 26 399.982818604 1
63 26 403.74319458 1
63 26 406.231933594 1
63 26 407.433013916 1
63 26 409.301849365 1
63 26 416.362792969 1
63 26 417.886383057 1
63 26 418.455810547 1
63 26 418.661102295 1
63 26 423.984527588 1
63 26 424.65447998 1
63 26 424.875488281 1
63 26 427.570709229 1
63 26 432.869567871 1
63 26 433.9402771 1
63 26 435.298828125 1
63 26 436.98614502 1
63 26 438.304748535 1
63 26 446.937988281 1
63 26 449.422515869 1
63 26 450.529418945 1
63 26 451.892700195 1
63 26 454.581390381 1
63 26 457.40625 1
63 26 460.183685303 1
63 26 462.88293457 1
63 26 465.419769287 1
63 26 471.93258667 1
63 26 473.359649658 1
63 26 482.010437012 1
63 26 483.440948486 1
63 26 499.119384766 1
63 26 503.686096191 1
63 26 509.860839844 1
63 26 512.558349609 1
63 26 513.236206055 1
63 26 538.950927734 1
63 26 544.515136719 1
63 26 552.538330078 1
63 26 554.319335938 1
63 26 575.65838623 1
63 26 576.11730957 1
63 26 582.003295898 1
63 26 584.116760254 1
63 26 585.491760254 1
63 26 589.241210938 1
63 26 607.606872559 1
63 26 671.574035645 1
63 26 680.06829834 1
63 26 695.149780273 1
63 26 702.943603516 1
63 26 708.606811523 1
63 26 723.585266113 1
63 26 739.6875 1
63 26 874.532104492 1
63 26 952.106384277 1
63 26 991.509887695 1
63 26 1145.57580566 1
63 26 1257.96899414 1
63 26 1361.97460938 1
63 27 244.614639282 1
63 27 253.359512329 1
63 27 254.574447632 1
63 27 254.582824707 1
63 27 259.926300049 1
63 27 259.981079102 1
63 27 261.559143066 1
63 27 262.799407959 1
63 27 263.036346436 1
63 27 263.058868408 1
63 27 263.606445312 1
63 27 263.931427002 1
63 27 264.881317139 1
63 27 265.200042725 1
63 27 265.222747803 1
63 27 269.412567139 1
63 27 272.795806885 1
63 27 273.575256348 1
63 27 275.420227051 1
63 27 275.498016357 1
63 27 276.674591064 1
63 27 277.13168335 1
63 27 278.173736572 1
63 27 278.243255615 1
63 27 278.39932251 1
63 27 278.425811768 1
63 27 280.17489624 1
63 27 280.663085938 1
63 27 282.079559326 1
63 27 283.142913818 1
63 27 284.001617432 1
63 27 284.942626953 1
63 27 285.637084961 1
63 27 285.681945801 1
63 27 286.163574219 1
63 27 288.034240723 1
63 27 288.844970703 1
63 27 289.342895508 1
63 27 290.21383667 1
63 27 290.270629883 1
63 27 290.442138672 1
63 27 291.873321533 1
63 27 292.428649902 1
63 27 294.814727783 1
63 27 295.295318604 1
63 27 296.335632324 1
63 27 296.810577393 1
63 27 297.405609131 1
63 27 299.040557861 1
63 27 299.205841064 1
63 27 299.588592529 1
63 27 299.952789307 1
63 27 303.430755615 1
63 27 305.952606201 1
63 27 306.036132812 1
63 27 306.312591553 1
63 27 307.363342285 1
63 27 307.626281738 1
63 27 309.348846436 1
63 27 310.411743164 1
63 27 310.47253418 1
63 27 311.447174072 1
63 27 311.891571045 1
63 27 312.519683838 1
63 27 312.82019043 1
63 27 315.038818359 1
63 27 315.509368896 1
63 27 317.13470459 1
63 27 319.263275146 1
63 27 319.395843506 1
63 27 320.891143799 1
63 27 322.366577148 1
63 27 324.889068604 1
63 27 326.66708374 1
63 27 327.12802124 1
63 27 328.658050537 1
63 27 329.067199707 1
63 27 332.154296875 1
63 27 343.591766357 1
63 27 343.84677124 1
63 27 344.496765137 1
63 27 344.499969482 1
63 27 348.224731445 1
63 27 348.276275635 1
63 27 349.393676758 1
63 27 351.396606445 1
63 27 352.676300049 1
63 27 353.546234131 1
63 27 356.455322266 1
63 27 358.78427124 1
63 27 359.799285889 1
63 27 360.531158447 1
63 27 367.792602539 1
63 27 368.883300781 1
63 27 370.41418457 1
63 27 370.76373291 1
63 27 371.184448242 1
63 27 371.626342773 1
63 27 374.618255615 1
63 27 377.586303711 1
63 27 382.527160645 1
63 27 386.392944336 1
63 27 393.411010742 1
63 27 395.735870361 1
63 27 395.804107666 1
63 27 409.018157959 1
63 27 410.838653564 1
63 27 417.503723145 1
63 27 417.991607666 1
63 27 418.886993408 1
63 27 423.729095459 1
63 27 429.959442139 1
63 27 432.117553711 1
63 27 433.208740234 1
63 27 435.102081299 1
63 27 437.82421875 1
63 27 451.898284912 1
63 27 455.167999268 1
63 27 466.579650879 1
63 27 466.820404053 1
63 27 468.654418945 1
63 27 487.971557617 1
63 27 489.120544434 1
63 27 498.232116699 1
63 27 508.074951172 1
63 27 510.24005127 1
63 27 517.526428223 1
63 27 518.519592285 1
63 27 524.660705566 1
63 27 527.880004883 1
63 27 538.725219727 1
63 27 544.024963379 1
63 27 554.94720459 1
63 27 559.558044434 1
63 27 565.782775879 1
63 27 570.925292969 1
63 27 573.114929199 1
63 27 579.038818359 1
63 27 594.551940918 1
63 27 597.250549316 1
63 27 602.429321289 1
63 27 609.171020508 1
63 27 614.49798584 1
63 27 626.64630127 1
63 27 628.163330078 1
63 27 658.799682617 1
63 27 689.366455078 1
63 27 695.057983398 1
63 27 697.002929688 1
63 27 707.679443359 1
63 27 732.388916016 1
63 27 747.031066895 1
63 27 747.190734863 1
63 27 768.081420898 1
63 27 774.464660645 1
63 27 790.101745605 1
63 27 792.894226074 1
63 27 802.808532715 1
63 27 831.870910645 1
63 27 909.800170898 1
63 27 975.891906738 1
63 27 979.924804688 1
63 27 1056.63085938 1
63 27 1058.43188477 1
63 27 1113.49731445 1
63 27 1327.75268555 1
63 27 1901.32653809 1
63 28 165.981231689 1
63 28 165.990325928 1
63 28 167.632156372 1
63 28 167.91192627 1
63 28 168.920776367 1
63 28 169.418548584 1
63 28 169.978057861 1
63 28 170.386016846 1
63 28 170.744216919 1
63 28 170.995376587 1
63 28 171.243621826 1
63 28 172.78692627 1
63 28 173.886306763 1
63 28 174.390625 1
63 28 174.394042969 1
63 28 174.557556152 1
63 28 174.989379883 1
63 28 175.216888428 1
63 28 175.240707397 1
63 28 176.154418945 1
63 28 176.191680908 1
63 28 176.406005859 1
63 28 177.288101196 1
63 28 177.585784912 1
63 28 178.26776123 1
63 28 178.535171509 1
63 28 178.838226318 1
63 28 178.937652588 1
63 28 178.985488892 1
63 28 179.001571655 1
63 28 179.28137207 1
63 28 179.65057373 1
63 28 179.965698242 1
63 28 180.834762573 1
63 28 181.454223633 1
63 28 181.603103638 1
63 28 181.910064697 1
63 28 182.022354126 1
63 28 182.074951172 1
63 28 182.834091187 1
63 28 182.934005737 1
63 28 182.968719482 1
63 28 183.812835693 1
63 28 184.727386475 1
63 28 184.885025024 1
63 28 185.016448975 1
63 28 185.054138184 1
63 28 185.134872437 1
63 28 185.316329956 1
63 28 185.74156189 1
63 28 185.762176514 1
63 28 185.868835449 1
63 28 185.898910522 1
63 28 185.943481445 1
63 28 186.058029175 1
63 28 186.083709717 1
63 28 186.834579468 1
63 28 187.172332764 1
63 28 187.350479126 1
63 28 187.590698242 1
63 28 187.688354492 1
63 28 188.221832275 1
63 28 188.296875 1
63 28 188.343322754 1
63 28 188.883209229 1
63 28 188.903396606 1
63 28 189.093429565 1
63 28 189.398239136 1
63 28 189.470687866 1
63 28 189.574249268 1
63 28 189.589035034 1
63 28 190.086517334 1
63 28 190.514434814 1
63 28 191.228134155 1
63 28 191.573074341 1
63 28 191.678604126 1
63 28 191.825149536 1
63 28 191.872024536 1
63 28 191.907104492 1
63 28 192.417892456 1
63 28 192.550872803 1
63 28 192.568054199 1
63 28 193.479095459 1
63 28 193.690170288 1
63 28 194.087097168 1
63 28 194.192047119 1
63 28 194.595214844 1
63 28 194.877349854 1
63 28 195.116653442 1
63 28 195.243179321 1
63 28 196.175033569 1
63 28 196.355163574 1
63 28 196.745620728 1
63 28 196.897796631 1
63 28 197.471572876 1
63 28 197.527328491 1
63 28 197.773330688 1
63 28 198.339675903 1
63 28 198.549728394 1
63 28 198.584350586 1
63 28 199.143859863 1
63 28 199.2059021 1
63 28 199.418838501 1
63 28 199.421798706 1
63 28 199.816375732 1
63 28 200.239135742 1
63 28 200.241226196 1
63 28 201.086547852 1
63 28 202.470779419 1
63 28 202.675857544 1
63 28 203.315704346 1
63 28 203.466461182 1
63 28 203.486373901 1
63 28 204.494750977 1
63 28 204.849060059 1
63 28 205.901702881 1
63 28 206.266418457 1
63 28 206.309463501 1
63 28 207.120193481 1
63 28 207.332855225 1
63 28 208.25604248 1
63 28 208.501541138 1
63 28 209.02116394 1
63 28 209.070648193 1
63 28 209.643234253 1
63 28 210.162689209 1
63 28 210.955947876 1
63 28 211.34135437 1
63 28 211.470809937 1
63 28 211.649353027 1
63 28 211.946212769 1
63 28 212.202651978 1
63 28 212.714233398 1
63 28 213.42489624 1
63 28 214.080368042 1
63 28 215.369506836 1
63 28 216.574890137 1
63 28 216.591323853 1
63 28 216.920608521 1
63 28 217.762298584 1
63 28 218.27645874 1
63 28 218.765838623 1
63 28 218.883499146 1
63 28 219.506637573 1
63 28 219.801925659 1
63 28 220.032745361 1
63 28 220.177032471 1
63 28 220.596405029 1
63 28 220.814727783 1
63 28 220.914001465 1
63 28 222.409362793 1
63 28 223.227554321 1
63 28 223.78086853 1
63 28 224.04208374 1
63 28 224.318206787 1
63 28 224.638458252 1
63 28 224.792205811 1
63 28 225.605621338 1
63 28 225.926361084 1
63 28 225.940139771 1
63 28 226.180770874 1
63 28 226.180831909 1
63 28 227.637496948 1
63 28 227.866699219 1
63 28 227.908248901 1
63 28 229.010116577 1
63 28 229.69480896 1
63 28 230.185028076 1
63 28 230.230331421 1
63 28 231.107086182 1
63 28 231.995941162 1
63 28 232.814651489 1
63 28 232.869735718 1
63 28 235.529312134 1
63 28 235.798583984 1
63 28 236.194869995 1
63 28 237.106277466 1
63 28 237.434249878 1
63 28 238.58946228 1
63 28 240.093780518 1
63 28 240.513275146 1
63 28 242.326644897 1
63 28 242.347900391 1
63 28 243.169754028 1
63 28 244.708969116 1
63 28 248.637069702 1
63 28 248.903823853 1
63 28 249.481643677 1
63 28 249.917800903 1
63 28 249.936737061 1
63 28 250.590881348 1
63 28 251.399093628 1
63 28 252.619277954 1
63 28 255.475082397 1
63 28 258.578399658 1
63 28 258.726196289 1
63 28 260.260498047 1
63 28 260.451477051 1
63 28 260.925048828 1
63 28 265.289764404 1
63 28 266.11126709 1
63 28 266.112762451 1
63 28 266.265991211 1
63 28 266.386901855 1
63 28 268.11920166 1
63 28 269.246948242 1
63 28 272.06918335 1
63 28 275.019836426 1
63 28 277.621246338 1
63 28 278.511627197 1
63 28 278.671966553 1
63 28 278.746643066 1
63 28 279.903930664 1
63 28 280.413421631 1
63 28 280.746856689 1
63 28 281.020996094 1
63 28 281.062652588 1
63 28 282.931243896 1
63 28 283.115203857 1
63 28 283.644897461 1
63 28 284.687988281 1
63 28 286.695831299 1
63 28 288.139892578 1
63 28 289.532409668 1
63 28 296.340545654 1
63 28 297.262329102 1
63 28 297.65826416 1
63 28 297.9012146 1
63 28 298.746002197 1
63 28 308.930450439 1
63 28 309.248809814 1
63 28 309.642700195 1
63 28 309.721160889 1
63 28 310.325775146 1
63 28 316.308105469 1
63 28 316.726318359 1
63 28 317.902404785 1
63 28 318.27520752 1
63 28 318.627929688 1
63 28 319.349182129 1
63 28 320.474304199 1
63 28 323.251251221 1
63 28 323.308776855 1
63 28 323.736206055 1
63 28 324.181091309 1
63 28 325.71307373 1
63 28 327.496582031 1
63 28 329.344604492 1
63 28 332.723175049 1
63 28 333.824798584 1
63 28 337.332458496 1
63 28 347.847686768 1
63 28 350.402130127 1
63 28 358.716400146 1
63 28 361.237182617 1
63 28 363.172302246 1
63 28 363.606170654 1
63 28 363.797729492 1
63 28 364.274719238 1
63 28 367.19644165 1
63 28 367.378936768 1
63 28 371.061767578 1
63 28 377.300323486 1
63 28 378.029693604 1
63 28 386.231506348 1
63 28 399.128936768 1
63 28 403.884429932 1
63 28 404.609893799 1
63 28 408.495391846 1
63 28 414.179046631 1
63 28 414.813568115 1
63 28 416.339233398 1
63 28 416.817718506 1
63 28 418.569702148 1
63 28 420.957214355 1
63 28 429.695068359 1
63 28 435.307891846 1
63 28 438.799133301 1
63 28 440.867462158 1
63 28 443.113433838 1
63 28 449.6277771 1
63 28 481.697357178 1
63 28 484.262023926 1
63 28 502.204223633 1
63 28 512.828491211 1
63 28 522.23638916 1
63 28 527.025756836 1
63 28 535.442443848 1
63 28 539.632019043 1
63 28 540.492126465 1
63 28 541.609436035 1
63 28 575.197143555 1
63 28 582.064208984 1
63 28 606.752502441 1
63 28 617.299377441 1
63 28 627.842285156 1
63 28 643.667358398 1
63 28 664.222961426 1
63 28 683.551513672 1
63 28 692.66986084 1
63 28 693.969726562 1
63 28 775.684204102 1
63 28 781.120361328 1
63 28 826.137878418 1
63 28 886.661682129 1
63 28 896.088317871 1
63 28 906.99005127 1
63 28 928.516174316 1
63 28 942.362182617 1
63 28 1025.96435547 1
63 28 1072.78320312 1
63 28 1080.26037598 1
63 28 1206.35119629 1
63 28 1883.69335938 1
63 29 82.4251785278 1
63 29 84.1296844482 1
63 29 84.5377349854 1
63 29 84.6128845215 1
63 29 84.7369537354 1
63 29 85.0109710693 1
63 29 85.7231903076 1
63 29 85.9048538208 1
63 29 85.9643325806 1
63 29 86.0379104614 1
63 29 86.0489425659 1
63 29 86.1951599121 1
63 29 86.2627105713 1
63 29 86.78125 1
63 29 86.7901763916 1
63 29 86.9041137695 1
63 29 86.916053772 1
63 29 87.4346008301 1
63 29 87.5291213989 1
63 29 87.5367431641 1
63 29 87.5453033447 1
63 29 87.6597290039 1
63 29 87.82056427 1
63 29 88.0973510742 1
63 29 88.1588592529 1
63 29 88.1772460938 1
63 29 88.2454376221 1
63 29 88.2568054199 1
63 29 88.3185424805 1
63 29 88.4987411499 1
63 29 88.5395278931 1
63 29 88.5618591309 1
63 29 88.5719604492 1
63 29 88.6226196289 1
63 29 88.638130188 1
63 29 88.6617202759 1
63 29 88.8599624634 1
63 29 88.9760055542 1
63 29 88.9833145142 1
63 29 89.0180282593 1
63 29 89.1430358887 1
63 29 89.1976776123 1
63 29 89.2030334473 1
63 29 89.5750427246 1
63 29 89.5923843384 1
63 29 89.7246856689 1
63 29 89.7448348999 1
63 29 89.7518157959 1
63 29 89.7813186646 1
63 29 89.799949646 1
63 29 89.8868484497 1
63 29 89.9795074463 1
63 29 90.144569397 1
63 29 90.1787948608 1
63 29 90.1833953857 1
63 29 90.5250854492 1
63 29 90.6416549683 1
63 29 90.6988754272 1
63 29 90.755859375 1
63 29 90.9220275879 1
63 29 91.0243530273 1
63 29 91.0376358032 1
63 29 91.1082305908 1
63 29 91.2211837769 1
63 29 91.2355804443 1
63 29 91.2396774292 1
63 29 91.3760452271 1
63 29 91.39868927 1
63 29 91.4008102417 1
63 29 91.5158309937 1
63 29 91.6170501709 1
63 29 91.6275939941 1
63 29 91.6514358521 1
63 29 91.677154541 1
63 29 91.7075881958 1
63 29 91.7933197021 1
63 29 91.8370361328 1
63 29 91.842414856 1
63 29 91.916305542 1
63 29 91.9174423218 1
63 29 91.9393386841 1
63 29 91.9571228027 1
63 29 92.0123138428 1
63 29 92.042175293 1
63 29 92.0527114868 1
63 29 92.1050186157 1
63 29 92.1093826294 1
63 29 92.2253799438 1
63 29 92.4928436279 1
63 29 92.4932632446 1
63 29 92.500617981 1
63 29 92.5251617432 1
63 29 92.5489273071 1
63 29 92.6204299927 1
63 29 92.6396484375 1
63 29 92.6625976562 1
63 29 92.7233428955 1
63 29 92.727180481 1
63 29 92.7883834839 1
63 29 92.8033828735 1
63 29 92.8525085449 1
63 29 92.8809280396 1
63 29 93.0632171631 1
63 29 93.084602356 1
63 29 93.1177749634 1
63 29 93.1406860352 1
63 29 93.2425460815 1
63 29 93.2634124756 1
63 29 93.2795257568 1
63 29 93.3602752686 1
63 29 93.3676452637 1
63 29 93.4811477661 1
63 29 93.5176925659 1
63 29 93.5697860718 1
63 29 93.6059951782 1
63 29 93.607170105 1
63 29 93.6150283813 1
63 29 93.6719589233 1
63 29 93.6860809326 1
63 29 93.7742843628 1
63 29 93.8013381958 1
63 29 93.8642883301 1
63 29 93.916343689 1
63 29 94.0205841064 1
63 29 94.0790481567 1
63 29 94.0834732056 1
63 29 94.299911499 1
63 29 94.3454437256 1
63 29 94.3687591553 1
63 29 94.4875640869 1
63 29 94.4944992065 1
63 29 94.5184631348 1
63 29 94.7339935303 1
63 29 94.8787155151 1
63 29 94.9257278442 1
63 29 95.0207138062 1
63 29 95.0536346436 1
63 29 95.1170883179 1
63 29 95.1763763428 1
63 29 95.2265319824 1
63 29 95.3158340454 1
63 29 95.4435272217 1
63 29 95.5225296021 1
63 29 95.5511932373 1
63 29 95.601600647 1
63 29 95.8341064453 1
63 29 95.9265289307 1
63 29 95.9456787109 1
63 29 95.9533081055 1
63 29 96.0062103271 1
63 29 96.0852050781 1
63 29 96.1217346191 1
63 29 96.1282119751 1
63 29 96.1747131348 1
63 29 96.1845397949 1
63 29 96.2272033691 1
63 29 96.2328796387 1
63 29 96.4133071899 1
63 29 96.4485473633 1
63 29 96.4679336548 1
63 29 96.4694061279 1
63 29 96.4696578979 1
63 29 96.4777908325 1
63 29 96.5184707642 1
63 29 96.6176452637 1
63 29 96.7610244751 1
63 29 96.7678985596 1
63 29 96.7710647583 1
63 29 96.7750015259 1
63 29 96.8627090454 1
63 29 96.9300231934 1
63 29 96.943321228 1
63 29 96.974105835 1
63 29 97.0012359619 1
63 29 97.0018844604 1
63 29 97.0576019287 1
63 29 97.0803985596 1
63 29 97.0952606201 1
63 29 97.2597045898 1
63 29 97.2761764526 1
63 29 97.3178482056 1
63 29 97.3485794067 1
63 29 97.3910827637 1
63 29 97.3941574097 1
63 29 97.4032211304 1
63 29 97.4294128418 1
63 29 97.5347671509 1
63 29 97.5688018799 1
63 29 97.5761184692 1
63 29 97.6278533936 1
63 29 97.6559448242 1
63 29 97.7014389038 1
63 29 97.7758178711 1
63 29 97.8171463013 1
63 29 98.103225708 1
63 29 98.1393280029 1
63 29 98.1634902954 1
63 29 98.168182373 1
63 29 98.24193573 1
63 29 98.295173645 1
63 29 98.478553772 1
63 29 98.4914093018 1
63 29 98.5222167969 1
63 29 98.5351409912 1
63 29 98.5774917603 1
63 29 98.5894393921 1
63 29 98.606918335 1
63 29 98.6121749878 1
63 29 98.6180114746 1
63 29 98.6675186157 1
63 29 98.8230133057 1
63 29 98.9929275513 1
63 29 99.0006027222 1
63 29 99.0383529663 1
63 29 99.0684738159 1
63 29 99.1226501465 1
63 29 99.1291351318 1
63 29 99.1660385132 1
63 29 99.1732025146 1
63 29 99.2733688354 1
63 29 99.337059021 1
63 29 99.4447402954 1
63 29 99.4496765137 1
63 29 99.476776123 1
63 29 99.491569519 1
63 29 99.6147079468 1
63 29 99.7925415039 1
63 29 99.811164856 1
63 29 99.857673645 1
63 29 99.9679641724 1
63 29 99.9985046387 1
63 29 100.018600464 1
63 29 100.066574097 1
63 29 100.092437744 1
63 29 100.093856812 1
63 29 100.119918823 1
63 29 100.162506104 1
63 29 100.18573761 1
63 29 100.194229126 1
63 29 100.204391479 1
63 29 100.209564209 1
63 29 100.285820007 1
63 29 100.336853027 1
63 29 100.343231201 1
63 29 100.349884033 1
63 29 100.354408264 1
63 29 100.418052673 1
63 29 100.489173889 1
63 29 100.501182556 1
63 29 100.537773132 1
63 29 100.691978455 1
63 29 100.722846985 1
63 29 100.798728943 1
63 29 100.86391449 1
63 29 100.960212708 1
63 29 101.05128479 1
63 29 101.052078247 1
63 29 101.119422913 1
63 29 101.128440857 1
63 29 101.177757263 1
63 29 101.180244446 1
63 29 101.240516663 1
63 29 101.279922485 1
63 29 101.291770935 1
63 29 101.338737488 1
63 29 101.3542099 1
63 29 101.395988464 1
63 29 101.464202881 1
63 29 101.521972656 1
63 29 101.639701843 1
63 29 101.74836731 1
63 29 101.881637573 1
63 29 101.967552185 1
63 29 102.018630981 1
63 29 102.071174622 1
63 29 102.110336304 1
63 29 102.111412048 1
63 29 102.224693298 1
63 29 102.316505432 1
63 29 102.35294342 1
63 29 102.419197083 1
63 29 102.440139771 1
63 29 102.484344482 1
63 29 102.49168396 1
63 29 102.599639893 1
63 29 102.602989197 1
63 29 102.611526489 1
63 29 102.628234863 1
63 29 102.639320374 1
63 29 102.640060425 1
63 29 102.655891418 1
63 29 102.750343323 1
63 29 102.79826355 1
63 29 102.817993164 1
63 29 102.83934021 1
63 29 102.909210205 1
63 29 103.046440125 1
63 29 103.074989319 1
63 29 103.319763184 1
63 29 103.432769775 1
63 29 103.488700867 1
63 29 103.514724731 1
63 29 103.550567627 1
63 29 103.659484863 1
63 29 103.697845459 1
63 29 103.707992554 1
63 29 103.710083008 1
63 29 103.813835144 1
63 29 103.966751099 1
63 29 104.159889221 1
63 29 104.28150177 1
63 29 104.320503235 1
63 29 104.456481934 1
63 29 104.496688843 1
63 29 104.514091492 1
63 29 104.517105103 1
63 29 104.572410583 1
63 29 104.650909424 1
63 29 104.770874023 1
63 29 104.774971008 1
63 29 104.77557373 1
63 29 104.86051178 1
63 29 104.998008728 1
63 29 105.022605896 1
63 29 105.094398499 1
63 29 105.160163879 1
63 29 105.177612305 1
63 29 105.201499939 1
63 29 105.328277588 1
63 29 105.354904175 1
63 29 105.381919861 1
63 29 105.431495667 1
63 29 105.618614197 1
63 29 105.622833252 1
63 29 105.80368042 1
63 29 105.825805664 1
63 29 105.828971863 1
63 29 105.829589844 1
63 29 105.903213501 1
63 29 105.95464325 1
63 29 106.357414246 1
63 29 106.388046265 1
63 29 106.44871521 1
63 29 106.568855286 1
63 29 106.731941223 1
63 29 106.770881653 1
63 29 106.800216675 1
63 29 106.842041016 1
63 29 106.899833679 1
63 29 106.919532776 1
63 29 106.92615509 1
63 29 107.060066223 1
63 29 107.166877747 1
63 29 107.212013245 1
63 29 107.312217712 1
63 29 107.469100952 1
63 29 107.486740112 1
63 29 107.538879395 1
63 29 107.666885376 1
63 29 107.823135376 1
63 29 107.904953003 1
63 29 107.919517517 1
63 29 108.003829956 1
63 29 108.09022522 1
63 29 108.097366333 1
63 29 108.286804199 1
63 29 108.473983765 1
63 29 108.52519989 1
63 29 108.559967041 1
63 29 108.825759888 1
63 29 108.848098755 1
63 29 108.906005859 1
63 29 108.994422913 1
63 29 109.083732605 1
63 29 109.15436554 1
63 29 109.484466553 1
63 29 109.664886475 1
63 29 110.081230164 1
63 29 110.173103333 1
63 29 110.255783081 1
63 29 110.339866638 1
63 29 110.538047791 1
63 29 110.607452393 1
63 29 110.681297302 1
63 29 110.8698349 1
63 29 110.955024719 1
63 29 110.972694397 1
63 29 110.996276855 1
63 29 111.099700928 1
63 29 111.111480713 1
63 29 111.273735046 1
63 29 111.288406372 1
63 29 111.384498596 1
63 29 111.911178589 1
63 29 112.183433533 1
63 29 112.537788391 1
63 29 112.578582764 1
63 29 112.597213745 1
63 29 112.598258972 1
63 29 112.791717529 1
63 29 112.80255127 1
63 29 112.990470886 1
63 29 113.173110962 1
63 29 113.472396851 1
63 29 113.48891449 1
63 29 113.582458496 1
63 29 113.658355713 1
63 29 113.869400024 1
63 29 114.013412476 1
63 29 114.029891968 1
63 29 114.203109741 1
63 29 114.231544495 1
63 29 114.344139099 1
63 29 114.370162964 1
63 29 114.45589447 1
63 29 114.525489807 1
63 29 114.638374329 1
63 29 114.79208374 1
63 29 114.872360229 1
63 29 115.112625122 1
63 29 115.406967163 1
63 29 115.4817276 1
63 29 115.525054932 1
63 29 115.608337402 1
63 29 115.843154907 1
63 29 115.94921875 1
63 29 116.30316925 1
63 29 116.36516571 1
63 29 116.476417542 1
63 29 116.644126892 1
63 29 116.660820007 1
63 29 116.720901489 1
63 29 116.774375916 1
63 29 116.902351379 1
63 29 117.146011353 1
63 29 117.209129333 1
63 29 117.787269592 1
63 29 118.008514404 1
63 29 118.082290649 1
63 29 118.091575623 1
63 29 118.659492493 1
63 29 118.72946167 1
63 29 119.016609192 1
63 29 119.450408936 1
63 29 119.531677246 1
63 29 119.690994263 1
63 29 119.852340698 1
63 29 119.898254395 1
63 29 120.068222046 1
63 29 120.136756897 1
63 29 120.217063904 1
63 29 120.524238586 1
63 29 120.779029846 1
63 29 120.825866699 1
63 29 120.973396301 1
63 29 121.038322449 1
63 29 121.109634399 1
63 29 121.155403137 1
63 29 121.171142578 1
63 29 121.203308105 1
63 29 121.570495605 1
63 29 121.776733398 1
63 29 121.809143066 1
63 29 121.85887146 1
63 29 121.893791199 1
63 29 121.983093262 1
63 29 122.067703247 1
63 29 122.121910095 1
63 29 122.144454956 1
63 29 122.180450439 1
63 29 122.221282959 1
63 29 122.250205994 1
63 29 122.296730042 1
63 29 123.042556763 1
63 29 123.167640686 1
63 29 123.251670837 1
63 29 123.349433899 1
63 29 123.649642944 1
63 29 123.863380432 1
63 29 123.886451721 1
63 29 123.908988953 1
63 29 124.54725647 1
63 29 124.783744812 1
63 29 125.163482666 1
63 29 125.357055664 1
63 29 125.403900146 1
63 29 125.421783447 1
63 29 125.635482788 1
63 29 125.647789001 1
63 29 125.648612976 1
63 29 125.909690857 1
63 29 126.073074341 1
63 29 126.18032074 1
63 29 126.38923645 1
63 29 127.555404663 1
63 29 127.708618164 1
63 29 127.730453491 1
63 29 127.819999695 1
63 29 127.941596985 1
63 29 128.029571533 1
63 29 128.40184021 1
63 29 128.665893555 1
63 29 128.839096069 1
63 29 128.977264404 1
63 29 129.189285278 1
63 29 129.473648071 1
63 29 129.484359741 1
63 29 129.832061768 1
63 29 129.969497681 1
63 29 130.257553101 1
63 29 130.284667969 1
63 29 130.496704102 1
63 29 130.946792603 1
63 29 130.951705933 1
63 29 131.065826416 1
63 29 131.406768799 1
63 29 132.281448364 1
63 29 133.130126953 1
63 29 133.457092285 1
63 29 133.930236816 1
63 29 134.088500977 1
63 29 134.271621704 1
63 29 134.588409424 1
63 29 135.066818237 1
63 29 135.54977417 1
63 29 135.587158203 1
63 29 135.868606567 1
63 29 136.001312256 1
63 29 136.401428223 1
63 29 136.541366577 1
63 29 137.67326355 1
63 29 137.880111694 1
63 29 137.946365356 1
63 29 137.999969482 1
63 29 138.018585205 1
63 29 138.188903809 1
63 29 138.284469604 1
63 29 138.324035645 1
63 29 138.460403442 1
63 29 138.893035889 1
63 29 139.260971069 1
63 29 139.319320679 1
63 29 139.470230103 1
63 29 140.572158813 1
63 29 140.580581665 1
63 29 140.86038208 1
63 29 141.25177002 1
63 29 141.285354614 1
63 29 141.617355347 1
63 29 141.663635254 1
63 29 143.342285156 1
63 29 143.507461548 1
63 29 144.941558838 1
63 29 145.341812134 1
63 29 145.815216064 1
63 29 145.999252319 1
63 29 146.281768799 1
63 29 147.007049561 1
63 29 147.219512939 1
63 29 147.859466553 1
63 29 148.366012573 1
63 29 148.464660645 1
63 29 148.715560913 1
63 29 148.940841675 1
63 29 149.64289856 1
63 29 149.720809937 1
63 29 149.888153076 1
63 29 149.974777222 1
63 29 151.972122192 1
63 29 152.223449707 1
63 29 154.496917725 1
63 29 155.39225769 1
63 29 155.635482788 1
63 29 155.735305786 1
63 29 156.283309937 1
63 29 156.391098022 1
63 29 157.706207275 1
63 29 157.990661621 1
63 29 158.574951172 1
63 29 158.599822998 1
63 29 160.260879517 1
63 29 160.325561523 1
63 29 160.496032715 1
63 29 160.803726196 1
63 29 160.914901733 1
63 29 161.015014648 1
63 29 161.980377197 1
63 29 162.028991699 1
63 29 162.372756958 1
63 29 162.606399536 1
63 29 164.343582153 1
63 29 164.40007019 1
63 29 164.706054688 1
63 29 165.221130371 1
63 29 165.344543457 1
63 29 166.175491333 1
63 29 166.47605896 1
63 29 166.523742676 1
63 29 166.995422363 1
63 29 169.243499756 1
63 29 169.805450439 1
63 29 170.099700928 1
63 29 170.19090271 1
63 29 174.12600708 1
63 29 174.150375366 1
63 29 175.754501343 1
63 29 177.505187988 1
63 29 178.235061646 1
63 29 178.30456543 1
63 29 180.118789673 1
63 29 180.623214722 1
63 29 181.398605347 1
63 29 181.906005859 1
63 29 182.368682861 1
63 29 182.887130737 1
63 29 183.113250732 1
63 29 183.166412354 1
63 29 183.259887695 1
63 29 183.466674805 1
63 29 183.492141724 1
63 29 184.05909729 1
63 29 185.159851074 1
63 29 187.14654541 1
63 29 187.480072021 1
63 29 189.384597778 1
63 29 190.055984497 1
63 29 190.132614136 1
63 29 191.991210938 1
63 29 196.12437439 1
63 29 197.166030884 1
63 29 198.366241455 1
63 29 199.430740356 1
63 29 199.456451416 1
63 29 199.579315186 1
63 29 201.961593628 1
63 29 203.435424805 1
63 29 203.540283203 1
63 29 204.341049194 1
63 29 205.484893799 1
63 29 205.601470947 1
63 29 205.976806641 1
63 29 207.805221558 1
63 29 210.788330078 1
63 29 211.924942017 1
63 29 212.31690979 1
63 29 212.724639893 1
63 29 215.552062988 1
63 29 215.90397644 1
63 29 218.757568359 1
63 29 219.499465942 1
63 29 220.30329895 1
63 29 224.034362793 1
63 29 226.118484497 1
63 29 227.229888916 1
63 29 227.449966431 1
63 29 228.024673462 1
63 29 228.320785522 1
63 29 229.992385864 1
63 29 231.332260132 1
63 29 232.659225464 1
63 29 232.809967041 1
63 29 232.855606079 1
63 29 238.107650757 1
63 29 238.260650635 1
63 29 238.942214966 1
63 29 244.185913086 1
63 29 244.197097778 1
63 29 245.32649231 1
63 29 245.548034668 1
63 29 245.843963623 1
63 29 248.374572754 1
63 29 250.354324341 1
63 29 252.617538452 1
63 29 259.093170166 1
63 29 260.93069458 1
63 29 262.953887939 1
63 29 263.71786499 1
63 29 266.381378174 1
63 29 267.303894043 1
63 29 269.29473877 1
63 29 274.644104004 1
63 29 275.202728271 1
63 29 280.469116211 1
63 29 282.093933105 1
63 29 284.169555664 1
63 29 285.046661377 1
63 29 286.540710449 1
63 29 289.563690186 1
63 29 294.3878479 1
63 29 294.562255859 1
63 29 299.458129883 1
63 29 300.597717285 1
63 29 308.679779053 1
63 29 309.200164795 1
63 29 321.869995117 1
63 29 325.972991943 1
63 29 336.219268799 1
63 29 347.399200439 1
63 29 353.096954346 1
63 29 353.100524902 1
63 29 356.69744873 1
63 29 359.725738525 1
63 29 365.870178223 1
63 29 366.47567749 1
63 29 374.591033936 1
63 29 376.781829834 1
63 29 380.257202148 1
63 29 397.366577148 1
63 29 398.468231201 1
63 29 407.958892822 1
63 29 415.141265869 1
63 29 424.019622803 1
63 29 425.143096924 1
63 29 435.630310059 1
63 29 436.009338379 1
63 29 442.170318604 1
63 29 445.814361572 1
63 29 447.445465088 1
63 29 456.300476074 1
63 29 457.021118164 1
63 29 457.755401611 1
63 29 461.558319092 1
63 29 466.63659668 1
63 29 467.891723633 1
63 29 468.58303833 1
63 29 469.688934326 1
63 29 473.207000732 1
63 29 475.84185791 1
63 29 478.893463135 1
63 29 487.898529053 1
63 29 490.995941162 1
63 29 520.198486328 1
63 29 524.366821289 1
63 29 526.744934082 1
63 29 527.817260742 1
63 29 541.48223877 1
63 29 553.722229004 1
63 29 555.356079102 1
63 29 572.598876953 1
63 29 579.196960449 1
63 29 579.58392334 1
63 29 583.187866211 1
63 29 586.974975586 1
63 29 589.520751953 1
63 29 589.62310791 1
63 29 598.050842285 1
63 29 628.192687988 1
63 29 641.936584473 1
63 29 658.631713867 1
63 29 662.609985352 1
63 29 677.310241699 1
63 29 689.50012207 1
63 29 704.700256348 1
63 29 716.304748535 1
63 29 804.086791992 1
63 29 838.309814453 1
63 29 871.368713379 1
63 29 872.6640625 1
63 29 908.504516602 1
63 29 930.362182617 1
63 29 1067.78125 1
63 29 1134.09313965 1
63 29 1177.66479492 1
63 29 1203.671875 1
63 29 1263.25976562 1
63 29 1307.47583008 1
63 29 1364.2611084 1
63 29 1739.79956055 1
63 29 1846.125 1
63 29 2008.7557373 1
63 31 86.9600906372 1
63 31 88.5221939087 1
63 31 92.4282608032 1
63 31 93.2472457886 1
63 31 94.1611709595 1
63 31 95.1141967773 1
63 31 95.1745681763 1
63 31 95.7070770264 1
63 31 96.4653778076 1
63 31 96.5501785278 1
63 31 96.747428894 1
63 31 96.7662811279 1
63 31 97.0189666748 1
63 31 97.303024292 1
63 31 97.4029159546 1
63 31 97.8718338013 1
63 31 97.9326477051 1
63 31 98.2247390747 1
63 31 98.278968811 1
63 31 98.3543777466 1
63 31 98.7097396851 1
63 31 99.4544143677 1
63 31 99.8074264526 1
63 31 99.8663635254 1
63 31 100.664703369 1
63 31 101.087783813 1
63 31 101.358299255 1
63 31 101.75302124 1
63 31 101.875976562 1
63 31 101.992248535 1
63 31 102.102142334 1
63 31 102.579368591 1
63 31 102.654815674 1
63 31 102.721603394 1
63 31 102.786323547 1
63 31 103.136497498 1
63 31 103.2084198 1
63 31 104.188751221 1
63 31 104.265213013 1
63 31 106.356552124 1
63 31 106.461303711 1
63 31 106.976989746 1
63 31 107.232925415 1
63 31 107.244789124 1
63 31 107.603500366 1
63 31 107.664840698 1
63 31 108.097999573 1
63 31 108.425094604 1
63 31 108.962608337 1
63 31 109.029792786 1
63 31 109.17351532 1
63 31 109.552696228 1
63 31 110.275588989 1
63 31 110.540672302 1
63 31 110.569671631 1
63 31 110.801605225 1
63 31 111.616172791 1
63 31 111.624160767 1
63 31 112.49723053 1
63 31 112.592514038 1
63 31 112.763725281 1
63 31 112.839256287 1
63 31 114.098228455 1
63 31 114.316238403 1
63 31 114.330184937 1
63 31 114.398178101 1
63 31 114.531433105 1
63 31 117.163253784 1
63 31 117.286300659 1
63 31 117.679145813 1
63 31 117.717468262 1
63 31 118.272140503 1
63 31 118.526397705 1
63 31 118.559501648 1
63 31 119.266616821 1
63 31 120.211151123 1
63 31 120.279823303 1
63 31 120.928253174 1
63 31 121.137786865 1
63 31 121.605621338 1
63 31 121.616165161 1
63 31 121.825195312 1
63 31 121.907333374 1
63 31 122.056495667 1
63 31 122.570777893 1
63 31 123.203277588 1
63 31 123.231323242 1
63 31 123.286849976 1
63 31 123.319786072 1
63 31 123.412223816 1
63 31 123.81098175 1
63 31 123.825088501 1
63 31 123.959571838 1
63 31 124.679138184 1
63 31 124.927200317 1
63 31 125.092597961 1
63 31 125.414360046 1
63 31 125.424041748 1
63 31 125.433570862 1
63 31 125.614562988 1
63 31 125.659172058 1
63 31 126.120559692 1
63 31 126.122406006 1
63 31 126.348152161 1
63 31 126.618858337 1
63 31 126.912765503 1
63 31 127.577896118 1
63 31 127.762489319 1
63 31 128.020935059 1
63 31 128.451660156 1
63 31 128.864974976 1
63 31 128.925018311 1
63 31 129.148742676 1
63 31 129.165267944 1
63 31 129.671798706 1
63 31 130.313034058 1
63 31 131.389526367 1
63 31 131.92666626 1
63 31 131.946121216 1
63 31 131.99911499 1
63 31 132.11618042 1
63 31 132.269348145 1
63 31 132.347991943 1
63 31 132.653747559 1
63 31 133.322128296 1
63 31 133.407699585 1
63 31 133.615859985 1
63 31 134.475662231 1
63 31 134.548110962 1
63 31 134.781478882 1
63 31 135.444335938 1
63 31 135.957763672 1
63 31 136.251174927 1
63 31 136.617080688 1
63 31 138.294464111 1
63 31 138.507415771 1
63 31 138.642974854 1
63 31 139.083526611 1
63 31 140.404953003 1
63 31 141.064422607 1
63 31 141.340301514 1
63 31 141.511474609 1
63 31 141.601470947 1
63 31 141.990875244 1
63 31 142.022323608 1
63 31 142.140441895 1
63 31 143.854644775 1
63 31 145.010116577 1
63 31 145.463729858 1
63 31 145.464447021 1
63 31 145.90284729 1
63 31 145.953674316 1
63 31 146.579315186 1
63 31 147.06010437 1
63 31 147.072692871 1
63 31 147.235305786 1
63 31 148.974411011 1
63 31 151.123458862 1
63 31 151.716842651 1
63 31 152.331954956 1
63 31 152.483352661 1
63 31 152.775787354 1
63 31 154.478973389 1
63 31 156.520446777 1
63 31 157.645080566 1
63 31 157.84034729 1
63 31 157.863723755 1
63 31 159.31489563 1
63 31 160.413406372 1
63 31 161.456253052 1
63 31 161.691223145 1
63 31 163.210845947 1
63 31 163.848098755 1
63 31 165.119430542 1
63 31 165.854003906 1
63 31 166.081832886 1
63 31 166.188812256 1
63 31 166.361328125 1
63 31 166.437866211 1
63 31 167.685684204 1
63 31 168.448165894 1
63 31 168.539016724 1
63 31 168.88168335 1
63 31 168.954681396 1
63 31 169.818756104 1
63 31 170.33102417 1
63 31 170.487594604 1
63 31 170.559188843 1
63 31 172.112564087 1
63 31 172.386871338 1
63 31 172.452941895 1
63 31 173.810501099 1
63 31 176.045349121 1
63 31 176.716690063 1
63 31 176.822052002 1
63 31 177.871109009 1
63 31 178.435882568 1
63 31 179.056167603 1
63 31 179.608474731 1
63 31 180.269210815 1
63 31 181.081497192 1
63 31 181.440704346 1
63 31 181.988006592 1
63 31 182.249313354 1
63 31 183.230667114 1
63 31 183.772750854 1
63 31 184.129806519 1
63 31 184.320831299 1
63 31 184.429031372 1
63 31 184.740325928 1
63 31 184.948059082 1
63 31 185.750854492 1
63 31 187.915237427 1
63 31 191.170196533 1
63 31 191.395355225 1
63 31 191.68586731 1
63 31 192.951263428 1
63 31 193.103134155 1
63 31 194.928512573 1
63 31 195.083221436 1
63 31 195.169265747 1
63 31 195.96572876 1
63 31 196.516921997 1
63 31 197.912704468 1
63 31 198.639450073 1
63 31 198.885131836 1
63 31 200.843978882 1
63 31 200.932617188 1
63 31 202.026580811 1
63 31 202.241226196 1
63 31 202.306152344 1
63 31 206.533477783 1
63 31 207.929382324 1
63 31 208.117782593 1
63 31 208.258560181 1
63 31 208.652328491 1
63 31 208.701187134 1
63 31 209.25151062 1
63 31 209.551147461 1
63 31 212.248565674 1
63 31 213.117156982 1
63 31 214.888641357 1
63 31 215.451400757 1
63 31 215.672470093 1
63 31 216.464248657 1
63 31 217.015518188 1
63 31 219.483016968 1
63 31 221.265640259 1
63 31 222.130432129 1
63 31 223.903610229 1
63 31 224.962020874 1
63 31 226.527740479 1
63 31 233.348495483 1
63 31 234.413497925 1
63 31 235.12612915 1
63 31 238.450027466 1
63 31 238.48664856 1
63 31 238.81602478 1
63 31 239.004013062 1
63 31 240.963684082 1
63 31 242.823226929 1
63 31 243.153930664 1
63 31 243.556808472 1
63 31 245.138259888 1
63 31 246.043487549 1
63 31 246.103546143 1
63 31 247.086776733 1
63 31 247.464492798 1
63 31 251.106765747 1
63 31 253.742858887 1
63 31 253.982116699 1
63 31 254.087982178 1
63 31 255.41696167 1
63 31 257.748382568 1
63 31 258.194458008 1
63 31 259.799041748 1
63 31 260.650848389 1
63 31 261.184265137 1
63 31 262.914764404 1
63 31 262.995452881 1
63 31 265.581817627 1
63 31 267.220123291 1
63 31 269.065460205 1
63 31 271.81463623 1
63 31 272.158935547 1
63 31 273.870574951 1
63 31 276.012145996 1
63 31 276.777526855 1
63 31 280.820037842 1
63 31 284.513580322 1
63 31 286.004150391 1
63 31 290.705932617 1
63 31 293.909545898 1
63 31 295.301361084 1
63 31 295.561859131 1
63 31 296.364929199 1
63 31 296.669891357 1
63 31 296.699066162 1
63 31 298.660125732 1
63 31 300.192932129 1
63 31 301.914672852 1
63 31 304.626983643 1
63 31 305.089752197 1
63 31 306.774353027 1
63 31 307.991668701 1
63 31 311.281646729 1
63 31 315.221160889 1
63 31 317.826171875 1
63 31 319.63092041 1
63 31 321.449798584 1
63 31 321.633422852 1
63 31 329.881256104 1
63 31 329.934326172 1
63 31 334.532165527 1
63 31 337.906860352 1
63 31 340.867279053 1
63 31 347.737121582 1
63 31 354.996643066 1
63 31 357.296661377 1
63 31 358.574432373 1
63 31 359.961975098 1
63 31 366.869354248 1
63 31 370.363861084 1
63 31 379.931640625 1
63 31 384.918731689 1
63 31 387.336456299 1
63 31 390.183898926 1
63 31 391.634735107 1
63 31 392.891479492 1
63 31 401.808166504 1
63 31 407.027160645 1
63 31 414.321380615 1
63 31 414.631225586 1
63 31 416.314239502 1
63 31 420.588287354 1
63 31 424.944763184 1
63 31 425.236877441 1
63 31 461.031036377 1
63 31 464.709625244 1
63 31 465.227386475 1
63 31 472.958709717 1
63 31 476.704528809 1
63 31 487.694122314 1
63 31 493.358825684 1
63 31 499.135406494 1
63 31 506.049041748 1
63 31 510.238098145 1
63 31 515.468017578 1
63 31 526.366333008 1
63 31 527.214172363 1
63 31 529.710754395 1
63 31 534.403320312 1
63 31 539.887634277 1
63 31 544.277038574 1
63 31 544.507263184 1
63 31 559.684387207 1
63 31 579.693786621 1
63 31 581.527709961 1
63 31 582.225830078 1
63 31 585.859313965 1
63 31 589.412414551 1
63 31 589.858581543 1
63 31 598.857299805 1
63 31 619.080871582 1
63 31 631.366516113 1
63 31 645.905456543 1
63 31 653.034179688 1
63 31 670.340942383 1
63 31 671.72479248 1
63 31 672.630126953 1
63 31 691.971618652 1
63 31 704.416625977 1
63 31 776.923156738 1
63 31 828.313171387 1
63 31 849.304992676 1
63 31 853.565002441 1
63 31 892.946228027 1
63 31 926.248596191 1
63 31 1070.73754883 1
63 31 1158.56445312 1
63 31 1769.97692871 1
63 32 178.44694519 1
63 32 180.199188232 1
63 32 187.610321045 1
63 32 187.990112305 1
63 32 189.960113525 1
63 32 193.417312622 1
63 32 193.619918823 1
63 32 198.180450439 1
63 32 200.183013916 1
63 32 203.615036011 1
63 32 205.60383606 1
63 32 211.188842773 1
63 32 211.576385498 1
63 32 212.908432007 1
63 32 212.972579956 1
63 32 213.384780884 1
63 32 213.425888062 1
63 32 213.911499023 1
63 32 214.737136841 1
63 32 215.679794312 1
63 32 217.845565796 1
63 32 218.367538452 1
63 32 218.423568726 1
63 32 219.700927734 1
63 32 219.78213501 1
63 32 219.877426147 1
63 32 222.192123413 1
63 32 223.080810547 1
63 32 226.210708618 1
63 32 226.495056152 1
63 32 227.678070068 1
63 32 228.819763184 1
63 32 229.454208374 1
63 32 232.902023315 1
63 32 233.314849854 1
63 32 239.139434814 1
63 32 240.623245239 1
63 32 240.974563599 1
63 32 242.033996582 1
63 32 242.500091553 1
63 32 244.523330688 1
63 32 245.31137085 1
63 32 246.583129883 1
63 32 252.077880859 1
63 32 253.432525635 1
63 32 253.796356201 1
63 32 254.208328247 1
63 32 254.512634277 1
63 32 260.283477783 1
63 32 262.72454834 1
63 32 263.571502686 1
63 32 263.630157471 1
63 32 263.656555176 1
63 32 265.47946167 1
63 32 267.661560059 1
63 32 269.733825684 1
63 32 272.628234863 1
63 32 272.91506958 1
63 32 273.54119873 1
63 32 274.846160889 1
63 32 275.600860596 1
63 32 278.763092041 1
63 32 280.793670654 1
63 32 280.878570557 1
63 32 284.018218994 1
63 32 285.328765869 1
63 32 286.684936523 1
63 32 287.573303223 1
63 32 288.569763184 1
63 32 300.233001709 1
63 32 306.334259033 1
63 32 311.061981201 1
63 32 314.103607178 1
63 32 316.158111572 1
63 32 316.345031738 1
63 32 317.202331543 1
63 32 317.557861328 1
63 32 324.177124023 1
63 32 326.817382812 1
63 32 327.08303833 1
63 32 332.588806152 1
63 32 336.196044922 1
63 32 339.376953125 1
63 32 340.886413574 1
63 32 341.749542236 1
63 32 345.258392334 1
63 32 358.959625244 1
63 32 369.789489746 1
63 32 376.261016846 1
63 32 378.334533691 1
63 32 384.173736572 1
63 32 386.517791748 1
63 32 390.14239502 1
63 32 394.05569458 1
63 32 398.204040527 1
63 32 408.958618164 1
63 32 417.303833008 1
63 32 419.960266113 1
63 32 422.441955566 1
63 32 443.630279541 1
63 32 466.127563477 1
63 32 467.16104126 1
63 32 473.805999756 1
63 32 477.298187256 1
63 32 486.28527832 1
63 32 498.303955078 1
63 32 514.082641602 1
63 32 519.623596191 1
63 32 524.424255371 1
63 32 550.23840332 1
63 32 550.520507812 1
63 32 587.544555664 1
63 32 631.369934082 1
63 32 667.45892334 1
63 32 713.421020508 1
63 32 754.055725098 1
63 32 770.966369629 1
63 32 774.222900391 1
63 32 797.212219238 1
63 32 843.438354492 1
63 32 853.982543945 1
63 32 948.175292969 1
63 32 1024.35888672 1
63 32 1149.44238281 1
63 32 1512.85803223 1
63 32 1780.76416016 1
63 33 301.367462158 1
63 33 304.429992676 1
63 33 327.99987793 1
63 33 333.431396484 1
63 33 352.164886475 1
63 33 356.178833008 1
63 33 357.971008301 1
63 33 376.190612793 1
63 33 378.030426025 1
63 33 392.965301514 1
63 33 409.580047607 1
63 33 500.603088379 1
63 33 505.200500488 1
63 33 618.522766113 1
63 33 628.375976562 1
63 33 664.212524414 1
63 33 667.074584961 1
63 33 725.928894043 1
63 33 835.352600098 1
63 33 843.441650391 1
63 34 642.175964355 1
63 34 666.425598145 1
63 34 699.970947266 1
63 34 723.205322266 1
64 21 2244.10913086 1
64 24 1384.43188477 1
64 24 1702.89660645 1
64 25 935.482849121 1
64 26 1105.22729492 1
64 27 789.746582031 1
64 27 827.006713867 1
64 27 928.936401367 1
64 27 1581.60046387 1
64 28 966.697265625 1
64 28 1157.96264648 1
64 28 1261.59057617 1
64 28 1300.14831543 1
64 29 684.501586914 1
64 29 708.538085938 1
64 29 723.688598633 1
64 29 749.963317871 1
64 29 1019.67956543 1
64 29 1067.70581055 1
64 29 1078.42468262 1
64 29 1295.68286133 1
64 29 1368.76464844 1
64 29 1640.67456055 1
64 30 623.46862793 1
64 30 684.77923584 1
64 30 859.025024414 1
64 30 918.445129395 1
64 30 985.715209961 1
64 30 1066.72924805 1
64 30 1137.96325684 1
64 30 1201.68188477 1
64 31 658.492553711 1
64 31 713.21295166 1
64 31 720.477050781 1
64 31 735.587036133 1
64 31 900.530517578 1
64 31 1048.51049805 1
64 31 1203.06225586 1
64 31 1209.15319824 1
64 32 710.662231445 1
64 32 772.527954102 1
64 32 1059.52062988 1
64 32 1118.30773926 1
64 32 1612.07177734 1
64 33 912.142944336 1
64 34 1009.41900635 1
69 30 1298.29797363 1
70 23 1409.20983887 1
70 24 916.731750488 1
70 26 807.359863281 1
70 26 822.230895996 1
70 26 1260.6328125 1
70 27 816.990783691 1
70 27 866.429382324 1
70 27 888.58392334 1
70 27 929.734069824 1
70 28 758.276794434 1
70 28 870.281188965 1
70 28 934.854614258 1
70 28 1190.98400879 1
70 28 1193.79187012 1
70 28 1415.95581055 1
70 29 1339.2442627 1
70 29 1370.95861816 1
70 30 679.874755859 1
70 30 738.775817871 1
70 30 768.905639648 1
70 30 804.412780762 1
70 30 978.396911621 1
70 30 1156.91101074 1
70 30 1427.28344727 1
70 30 2570.09277344 1
70 31 1237.75170898 1
70 32 1716.5982666 1
71 18 2344.81762695 1
71 20 1780.25610352 1
71 21 1446.30297852 1
71 23 1157.26452637 1
71 26 771.680114746 1
71 26 823.08984375 1
71 26 853.284729004 1
71 26 995.332275391 1
71 26 1075.40319824 1
71 26 1204.63330078 1
71 26 1270.92980957 1
71 27 754.432617188 1
71 27 760.24798584 1
71 27 844.305908203 1
71 27 1066.27978516 1
71 27 1448.96569824 1
71 27 1614.22375488 1
71 27 1640.93249512 1
71 28 643.411254883 1
71 28 665.291870117 1
71 28 698.975830078 1
71 28 733.257324219 1
71 28 759.40045166 1
71 28 785.805908203 1
71 28 805.469543457 1
71 28 834.002746582 1
71 28 852.977844238 1
71 28 856.715515137 1
71 28 885.842407227 1
71 28 947.752258301 1
71 28 1177.90063477 1
71 28 1405.94396973 1
71 28 1533.42871094 1
71 28 1716.61230469 1
71 28 2151.86303711 1
71 28 3079.49633789 1
71 29 689.678894043 1
71 29 702.224365234 1
71 29 810.275146484 1
71 29 845.491271973 1
71 29 869.862243652 1
71 29 871.559875488 1
71 29 880.860534668 1
71 29 889.403320312 1
71 29 994.021362305 1
71 29 1028.14379883 1
71 29 1335.57910156 1
71 29 1480.27270508 1
71 30 663.329711914 1
71 30 699.288574219 1
71 30 881.375244141 1
71 30 938.544067383 1
71 30 1141.93981934 1
71 30 1369.51135254 1
71 30 2018.98840332 1
71 31 920.821960449 1
71 31 1289.72399902 1
71 31 2098.37133789 1
72 19 2434.87963867 1
72 22 1988.18469238 1
72 22 2935.83740234 1
77 28 1824.72302246 1
81 8 3334.53881836 1
