000 281.0 0.0 1000000.0
008 220.0 0.0 1000000.0
009 222.0 0.0 1000000.0
010 224.0 0.0 1000000.0
011 242.0 0.0 1000000.0
013 217.0 0.0 1000000.0
016 230.0 0.0 1000000.0
022 231.0 0.0 1000000.0
027 243.0 0.0 1000000.0
034 237.0 0.0 1000000.0
045 248.0 0.0 1000000.0
063 238.0 0.0 1000000.0
090 169.0 0.0 1000000.0
117 86.0 0.0 1000000.0
135 72.0 0.0 1000000.0
146 33.0 0.0 1000000.0
153 28.0 0.0 1000000.0
158 31.0 0.0 1000000.0
162 25.0 0.0 1000000.0
164 17.0 0.0 1000000.0
166 19.0 0.0 1000000.0
167 25.0 0.0 1000000.0
169 20.0 0.0 1000000.0
171 28.0 0.0 1000000.0
172 28.0 0.0 1000000.0
180 15.0 0.0 1000000.0
