string dom time charge
63 15 2022.23278809 1
63 16 1975.74645996 1
63 17 2796.89306641 1
63 18 1593.08251953 1
63 18 1830.36437988 1
63 18 2299.59472656 1
63 18 2774.02172852 1
63 19 1366.00549316 1
63 19 1470.27832031 1
63 19 1518.81896973 1
63 19 1572.53601074 1
63 19 1886.4407959 1
63 19 1940.4630127 1
63 20 1123.41503906 1
63 20 1145.92541504 1
63 20 1154.43200684 1
63 20 1178.30175781 1
63 20 1199.38439941 1
63 20 1260.96032715 1
63 20 1283.18737793 1
63 20 1332.32189941 1
63 20 1370.95019531 1
63 20 1400.84802246 1
63 20 1513.8482666 1
63 20 1603.99243164 1
63 20 1855.42138672 1
63 20 1904.56567383 1
63 20 1909.19519043 1
63 20 2020.1048584 1
63 20 2066.25366211 1
63 20 2237.92529297 1
63 20 2411.35986328 1
63 21 1110.39562988 1
63 21 1132.49145508 1
63 21 1231.27355957 1
63 21 1238.89294434 1
63 21 1248.97668457 1
63 21 1252.38122559 1
63 21 1264.4276123 1
63 21 1278.89343262 1
63 21 1289.12121582 1
63 21 1291.63049316 1
63 21 1321.12609863 1
63 21 1328.01428223 1
63 21 1335.67675781 1
63 21 1347.14245605 1
63 21 1388.25524902 1
63 21 1403.64343262 1
63 21 1456.33813477 1
63 21 1507.08300781 1
63 21 1507.5904541 1
63 21 1524.23937988 1
63 21 1593.50402832 1
63 21 1611.68383789 1
63 21 1615.01464844 1
63 21 1622.1862793 1
63 21 1673.58166504 1
63 21 1740.5090332 1
63 21 1751.42553711 1
63 21 1761.40478516 1
63 21 1771.40087891 1
63 21 1783.15783691 1
63 21 1786.63037109 1
63 21 1808.26501465 1
63 21 1821.48303223 1
63 21 1970.80334473 1
63 21 2429.4765625 1
63 21 2645.4152832 1
63 22 1058.56506348 1
63 22 1066.98205566 1
63 22 1077.04528809 1
63 22 1097.20751953 1
63 22 1100.06311035 1
63 22 1106.26623535 1
63 22 1106.72302246 1
63 22 1133.18579102 1
63 22 1140.62548828 1
63 22 1146.02783203 1
63 22 1161.8248291 1
63 22 1203.47741699 1
63 22 1206.45092773 1
63 22 1222.3626709 1
63 22 1254.69787598 1
63 22 1260.1126709 1
63 22 1270.18945312 1
63 22 1272.7746582 1
63 22 1275.89562988 1
63 22 1306.49633789 1
63 22 1319.04602051 1
63 22 1327.15356445 1
63 22 1357.93554688 1
63 22 1358.8873291 1
63 22 1378.11315918 1
63 22 1381.28845215 1
63 22 1401.95544434 1
63 22 1437.00073242 1
63 22 1440.83276367 1
63 22 1441.59191895 1
63 22 1450.69274902 1
63 22 1479.75964355 1
63 22 1488.63720703 1
63 22 1528.24377441 1
63 22 1537.35083008 1
63 22 1568.83605957 1
63 22 1590.29284668 1
63 22 1654.73986816 1
63 22 1676.70043945 1
63 22 1727.02001953 1
63 22 1845.52575684 1
63 22 1865.74084473 1
63 22 1986.81005859 1
63 22 2035.03027344 1
63 22 2133.03466797 1
63 22 2263.26757812 1
63 22 2464.54589844 1
63 22 2502.17480469 1
63 22 2627.67944336 1
63 22 2976.0078125 1
63 23 887.390625 1
63 23 893.141113281 1
63 23 896.504882812 1
63 23 939.799560547 1
63 23 943.551696777 1
63 23 962.568359375 1
63 23 999.408752441 1
63 23 1020.81494141 1
63 23 1039.8984375 1
63 23 1042.94091797 1
63 23 1064.28564453 1
63 23 1067.65661621 1
63 23 1074.88757324 1
63 23 1079.7322998 1
63 23 1081.2434082 1
63 23 1101.43920898 1
63 23 1109.94018555 1
63 23 1114.17443848 1
63 23 1125.57958984 1
63 23 1134.43164062 1
63 23 1145.59545898 1
63 23 1152.89575195 1
63 23 1154.46081543 1
63 23 1159.04736328 1
63 23 1181.47143555 1
63 23 1181.8692627 1
63 23 1201.79956055 1
63 23 1210.13171387 1
63 23 1211.75561523 1
63 23 1212.63720703 1
63 23 1232.28674316 1
63 23 1244.99658203 1
63 23 1253.13110352 1
63 23 1258.16308594 1
63 23 1269.33337402 1
63 23 1270.7175293 1
63 23 1271.97888184 1
63 23 1272.12634277 1
63 23 1286.30249023 1
63 23 1286.47619629 1
63 23 1289.22106934 1
63 23 1292.43615723 1
63 23 1307.77514648 1
63 23 1311.98022461 1
63 23 1365.13134766 1
63 23 1392.34020996 1
63 23 1410.69104004 1
63 23 1411.72802734 1
63 23 1419.55761719 1
63 23 1434.87463379 1
63 23 1442.46179199 1
63 23 1475.3638916 1
63 23 1477.38513184 1
63 23 1480.03881836 1
63 23 1529.18457031 1
63 23 1585.18249512 1
63 23 1591.72937012 1
63 23 1593.58447266 1
63 23 1662.60498047 1
63 23 1686.6541748 1
63 23 1693.41967773 1
63 23 1740.0534668 1
63 23 1769.76318359 1
63 23 1778.39685059 1
63 23 1793.21032715 1
63 23 1805.85705566 1
63 23 1821.4543457 1
63 23 1969.5847168 1
63 23 2000.96765137 1
63 23 2203.36499023 1
63 23 2695.83154297 1
63 24 826.461608887 1
63 24 832.288452148 1
63 24 844.346496582 1
63 24 859.083068848 1
63 24 863.224121094 1
63 24 865.627929688 1
63 24 871.11151123 1
63 24 889.886779785 1
63 24 892.985290527 1
63 24 904.375793457 1
63 24 907.739929199 1
63 24 910.976501465 1
63 24 921.687133789 1
63 24 931.824035645 1
63 24 932.148742676 1
63 24 932.843688965 1
63 24 933.46472168 1
63 24 933.569946289 1
63 24 934.830383301 1
63 24 937.838256836 1
63 24 944.293273926 1
63 24 947.805541992 1
63 24 959.967224121 1
63 24 960.311645508 1
63 24 963.700073242 1
63 24 964.346618652 1
63 24 971.720275879 1
63 24 973.386291504 1
63 24 974.953125 1
63 24 991.249450684 1
63 24 991.804382324 1
63 24 992.115966797 1
63 24 1007.54437256 1
63 24 1008.40490723 1
63 24 1009.61407471 1
63 24 1012.07873535 1
63 24 1018.91204834 1
63 24 1019.24786377 1
63 24 1027.46142578 1
63 24 1028.20874023 1
63 24 1046.16137695 1
63 24 1050.3215332 1
63 24 1051.28515625 1
63 24 1052.51318359 1
63 24 1060.00732422 1
63 24 1065.52856445 1
63 24 1068.34375 1
63 24 1074.6229248 1
63 24 1076.82067871 1
63 24 1092.47436523 1
63 24 1102.04675293 1
63 24 1107.38720703 1
63 24 1113.26184082 1
63 24 1118.09033203 1
63 24 1123.63708496 1
63 24 1129.61364746 1
63 24 1145.36523438 1
63 24 1161.12365723 1
63 24 1162.734375 1
63 24 1191.97131348 1
63 24 1198.27868652 1
63 24 1200.28674316 1
63 24 1208.20825195 1
63 24 1209.83935547 1
63 24 1218.99365234 1
63 24 1220.4621582 1
63 24 1228.75390625 1
63 24 1232.12011719 1
63 24 1237.89196777 1
63 24 1239.04748535 1
63 24 1244.00524902 1
63 24 1249.62219238 1
63 24 1263.56762695 1
63 24 1274.32958984 1
63 24 1277.13879395 1
63 24 1279.00036621 1
63 24 1282.01171875 1
63 24 1283.10168457 1
63 24 1297.11376953 1
63 24 1302.25830078 1
63 24 1313.49023438 1
63 24 1337.36889648 1
63 24 1342.61108398 1
63 24 1356.03601074 1
63 24 1359.04455566 1
63 24 1364.11669922 1
63 24 1371.65649414 1
63 24 1376.80578613 1
63 24 1377.73034668 1
63 24 1383.80065918 1
63 24 1417.81347656 1
63 24 1435.45117188 1
63 24 1468.56738281 1
63 24 1482.66064453 1
63 24 1489.09680176 1
63 24 1503.1541748 1
63 24 1509.17443848 1
63 24 1524.95776367 1
63 24 1537.63354492 1
63 24 1575.21936035 1
63 24 1577.90527344 1
63 24 1587.1895752 1
63 24 1625.89147949 1
63 24 1668.08825684 1
63 24 1684.89990234 1
63 24 1709.25024414 1
63 24 1729.91247559 1
63 24 1732.3515625 1
63 24 1737.1842041 1
63 24 1759.61853027 1
63 24 1786.23974609 1
63 24 1902.29882812 1
63 24 1931.93847656 1
63 24 2006.07873535 1
63 24 2092.59716797 1
63 24 2100.17895508 1
63 24 2213.13208008 1
63 24 2234.47729492 1
63 24 2252.30102539 1
63 24 2714.7800293 1
63 24 2771.16064453 1
63 24 2979.73168945 1
63 25 761.918518066 1
63 25 762.706176758 1
63 25 772.356750488 1
63 25 774.279296875 1
63 25 779.018249512 1
63 25 791.045288086 1
63 25 795.970092773 1
63 25 801.25213623 1
63 25 809.930969238 1
63 25 817.315063477 1
63 25 824.602478027 1
63 25 834.221191406 1
63 25 834.359313965 1
63 25 834.992919922 1
63 25 835.096435547 1
63 25 836.219360352 1
63 25 840.58807373 1
63 25 844.159667969 1
63 25 845.682861328 1
63 25 846.377380371 1
63 25 847.544494629 1
63 25 847.801025391 1
63 25 851.779846191 1
63 25 851.952331543 1
63 25 853.440307617 1
63 25 855.394470215 1
63 25 859.743347168 1
63 25 859.880187988 1
63 25 860.921203613 1
63 25 868.874023438 1
63 25 870.490722656 1
63 25 870.529052734 1
63 25 870.856933594 1
63 25 871.506347656 1
63 25 874.960510254 1
63 25 882.765075684 1
63 25 882.781921387 1
63 25 884.040710449 1
63 25 885.007019043 1
63 25 886.12701416 1
63 25 887.465759277 1
63 25 887.691345215 1
63 25 888.624023438 1
63 25 889.152587891 1
63 25 893.112060547 1
63 25 893.524780273 1
63 25 902.271911621 1
63 25 912.309631348 1
63 25 913.559143066 1
63 25 920.152526855 1
63 25 920.607971191 1
63 25 924.069885254 1
63 25 930.003417969 1
63 25 931.309692383 1
63 25 932.563659668 1
63 25 942.461730957 1
63 25 943.176757812 1
63 25 948.281555176 1
63 25 952.959777832 1
63 25 955.95892334 1
63 25 956.550964355 1
63 25 956.905029297 1
63 25 957.249694824 1
63 25 959.358520508 1
63 25 973.040710449 1
63 25 974.992736816 1
63 25 979.432373047 1
63 25 980.10748291 1
63 25 980.46887207 1
63 25 981.893432617 1
63 25 983.056518555 1
63 25 985.500671387 1
63 25 987.971313477 1
63 25 987.979980469 1
63 25 993.123901367 1
63 25 995.984802246 1
63 25 995.9921875 1
63 25 1001.18829346 1
63 25 1011.52349854 1
63 25 1015.4944458 1
63 25 1015.92028809 1
63 25 1022.8604126 1
63 25 1024.62609863 1
63 25 1031.69763184 1
63 25 1034.25671387 1
63 25 1035.04174805 1
63 25 1046.41931152 1
63 25 1048.70568848 1
63 25 1056.0135498 1
63 25 1056.27941895 1
63 25 1063.20458984 1
63 25 1065.5279541 1
63 25 1066.18945312 1
63 25 1069.38220215 1
63 25 1070.85119629 1
63 25 1071.26525879 1
63 25 1074.17993164 1
63 25 1077.90270996 1
63 25 1082.63220215 1
63 25 1087.72497559 1
63 25 1088.35046387 1
63 25 1090.97521973 1
63 25 1091.19042969 1
63 25 1092.20043945 1
63 25 1095.17871094 1
63 25 1097.32495117 1
63 25 1097.4519043 1
63 25 1106.43115234 1
63 25 1112.88903809 1
63 25 1114.8293457 1
63 25 1121.75634766 1
63 25 1122.5880127 1
63 25 1123.99682617 1
63 25 1125.26171875 1
63 25 1135.6706543 1
63 25 1146.38842773 1
63 25 1152.01025391 1
63 25 1155.24023438 1
63 25 1161.95373535 1
63 25 1163.05163574 1
63 25 1163.86340332 1
63 25 1164.99914551 1
63 25 1177.7590332 1
63 25 1177.8560791 1
63 25 1194.76123047 1
63 25 1196.03674316 1
63 25 1196.8359375 1
63 25 1201.0246582 1
63 25 1202.49707031 1
63 25 1202.85961914 1
63 25 1204.29321289 1
63 25 1206.17993164 1
63 25 1208.42272949 1
63 25 1214.37878418 1
63 25 1215.32873535 1
63 25 1225.52819824 1
63 25 1229.35510254 1
63 25 1239.03259277 1
63 25 1239.13720703 1
63 25 1241.9440918 1
63 25 1271.31945801 1
63 25 1281.08093262 1
63 25 1286.37695312 1
63 25 1286.85620117 1
63 25 1290.72180176 1
63 25 1308.07861328 1
63 25 1330.40686035 1
63 25 1336.64147949 1
63 25 1341.85986328 1
63 25 1348.77697754 1
63 25 1349.21728516 1
63 25 1351.75231934 1
63 25 1354.28759766 1
63 25 1358.7043457 1
63 25 1362.34631348 1
63 25 1364.54321289 1
63 25 1385.28308105 1
63 25 1395.13879395 1
63 25 1405.52258301 1
63 25 1428.49157715 1
63 25 1429.37023926 1
63 25 1441.35717773 1
63 25 1445.4432373 1
63 25 1450.2467041 1
63 25 1467.15917969 1
63 25 1476.73693848 1
63 25 1482.72033691 1
63 25 1484.43261719 1
63 25 1490.99963379 1
63 25 1495.28991699 1
63 25 1526.19262695 1
63 25 1537.21252441 1
63 25 1554.2064209 1
63 25 1600.89880371 1
63 25 1646.55151367 1
63 25 1648.83435059 1
63 25 1683.46386719 1
63 25 1684.40368652 1
63 25 1685.25671387 1
63 25 1715.88684082 1
63 25 1716.9822998 1
63 25 1722.99658203 1
63 25 1842.7598877 1
63 25 1883.92529297 1
63 25 1935.59509277 1
63 25 2019.15869141 1
63 25 2027.59240723 1
63 25 2040.47143555 1
63 25 2057.99365234 1
63 25 2229.70825195 1
63 25 2370.74389648 1
63 25 2371.83422852 1
63 25 2441.75683594 1
63 25 3041.08447266 1
63 26 685.108947754 1
63 26 706.539367676 1
63 26 706.974243164 1
63 26 712.160339355 1
63 26 720.006652832 1
63 26 722.167724609 1
63 26 724.249572754 1
63 26 726.046142578 1
63 26 728.30078125 1
63 26 729.432739258 1
63 26 730.624816895 1
63 26 731.827087402 1
63 26 732.075683594 1
63 26 732.439025879 1
63 26 736.556213379 1
63 26 740.051086426 1
63 26 740.819580078 1
63 26 741.572143555 1
63 26 743.582397461 1
63 26 744.835021973 1
63 26 746.527404785 1
63 26 746.961303711 1
63 26 749.225646973 1
63 26 750.125488281 1
63 26 750.888977051 1
63 26 751.084228516 1
63 26 752.005493164 1
63 26 756.490112305 1
63 26 759.13269043 1
63 26 760.265991211 1
63 26 760.456726074 1
63 26 761.674987793 1
63 26 762.309204102 1
63 26 762.859802246 1
63 26 766.391357422 1
63 26 767.248046875 1
63 26 768.320556641 1
63 26 770.235412598 1
63 26 770.335266113 1
63 26 770.349304199 1
63 26 774.438049316 1
63 26 775.680908203 1
63 26 775.964477539 1
63 26 776.192443848 1
63 26 776.371704102 1
63 26 778.759399414 1
63 26 779.588317871 1
63 26 779.893981934 1
63 26 780.130493164 1
63 26 781.692749023 1
63 26 784.771972656 1
63 26 785.762268066 1
63 26 787.582336426 1
63 26 789.448242188 1
63 26 789.582214355 1
63 26 789.621704102 1
63 26 791.654602051 1
63 26 791.743896484 1
63 26 793.687988281 1
63 26 793.82635498 1
63 26 793.988098145 1
63 26 794.292114258 1
63 26 794.884094238 1
63 26 796.958557129 1
63 26 796.974731445 1
63 26 797.44140625 1
63 26 797.497924805 1
63 26 800.156860352 1
63 26 800.421936035 1
63 26 801.777770996 1
63 26 802.402832031 1
63 26 804.083618164 1
63 26 804.790527344 1
63 26 805.041809082 1
63 26 805.556884766 1
63 26 806.621887207 1
63 26 808.710021973 1
63 26 809.052124023 1
63 26 810.154541016 1
63 26 812.826477051 1
63 26 813.333007812 1
63 26 814.049377441 1
63 26 814.703552246 1
63 26 815.499145508 1
63 26 817.133422852 1
63 26 817.155822754 1
63 26 819.321899414 1
63 26 819.543640137 1
63 26 819.551696777 1
63 26 820.54083252 1
63 26 822.265319824 1
63 26 824.368835449 1
63 26 824.385498047 1
63 26 825.752441406 1
63 26 826.070861816 1
63 26 828.588623047 1
63 26 828.698669434 1
63 26 828.706237793 1
63 26 828.879760742 1
63 26 830.188720703 1
63 26 832.619018555 1
63 26 832.924316406 1
63 26 835.031188965 1
63 26 835.619018555 1
63 26 836.256530762 1
63 26 836.543151855 1
63 26 837.604492188 1
63 26 837.964050293 1
63 26 838.389160156 1
63 26 842.218566895 1
63 26 842.453491211 1
63 26 846.430297852 1
63 26 847.968017578 1
63 26 849.086181641 1
63 26 849.623840332 1
63 26 850.251831055 1
63 26 850.984558105 1
63 26 851.902526855 1
63 26 851.954162598 1
63 26 852.000305176 1
63 26 852.975708008 1
63 26 853.284912109 1
63 26 853.696777344 1
63 26 855.236022949 1
63 26 856.534790039 1
63 26 857.599182129 1
63 26 858.209106445 1
63 26 858.604980469 1
63 26 859.950866699 1
63 26 860.410888672 1
63 26 863.616516113 1
63 26 864.035461426 1
63 26 864.340759277 1
63 26 866.004760742 1
63 26 866.814758301 1
63 26 867.104003906 1
63 26 867.407104492 1
63 26 867.664367676 1
63 26 871.269348145 1
63 26 872.273681641 1
63 26 872.314025879 1
63 26 872.695251465 1
63 26 877.104492188 1
63 26 877.21862793 1
63 26 877.938293457 1
63 26 878.215942383 1
63 26 878.542724609 1
63 26 878.951477051 1
63 26 880.95880127 1
63 26 882.013305664 1
63 26 883.619750977 1
63 26 884.73828125 1
63 26 885.511108398 1
63 26 885.570617676 1
63 26 889.177185059 1
63 26 890.049072266 1
63 26 890.640686035 1
63 26 890.749755859 1
63 26 890.807800293 1
63 26 892.468322754 1
63 26 893.777099609 1
63 26 894.152099609 1
63 26 894.347106934 1
63 26 894.550598145 1
63 26 895.985229492 1
63 26 896.703369141 1
63 26 897.137634277 1
63 26 898.322692871 1
63 26 899.631225586 1
63 26 901.105957031 1
63 26 901.944824219 1
63 26 901.996582031 1
63 26 909.029663086 1
63 26 910.87109375 1
63 26 912.475830078 1
63 26 913.682006836 1
63 26 913.762817383 1
63 26 914.489440918 1
63 26 915.661071777 1
63 26 918.190002441 1
63 26 919.666320801 1
63 26 920.817199707 1
63 26 921.682250977 1
63 26 922.447937012 1
63 26 924.306518555 1
63 26 927.310424805 1
63 26 927.907226562 1
63 26 931.957946777 1
63 26 932.596130371 1
63 26 933.799987793 1
63 26 934.731018066 1
63 26 935.178588867 1
63 26 936.131164551 1
63 26 936.304443359 1
63 26 937.478759766 1
63 26 939.9921875 1
63 26 940.096191406 1
63 26 940.649841309 1
63 26 941.802246094 1
63 26 942.523864746 1
63 26 942.776855469 1
63 26 943.250671387 1
63 26 943.672851562 1
63 26 945.856689453 1
63 26 947.412353516 1
63 26 949.479919434 1
63 26 949.693664551 1
63 26 955.638244629 1
63 26 955.985351562 1
63 26 956.8046875 1
63 26 957.233581543 1
63 26 958.687744141 1
63 26 960.174865723 1
63 26 964.326538086 1
63 26 964.845031738 1
63 26 965.6875 1
63 26 966.58782959 1
63 26 966.998657227 1
63 26 968.25982666 1
63 26 968.838256836 1
63 26 968.91998291 1
63 26 969.158691406 1
63 26 969.989196777 1
63 26 970.012512207 1
63 26 970.115539551 1
63 26 970.179260254 1
63 26 973.400024414 1
63 26 977.854553223 1
63 26 978.219848633 1
63 26 982.352233887 1
63 26 984.854125977 1
63 26 985.378356934 1
63 26 986.016479492 1
63 26 986.441101074 1
63 26 986.675964355 1
63 26 992.400024414 1
63 26 992.576416016 1
63 26 993.244934082 1
63 26 993.526428223 1
63 26 995.068054199 1
63 26 995.642028809 1
63 26 996.233398438 1
63 26 997.895812988 1
63 26 999.481323242 1
63 26 999.97442627 1
63 26 1000.16369629 1
63 26 1004.27789307 1
63 26 1004.97467041 1
63 26 1005.6932373 1
63 26 1007.07763672 1
63 26 1007.54418945 1
63 26 1007.69439697 1
63 26 1008.77459717 1
63 26 1016.39868164 1
63 26 1016.97198486 1
63 26 1018.21746826 1
63 26 1018.70245361 1
63 26 1018.98638916 1
63 26 1020.27679443 1
63 26 1021.16015625 1
63 26 1022.66650391 1
63 26 1022.74200439 1
63 26 1027.10070801 1
63 26 1027.82507324 1
63 26 1030.44543457 1
63 26 1031.8034668 1
63 26 1034.37414551 1
63 26 1034.93432617 1
63 26 1038.81359863 1
63 26 1038.84033203 1
63 26 1041.64672852 1
63 26 1041.92736816 1
63 26 1042.65197754 1
63 26 1045.35144043 1
63 26 1045.5378418 1
63 26 1045.66320801 1
63 26 1046.78613281 1
63 26 1049.04455566 1
63 26 1051.57434082 1
63 26 1054.19299316 1
63 26 1057.04663086 1
63 26 1064.16052246 1
63 26 1067.23974609 1
63 26 1067.44213867 1
63 26 1067.49462891 1
63 26 1068.14526367 1
63 26 1069.78613281 1
63 26 1072.34436035 1
63 26 1072.47338867 1
63 26 1075.89367676 1
63 26 1076.00341797 1
63 26 1077.32580566 1
63 26 1078.59973145 1
63 26 1081.05847168 1
63 26 1083.03503418 1
63 26 1083.03540039 1
63 26 1083.94055176 1
63 26 1091.54541016 1
63 26 1092.05993652 1
63 26 1092.56286621 1
63 26 1098.26391602 1
63 26 1098.91491699 1
63 26 1098.92993164 1
63 26 1100.58618164 1
63 26 1111.82312012 1
63 26 1113.37145996 1
63 26 1116.36499023 1
63 26 1117.31848145 1
63 26 1120.31799316 1
63 26 1124.20019531 1
63 26 1125.53930664 1
63 26 1129.08349609 1
63 26 1129.12670898 1
63 26 1130.64782715 1
63 26 1135.18823242 1
63 26 1136.6229248 1
63 26 1137.8626709 1
63 26 1141.33483887 1
63 26 1146.9395752 1
63 26 1147.54919434 1
63 26 1156.21325684 1
63 26 1157.42333984 1
63 26 1157.5736084 1
63 26 1157.82763672 1
63 26 1158.71887207 1
63 26 1160.24060059 1
63 26 1165.26782227 1
63 26 1166.32958984 1
63 26 1167.06311035 1
63 26 1170.23461914 1
63 26 1170.60827637 1
63 26 1171.09729004 1
63 26 1173.078125 1
63 26 1173.54956055 1
63 26 1173.60827637 1
63 26 1177.42687988 1
63 26 1181.12915039 1
63 26 1182.11376953 1
63 26 1182.65222168 1
63 26 1192.7467041 1
63 26 1192.94567871 1
63 26 1194.82202148 1
63 26 1196.10437012 1
63 26 1197.22192383 1
63 26 1198.60412598 1
63 26 1199.48168945 1
63 26 1200.61669922 1
63 26 1211.25817871 1
63 26 1212.22875977 1
63 26 1222.24865723 1
63 26 1223.90856934 1
63 26 1225.55322266 1
63 26 1230.6697998 1
63 26 1233.17749023 1
63 26 1235.37304688 1
63 26 1236.58886719 1
63 26 1238.58215332 1
63 26 1240.3215332 1
63 26 1243.01953125 1
63 26 1249.35498047 1
63 26 1261.24047852 1
63 26 1262.81860352 1
63 26 1264.7442627 1
63 26 1268.71582031 1
63 26 1275.52514648 1
63 26 1290.12731934 1
63 26 1292.25195312 1
63 26 1295.18237305 1
63 26 1302.91259766 1
63 26 1303.37902832 1
63 26 1305.34960938 1
63 26 1310.47595215 1
63 26 1312.68994141 1
63 26 1314.94470215 1
63 26 1316.03381348 1
63 26 1318.05566406 1
63 26 1327.6451416 1
63 26 1329.25732422 1
63 26 1337.66845703 1
63 26 1341.35742188 1
63 26 1351.36291504 1
63 26 1353.38366699 1
63 26 1357.62304688 1
63 26 1369.73095703 1
63 26 1378.61010742 1
63 26 1379.0501709 1
63 26 1388.26477051 1
63 26 1391.09094238 1
63 26 1392.86706543 1
63 26 1393.80957031 1
63 26 1403.92224121 1
63 26 1409.64782715 1
63 26 1410.51318359 1
63 26 1430.4050293 1
63 26 1432.33459473 1
63 26 1434.9498291 1
63 26 1451.41101074 1
63 26 1460.03210449 1
63 26 1470.03161621 1
63 26 1474.48364258 1
63 26 1490.04907227 1
63 26 1491.04760742 1
63 26 1493.06274414 1
63 26 1499.88720703 1
63 26 1503.796875 1
63 26 1506.65124512 1
63 26 1520.52929688 1
63 26 1526.68249512 1
63 26 1538.14660645 1
63 26 1544.44702148 1
63 26 1545.06347656 1
63 26 1547.59118652 1
63 26 1559.50305176 1
63 26 1586.99194336 1
63 26 1594.01196289 1
63 26 1615.6295166 1
63 26 1634.2512207 1
63 26 1648.61608887 1
63 26 1684.63720703 1
63 26 1695.73474121 1
63 26 1701.57910156 1
63 26 1711.99316406 1
63 26 1747.57080078 1
63 26 1763.90515137 1
63 26 1764.80566406 1
63 26 1783.17871094 1
63 26 1785.96484375 1
63 26 1812.13171387 1
63 26 1821.79821777 1
63 26 1855.81018066 1
63 26 1867.00158691 1
63 26 1872.04418945 1
63 26 1882.52526855 1
63 26 1938.18493652 1
63 26 1970.72424316 1
63 26 1973.3026123 1
63 26 1991.64672852 1
63 26 2013.29260254 1
63 26 2057.97290039 1
63 26 2084.48120117 1
63 26 2105.85375977 1
63 26 2114.33398438 1
63 26 2177.18310547 1
63 26 2246.72070312 1
63 26 2399.84667969 1
63 26 2484.40039062 1
63 26 2506.75390625 1
63 26 2522.36767578 1
63 26 2622.8515625 1
63 27 659.751647949 1
63 27 659.845947266 1
63 27 664.865661621 1
63 27 666.947509766 1
63 27 670.441467285 1
63 27 671.578857422 1
63 27 677.341430664 1
63 27 679.338989258 1
63 27 681.104614258 1
63 27 681.495056152 1
63 27 681.875671387 1
63 27 683.222351074 1
63 27 685.181091309 1
63 27 685.534118652 1
63 27 686.038024902 1
63 27 691.952514648 1
63 27 696.335266113 1
63 27 696.733154297 1
63 27 698.252319336 1
63 27 701.805236816 1
63 27 702.711303711 1
63 27 704.651184082 1
63 27 705.29888916 1
63 27 705.819580078 1
63 27 705.843994141 1
63 27 707.503112793 1
63 27 707.643371582 1
63 27 710.408569336 1
63 27 711.54876709 1
63 27 711.679443359 1
63 27 711.89855957 1
63 27 712.984985352 1
63 27 713.177062988 1
63 27 713.517944336 1
63 27 713.719055176 1
63 27 714.118469238 1
63 27 714.679138184 1
63 27 715.056335449 1
63 27 715.436462402 1
63 27 716.043640137 1
63 27 716.678833008 1
63 27 717.0 1
63 27 719.280151367 1
63 27 720.895629883 1
63 27 723.127319336 1
63 27 723.583557129 1
63 27 723.875549316 1
63 27 724.064331055 1
63 27 724.580993652 1
63 27 724.635559082 1
63 27 724.805175781 1
63 27 725.013793945 1
63 27 725.280456543 1
63 27 726.566650391 1
63 27 727.089233398 1
63 27 727.917053223 1
63 27 730.802978516 1
63 27 730.838256836 1
63 27 730.991210938 1
63 27 732.367370605 1
63 27 732.65423584 1
63 27 733.58203125 1
63 27 735.268859863 1
63 27 735.839050293 1
63 27 736.487304688 1
63 27 736.651733398 1
63 27 737.768981934 1
63 27 737.983215332 1
63 27 738.062438965 1
63 27 739.468444824 1
63 27 739.74432373 1
63 27 740.432983398 1
63 27 741.737731934 1
63 27 741.801879883 1
63 27 741.901062012 1
63 27 743.853210449 1
63 27 745.73815918 1
63 27 746.11730957 1
63 27 746.426879883 1
63 27 747.305603027 1
63 27 748.882263184 1
63 27 748.921813965 1
63 27 749.256286621 1
63 27 750.091430664 1
63 27 750.209533691 1
63 27 750.636047363 1
63 27 751.889770508 1
63 27 751.959350586 1
63 27 752.157104492 1
63 27 753.054138184 1
63 27 753.221496582 1
63 27 753.42175293 1
63 27 753.55291748 1
63 27 754.221374512 1
63 27 754.795654297 1
63 27 754.959594727 1
63 27 756.834533691 1
63 27 758.362731934 1
63 27 760.417114258 1
63 27 760.7421875 1
63 27 760.89239502 1
63 27 761.102050781 1
63 27 762.395446777 1
63 27 762.943603516 1
63 27 763.163757324 1
63 27 763.236938477 1
63 27 763.689697266 1
63 27 764.906005859 1
63 27 765.075317383 1
63 27 765.290527344 1
63 27 765.633972168 1
63 27 766.33380127 1
63 27 767.642028809 1
63 27 768.203979492 1
63 27 769.116516113 1
63 27 769.188293457 1
63 27 770.171386719 1
63 27 770.201293945 1
63 27 770.326538086 1
63 27 770.603271484 1
63 27 771.070983887 1
63 27 771.567016602 1
63 27 771.663024902 1
63 27 772.001525879 1
63 27 772.241760254 1
63 27 772.64831543 1
63 27 773.038879395 1
63 27 774.088562012 1
63 27 774.125671387 1
63 27 774.331176758 1
63 27 774.973327637 1
63 27 775.005126953 1
63 27 775.800292969 1
63 27 777.121643066 1
63 27 778.458496094 1
63 27 778.766967773 1
63 27 779.06036377 1
63 27 779.304443359 1
63 27 780.576171875 1
63 27 780.774291992 1
63 27 781.477050781 1
63 27 783.498046875 1
63 27 784.267944336 1
63 27 785.340393066 1
63 27 785.637084961 1
63 27 786.052062988 1
63 27 787.548950195 1
63 27 787.824035645 1
63 27 789.587524414 1
63 27 790.274047852 1
63 27 790.547729492 1
63 27 791.097045898 1
63 27 791.362121582 1
63 27 794.048828125 1
63 27 794.283081055 1
63 27 794.745300293 1
63 27 795.135070801 1
63 27 796.79486084 1
63 27 797.490783691 1
63 27 797.544921875 1
63 27 798.071960449 1
63 27 798.597351074 1
63 27 798.797546387 1
63 27 799.036437988 1
63 27 799.178771973 1
63 27 800.590942383 1
63 27 805.562133789 1
63 27 805.695556641 1
63 27 806.194274902 1
63 27 808.061157227 1
63 27 808.557373047 1
63 27 809.130859375 1
63 27 811.481445312 1
63 27 811.626098633 1
63 27 812.318969727 1
63 27 812.603393555 1
63 27 813.081237793 1
63 27 815.479614258 1
63 27 816.611877441 1
63 27 816.630249023 1
63 27 816.816894531 1
63 27 818.062072754 1
63 27 818.68927002 1
63 27 818.866821289 1
63 27 820.974487305 1
63 27 821.756469727 1
63 27 822.858337402 1
63 27 822.977661133 1
63 27 823.687683105 1
63 27 823.804016113 1
63 27 825.20111084 1
63 27 825.308349609 1
63 27 827.354431152 1
63 27 828.099975586 1
63 27 828.271118164 1
63 27 829.032775879 1
63 27 829.115234375 1
63 27 829.709960938 1
63 27 830.071594238 1
63 27 831.769836426 1
63 27 831.909301758 1
63 27 832.460449219 1
63 27 832.522460938 1
63 27 833.41595459 1
63 27 833.45123291 1
63 27 834.064819336 1
63 27 834.210205078 1
63 27 834.712402344 1
63 27 835.211669922 1
63 27 837.176818848 1
63 27 840.798583984 1
63 27 840.82232666 1
63 27 841.650634766 1
63 27 842.219055176 1
63 27 842.519165039 1
63 27 843.412597656 1
63 27 845.488586426 1
63 27 845.685424805 1
63 27 845.785949707 1
63 27 846.794616699 1
63 27 847.215087891 1
63 27 847.654663086 1
63 27 847.794677734 1
63 27 847.802062988 1
63 27 847.80255127 1
63 27 848.588317871 1
63 27 849.071350098 1
63 27 849.408569336 1
63 27 849.579467773 1
63 27 850.408874512 1
63 27 850.653076172 1
63 27 851.333496094 1
63 27 855.886108398 1
63 27 857.243225098 1
63 27 858.150634766 1
63 27 858.939208984 1
63 27 859.081848145 1
63 27 859.54119873 1
63 27 859.729248047 1
63 27 861.19934082 1
63 27 861.475524902 1
63 27 863.63659668 1
63 27 863.653869629 1
63 27 863.664489746 1
63 27 864.211914062 1
63 27 866.631347656 1
63 27 867.139221191 1
63 27 867.300109863 1
63 27 867.356567383 1
63 27 869.104431152 1
63 27 869.153442383 1
63 27 869.311279297 1
63 27 870.269958496 1
63 27 870.311950684 1
63 27 871.52911377 1
63 27 871.919494629 1
63 27 872.086914062 1
63 27 873.67364502 1
63 27 873.945068359 1
63 27 874.132141113 1
63 27 875.372009277 1
63 27 875.677978516 1
63 27 876.150024414 1
63 27 878.228393555 1
63 27 878.282531738 1
63 27 878.667480469 1
63 27 879.031921387 1
63 27 879.315246582 1
63 27 880.414550781 1
63 27 880.805908203 1
63 27 880.812255859 1
63 27 880.877258301 1
63 27 880.906677246 1
63 27 882.422180176 1
63 27 883.213928223 1
63 27 883.648071289 1
63 27 884.134094238 1
63 27 885.343322754 1
63 27 886.349060059 1
63 27 887.432373047 1
63 27 888.469421387 1
63 27 889.184570312 1
63 27 889.644775391 1
63 27 889.926391602 1
63 27 891.233825684 1
63 27 892.972045898 1
63 27 893.51550293 1
63 27 894.210327148 1
63 27 895.225402832 1
63 27 895.321777344 1
63 27 897.668823242 1
63 27 900.052612305 1
63 27 900.522766113 1
63 27 900.930236816 1
63 27 902.568603516 1
63 27 902.883300781 1
63 27 903.36932373 1
63 27 905.382019043 1
63 27 909.151794434 1
63 27 909.824523926 1
63 27 914.708862305 1
63 27 915.126220703 1
63 27 915.164123535 1
63 27 915.559448242 1
63 27 915.676574707 1
63 27 915.916015625 1
63 27 918.403198242 1
63 27 919.088317871 1
63 27 919.859008789 1
63 27 921.957275391 1
63 27 924.207458496 1
63 27 924.756103516 1
63 27 925.159790039 1
63 27 927.169372559 1
63 27 927.247375488 1
63 27 927.647399902 1
63 27 930.117004395 1
63 27 930.179443359 1
63 27 930.937805176 1
63 27 932.280517578 1
63 27 932.485839844 1
63 27 934.270324707 1
63 27 936.560913086 1
63 27 937.80291748 1
63 27 937.850463867 1
63 27 938.724304199 1
63 27 939.077148438 1
63 27 941.680725098 1
63 27 942.380737305 1
63 27 943.340515137 1
63 27 946.917297363 1
63 27 948.504516602 1
63 27 948.644470215 1
63 27 949.178649902 1
63 27 949.776428223 1
63 27 951.623413086 1
63 27 952.456054688 1
63 27 955.495666504 1
63 27 955.646728516 1
63 27 955.714599609 1
63 27 956.30847168 1
63 27 956.851501465 1
63 27 957.11706543 1
63 27 957.145080566 1
63 27 957.494934082 1
63 27 960.161865234 1
63 27 962.223876953 1
63 27 964.100402832 1
63 27 966.503356934 1
63 27 967.163146973 1
63 27 968.544799805 1
63 27 970.188842773 1
63 27 970.284912109 1
63 27 970.409179688 1
63 27 971.51550293 1
63 27 973.304016113 1
63 27 973.573913574 1
63 27 975.446899414 1
63 27 975.791381836 1
63 27 976.420715332 1
63 27 977.33392334 1
63 27 978.238952637 1
63 27 979.491149902 1
63 27 980.29083252 1
63 27 981.099914551 1
63 27 981.35369873 1
63 27 981.534362793 1
63 27 984.793762207 1
63 27 984.90612793 1
63 27 985.243713379 1
63 27 985.522155762 1
63 27 986.65222168 1
63 27 988.249755859 1
63 27 989.257507324 1
63 27 992.689941406 1
63 27 993.140441895 1
63 27 993.37701416 1
63 27 993.482177734 1
63 27 995.069580078 1
63 27 998.697143555 1
63 27 999.006591797 1
63 27 999.899230957 1
63 27 1001.21099854 1
63 27 1003.51306152 1
63 27 1008.26013184 1
63 27 1009.08605957 1
63 27 1012.22167969 1
63 27 1012.9274292 1
63 27 1012.95727539 1
63 27 1013.15960693 1
63 27 1014.36859131 1
63 27 1014.80505371 1
63 27 1016.58624268 1
63 27 1018.09588623 1
63 27 1020.97424316 1
63 27 1021.66149902 1
63 27 1026.85009766 1
63 27 1029.22729492 1
63 27 1035.70825195 1
63 27 1038.55126953 1
63 27 1038.65844727 1
63 27 1039.6270752 1
63 27 1039.93566895 1
63 27 1040.75878906 1
63 27 1043.4519043 1
63 27 1046.13269043 1
63 27 1046.73730469 1
63 27 1050.60986328 1
63 27 1051.77478027 1
63 27 1052.20556641 1
63 27 1053.20629883 1
63 27 1054.66320801 1
63 27 1054.7442627 1
63 27 1055.20947266 1
63 27 1057.10168457 1
63 27 1058.15991211 1
63 27 1058.73059082 1
63 27 1059.40490723 1
63 27 1062.61071777 1
63 27 1063.47106934 1
63 27 1063.68432617 1
63 27 1065.50708008 1
63 27 1066.19750977 1
63 27 1071.43518066 1
63 27 1074.95788574 1
63 27 1074.97827148 1
63 27 1075.62304688 1
63 27 1076.69934082 1
63 27 1077.00854492 1
63 27 1077.59753418 1
63 27 1078.0135498 1
63 27 1078.41625977 1
63 27 1078.81494141 1
63 27 1080.24938965 1
63 27 1080.43688965 1
63 27 1081.12597656 1
63 27 1081.7253418 1
63 27 1085.19616699 1
63 27 1085.6307373 1
63 27 1086.47009277 1
63 27 1086.59790039 1
63 27 1087.21044922 1
63 27 1090.11901855 1
63 27 1090.49108887 1
63 27 1091.69042969 1
63 27 1093.96362305 1
63 27 1095.19543457 1
63 27 1097.12060547 1
63 27 1098.76403809 1
63 27 1112.72375488 1
63 27 1113.06164551 1
63 27 1119.04882812 1
63 27 1121.56445312 1
63 27 1121.84875488 1
63 27 1121.92016602 1
63 27 1124.37353516 1
63 27 1134.20117188 1
63 27 1140.23474121 1
63 27 1141.37609863 1
63 27 1144.14978027 1
63 27 1144.35632324 1
63 27 1144.54333496 1
63 27 1146.83776855 1
63 27 1149.03381348 1
63 27 1149.9342041 1
63 27 1151.82287598 1
63 27 1152.5144043 1
63 27 1153.0657959 1
63 27 1154.96411133 1
63 27 1155.5994873 1
63 27 1157.27832031 1
63 27 1157.46130371 1
63 27 1159.06860352 1
63 27 1163.74853516 1
63 27 1164.14147949 1
63 27 1165.01245117 1
63 27 1170.16137695 1
63 27 1171.7244873 1
63 27 1172.58300781 1
63 27 1173.65405273 1
63 27 1175.00292969 1
63 27 1178.93640137 1
63 27 1179.12609863 1
63 27 1180.0378418 1
63 27 1183.73681641 1
63 27 1184.32336426 1
63 27 1186.52648926 1
63 27 1186.5925293 1
63 27 1192.16650391 1
63 27 1200.88000488 1
63 27 1204.05187988 1
63 27 1205.35693359 1
63 27 1205.70605469 1
63 27 1208.15063477 1
63 27 1209.48352051 1
63 27 1210.91186523 1
63 27 1212.55297852 1
63 27 1213.06713867 1
63 27 1224.07421875 1
63 27 1227.66052246 1
63 27 1230.92236328 1
63 27 1232.93493652 1
63 27 1233.48376465 1
63 27 1235.50878906 1
63 27 1236.14221191 1
63 27 1236.4161377 1
63 27 1238.12011719 1
63 27 1238.66601562 1
63 27 1242.56225586 1
63 27 1243.51428223 1
63 27 1246.32128906 1
63 27 1249.31140137 1
63 27 1252.29736328 1
63 27 1257.25927734 1
63 27 1257.48925781 1
63 27 1262.30664062 1
63 27 1264.77062988 1
63 27 1266.27307129 1
63 27 1269.72802734 1
63 27 1269.83874512 1
63 27 1270.86804199 1
63 27 1276.61022949 1
63 27 1277.46179199 1
63 27 1280.51342773 1
63 27 1280.83947754 1
63 27 1289.38195801 1
63 27 1293.4440918 1
63 27 1295.35620117 1
63 27 1295.37084961 1
63 27 1296.03271484 1
63 27 1296.50073242 1
63 27 1296.76708984 1
63 27 1301.21020508 1
63 27 1310.05053711 1
63 27 1312.49609375 1
63 27 1314.18151855 1
63 27 1314.50061035 1
63 27 1315.13623047 1
63 27 1316.60070801 1
63 27 1318.74084473 1
63 27 1318.76281738 1
63 27 1318.81311035 1
63 27 1318.86914062 1
63 27 1320.45568848 1
63 27 1323.23730469 1
63 27 1323.49523926 1
63 27 1329.42431641 1
63 27 1330.10974121 1
63 27 1331.44628906 1
63 27 1334.01538086 1
63 27 1340.04638672 1
63 27 1344.89916992 1
63 27 1347.14953613 1
63 27 1354.27124023 1
63 27 1368.28649902 1
63 27 1369.64208984 1
63 27 1369.87451172 1
63 27 1371.36706543 1
63 27 1373.7902832 1
63 27 1373.8157959 1
63 27 1377.07324219 1
63 27 1383.25732422 1
63 27 1385.34423828 1
63 27 1386.33166504 1
63 27 1388.54724121 1
63 27 1389.96984863 1
63 27 1393.60571289 1
63 27 1397.29846191 1
63 27 1397.99804688 1
63 27 1398.10412598 1
63 27 1400.15197754 1
63 27 1401.16931152 1
63 27 1407.4107666 1
63 27 1408.39331055 1
63 27 1412.8996582 1
63 27 1416.20202637 1
63 27 1430.70227051 1
63 27 1431.03234863 1
63 27 1443.01586914 1
63 27 1444.30407715 1
63 27 1452.81860352 1
63 27 1453.16662598 1
63 27 1466.49023438 1
63 27 1467.77404785 1
63 27 1472.99035645 1
63 27 1480.45849609 1
63 27 1485.3092041 1
63 27 1488.06115723 1
63 27 1493.07299805 1
63 27 1502.74194336 1
63 27 1505.10742188 1
63 27 1506.28259277 1
63 27 1524.36584473 1
63 27 1529.37536621 1
63 27 1532.33044434 1
63 27 1537.9588623 1
63 27 1544.60925293 1
63 27 1547.55993652 1
63 27 1548.69030762 1
63 27 1551.63415527 1
63 27 1554.53271484 1
63 27 1554.66235352 1
63 27 1556.40600586 1
63 27 1558.51904297 1
63 27 1564.10412598 1
63 27 1568.75793457 1
63 27 1570.68139648 1
63 27 1582.95959473 1
63 27 1586.45129395 1
63 27 1586.82373047 1
63 27 1593.4074707 1
63 27 1597.89672852 1
63 27 1602.47021484 1
63 27 1612.43359375 1
63 27 1612.51086426 1
63 27 1628.0065918 1
63 27 1632.64794922 1
63 27 1635.57275391 1
63 27 1636.70568848 1
63 27 1638.2590332 1
63 27 1661.24768066 1
63 27 1673.83190918 1
63 27 1674.04919434 1
63 27 1674.61962891 1
63 27 1682.57299805 1
63 27 1683.82543945 1
63 27 1685.72949219 1
63 27 1698.82775879 1
63 27 1708.13427734 1
63 27 1716.07995605 1
63 27 1719.57861328 1
63 27 1723.22839355 1
63 27 1765.65307617 1
63 27 1787.49060059 1
63 27 1802.87609863 1
63 27 1808.39941406 1
63 27 1811.13098145 1
63 27 1841.6875 1
63 27 1847.75805664 1
63 27 1848.89208984 1
63 27 1859.70751953 1
63 27 1882.72912598 1
63 27 1894.6574707 1
63 27 1903.27429199 1
63 27 1922.01013184 1
63 27 1964.60742188 1
63 27 1994.95031738 1
63 27 2017.82446289 1
63 27 2060.97412109 1
63 27 2063.84448242 1
63 27 2070.50390625 1
63 27 2106.07104492 1
63 27 2117.65258789 1
63 27 2172.74047852 1
63 27 2180.44262695 1
63 27 2261.7175293 1
63 27 2364.71191406 1
63 27 2376.54614258 1
63 27 2584.69995117 1
63 27 3015.83691406 1
63 27 3978.02246094 1
63 28 626.912841797 1
63 28 639.654296875 1
63 28 640.096130371 1
63 28 640.304016113 1
63 28 640.370727539 1
63 28 645.657165527 1
63 28 647.789978027 1
63 28 651.03338623 1
63 28 651.333007812 1
63 28 651.917480469 1
63 28 654.654846191 1
63 28 656.421630859 1
63 28 657.436523438 1
63 28 657.471618652 1
63 28 657.836669922 1
63 28 658.575744629 1
63 28 661.054382324 1
63 28 661.318237305 1
63 28 661.842468262 1
63 28 665.657897949 1
63 28 666.377929688 1
63 28 666.695800781 1
63 28 667.296386719 1
63 28 667.509887695 1
63 28 667.699645996 1
63 28 668.060852051 1
63 28 670.57800293 1
63 28 671.394042969 1
63 28 674.821533203 1
63 28 677.00567627 1
63 28 677.286499023 1
63 28 679.231628418 1
63 28 682.049072266 1
63 28 682.307983398 1
63 28 682.342712402 1
63 28 685.250793457 1
63 28 686.822509766 1
63 28 688.061645508 1
63 28 688.393798828 1
63 28 689.498291016 1
63 28 690.380554199 1
63 28 690.575317383 1
63 28 691.88067627 1
63 28 692.015930176 1
63 28 692.159423828 1
63 28 693.41796875 1
63 28 693.638549805 1
63 28 693.643188477 1
63 28 694.502807617 1
63 28 694.698059082 1
63 28 695.655639648 1
63 28 696.337036133 1
63 28 696.461486816 1
63 28 696.62713623 1
63 28 696.866516113 1
63 28 697.163452148 1
63 28 698.505859375 1
63 28 698.916381836 1
63 28 699.143493652 1
63 28 699.175537109 1
63 28 699.394165039 1
63 28 699.569274902 1
63 28 700.418457031 1
63 28 700.780151367 1
63 28 701.237121582 1
63 28 702.135620117 1
63 28 702.383544922 1
63 28 702.407043457 1
63 28 702.542297363 1
63 28 702.679931641 1
63 28 703.010437012 1
63 28 703.094055176 1
63 28 703.164367676 1
63 28 704.787780762 1
63 28 705.166137695 1
63 28 707.05255127 1
63 28 707.210510254 1
63 28 707.68182373 1
63 28 708.300170898 1
63 28 708.730834961 1
63 28 709.800720215 1
63 28 710.363037109 1
63 28 710.555297852 1
63 28 712.43157959 1
63 28 712.710266113 1
63 28 712.749816895 1
63 28 712.870422363 1
63 28 713.915527344 1
63 28 714.776000977 1
63 28 715.055358887 1
63 28 716.452270508 1
63 28 716.805664062 1
63 28 717.506591797 1
63 28 717.536621094 1
63 28 717.723937988 1
63 28 719.024108887 1
63 28 719.214538574 1
63 28 719.541931152 1
63 28 719.961547852 1
63 28 720.187927246 1
63 28 720.566772461 1
63 28 720.854187012 1
63 28 720.854248047 1
63 28 722.02130127 1
63 28 722.246643066 1
63 28 723.304443359 1
63 28 723.372436523 1
63 28 724.400024414 1
63 28 724.62701416 1
63 28 725.358215332 1
63 28 725.556884766 1
63 28 725.721069336 1
63 28 727.532714844 1
63 28 728.193847656 1
63 28 728.416931152 1
63 28 728.756164551 1
63 28 730.329162598 1
63 28 731.288391113 1
63 28 731.648071289 1
63 28 732.195129395 1
63 28 733.358520508 1
63 28 733.361206055 1
63 28 734.364013672 1
63 28 734.459960938 1
63 28 735.533447266 1
63 28 735.716247559 1
63 28 735.749511719 1
63 28 736.021057129 1
63 28 736.743347168 1
63 28 736.935546875 1
63 28 736.948730469 1
63 28 737.289367676 1
63 28 737.654663086 1
63 28 738.786499023 1
63 28 739.015075684 1
63 28 739.515686035 1
63 28 740.837402344 1
63 28 741.279907227 1
63 28 742.543579102 1
63 28 744.342285156 1
63 28 746.120910645 1
63 28 746.178161621 1
63 28 746.910705566 1
63 28 746.98236084 1
63 28 748.281616211 1
63 28 749.58581543 1
63 28 749.598937988 1
63 28 749.651916504 1
63 28 750.421813965 1
63 28 750.578613281 1
63 28 750.963195801 1
63 28 751.089904785 1
63 28 751.180847168 1
63 28 751.325927734 1
63 28 751.927429199 1
63 28 752.135925293 1
63 28 752.345458984 1
63 28 752.445129395 1
63 28 752.900695801 1
63 28 753.456787109 1
63 28 754.68737793 1
63 28 755.089294434 1
63 28 756.465698242 1
63 28 757.06628418 1
63 28 757.711303711 1
63 28 758.351257324 1
63 28 758.366760254 1
63 28 758.38067627 1
63 28 759.16418457 1
63 28 759.324829102 1
63 28 759.653686523 1
63 28 761.485412598 1
63 28 762.582458496 1
63 28 762.704589844 1
63 28 763.459655762 1
63 28 763.94720459 1
63 28 764.246765137 1
63 28 764.952148438 1
63 28 765.069580078 1
63 28 765.412475586 1
63 28 765.722473145 1
63 28 766.113037109 1
63 28 767.49395752 1
63 28 767.604370117 1
63 28 767.775390625 1
63 28 767.78314209 1
63 28 767.87713623 1
63 28 768.634216309 1
63 28 768.974975586 1
63 28 769.328796387 1
63 28 769.941162109 1
63 28 770.471862793 1
63 28 771.303527832 1
63 28 772.316101074 1
63 28 773.953063965 1
63 28 774.406433105 1
63 28 774.439025879 1
63 28 775.45690918 1
63 28 776.096496582 1
63 28 776.702819824 1
63 28 776.800354004 1
63 28 776.907958984 1
63 28 777.204528809 1
63 28 777.664672852 1
63 28 778.322265625 1
63 28 778.350463867 1
63 28 779.071105957 1
63 28 779.654418945 1
63 28 780.246643066 1
63 28 780.490783691 1
63 28 781.315124512 1
63 28 782.317443848 1
63 28 782.380737305 1
63 28 782.755859375 1
63 28 783.153747559 1
63 28 783.365905762 1
63 28 783.382751465 1
63 28 783.828369141 1
63 28 784.80279541 1
63 28 785.433227539 1
63 28 786.082824707 1
63 28 787.041137695 1
63 28 789.857849121 1
63 28 790.187805176 1
63 28 791.196655273 1
63 28 791.921813965 1
63 28 792.650817871 1
63 28 792.808227539 1
63 28 794.137512207 1
63 28 794.255981445 1
63 28 796.959289551 1
63 28 799.535095215 1
63 28 800.931762695 1
63 28 801.131286621 1
63 28 802.631835938 1
63 28 803.39276123 1
63 28 803.521972656 1
63 28 804.090637207 1
63 28 804.329589844 1
63 28 804.67980957 1
63 28 805.258666992 1
63 28 806.974914551 1
63 28 807.544555664 1
63 28 808.743164062 1
63 28 809.685974121 1
63 28 812.014831543 1
63 28 812.244140625 1
63 28 812.489746094 1
63 28 812.630187988 1
63 28 814.578979492 1
63 28 815.693054199 1
63 28 815.928405762 1
63 28 815.939025879 1
63 28 816.182067871 1
63 28 817.267456055 1
63 28 817.408752441 1
63 28 817.46105957 1
63 28 821.092407227 1
63 28 821.878845215 1
63 28 821.961730957 1
63 28 822.593139648 1
63 28 823.621337891 1
63 28 824.879211426 1
63 28 825.812255859 1
63 28 825.91418457 1
63 28 826.030700684 1
63 28 826.460693359 1
63 28 826.864196777 1
63 28 827.07598877 1
63 28 827.202270508 1
63 28 827.65246582 1
63 28 828.04876709 1
63 28 828.993469238 1
63 28 829.558654785 1
63 28 832.834838867 1
63 28 833.330871582 1
63 28 833.843933105 1
63 28 833.916381836 1
63 28 834.005737305 1
63 28 834.032348633 1
63 28 834.326660156 1
63 28 834.717285156 1
63 28 835.077697754 1
63 28 835.185424805 1
63 28 835.922241211 1
63 28 836.00793457 1
63 28 838.888305664 1
63 28 839.034790039 1
63 28 840.474853516 1
63 28 841.15612793 1
63 28 841.225463867 1
63 28 842.706604004 1
63 28 845.312683105 1
63 28 847.728759766 1
63 28 848.460083008 1
63 28 848.986999512 1
63 28 849.830444336 1
63 28 849.972839355 1
63 28 850.605651855 1
63 28 850.754760742 1
63 28 851.70703125 1
63 28 852.121887207 1
63 28 856.100708008 1
63 28 856.929504395 1
63 28 857.346862793 1
63 28 858.223754883 1
63 28 858.260437012 1
63 28 858.844238281 1
63 28 860.197998047 1
63 28 862.147033691 1
63 28 863.922912598 1
63 28 864.141235352 1
63 28 864.439025879 1
63 28 864.531860352 1
63 28 864.964355469 1
63 28 865.66973877 1
63 28 866.639709473 1
63 28 869.00982666 1
63 28 869.786804199 1
63 28 870.825439453 1
63 28 872.569091797 1
63 28 873.034729004 1
63 28 873.748352051 1
63 28 873.877319336 1
63 28 874.348144531 1
63 28 875.27923584 1
63 28 875.311950684 1
63 28 876.188476562 1
63 28 877.591125488 1
63 28 877.870422363 1
63 28 877.99597168 1
63 28 878.459594727 1
63 28 879.445922852 1
63 28 880.937133789 1
63 28 880.957946777 1
63 28 883.398803711 1
63 28 883.956481934 1
63 28 884.464355469 1
63 28 885.292297363 1
63 28 885.571655273 1
63 28 885.89239502 1
63 28 886.489868164 1
63 28 886.636657715 1
63 28 886.81439209 1
63 28 887.53112793 1
63 28 887.992736816 1
63 28 889.039672852 1
63 28 889.929260254 1
63 28 889.942443848 1
63 28 892.38885498 1
63 28 893.870483398 1
63 28 894.233337402 1
63 28 894.415405273 1
63 28 895.498413086 1
63 28 895.940734863 1
63 28 896.811950684 1
63 28 898.36505127 1
63 28 899.97076416 1
63 28 900.043823242 1
63 28 900.581359863 1
63 28 900.796325684 1
63 28 901.065673828 1
63 28 901.113952637 1
63 28 903.641235352 1
63 28 903.995605469 1
63 28 904.95501709 1
63 28 905.087646484 1
63 28 907.20135498 1
63 28 907.304077148 1
63 28 908.718994141 1
63 28 910.341918945 1
63 28 910.430541992 1
63 28 911.200073242 1
63 28 913.62689209 1
63 28 914.103759766 1
63 28 916.584411621 1
63 28 917.703308105 1
63 28 918.140014648 1
63 28 918.988586426 1
63 28 919.655029297 1
63 28 920.013244629 1
63 28 920.776855469 1
63 28 920.818481445 1
63 28 922.178527832 1
63 28 926.050109863 1
63 28 929.434631348 1
63 28 929.645324707 1
63 28 930.488830566 1
63 28 931.754211426 1
63 28 932.233947754 1
63 28 934.124206543 1
63 28 934.565124512 1
63 28 934.960083008 1
63 28 935.78112793 1
63 28 936.195861816 1
63 28 936.902587891 1
63 28 940.196594238 1
63 28 940.266784668 1
63 28 941.753173828 1
63 28 944.036193848 1
63 28 944.520568848 1
63 28 947.379699707 1
63 28 948.347717285 1
63 28 949.050720215 1
63 28 949.109130859 1
63 28 949.782104492 1
63 28 950.311828613 1
63 28 950.51763916 1
63 28 951.685119629 1
63 28 953.247558594 1
63 28 954.034179688 1
63 28 954.166870117 1
63 28 955.745483398 1
63 28 957.420593262 1
63 28 957.499023438 1
63 28 957.560058594 1
63 28 959.018493652 1
63 28 959.262268066 1
63 28 959.563537598 1
63 28 960.827514648 1
63 28 961.348083496 1
63 28 962.595031738 1
63 28 962.831054688 1
63 28 963.63659668 1
63 28 963.705932617 1
63 28 964.161437988 1
63 28 964.20916748 1
63 28 971.281555176 1
63 28 972.84967041 1
63 28 974.039978027 1
63 28 974.651428223 1
63 28 974.741149902 1
63 28 974.985168457 1
63 28 975.03112793 1
63 28 979.046264648 1
63 28 979.174194336 1
63 28 979.936889648 1
63 28 980.187011719 1
63 28 981.345458984 1
63 28 982.166870117 1
63 28 982.273376465 1
63 28 982.381225586 1
63 28 985.766723633 1
63 28 986.161010742 1
63 28 986.408630371 1
63 28 987.325012207 1
63 28 987.776855469 1
63 28 988.393249512 1
63 28 989.138000488 1
63 28 989.181640625 1
63 28 991.807495117 1
63 28 994.784973145 1
63 28 1003.47064209 1
63 28 1004.22973633 1
63 28 1004.71282959 1
63 28 1011.89343262 1
63 28 1015.18096924 1
63 28 1015.26031494 1
63 28 1016.9329834 1
63 28 1017.9442749 1
63 28 1019.23846436 1
63 28 1019.69519043 1
63 28 1022.31018066 1
63 28 1025.19812012 1
63 28 1028.61218262 1
63 28 1028.65820312 1
63 28 1030.89160156 1
63 28 1030.9342041 1
63 28 1033.33154297 1
63 28 1034.60632324 1
63 28 1037.75195312 1
63 28 1038.96081543 1
63 28 1041.64245605 1
63 28 1042.60888672 1
63 28 1043.89196777 1
63 28 1044.26757812 1
63 28 1048.02404785 1
63 28 1048.03149414 1
63 28 1048.29003906 1
63 28 1049.41113281 1
63 28 1051.5748291 1
63 28 1052.06420898 1
63 28 1052.72619629 1
63 28 1053.33752441 1
63 28 1054.73034668 1
63 28 1059.54089355 1
63 28 1060.58093262 1
63 28 1067.00317383 1
63 28 1067.82080078 1
63 28 1070.8059082 1
63 28 1075.56298828 1
63 28 1077.08459473 1
63 28 1078.26330566 1
63 28 1079.13562012 1
63 28 1081.47644043 1
63 28 1081.98217773 1
63 28 1082.30883789 1
63 28 1090.10656738 1
63 28 1091.86218262 1
63 28 1093.17895508 1
63 28 1094.65905762 1
63 28 1098.73474121 1
63 28 1098.9362793 1
63 28 1100.63635254 1
63 28 1103.43676758 1
63 28 1104.83947754 1
63 28 1108.90966797 1
63 28 1109.15856934 1
63 28 1109.21057129 1
63 28 1109.25927734 1
63 28 1109.85803223 1
63 28 1109.94311523 1
63 28 1110.22973633 1
63 28 1111.48913574 1
63 28 1112.07421875 1
63 28 1114.31567383 1
63 28 1114.90258789 1
63 28 1115.97668457 1
63 28 1117.93115234 1
63 28 1118.09680176 1
63 28 1122.18432617 1
63 28 1122.66516113 1
63 28 1125.03417969 1
63 28 1125.4296875 1
63 28 1130.4777832 1
63 28 1132.31945801 1
63 28 1132.84667969 1
63 28 1133.1270752 1
63 28 1134.87304688 1
63 28 1135.77124023 1
63 28 1137.36950684 1
63 28 1140.44567871 1
63 28 1141.42150879 1
63 28 1141.70532227 1
63 28 1142.56652832 1
63 28 1144.54431152 1
63 28 1145.48413086 1
63 28 1146.30444336 1
63 28 1146.74926758 1
63 28 1147.53869629 1
63 28 1149.62536621 1
63 28 1149.92553711 1
63 28 1151.35424805 1
63 28 1151.7454834 1
63 28 1153.18249512 1
63 28 1153.97729492 1
63 28 1156.39160156 1
63 28 1156.48937988 1
63 28 1156.55822754 1
63 28 1160.24707031 1
63 28 1161.14526367 1
63 28 1162.51831055 1
63 28 1170.17578125 1
63 28 1171.57385254 1
63 28 1172.40185547 1
63 28 1172.83251953 1
63 28 1175.56665039 1
63 28 1185.04382324 1
63 28 1187.90270996 1
63 28 1193.63024902 1
63 28 1194.77148438 1
63 28 1195.33752441 1
63 28 1196.26940918 1
63 28 1198.10644531 1
63 28 1215.91833496 1
63 28 1216.90600586 1
63 28 1217.99633789 1
63 28 1218.44909668 1
63 28 1220.93334961 1
63 28 1221.54943848 1
63 28 1222.83227539 1
63 28 1222.99108887 1
63 28 1227.11376953 1
63 28 1233.48156738 1
63 28 1233.54602051 1
63 28 1233.9128418 1
63 28 1234.58532715 1
63 28 1239.32043457 1
63 28 1240.39953613 1
63 28 1241.53369141 1
63 28 1245.06799316 1
63 28 1246.70458984 1
63 28 1246.74450684 1
63 28 1248.73010254 1
63 28 1249.8795166 1
63 28 1250.43640137 1
63 28 1251.30456543 1
63 28 1252.08642578 1
63 28 1253.51806641 1
63 28 1255.82519531 1
63 28 1257.89160156 1
63 28 1258.46923828 1
63 28 1259.74572754 1
63 28 1259.85681152 1
63 28 1261.27307129 1
63 28 1265.8807373 1
63 28 1272.49243164 1
63 28 1274.21875 1
63 28 1277.53100586 1
63 28 1279.36450195 1
63 28 1279.66003418 1
63 28 1291.04296875 1
63 28 1297.42285156 1
63 28 1299.53735352 1
63 28 1306.68103027 1
63 28 1307.55822754 1
63 28 1308.49145508 1
63 28 1308.61975098 1
63 28 1309.99816895 1
63 28 1311.09765625 1
63 28 1311.61853027 1
63 28 1313.65612793 1
63 28 1316.95385742 1
63 28 1322.90332031 1
63 28 1330.82128906 1
63 28 1334.97338867 1
63 28 1337.98413086 1
63 28 1341.49560547 1
63 28 1344.98876953 1
63 28 1346.2923584 1
63 28 1346.97338867 1
63 28 1361.91418457 1
63 28 1366.02087402 1
63 28 1370.36584473 1
63 28 1370.68884277 1
63 28 1370.90576172 1
63 28 1377.22241211 1
63 28 1380.84289551 1
63 28 1383.97729492 1
63 28 1384.37451172 1
63 28 1384.57177734 1
63 28 1393.3840332 1
63 28 1396.65686035 1
63 28 1397.77331543 1
63 28 1400.25720215 1
63 28 1410.74523926 1
63 28 1412.7479248 1
63 28 1414.38232422 1
63 28 1418.6784668 1
63 28 1419.81555176 1
63 28 1422.41772461 1
63 28 1423.60522461 1
63 28 1428.18151855 1
63 28 1433.27709961 1
63 28 1433.41320801 1
63 28 1439.19628906 1
63 28 1448.26342773 1
63 28 1449.18371582 1
63 28 1451.47766113 1
63 28 1453.42590332 1
63 28 1456.58239746 1
63 28 1456.8392334 1
63 28 1461.94628906 1
63 28 1463.30895996 1
63 28 1466.05712891 1
63 28 1470.89355469 1
63 28 1472.56884766 1
63 28 1474.38769531 1
63 28 1481.49511719 1
63 28 1482.07446289 1
63 28 1491.52929688 1
63 28 1511.77929688 1
63 28 1513.5333252 1
63 28 1514.38378906 1
63 28 1524.97949219 1
63 28 1528.00134277 1
63 28 1531.49304199 1
63 28 1540.8671875 1
63 28 1542.33996582 1
63 28 1542.97680664 1
63 28 1563.24438477 1
63 28 1563.67333984 1
63 28 1565.32324219 1
63 28 1571.3807373 1
63 28 1589.35864258 1
63 28 1598.94812012 1
63 28 1604.61584473 1
63 28 1613.24621582 1
63 28 1623.58618164 1
63 28 1626.82568359 1
63 28 1628.75366211 1
63 28 1634.43078613 1
63 28 1636.06201172 1
63 28 1645.25244141 1
63 28 1669.0793457 1
63 28 1669.16357422 1
63 28 1670.53088379 1
63 28 1672.81262207 1
63 28 1675.50512695 1
63 28 1677.32348633 1
63 28 1688.41516113 1
63 28 1708.17687988 1
63 28 1728.59655762 1
63 28 1766.81286621 1
63 28 1777.85803223 1
63 28 1783.19567871 1
63 28 1819.49816895 1
63 28 1819.81970215 1
63 28 1827.08898926 1
63 28 1850.80957031 1
63 28 1892.05639648 1
63 28 1893.79699707 1
63 28 1900.2220459 1
63 28 1950.44152832 1
63 28 1984.5279541 1
63 28 1989.44128418 1
63 28 1990.44970703 1
63 28 1994.29174805 1
63 28 2006.7635498 1
63 28 2012.29577637 1
63 28 2040.63500977 1
63 28 2040.93481445 1
63 28 2140.20019531 1
63 28 2227.13818359 1
63 28 2454.18994141 1
63 28 2511.01757812 1
63 28 2656.44726562 1
63 28 2989.11254883 1
63 28 3019.51513672 1
63 29 611.591186523 1
63 29 616.66607666 1
63 29 618.924255371 1
63 29 625.109558105 1
63 29 630.107299805 1
63 29 630.253295898 1
63 29 630.698669434 1
63 29 631.570373535 1
63 29 633.455444336 1
63 29 634.55682373 1
63 29 639.442810059 1
63 29 639.530151367 1
63 29 641.347106934 1
63 29 642.392822266 1
63 29 643.610534668 1
63 29 644.260803223 1
63 29 648.418334961 1
63 29 650.568847656 1
63 29 650.785705566 1
63 29 651.987121582 1
63 29 654.463439941 1
63 29 654.67767334 1
63 29 655.005432129 1
63 29 655.145385742 1
63 29 655.501525879 1
63 29 655.638671875 1
63 29 655.905212402 1
63 29 656.471984863 1
63 29 656.48651123 1
63 29 657.001953125 1
63 29 657.870056152 1
63 29 659.944030762 1
63 29 661.8125 1
63 29 661.957214355 1
63 29 661.967041016 1
63 29 663.481140137 1
63 29 664.267883301 1
63 29 665.66204834 1
63 29 668.840270996 1
63 29 669.746276855 1
63 29 670.292175293 1
63 29 671.561767578 1
63 29 673.301635742 1
63 29 674.135375977 1
63 29 674.341247559 1
63 29 674.895751953 1
63 29 675.729797363 1
63 29 677.645080566 1
63 29 678.634399414 1
63 29 679.034667969 1
63 29 679.149169922 1
63 29 681.13659668 1
63 29 681.322814941 1
63 29 682.058227539 1
63 29 683.621337891 1
63 29 684.478881836 1
63 29 686.424865723 1
63 29 686.869628906 1
63 29 687.162780762 1
63 29 687.348327637 1
63 29 688.067993164 1
63 29 688.11920166 1
63 29 688.231811523 1
63 29 688.632629395 1
63 29 688.772155762 1
63 29 689.198181152 1
63 29 689.687438965 1
63 29 690.317138672 1
63 29 690.317932129 1
63 29 690.995239258 1
63 29 691.303833008 1
63 29 692.271606445 1
63 29 694.962097168 1
63 29 695.743896484 1
63 29 696.04119873 1
63 29 696.100402832 1
63 29 696.199584961 1
63 29 696.517883301 1
63 29 697.433044434 1
63 29 697.774719238 1
63 29 697.797180176 1
63 29 698.288513184 1
63 29 698.479553223 1
63 29 699.434570312 1
63 29 701.446289062 1
63 29 702.744995117 1
63 29 703.189819336 1
63 29 704.588928223 1
63 29 706.366027832 1
63 29 706.904663086 1
63 29 706.960998535 1
63 29 707.608093262 1
63 29 707.920288086 1
63 29 708.155761719 1
63 29 709.252441406 1
63 29 709.362854004 1
63 29 710.190856934 1
63 29 711.670410156 1
63 29 712.288574219 1
63 29 713.521789551 1
63 29 713.621398926 1
63 29 713.632263184 1
63 29 713.867858887 1
63 29 714.143188477 1
63 29 715.113586426 1
63 29 715.22277832 1
63 29 715.558532715 1
63 29 716.059631348 1
63 29 717.375 1
63 29 717.823547363 1
63 29 718.194824219 1
63 29 718.237487793 1
63 29 718.898132324 1
63 29 719.07232666 1
63 29 720.188781738 1
63 29 721.804016113 1
63 29 722.613769531 1
63 29 724.015869141 1
63 29 724.593383789 1
63 29 724.989196777 1
63 29 725.320678711 1
63 29 726.266052246 1
63 29 727.635131836 1
63 29 728.361633301 1
63 29 730.038391113 1
63 29 731.632568359 1
63 29 731.884765625 1
63 29 732.999328613 1
63 29 733.344177246 1
63 29 733.481567383 1
63 29 734.700195312 1
63 29 735.294189453 1
63 29 737.539611816 1
63 29 737.863952637 1
63 29 737.91973877 1
63 29 739.482971191 1
63 29 740.766479492 1
63 29 742.230407715 1
63 29 742.382080078 1
63 29 742.934387207 1
63 29 745.141662598 1
63 29 745.278137207 1
63 29 745.322265625 1
63 29 745.355529785 1
63 29 746.971923828 1
63 29 747.494812012 1
63 29 747.641845703 1
63 29 748.477783203 1
63 29 748.509094238 1
63 29 753.013061523 1
63 29 753.965087891 1
63 29 754.523986816 1
63 29 754.853515625 1
63 29 755.155822754 1
63 29 755.486633301 1
63 29 756.212890625 1
63 29 756.83972168 1
63 29 758.348571777 1
63 29 758.86895752 1
63 29 759.20111084 1
63 29 760.650268555 1
63 29 760.667358398 1
63 29 760.92767334 1
63 29 761.002746582 1
63 29 761.071411133 1
63 29 761.246704102 1
63 29 761.749755859 1
63 29 762.159118652 1
63 29 762.409729004 1
63 29 763.219299316 1
63 29 765.229675293 1
63 29 765.304504395 1
63 29 766.12487793 1
63 29 766.178466797 1
63 29 766.761291504 1
63 29 766.773925781 1
63 29 767.651550293 1
63 29 768.254516602 1
63 29 769.090087891 1
63 29 769.215759277 1
63 29 769.383789062 1
63 29 771.276794434 1
63 29 771.298461914 1
63 29 774.548828125 1
63 29 776.642150879 1
63 29 779.186340332 1
63 29 779.865234375 1
63 29 780.103210449 1
63 29 781.200744629 1
63 29 781.307189941 1
63 29 781.357910156 1
63 29 781.444274902 1
63 29 782.617370605 1
63 29 784.104736328 1
63 29 784.653808594 1
63 29 784.968688965 1
63 29 784.992919922 1
63 29 785.753479004 1
63 29 786.569458008 1
63 29 786.748291016 1
63 29 787.417053223 1
63 29 788.449523926 1
63 29 788.600463867 1
63 29 788.744384766 1
63 29 789.603515625 1
63 29 789.661743164 1
63 29 789.953979492 1
63 29 790.069580078 1
63 29 792.115783691 1
63 29 792.401855469 1
63 29 792.740722656 1
63 29 794.058227539 1
63 29 795.318908691 1
63 29 795.583618164 1
63 29 796.423950195 1
63 29 797.013549805 1
63 29 797.363891602 1
63 29 798.282714844 1
63 29 798.359008789 1
63 29 800.428527832 1
63 29 800.951049805 1
63 29 801.09564209 1
63 29 803.405151367 1
63 29 804.013977051 1
63 29 804.350524902 1
63 29 804.877319336 1
63 29 805.481689453 1
63 29 805.967956543 1
63 29 806.490600586 1
63 29 806.521057129 1
63 29 807.335021973 1
63 29 808.052368164 1
63 29 808.165893555 1
63 29 809.051147461 1
63 29 809.282226562 1
63 29 811.435241699 1
63 29 816.260070801 1
63 29 816.284057617 1
63 29 816.687316895 1
63 29 816.97454834 1
63 29 820.887268066 1
63 29 821.952514648 1
63 29 822.194763184 1
63 29 823.624267578 1
63 29 824.866516113 1
63 29 826.194335938 1
63 29 827.166992188 1
63 29 831.49597168 1
63 29 832.681884766 1
63 29 833.875915527 1
63 29 834.40057373 1
63 29 835.031494141 1
63 29 838.572265625 1
63 29 840.650512695 1
63 29 841.360107422 1
63 29 841.839233398 1
63 29 843.49005127 1
63 29 843.837646484 1
63 29 844.158569336 1
63 29 844.250732422 1
63 29 844.941345215 1
63 29 846.977966309 1
63 29 847.246459961 1
63 29 847.524291992 1
63 29 849.016601562 1
63 29 849.596069336 1
63 29 850.015380859 1
63 29 850.611450195 1
63 29 851.406555176 1
63 29 851.872802734 1
63 29 851.918701172 1
63 29 852.284362793 1
63 29 853.970092773 1
63 29 854.936157227 1
63 29 856.504821777 1
63 29 858.282226562 1
63 29 859.36541748 1
63 29 860.718688965 1
63 29 862.752868652 1
63 29 863.31237793 1
63 29 864.065002441 1
63 29 864.23046875 1
63 29 864.890136719 1
63 29 866.05847168 1
63 29 868.974243164 1
63 29 869.372680664 1
63 29 871.302307129 1
63 29 872.333068848 1
63 29 873.143432617 1
63 29 873.277648926 1
63 29 877.18939209 1
63 29 878.385375977 1
63 29 880.087341309 1
63 29 880.093566895 1
63 29 881.301025391 1
63 29 882.566772461 1
63 29 882.890808105 1
63 29 884.126831055 1
63 29 885.53125 1
63 29 885.951599121 1
63 29 886.848388672 1
63 29 887.582275391 1
63 29 888.275268555 1
63 29 888.963195801 1
63 29 889.272949219 1
63 29 889.41003418 1
63 29 889.886657715 1
63 29 892.926818848 1
63 29 893.200683594 1
63 29 893.976928711 1
63 29 895.645141602 1
63 29 895.843017578 1
63 29 897.171936035 1
63 29 901.212524414 1
63 29 905.729431152 1
63 29 905.95892334 1
63 29 906.208374023 1
63 29 906.234558105 1
63 29 906.905456543 1
63 29 909.437866211 1
63 29 909.728393555 1
63 29 914.435424805 1
63 29 914.812683105 1
63 29 916.570617676 1
63 29 917.893432617 1
63 29 920.896972656 1
63 29 921.359985352 1
63 29 921.433227539 1
63 29 922.004272461 1
63 29 923.066711426 1
63 29 923.741882324 1
63 29 924.976318359 1
63 29 925.106689453 1
63 29 926.458312988 1
63 29 928.655944824 1
63 29 929.044799805 1
63 29 929.185668945 1
63 29 929.83190918 1
63 29 934.550048828 1
63 29 935.029663086 1
63 29 935.044494629 1
63 29 940.982055664 1
63 29 941.778564453 1
63 29 942.341674805 1
63 29 943.46105957 1
63 29 943.643554688 1
63 29 944.32409668 1
63 29 945.942749023 1
63 29 947.079040527 1
63 29 948.464904785 1
63 29 948.944580078 1
63 29 949.882324219 1
63 29 950.016357422 1
63 29 952.149414062 1
63 29 957.800537109 1
63 29 961.08770752 1
63 29 963.24609375 1
63 29 963.407348633 1
63 29 964.161560059 1
63 29 966.378723145 1
63 29 968.532775879 1
63 29 969.676269531 1
63 29 970.440551758 1
63 29 971.025817871 1
63 29 971.35748291 1
63 29 977.515563965 1
63 29 977.952758789 1
63 29 979.10333252 1
63 29 981.600708008 1
63 29 982.638427734 1
63 29 982.967712402 1
63 29 982.978027344 1
63 29 983.085876465 1
63 29 984.006225586 1
63 29 987.342224121 1
63 29 988.069641113 1
63 29 989.728088379 1
63 29 990.822814941 1
63 29 992.11920166 1
63 29 992.893676758 1
63 29 993.251098633 1
63 29 994.417907715 1
63 29 995.385131836 1
63 29 995.434997559 1
63 29 995.772949219 1
63 29 997.542236328 1
63 29 998.89642334 1
63 29 1001.86315918 1
63 29 1006.92431641 1
63 29 1008.6048584 1
63 29 1008.62408447 1
63 29 1011.96472168 1
63 29 1012.79614258 1
63 29 1013.17437744 1
63 29 1013.50872803 1
63 29 1013.70825195 1
63 29 1014.15594482 1
63 29 1015.04107666 1
63 29 1017.42907715 1
63 29 1017.67663574 1
63 29 1017.71838379 1
63 29 1024.48486328 1
63 29 1024.70385742 1
63 29 1024.73034668 1
63 29 1024.89526367 1
63 29 1024.92810059 1
63 29 1026.9173584 1
63 29 1028.56335449 1
63 29 1029.68701172 1
63 29 1029.97668457 1
63 29 1030.36181641 1
63 29 1032.16137695 1
63 29 1037.83728027 1
63 29 1038.60852051 1
63 29 1040.06347656 1
63 29 1040.93493652 1
63 29 1051.08410645 1
63 29 1056.1048584 1
63 29 1059.52185059 1
63 29 1060.14123535 1
63 29 1062.56872559 1
63 29 1066.53479004 1
63 29 1070.14526367 1
63 29 1076.36096191 1
63 29 1076.71203613 1
63 29 1077.1237793 1
63 29 1078.11682129 1
63 29 1078.44702148 1
63 29 1079.86206055 1
63 29 1080.30749512 1
63 29 1080.41040039 1
63 29 1083.59179688 1
63 29 1083.82177734 1
63 29 1084.80004883 1
63 29 1086.26867676 1
63 29 1086.96008301 1
63 29 1090.16796875 1
63 29 1092.99902344 1
63 29 1096.10534668 1
63 29 1096.15197754 1
63 29 1096.92358398 1
63 29 1097.08630371 1
63 29 1097.30151367 1
63 29 1099.9822998 1
63 29 1101.14611816 1
63 29 1106.00463867 1
63 29 1109.91088867 1
63 29 1111.48535156 1
63 29 1116.01672363 1
63 29 1119.08642578 1
63 29 1119.36218262 1
63 29 1120.13867188 1
63 29 1121.2545166 1
63 29 1122.42407227 1
63 29 1122.52441406 1
63 29 1125.11230469 1
63 29 1127.6361084 1
63 29 1130.29443359 1
63 29 1134.74707031 1
63 29 1135.85827637 1
63 29 1137.25671387 1
63 29 1138.265625 1
63 29 1146.04919434 1
63 29 1146.2734375 1
63 29 1147.79321289 1
63 29 1150.76428223 1
63 29 1151.16455078 1
63 29 1152.36120605 1
63 29 1153.73010254 1
63 29 1154.2713623 1
63 29 1155.28564453 1
63 29 1156.34912109 1
63 29 1157.37451172 1
63 29 1157.74414062 1
63 29 1158.49768066 1
63 29 1165.06433105 1
63 29 1166.96435547 1
63 29 1170.91870117 1
63 29 1172.484375 1
63 29 1173.31604004 1
63 29 1173.83825684 1
63 29 1175.17932129 1
63 29 1177.82116699 1
63 29 1178.03271484 1
63 29 1179.18676758 1
63 29 1179.42956543 1
63 29 1180.03369141 1
63 29 1180.10522461 1
63 29 1184.26135254 1
63 29 1187.88684082 1
63 29 1188.24047852 1
63 29 1190.27832031 1
63 29 1192.1229248 1
63 29 1196.1328125 1
63 29 1198.94421387 1
63 29 1200.27026367 1
63 29 1207.2388916 1
63 29 1209.67529297 1
63 29 1213.32910156 1
63 29 1213.51757812 1
63 29 1213.62023926 1
63 29 1215.30578613 1
63 29 1217.1550293 1
63 29 1218.65246582 1
63 29 1219.02502441 1
63 29 1219.14807129 1
63 29 1220.51660156 1
63 29 1221.15307617 1
63 29 1222.50756836 1
63 29 1224.48364258 1
63 29 1224.57214355 1
63 29 1225.09631348 1
63 29 1225.26428223 1
63 29 1227.6809082 1
63 29 1234.53198242 1
63 29 1237.76037598 1
63 29 1238.13684082 1
63 29 1245.70288086 1
63 29 1248.46203613 1
63 29 1249.41430664 1
63 29 1249.78686523 1
63 29 1251.28503418 1
63 29 1252.41662598 1
63 29 1264.87719727 1
63 29 1291.66784668 1
63 29 1293.5769043 1
63 29 1294.8079834 1
63 29 1296.59008789 1
63 29 1299.07421875 1
63 29 1313.65490723 1
63 29 1314.49462891 1
63 29 1314.8963623 1
63 29 1316.46594238 1
63 29 1329.13378906 1
63 29 1335.73461914 1
63 29 1336.36303711 1
63 29 1340.70178223 1
63 29 1343.55224609 1
63 29 1344.40588379 1
63 29 1358.55871582 1
63 29 1378.59484863 1
63 29 1378.67175293 1
63 29 1379.90136719 1
63 29 1381.48498535 1
63 29 1382.03161621 1
63 29 1387.52929688 1
63 29 1391.64978027 1
63 29 1392.56164551 1
63 29 1402.39099121 1
63 29 1406.38122559 1
63 29 1420.26647949 1
63 29 1431.4675293 1
63 29 1435.52246094 1
63 29 1451.20068359 1
63 29 1456.2076416 1
63 29 1456.31408691 1
63 29 1471.31616211 1
63 29 1476.08508301 1
63 29 1477.74182129 1
63 29 1479.79772949 1
63 29 1495.9777832 1
63 29 1496.63635254 1
63 29 1504.85217285 1
63 29 1505.1171875 1
63 29 1531.41430664 1
63 29 1542.65563965 1
63 29 1551.84570312 1
63 29 1556.45837402 1
63 29 1557.16650391 1
63 29 1562.93249512 1
63 29 1585.19055176 1
63 29 1587.4765625 1
63 29 1613.44641113 1
63 29 1613.99157715 1
63 29 1617.56018066 1
63 29 1618.12121582 1
63 29 1637.60717773 1
63 29 1647.62463379 1
63 29 1670.03100586 1
63 29 1680.65234375 1
63 29 1683.58911133 1
63 29 1694.0032959 1
63 29 1713.90966797 1
63 29 1729.32421875 1
63 29 1747.75170898 1
63 29 1766.38769531 1
63 29 1768.48730469 1
63 29 1782.94641113 1
63 29 1790.49975586 1
63 29 1801.90319824 1
63 29 1809.32824707 1
63 29 1819.5604248 1
63 29 1840.84216309 1
63 29 1847.67236328 1
63 29 1851.59155273 1
63 29 1853.10571289 1
63 29 1861.02380371 1
63 29 1863.69042969 1
63 29 1872.98327637 1
63 29 1877.03173828 1
63 29 1890.08422852 1
63 29 1897.45690918 1
63 29 1937.23815918 1
63 29 1968.41064453 1
63 29 1971.14001465 1
63 29 1991.21691895 1
63 29 2149.76416016 1
63 29 2156.59277344 1
63 29 2201.86791992 1
63 29 2249.66601562 1
63 29 2295.75146484 1
63 29 2632.55761719 1
63 29 2693.57055664 1
63 29 2845.49414062 1
63 29 2971.48608398 1
63 30 615.223571777 1
63 30 618.644348145 1
63 30 626.581298828 1
63 30 628.154174805 1
63 30 629.271240234 1
63 30 629.68762207 1
63 30 631.191772461 1
63 30 648.121337891 1
63 30 649.52923584 1
63 30 654.547119141 1
63 30 658.265441895 1
63 30 669.694763184 1
63 30 671.552612305 1
63 30 673.489318848 1
63 30 675.849609375 1
63 30 677.033203125 1
63 30 684.783996582 1
63 30 685.492431641 1
63 30 686.806396484 1
63 30 689.053710938 1
63 30 693.295837402 1
63 30 694.261901855 1
63 30 698.211669922 1
63 30 702.008850098 1
63 30 703.873962402 1
63 30 704.941223145 1
63 30 705.039245605 1
63 30 706.612243652 1
63 30 708.337463379 1
63 30 709.650878906 1
63 30 717.411254883 1
63 30 718.325683594 1
63 30 719.451782227 1
63 30 721.655273438 1
63 30 722.024414062 1
63 30 722.318115234 1
63 30 726.323669434 1
63 30 726.582092285 1
63 30 727.636901855 1
63 30 727.889892578 1
63 30 729.104187012 1
63 30 731.058288574 1
63 30 731.64074707 1
63 30 733.631225586 1
63 30 735.986694336 1
63 30 738.94519043 1
63 30 739.398010254 1
63 30 740.418945312 1
63 30 740.546630859 1
63 30 740.643859863 1
63 30 742.074523926 1
63 30 742.451660156 1
63 30 742.923583984 1
63 30 747.331054688 1
63 30 749.809692383 1
63 30 749.862182617 1
63 30 750.892883301 1
63 30 751.549072266 1
63 30 756.140930176 1
63 30 758.454040527 1
63 30 758.893737793 1
63 30 759.420166016 1
63 30 760.967956543 1
63 30 761.571777344 1
63 30 762.027038574 1
63 30 762.382873535 1
63 30 767.433776855 1
63 30 768.205200195 1
63 30 769.318115234 1
63 30 769.815124512 1
63 30 773.981140137 1
63 30 774.30279541 1
63 30 774.325012207 1
63 30 774.741882324 1
63 30 774.744445801 1
63 30 775.349304199 1
63 30 776.36505127 1
63 30 778.070251465 1
63 30 781.072631836 1
63 30 781.487915039 1
63 30 782.062744141 1
63 30 782.442749023 1
63 30 782.589904785 1
63 30 783.689453125 1
63 30 783.788513184 1
63 30 784.283752441 1
63 30 784.41204834 1
63 30 784.737426758 1
63 30 785.397705078 1
63 30 787.239257812 1
63 30 787.336975098 1
63 30 788.429016113 1
63 30 788.966674805 1
63 30 792.687133789 1
63 30 795.278259277 1
63 30 797.047363281 1
63 30 799.481994629 1
63 30 801.482788086 1
63 30 802.064025879 1
63 30 802.201538086 1
63 30 807.614929199 1
63 30 812.83001709 1
63 30 813.741821289 1
63 30 815.16418457 1
63 30 816.490539551 1
63 30 819.375976562 1
63 30 819.481201172 1
63 30 819.977294922 1
63 30 821.827575684 1
63 30 824.286376953 1
63 30 825.526733398 1
63 30 826.456970215 1
63 30 826.53302002 1
63 30 831.40045166 1
63 30 833.665588379 1
63 30 837.361938477 1
63 30 841.129150391 1
63 30 843.880371094 1
63 30 848.071289062 1
63 30 849.676513672 1
63 30 850.077636719 1
63 30 850.106689453 1
63 30 852.776855469 1
63 30 854.123291016 1
63 30 855.474060059 1
63 30 856.421020508 1
63 30 858.654724121 1
63 30 858.899780273 1
63 30 859.778625488 1
63 30 859.823059082 1
63 30 860.95703125 1
63 30 862.878234863 1
63 30 866.402587891 1
63 30 871.807189941 1
63 30 872.016967773 1
63 30 873.712585449 1
63 30 873.936157227 1
63 30 874.413513184 1
63 30 875.67388916 1
63 30 875.718444824 1
63 30 876.624938965 1
63 30 879.846801758 1
63 30 880.394958496 1
63 30 880.646362305 1
63 30 881.882507324 1
63 30 883.929260254 1
63 30 884.086914062 1
63 30 885.741271973 1
63 30 886.442443848 1
63 30 888.212890625 1
63 30 889.107299805 1
63 30 890.90826416 1
63 30 892.440002441 1
63 30 895.077514648 1
63 30 896.791870117 1
63 30 898.484130859 1
63 30 901.404846191 1
63 30 902.942565918 1
63 30 903.42401123 1
63 30 905.5390625 1
63 30 906.757568359 1
63 30 909.953308105 1
63 30 914.05267334 1
63 30 915.448120117 1
63 30 916.471435547 1
63 30 916.502258301 1
63 30 917.949279785 1
63 30 919.84942627 1
63 30 919.958251953 1
63 30 920.165710449 1
63 30 922.161987305 1
63 30 922.541992188 1
63 30 922.967224121 1
63 30 924.720214844 1
63 30 924.843688965 1
63 30 926.300842285 1
63 30 927.717712402 1
63 30 929.670959473 1
63 30 930.275695801 1
63 30 932.52935791 1
63 30 933.619812012 1
63 30 935.005432129 1
63 30 937.03326416 1
63 30 941.255554199 1
63 30 941.663879395 1
63 30 942.670043945 1
63 30 942.853393555 1
63 30 945.978637695 1
63 30 948.29901123 1
63 30 948.401184082 1
63 30 950.973022461 1
63 30 952.540100098 1
63 30 954.466247559 1
63 30 955.035705566 1
63 30 955.513305664 1
63 30 960.455444336 1
63 30 964.638793945 1
63 30 966.417907715 1
63 30 968.601074219 1
63 30 970.037536621 1
63 30 973.39666748 1
63 30 975.426635742 1
63 30 975.536010742 1
63 30 976.411682129 1
63 30 978.60144043 1
63 30 981.780029297 1
63 30 985.378601074 1
63 30 989.049072266 1
63 30 989.333435059 1
63 30 990.114440918 1
63 30 990.37109375 1
63 30 991.940002441 1
63 30 992.351379395 1
63 30 992.598632812 1
63 30 992.834655762 1
63 30 997.505004883 1
63 30 1004.13842773 1
63 30 1005.42895508 1
63 30 1005.77661133 1
63 30 1006.4329834 1
63 30 1011.23846436 1
63 30 1012.19616699 1
63 30 1014.8873291 1
63 30 1016.80828857 1
63 30 1023.09210205 1
63 30 1025.20385742 1
63 30 1027.19506836 1
63 30 1033.56396484 1
63 30 1033.65197754 1
63 30 1035.03210449 1
63 30 1038.82470703 1
63 30 1042.08203125 1
63 30 1042.22375488 1
63 30 1042.60351562 1
63 30 1043.57666016 1
63 30 1044.39355469 1
63 30 1045.41430664 1
63 30 1045.4855957 1
63 30 1051.04858398 1
63 30 1053.11889648 1
63 30 1054.50524902 1
63 30 1057.43444824 1
63 30 1058.6854248 1
63 30 1062.49597168 1
63 30 1067.02587891 1
63 30 1074.3873291 1
63 30 1074.64685059 1
63 30 1084.37341309 1
63 30 1085.04748535 1
63 30 1089.65393066 1
63 30 1092.66430664 1
63 30 1093.4901123 1
63 30 1094.76086426 1
63 30 1095.97070312 1
63 30 1098.83117676 1
63 30 1102.48193359 1
63 30 1104.44702148 1
63 30 1106.68212891 1
63 30 1108.21972656 1
63 30 1110.28845215 1
63 30 1112.39990234 1
63 30 1113.01257324 1
63 30 1114.84594727 1
63 30 1130.86157227 1
63 30 1134.55187988 1
63 30 1136.16223145 1
63 30 1137.2545166 1
63 30 1139.10583496 1
63 30 1139.23132324 1
63 30 1141.02111816 1
63 30 1155.5255127 1
63 30 1156.94311523 1
63 30 1159.54602051 1
63 30 1161.9552002 1
63 30 1166.81872559 1
63 30 1167.77050781 1
63 30 1169.53259277 1
63 30 1171.92175293 1
63 30 1172.29382324 1
63 30 1179.95117188 1
63 30 1183.65283203 1
63 30 1187.31018066 1
63 30 1188.12268066 1
63 30 1190.24450684 1
63 30 1192.29370117 1
63 30 1192.58813477 1
63 30 1204.30236816 1
63 30 1205.7935791 1
63 30 1209.66760254 1
63 30 1215.8215332 1
63 30 1217.5559082 1
63 30 1219.42370605 1
63 30 1225.94213867 1
63 30 1233.89501953 1
63 30 1235.74267578 1
63 30 1238.84533691 1
63 30 1240.83532715 1
63 30 1247.29272461 1
63 30 1249.81494141 1
63 30 1249.97412109 1
63 30 1259.99450684 1
63 30 1260.09875488 1
63 30 1263.70031738 1
63 30 1264.99694824 1
63 30 1268.64709473 1
63 30 1272.60021973 1
63 30 1275.40112305 1
63 30 1289.83361816 1
63 30 1293.00134277 1
63 30 1298.05859375 1
63 30 1303.34204102 1
63 30 1319.35241699 1
63 30 1319.59057617 1
63 30 1328.56530762 1
63 30 1329.66125488 1
63 30 1332.58337402 1
63 30 1345.52502441 1
63 30 1346.72375488 1
63 30 1356.95166016 1
63 30 1360.42272949 1
63 30 1361.03881836 1
63 30 1361.17687988 1
63 30 1367.3371582 1
63 30 1370.88549805 1
63 30 1374.25927734 1
63 30 1389.03393555 1
63 30 1392.79125977 1
63 30 1401.61401367 1
63 30 1407.5612793 1
63 30 1410.93798828 1
63 30 1414.60546875 1
63 30 1416.30725098 1
63 30 1418.31860352 1
63 30 1419.33764648 1
63 30 1419.35534668 1
63 30 1422.33325195 1
63 30 1425.21191406 1
63 30 1426.06481934 1
63 30 1430.87451172 1
63 30 1432.89855957 1
63 30 1433.07897949 1
63 30 1434.18481445 1
63 30 1450.98388672 1
63 30 1458.71789551 1
63 30 1459.11523438 1
63 30 1464.0859375 1
63 30 1487.8182373 1
63 30 1491.6517334 1
63 30 1511.79040527 1
63 30 1520.26208496 1
63 30 1527.21252441 1
63 30 1532.28381348 1
63 30 1542.88024902 1
63 30 1546.60717773 1
63 30 1578.18774414 1
63 30 1581.84838867 1
63 30 1596.98937988 1
63 30 1608.81066895 1
63 30 1619.04772949 1
63 30 1661.74169922 1
63 30 1668.48803711 1
63 30 1695.3737793 1
63 30 1702.36547852 1
63 30 1715.87365723 1
63 30 1729.42614746 1
63 30 1732.859375 1
63 30 1747.86743164 1
63 30 1765.84802246 1
63 30 1769.97387695 1
63 30 1775.56787109 1
63 30 1785.00671387 1
63 30 1789.60266113 1
63 30 1793.58666992 1
63 30 1831.91967773 1
63 30 1854.23583984 1
63 30 1859.42175293 1
63 30 1863.40759277 1
63 30 1904.33215332 1
63 30 1910.6932373 1
63 30 1945.30322266 1
63 30 1989.59338379 1
63 30 2105.66967773 1
63 30 2194.93481445 1
63 30 2197.91040039 1
63 30 2225.14648438 1
63 30 2281.80615234 1
63 30 2407.41235352 1
63 30 2501.37255859 1
63 31 645.020812988 1
63 31 655.292602539 1
63 31 656.328796387 1
63 31 661.149841309 1
63 31 677.905944824 1
63 31 687.461914062 1
63 31 691.470947266 1
63 31 700.751464844 1
63 31 700.831237793 1
63 31 701.762634277 1
63 31 716.101318359 1
63 31 725.63848877 1
63 31 738.795288086 1
63 31 739.617004395 1
63 31 740.000976562 1
63 31 745.140686035 1
63 31 745.23626709 1
63 31 745.339538574 1
63 31 746.53515625 1
63 31 750.882568359 1
63 31 760.22088623 1
63 31 762.205932617 1
63 31 762.638061523 1
63 31 767.373657227 1
63 31 768.085327148 1
63 31 776.588195801 1
63 31 784.356262207 1
63 31 790.525512695 1
63 31 794.929443359 1
63 31 799.467041016 1
63 31 801.39440918 1
63 31 801.951171875 1
63 31 804.024230957 1
63 31 804.222167969 1
63 31 812.291381836 1
63 31 819.821777344 1
63 31 821.973327637 1
63 31 824.410644531 1
63 31 825.833557129 1
63 31 830.421081543 1
63 31 841.009643555 1
63 31 842.100341797 1
63 31 844.585998535 1
63 31 845.399230957 1
63 31 845.809326172 1
63 31 846.319702148 1
63 31 848.46484375 1
63 31 848.55657959 1
63 31 851.883972168 1
63 31 854.27331543 1
63 31 855.938903809 1
63 31 861.159667969 1
63 31 863.721374512 1
63 31 867.908691406 1
63 31 868.917785645 1
63 31 872.431640625 1
63 31 875.259643555 1
63 31 876.045227051 1
63 31 880.258911133 1
63 31 880.722839355 1
63 31 884.953186035 1
63 31 885.160461426 1
63 31 887.553466797 1
63 31 890.743591309 1
63 31 899.37713623 1
63 31 900.982910156 1
63 31 905.426696777 1
63 31 908.460144043 1
63 31 909.463256836 1
63 31 912.420654297 1
63 31 914.484008789 1
63 31 915.821716309 1
63 31 915.925598145 1
63 31 916.051452637 1
63 31 920.273254395 1
63 31 929.756774902 1
63 31 935.678100586 1
63 31 944.510681152 1
63 31 947.739868164 1
63 31 953.239929199 1
63 31 953.893798828 1
63 31 958.485290527 1
63 31 958.684509277 1
63 31 959.200866699 1
63 31 960.64855957 1
63 31 962.286010742 1
63 31 963.53314209 1
63 31 964.140319824 1
63 31 976.450927734 1
63 31 981.72088623 1
63 31 985.656555176 1
63 31 990.723754883 1
63 31 998.45300293 1
63 31 1000.29626465 1
63 31 1002.91760254 1
63 31 1003.73468018 1
63 31 1007.34332275 1
63 31 1009.07879639 1
63 31 1011.91247559 1
63 31 1018.22076416 1
63 31 1019.41986084 1
63 31 1024.9206543 1
63 31 1036.44348145 1
63 31 1037.77001953 1
63 31 1040.88122559 1
63 31 1044.11767578 1
63 31 1044.67163086 1
63 31 1046.63391113 1
63 31 1046.85119629 1
63 31 1047.20605469 1
63 31 1052.23132324 1
63 31 1058.14709473 1
63 31 1061.88659668 1
63 31 1074.4119873 1
63 31 1078.95837402 1
63 31 1079.91394043 1
63 31 1087.33886719 1
63 31 1088.90466309 1
63 31 1092.79394531 1
63 31 1104.16455078 1
63 31 1127.82409668 1
63 31 1128.21313477 1
63 31 1137.92053223 1
63 31 1139.53942871 1
63 31 1139.67993164 1
63 31 1147.21057129 1
63 31 1147.3470459 1
63 31 1161.20336914 1
63 31 1161.22351074 1
63 31 1163.94543457 1
63 31 1164.10559082 1
63 31 1175.29101562 1
63 31 1179.02355957 1
63 31 1187.26867676 1
63 31 1191.60205078 1
63 31 1202.53442383 1
63 31 1206.0625 1
63 31 1214.51245117 1
63 31 1238.8581543 1
63 31 1247.47790527 1
63 31 1251.51391602 1
63 31 1273.50305176 1
63 31 1285.80761719 1
63 31 1295.98693848 1
63 31 1298.70092773 1
63 31 1305.45825195 1
63 31 1313.70251465 1
63 31 1316.93334961 1
63 31 1320.37231445 1
63 31 1322.44775391 1
63 31 1330.43823242 1
63 31 1340.58093262 1
63 31 1351.76708984 1
63 31 1354.47619629 1
63 31 1364.24487305 1
63 31 1375.28540039 1
63 31 1388.92785645 1
63 31 1396.90112305 1
63 31 1407.58361816 1
63 31 1438.52270508 1
63 31 1462.78723145 1
63 31 1478.74377441 1
63 31 1517.8338623 1
63 31 1553.0559082 1
63 31 1598.2376709 1
63 31 1603.90979004 1
63 31 1619.51257324 1
63 31 1620.46325684 1
63 31 1626.13989258 1
63 31 1649.28796387 1
63 31 1653.40722656 1
63 31 1658.94909668 1
63 31 1683.8494873 1
63 31 1718.1114502 1
63 31 1728.07897949 1
63 31 1742.74206543 1
63 31 1786.65039062 1
63 31 1891.15124512 1
63 31 1975.62121582 1
63 31 1997.859375 1
63 31 2074.73217773 1
63 31 2080.2421875 1
63 31 2147.9519043 1
63 31 2194.68823242 1
63 31 2286.04296875 1
63 31 2355.11743164 1
63 31 2947.0300293 1
63 32 717.668518066 1
63 32 721.482727051 1
63 32 768.674560547 1
63 32 771.919555664 1
63 32 774.373840332 1
63 32 783.388977051 1
63 32 790.466491699 1
63 32 793.421386719 1
63 32 801.065490723 1
63 32 813.341369629 1
63 32 831.311218262 1
63 32 845.41204834 1
63 32 850.085205078 1
63 32 856.812866211 1
63 32 857.291687012 1
63 32 880.201904297 1
63 32 914.536132812 1
63 32 916.954467773 1
63 32 918.705383301 1
63 32 920.265075684 1
63 32 928.293029785 1
63 32 929.994750977 1
63 32 940.270568848 1
63 32 944.196533203 1
63 32 946.010070801 1
63 32 953.849487305 1
63 32 966.697387695 1
63 32 971.721679688 1
63 32 982.595581055 1
63 32 1030.24816895 1
63 32 1043.70068359 1
63 32 1061.19934082 1
63 32 1075.22216797 1
63 32 1085.58410645 1
63 32 1092.09338379 1
63 32 1095.7265625 1
63 32 1099.94567871 1
63 32 1100.14367676 1
63 32 1103.2043457 1
63 32 1121.10668945 1
63 32 1127.69665527 1
63 32 1138.61499023 1
63 32 1158.73730469 1
63 32 1177.61328125 1
63 32 1181.69677734 1
63 32 1188.74133301 1
63 32 1212.31408691 1
63 32 1213.39245605 1
63 32 1221.22570801 1
63 32 1230.69006348 1
63 32 1244.23266602 1
63 32 1249.1060791 1
63 32 1258.69726562 1
63 32 1265.7265625 1
63 32 1268.03137207 1
63 32 1272.62438965 1
63 32 1280.90649414 1
63 32 1285.30456543 1
63 32 1293.89990234 1
63 32 1318.48388672 1
63 32 1319.34069824 1
63 32 1336.5534668 1
63 32 1361.76745605 1
63 32 1368.40368652 1
63 32 1410.78540039 1
63 32 1417.27294922 1
63 32 1447.24731445 1
63 32 1463.12792969 1
63 32 1487.49023438 1
63 32 1488.17626953 1
63 32 1490.04162598 1
63 32 1493.41357422 1
63 32 1494.8848877 1
63 32 1830.25439453 1
63 32 1870.49975586 1
63 32 1874.44018555 1
63 32 1991.77307129 1
63 32 2078.5012207 1
63 32 2630.40527344 1
63 33 908.755249023 1
63 33 955.077514648 1
63 33 975.011657715 1
63 33 979.52166748 1
63 33 1010.85998535 1
63 33 1040.26550293 1
63 33 1110.77978516 1
63 33 1144.27270508 1
63 33 1190.23205566 1
63 33 1198.68676758 1
63 33 1203.25732422 1
63 33 1258.56945801 1
63 33 1323.79760742 1
63 33 1363.30407715 1
63 33 1373.20776367 1
63 33 1419.76525879 1
63 33 1446.66833496 1
63 33 1473.125 1
63 33 1898.56774902 1
63 33 2052.71337891 1
63 33 2430.00024414 1
63 33 2644.34521484 1
63 34 1299.2010498 1
63 34 1507.484375 1
63 34 1743.75097656 1
