000 1514.0 0.0 1000000.0
010 1172.0 0.0 1000000.0
020 1489.0 0.0 1000000.0
030 1934.0 0.0 1000000.0
040 2394.0 0.0 1000000.0
050 2584.0 0.0 1000000.0
060 2468.0 0.0 1000000.0
070 2337.0 0.0 1000000.0
090 1712.0 0.0 1000000.0
120 805.0 0.0 1000000.0
140 458.0 0.0 1000000.0
150 339.0 0.0 1000000.0
160 205.0 0.0 1000000.0
170 131.0 0.0 1000000.0
190 133.0 0.0 1000000.0
200 203.0 0.0 1000000.0
210 293.0 0.0 1000000.0
220 436.0 0.0 1000000.0
240 864.0 0.0 1000000.0
260 1404.0 0.0 1000000.0
270 1674.0 0.0 1000000.0
290 2278.0 0.0 1000000.0
300 2438.0 0.0 1000000.0
310 2495.0 0.0 1000000.0
320 2379.0 0.0 1000000.0
330 1892.0 0.0 1000000.0
340 1432.0 0.0 1000000.0
350 1066.0 0.0 1000000.0
