string dom time hits
45 24 1885.48876953 1
45 31 2631.4128418 1
46 25 2715.16162109 1
46 27 1832.31066895 1
46 31 2109.69799805 1
53 29 1476.7401123 1
53 29 1580.32324219 1
54 19 1418.52355957 1
54 19 1737.20678711 1
54 21 1909.19873047 1
54 22 1814.4329834 1
54 22 3397.89404297 1
54 23 2154.71801758 1
54 24 2020.99755859 1
54 25 965.711608887 1
54 25 1338.1015625 1
54 26 835.205383301 1
54 26 918.352233887 1
54 26 920.589477539 1
54 26 932.445739746 1
54 26 982.734924316 1
54 26 998.283508301 1
54 27 744.968017578 1
54 27 771.188842773 1
54 27 805.952941895 1
54 27 813.014038086 1
54 27 849.895446777 1
54 27 866.636230469 1
54 27 873.438720703 1
54 27 1003.26342773 1
54 27 1023.59753418 1
54 27 1207.50268555 1
54 27 1223.83190918 1
54 27 1298.2310791 1
54 27 1332.17907715 1
54 27 1574.99841309 1
54 28 702.26739502 1
54 28 801.765014648 1
54 28 840.397460938 1
54 28 846.337890625 1
54 28 861.435546875 1
54 28 873.779968262 1
54 28 876.555969238 1
54 28 877.601928711 1
54 28 964.608825684 1
54 28 1044.53149414 1
54 28 1052.3984375 1
54 28 1194.43066406 1
54 28 1317.2434082 1
54 28 1353.73474121 1
54 29 664.969787598 1
54 29 725.254821777 1
54 29 741.611022949 1
54 29 744.717163086 1
54 29 775.258789062 1
54 29 802.473449707 1
54 29 803.073120117 1
54 29 867.530822754 1
54 29 1014.18212891 1
54 29 1102.07885742 1
54 29 1131.44018555 1
54 29 1201.11291504 1
54 29 1386.82348633 1
54 29 1415.26318359 1
54 29 1693.20715332 1
54 29 1867.52600098 1
54 29 2393.04882812 1
54 30 683.076477051 1
54 30 702.424743652 1
54 30 761.005187988 1
54 30 788.319946289 1
54 30 792.763549805 1
54 30 865.028320312 1
54 30 907.162353516 1
54 30 925.615783691 1
54 30 950.088256836 1
54 30 984.134277344 1
54 30 1084.54772949 1
54 30 1153.3026123 1
54 30 1258.61242676 1
54 30 1338.54467773 1
54 30 1429.1348877 1
54 30 1699.87133789 1
54 30 1828.51843262 1
54 31 821.152587891 1
54 31 1103.2322998 1
54 31 1293.83496094 1
54 31 1577.40222168 1
54 31 1890.9083252 1
54 32 1181.99304199 1
54 32 1186.8671875 1
54 33 1477.29504395 1
54 33 1743.36706543 1
55 21 1270.47802734 1
55 21 1334.66540527 1
55 22 2485.65185547 1
55 23 1597.39782715 1
55 24 1572.13903809 1
55 24 1958.23095703 1
55 26 817.216369629 1
55 26 939.263000488 1
55 26 1090.82788086 1
55 26 1233.64331055 1
55 26 1247.50158691 1
55 26 1556.35778809 1
55 26 2287.05493164 1
55 27 844.684692383 1
55 27 883.007629395 1
55 27 1081.01647949 1
55 27 1396.88330078 1
55 27 1401.39819336 1
55 27 1489.80419922 1
55 27 1705.84289551 1
55 27 1989.34802246 1
55 28 691.105041504 1
55 28 710.827636719 1
55 28 713.144836426 1
55 28 736.436767578 1
55 28 740.574951172 1
55 28 760.706848145 1
55 28 791.581176758 1
55 28 836.869873047 1
55 28 837.788085938 1
55 28 872.104064941 1
55 28 944.622741699 1
55 28 954.331237793 1
55 28 962.318359375 1
55 28 971.484985352 1
55 28 1001.75909424 1
55 28 1053.79052734 1
55 28 1066.63891602 1
55 28 1082.77502441 1
55 28 1139.07202148 1
55 28 1327.02734375 1
55 28 1402.29882812 1
55 28 1916.76464844 1
55 29 659.905334473 1
55 29 742.022399902 1
55 29 745.428100586 1
55 29 792.198364258 1
55 29 812.990539551 1
55 29 819.815979004 1
55 29 828.199035645 1
55 29 832.300292969 1
55 29 844.195556641 1
55 29 845.697937012 1
55 29 925.04284668 1
55 29 975.929016113 1
55 29 1073.11047363 1
55 29 1111.13623047 1
55 29 1211.01574707 1
55 29 1456.35168457 1
55 29 1580.17883301 1
55 29 1644.98937988 1
55 29 1705.28466797 1
55 29 1830.75134277 1
55 30 668.647705078 1
55 30 775.315429688 1
55 30 794.274230957 1
55 30 796.400146484 1
55 30 868.985961914 1
55 30 1022.68811035 1
55 30 1030.57568359 1
55 30 1033.98754883 1
55 30 1076.92028809 1
55 30 1186.44128418 1
55 30 1297.40112305 1
55 30 1365.94909668 1
55 30 1432.3918457 1
55 30 1990.15124512 1
55 30 2098.54760742 1
55 31 692.286987305 1
55 31 898.18359375 1
55 31 1081.29003906 1
55 31 1088.69885254 1
55 32 1175.32104492 1
55 32 2685.96606445 1
56 28 1823.78161621 1
56 28 2199.60693359 1
61 31 1820.49707031 1
62 19 1993.28344727 1
62 22 1863.4375 1
62 23 1671.91760254 1
62 24 986.919372559 1
62 24 1290.57019043 1
62 24 1435.11218262 1
62 24 1597.67504883 1
62 25 988.541687012 1
62 25 1047.96337891 1
62 25 1385.2590332 1
62 26 1237.19433594 1
62 26 1258.88964844 1
62 26 1847.29650879 1
62 27 705.704833984 1
62 27 739.217712402 1
62 27 834.278808594 1
62 27 863.461730957 1
62 27 1033.30639648 1
62 27 1049.61206055 1
62 27 1054.46679688 1
62 27 1081.27099609 1
62 27 1086.3326416 1
62 27 1134.00036621 1
62 27 1176.10925293 1
62 27 1266.13952637 1
62 27 1419.17114258 1
62 27 1857.13928223 1
62 28 713.164672852 1
62 28 745.235595703 1
62 28 747.571838379 1
62 28 754.844970703 1
62 28 773.194152832 1
62 28 776.857299805 1
62 28 778.175598145 1
62 28 800.380371094 1
62 28 923.922668457 1
62 28 964.482727051 1
62 28 1109.91601562 1
62 28 1136.2253418 1
62 28 1241.28112793 1
62 28 1279.84875488 1
62 28 1312.3001709 1
62 28 1441.77514648 1
62 28 1445.50549316 1
62 28 1468.71362305 1
62 28 1493.32958984 1
62 28 1548.75244141 1
62 28 1995.87878418 1
62 29 691.600036621 1
62 29 695.88079834 1
62 29 729.975646973 1
62 29 756.204162598 1
62 29 778.408508301 1
62 29 882.187744141 1
62 29 971.114135742 1
62 29 989.114074707 1
62 29 1007.26257324 1
62 29 1125.94628906 1
62 29 1146.43383789 1
62 29 1301.44592285 1
62 29 1772.25891113 1
62 29 1831.93554688 1
62 30 681.175292969 1
62 30 739.159484863 1
62 30 787.871826172 1
62 30 838.754394531 1
62 30 875.097717285 1
62 30 883.763061523 1
62 30 979.910400391 1
62 30 989.009887695 1
62 30 1034.16223145 1
62 30 1303.91418457 1
62 30 1330.20874023 1
62 30 1491.87561035 1
62 31 718.394348145 1
62 31 759.376525879 1
62 31 827.370727539 1
62 31 843.130004883 1
62 31 908.717956543 1
62 31 1123.15100098 1
62 31 1152.52783203 1
62 31 1508.69482422 1
62 32 1372.93664551 1
62 32 1523.08435059 1
62 32 2785.36499023 1
63 19 1630.59130859 1
63 20 989.602172852 1
63 20 1146.7109375 1
63 20 1363.62402344 1
63 20 1946.41809082 1
63 21 1048.37158203 1
63 21 1208.46020508 1
63 21 1496.87023926 1
63 21 1727.37243652 1
63 22 1066.78381348 1
63 22 1131.11950684 1
63 22 1148.51696777 1
63 22 1208.01391602 1
63 22 1644.34033203 1
63 22 1644.64538574 1
63 23 720.502990723 1
63 23 734.219604492 1
63 23 742.42590332 1
63 23 802.24822998 1
63 23 1058.50292969 1
63 23 1151.6973877 1
63 23 1305.4552002 1
63 23 1382.68811035 1
63 23 2225.92138672 1
63 24 558.887145996 1
63 24 620.580749512 1
63 24 624.090515137 1
63 24 657.347961426 1
63 24 658.038085938 1
63 24 707.152954102 1
63 24 709.281066895 1
63 24 728.22277832 1
63 24 875.643920898 1
63 24 899.996398926 1
63 24 922.990905762 1
63 24 1058.09375 1
63 24 1167.01147461 1
63 24 1181.06750488 1
63 24 1212.09423828 1
63 24 1676.69970703 1
63 24 1737.86193848 1
63 25 458.615753174 1
63 25 462.746582031 1
63 25 467.29208374 1
63 25 483.90447998 1
63 25 490.721099854 1
63 25 492.003967285 1
63 25 492.44821167 1
63 25 493.248931885 1
63 25 506.075622559 1
63 25 517.81036377 1
63 25 543.399597168 1
63 25 544.608764648 1
63 25 544.755981445 1
63 25 548.659057617 1
63 25 568.687561035 1
63 25 585.82409668 1
63 25 594.834411621 1
63 25 601.138183594 1
63 25 609.007995605 1
63 25 617.469604492 1
63 25 620.34387207 1
63 25 628.334838867 1
63 25 632.835632324 1
63 25 647.802429199 1
63 25 648.437255859 1
63 25 670.845825195 1
63 25 675.97869873 1
63 25 687.394958496 1
63 25 687.66394043 1
63 25 708.419128418 1
63 25 742.65802002 1
63 25 753.446289062 1
63 25 782.722045898 1
63 25 822.245910645 1
63 25 851.645080566 1
63 25 866.446594238 1
63 25 875.001098633 1
63 25 935.296447754 1
63 25 935.42791748 1
63 25 965.116882324 1
63 25 1024.65490723 1
63 25 1064.18554688 1
63 25 1115.00610352 1
63 25 1146.18933105 1
63 25 1181.03356934 1
63 25 1262.55029297 1
63 25 1349.75134277 1
63 25 1472.95092773 1
63 25 1875.65283203 1
63 26 362.365356445 1
63 26 363.688079834 1
63 26 365.352386475 1
63 26 372.963226318 1
63 26 376.192871094 1
63 26 377.588287354 1
63 26 388.229522705 1
63 26 401.52633667 1
63 26 401.856048584 1
63 26 402.904724121 1
63 26 403.605163574 1
63 26 404.251953125 1
63 26 408.526489258 1
63 26 411.426208496 1
63 26 414.458496094 1
63 26 417.121429443 1
63 26 418.066558838 1
63 26 418.972930908 1
63 26 421.0078125 1
63 26 422.88079834 1
63 26 423.93737793 1
63 26 424.853881836 1
63 26 426.447662354 1
63 26 432.690490723 1
63 26 432.861633301 1
63 26 432.944854736 1
63 26 434.169433594 1
63 26 439.168518066 1
63 26 443.370910645 1
63 26 444.235748291 1
63 26 444.821533203 1
63 26 448.336486816 1
63 26 451.259063721 1
63 26 452.168762207 1
63 26 453.315032959 1
63 26 453.625915527 1
63 26 454.915863037 1
63 26 465.604400635 1
63 26 466.261535645 1
63 26 467.504455566 1
63 26 469.317108154 1
63 26 469.347442627 1
63 26 472.718475342 1
63 26 478.445800781 1
63 26 483.850158691 1
63 26 487.128204346 1
63 26 489.051086426 1
63 26 489.849975586 1
63 26 495.961639404 1
63 26 498.745941162 1
63 26 501.309753418 1
63 26 506.333374023 1
63 26 507.979827881 1
63 26 508.312530518 1
63 26 516.986877441 1
63 26 522.362243652 1
63 26 524.392211914 1
63 26 524.871765137 1
63 26 531.195007324 1
63 26 531.900634766 1
63 26 534.33380127 1
63 26 535.31628418 1
63 26 535.659729004 1
63 26 535.660949707 1
63 26 543.047058105 1
63 26 553.929321289 1
63 26 558.383605957 1
63 26 566.716552734 1
63 26 578.703735352 1
63 26 581.508605957 1
63 26 582.114501953 1
63 26 582.812927246 1
63 26 583.2421875 1
63 26 584.75579834 1
63 26 594.04473877 1
63 26 614.869995117 1
63 26 615.12890625 1
63 26 619.476257324 1
63 26 621.883911133 1
63 26 630.643310547 1
63 26 646.539001465 1
63 26 647.767822266 1
63 26 655.298156738 1
63 26 661.728515625 1
63 26 667.431518555 1
63 26 670.647033691 1
63 26 681.190185547 1
63 26 682.818603516 1
63 26 693.726928711 1
63 26 696.921447754 1
63 26 702.532287598 1
63 26 704.30480957 1
63 26 739.412719727 1
63 26 756.221313477 1
63 26 769.069885254 1
63 26 775.993225098 1
63 26 779.822875977 1
63 26 797.57220459 1
63 26 809.680358887 1
63 26 814.464111328 1
63 26 870.187072754 1
63 26 871.237243652 1
63 26 884.304138184 1
63 26 893.647094727 1
63 26 913.909240723 1
63 26 920.602050781 1
63 26 972.677062988 1
63 26 977.382263184 1
63 26 1006.79034424 1
63 26 1020.5880127 1
63 26 1046.03417969 1
63 26 1055.83215332 1
63 26 1096.80383301 1
63 26 1224.42773438 1
63 26 1258.92810059 1
63 26 1280.74719238 1
63 26 1297.68115234 1
63 26 1414.85070801 1
63 26 1474.48413086 1
63 26 1568.86425781 1
63 27 244.392303467 1
63 27 258.080322266 1
63 27 259.047363281 1
63 27 270.672912598 1
63 27 272.42276001 1
63 27 276.040924072 1
63 27 280.265899658 1
63 27 280.767944336 1
63 27 280.905212402 1
63 27 282.622955322 1
63 27 284.233947754 1
63 27 284.85458374 1
63 27 284.914611816 1
63 27 286.195892334 1
63 27 287.36038208 1
63 27 287.441864014 1
63 27 288.717529297 1
63 27 289.482086182 1
63 27 291.40637207 1
63 27 293.04006958 1
63 27 293.350280762 1
63 27 294.452301025 1
63 27 295.527160645 1
63 27 296.391937256 1
63 27 297.859558105 1
63 27 299.923858643 1
63 27 300.309295654 1
63 27 300.972320557 1
63 27 301.246246338 1
63 27 301.749786377 1
63 27 303.13470459 1
63 27 304.419311523 1
63 27 305.363616943 1
63 27 307.188323975 1
63 27 307.322967529 1
63 27 308.848083496 1
63 27 309.638427734 1
63 27 309.88949585 1
63 27 310.747772217 1
63 27 310.850189209 1
63 27 311.074432373 1
63 27 311.263916016 1
63 27 311.452972412 1
63 27 311.524719238 1
63 27 311.793640137 1
63 27 312.848937988 1
63 27 313.146118164 1
63 27 313.399658203 1
63 27 313.838348389 1
63 27 314.323425293 1
63 27 316.210418701 1
63 27 316.394378662 1
63 27 316.585754395 1
63 27 317.247955322 1
63 27 317.319274902 1
63 27 318.130065918 1
63 27 318.348388672 1
63 27 318.412628174 1
63 27 318.882873535 1
63 27 318.960845947 1
63 27 319.393341064 1
63 27 321.886901855 1
63 27 322.326812744 1
63 27 324.220306396 1
63 27 324.231658936 1
63 27 324.781616211 1
63 27 325.313568115 1
63 27 325.562896729 1
63 27 326.855377197 1
63 27 328.112091064 1
63 27 328.209411621 1
63 27 328.914489746 1
63 27 329.023101807 1
63 27 329.562805176 1
63 27 330.469909668 1
63 27 331.145843506 1
63 27 331.730255127 1
63 27 331.994903564 1
63 27 332.325469971 1
63 27 332.463195801 1
63 27 332.879333496 1
63 27 334.963134766 1
63 27 338.060394287 1
63 27 338.391784668 1
63 27 338.763916016 1
63 27 339.589538574 1
63 27 342.221252441 1
63 27 342.700164795 1
63 27 342.925994873 1
63 27 343.711425781 1
63 27 343.997070312 1
63 27 344.022064209 1
63 27 345.42666626 1
63 27 345.572174072 1
63 27 345.841918945 1
63 27 347.238769531 1
63 27 348.374603271 1
63 27 350.274902344 1
63 27 352.060577393 1
63 27 352.402160645 1
63 27 354.689147949 1
63 27 355.299621582 1
63 27 355.519989014 1
63 27 355.76776123 1
63 27 356.632019043 1
63 27 356.85836792 1
63 27 357.38949585 1
63 27 358.250640869 1
63 27 358.449432373 1
63 27 358.702880859 1
63 27 359.789825439 1
63 27 361.07913208 1
63 27 362.996917725 1
63 27 363.079650879 1
63 27 363.300262451 1
63 27 363.361816406 1
63 27 363.833618164 1
63 27 363.944976807 1
63 27 364.362182617 1
63 27 365.37286377 1
63 27 366.019927979 1
63 27 366.685882568 1
63 27 368.94152832 1
63 27 371.352539062 1
63 27 372.193389893 1
63 27 373.013153076 1
63 27 376.896362305 1
63 27 377.188598633 1
63 27 380.320098877 1
63 27 386.616943359 1
63 27 386.994873047 1
63 27 388.763702393 1
63 27 391.525268555 1
63 27 392.661651611 1
63 27 396.23034668 1
63 27 396.691101074 1
63 27 401.178710938 1
63 27 402.495025635 1
63 27 404.076965332 1
63 27 404.448974609 1
63 27 405.531158447 1
63 27 405.684082031 1
63 27 406.904632568 1
63 27 407.001922607 1
63 27 407.373748779 1
63 27 407.741668701 1
63 27 410.206085205 1
63 27 411.472808838 1
63 27 414.105194092 1
63 27 414.729370117 1
63 27 415.984771729 1
63 27 419.045135498 1
63 27 420.987609863 1
63 27 422.895843506 1
63 27 424.262054443 1
63 27 426.816375732 1
63 27 428.550811768 1
63 27 429.517913818 1
63 27 433.164825439 1
63 27 434.803161621 1
63 27 436.793579102 1
63 27 437.596374512 1
63 27 439.01373291 1
63 27 439.577545166 1
63 27 444.112884521 1
63 27 446.203063965 1
63 27 448.135437012 1
63 27 449.642242432 1
63 27 451.102935791 1
63 27 454.115020752 1
63 27 456.467773438 1
63 27 456.549713135 1
63 27 457.2550354 1
63 27 457.47644043 1
63 27 457.863983154 1
63 27 458.174682617 1
63 27 459.783538818 1
63 27 460.361846924 1
63 27 462.544189453 1
63 27 462.574768066 1
63 27 462.816314697 1
63 27 465.320251465 1
63 27 468.797668457 1
63 27 470.321777344 1
63 27 471.274108887 1
63 27 471.586517334 1
63 27 478.989929199 1
63 27 482.347167969 1
63 27 489.288543701 1
63 27 490.25302124 1
63 27 491.178070068 1
63 27 491.815429688 1
63 27 503.854370117 1
63 27 505.806945801 1
63 27 511.914764404 1
63 27 514.774658203 1
63 27 515.040283203 1
63 27 520.227539062 1
63 27 527.816772461 1
63 27 528.484863281 1
63 27 529.952270508 1
63 27 536.082092285 1
63 27 536.186340332 1
63 27 537.284790039 1
63 27 537.41796875 1
63 27 544.830993652 1
63 27 545.121704102 1
63 27 547.255554199 1
63 27 549.869018555 1
63 27 550.19317627 1
63 27 551.510131836 1
63 27 575.780395508 1
63 27 581.355285645 1
63 27 583.456787109 1
63 27 584.18762207 1
63 27 588.083862305 1
63 27 588.896362305 1
63 27 596.384643555 1
63 27 596.551574707 1
63 27 601.632751465 1
63 27 602.172119141 1
63 27 605.060119629 1
63 27 605.118469238 1
63 27 605.746948242 1
63 27 607.208007812 1
63 27 620.516174316 1
63 27 625.185974121 1
63 27 638.825500488 1
63 27 648.196228027 1
63 27 661.227783203 1
63 27 665.193969727 1
63 27 667.473449707 1
63 27 667.880493164 1
63 27 670.113647461 1
63 27 686.625549316 1
63 27 687.104919434 1
63 27 693.323547363 1
63 27 703.079833984 1
63 27 703.157836914 1
63 27 711.079406738 1
63 27 716.401977539 1
63 27 722.719848633 1
63 27 749.219116211 1
63 27 750.772521973 1
63 27 769.242553711 1
63 27 769.773986816 1
63 27 780.911682129 1
63 27 787.639038086 1
63 27 806.122497559 1
63 27 807.572631836 1
63 27 831.030700684 1
63 27 841.100524902 1
63 27 843.409057617 1
63 27 847.651367188 1
63 27 852.543762207 1
63 27 853.41217041 1
63 27 865.102722168 1
63 27 913.080810547 1
63 27 921.168884277 1
63 27 981.939758301 1
63 27 997.19329834 1
63 27 1004.18493652 1
63 27 1035.74243164 1
63 27 1093.16442871 1
63 27 1127.5411377 1
63 27 1130.34912109 1
63 27 1171.92675781 1
63 27 1183.35949707 1
63 27 1310.78662109 1
63 27 1361.60070801 1
63 27 1585.65686035 1
63 27 1916.06738281 1
63 28 169.04447937 1
63 28 173.359985352 1
63 28 173.81388855 1
63 28 175.445022583 1
63 28 179.2318573 1
63 28 181.828659058 1
63 28 182.549087524 1
63 28 183.378890991 1
63 28 183.801986694 1
63 28 184.904937744 1
63 28 185.794342041 1
63 28 186.057571411 1
63 28 187.249984741 1
63 28 187.378204346 1
63 28 189.593139648 1
63 28 189.950973511 1
63 28 190.346832275 1
63 28 190.484222412 1
63 28 190.864318848 1
63 28 191.857208252 1
63 28 192.184051514 1
63 28 192.282958984 1
63 28 192.708602905 1
63 28 194.049606323 1
63 28 194.498474121 1
63 28 194.782821655 1
63 28 195.619873047 1
63 28 196.097885132 1
63 28 196.344619751 1
63 28 197.355865479 1
63 28 197.376358032 1
63 28 197.722412109 1
63 28 198.988830566 1
63 28 199.516159058 1
63 28 199.875869751 1
63 28 200.65007019 1
63 28 200.679214478 1
63 28 200.750213623 1
63 28 200.942749023 1
63 28 202.340484619 1
63 28 202.373886108 1
63 28 203.296478271 1
63 28 204.202774048 1
63 28 204.933502197 1
63 28 204.960540771 1
63 28 205.051437378 1
63 28 205.816299438 1
63 28 205.884185791 1
63 28 207.404006958 1
63 28 207.638122559 1
63 28 208.231033325 1
63 28 208.442245483 1
63 28 208.59034729 1
63 28 209.79335022 1
63 28 210.145217896 1
63 28 210.473602295 1
63 28 210.606567383 1
63 28 210.708236694 1
63 28 211.549636841 1
63 28 211.820236206 1
63 28 212.118804932 1
63 28 212.435943604 1
63 28 212.516525269 1
63 28 212.53024292 1
63 28 212.811035156 1
63 28 212.819244385 1
63 28 212.918243408 1
63 28 212.999816895 1
63 28 213.141891479 1
63 28 213.338485718 1
63 28 213.406311035 1
63 28 213.975021362 1
63 28 214.493988037 1
63 28 214.531982422 1
63 28 214.928787231 1
63 28 215.401062012 1
63 28 215.762420654 1
63 28 215.774032593 1
63 28 216.035049438 1
63 28 216.083572388 1
63 28 216.091430664 1
63 28 216.470092773 1
63 28 216.777832031 1
63 28 217.373794556 1
63 28 219.144439697 1
63 28 219.264053345 1
63 28 219.439758301 1
63 28 219.488311768 1
63 28 219.739959717 1
63 28 220.446365356 1
63 28 220.661132812 1
63 28 221.320785522 1
63 28 221.341369629 1
63 28 221.817703247 1
63 28 222.092163086 1
63 28 222.245910645 1
63 28 222.96105957 1
63 28 223.203872681 1
63 28 223.277786255 1
63 28 223.355667114 1
63 28 223.464797974 1
63 28 223.718414307 1
63 28 224.099655151 1
63 28 224.318817139 1
63 28 224.509796143 1
63 28 224.583297729 1
63 28 224.810470581 1
63 28 224.837173462 1
63 28 225.396026611 1
63 28 225.684997559 1
63 28 225.785430908 1
63 28 225.88269043 1
63 28 226.602706909 1
63 28 227.158813477 1
63 28 227.557479858 1
63 28 227.809448242 1
63 28 228.136260986 1
63 28 228.233612061 1
63 28 229.601531982 1
63 28 229.70274353 1
63 28 229.947769165 1
63 28 230.145767212 1
63 28 230.829269409 1
63 28 231.610717773 1
63 28 232.43208313 1
63 28 232.795730591 1
63 28 233.461669922 1
63 28 233.740921021 1
63 28 234.004638672 1
63 28 234.119491577 1
63 28 234.185592651 1
63 28 234.319458008 1
63 28 234.683578491 1
63 28 234.960693359 1
63 28 235.142791748 1
63 28 235.1978302 1
63 28 235.277236938 1
63 28 235.649169922 1
63 28 235.965118408 1
63 28 236.393325806 1
63 28 236.684539795 1
63 28 236.779464722 1
63 28 236.979751587 1
63 28 237.040939331 1
63 28 237.581054688 1
63 28 237.895462036 1
63 28 238.299163818 1
63 28 238.655151367 1
63 28 238.762329102 1
63 28 238.925750732 1
63 28 239.109344482 1
63 28 239.617736816 1
63 28 239.838424683 1
63 28 240.114730835 1
63 28 240.142074585 1
63 28 240.178131104 1
63 28 240.192474365 1
63 28 240.661895752 1
63 28 241.449371338 1
63 28 242.05847168 1
63 28 242.895141602 1
63 28 243.136550903 1
63 28 243.296661377 1
63 28 243.449203491 1
63 28 243.578186035 1
63 28 243.726654053 1
63 28 243.81388855 1
63 28 243.943191528 1
63 28 244.436553955 1
63 28 245.106903076 1
63 28 245.324417114 1
63 28 245.46005249 1
63 28 245.911437988 1
63 28 246.460861206 1
63 28 247.597457886 1
63 28 247.841262817 1
63 28 248.038818359 1
63 28 248.062774658 1
63 28 248.692276001 1
63 28 248.846755981 1
63 28 249.227203369 1
63 28 249.34703064 1
63 28 250.549468994 1
63 28 250.660125732 1
63 28 250.815124512 1
63 28 251.391647339 1
63 28 251.507827759 1
63 28 252.176605225 1
63 28 252.542831421 1
63 28 253.055862427 1
63 28 253.733032227 1
63 28 254.614532471 1
63 28 256.083465576 1
63 28 256.116943359 1
63 28 256.410736084 1
63 28 256.505004883 1
63 28 256.870574951 1
63 28 257.29901123 1
63 28 257.372039795 1
63 28 257.549591064 1
63 28 258.085021973 1
63 28 259.042541504 1
63 28 259.41192627 1
63 28 259.693084717 1
63 28 260.858398438 1
63 28 260.896392822 1
63 28 261.261230469 1
63 28 261.426300049 1
63 28 261.970977783 1
63 28 262.119873047 1
63 28 262.552642822 1
63 28 262.568603516 1
63 28 262.614227295 1
63 28 263.244140625 1
63 28 263.686187744 1
63 28 264.070495605 1
63 28 264.106048584 1
63 28 264.674591064 1
63 28 265.082763672 1
63 28 266.030609131 1
63 28 267.518798828 1
63 28 267.684143066 1
63 28 267.830291748 1
63 28 268.880981445 1
63 28 269.726837158 1
63 28 269.772460938 1
63 28 269.89151001 1
63 28 270.127746582 1
63 28 270.39666748 1
63 28 271.335784912 1
63 28 271.342712402 1
63 28 271.587463379 1
63 28 271.632751465 1
63 28 271.864746094 1
63 28 271.980957031 1
63 28 272.329345703 1
63 28 272.650970459 1
63 28 273.256958008 1
63 28 273.955322266 1
63 28 274.172271729 1
63 28 275.767486572 1
63 28 276.259063721 1
63 28 276.685241699 1
63 28 276.686523438 1
63 28 276.746368408 1
63 28 276.973022461 1
63 28 277.426391602 1
63 28 277.979125977 1
63 28 278.38973999 1
63 28 279.451629639 1
63 28 279.557281494 1
63 28 279.909240723 1
63 28 280.106964111 1
63 28 281.28616333 1
63 28 281.769378662 1
63 28 281.78805542 1
63 28 282.154754639 1
63 28 282.271850586 1
63 28 284.095581055 1
63 28 284.258270264 1
63 28 284.483764648 1
63 28 284.940795898 1
63 28 285.819061279 1
63 28 287.634307861 1
63 28 288.924713135 1
63 28 289.325012207 1
63 28 290.069122314 1
63 28 290.479187012 1
63 28 290.659881592 1
63 28 290.978027344 1
63 28 291.689605713 1
63 28 294.327911377 1
63 28 294.761627197 1
63 28 294.891265869 1
63 28 295.041503906 1
63 28 296.998687744 1
63 28 297.035369873 1
63 28 298.031768799 1
63 28 299.349853516 1
63 28 301.383789062 1
63 28 303.398620605 1
63 28 303.611907959 1
63 28 304.574920654 1
63 28 304.977630615 1
63 28 305.416931152 1
63 28 305.996246338 1
63 28 306.307495117 1
63 28 307.96673584 1
63 28 310.140533447 1
63 28 310.298339844 1
63 28 310.419281006 1
63 28 311.139587402 1
63 28 311.365447998 1
63 28 314.689025879 1
63 28 314.846740723 1
63 28 315.222808838 1
63 28 315.495239258 1
63 28 315.578491211 1
63 28 315.752532959 1
63 28 315.830566406 1
63 28 316.960540771 1
63 28 317.290588379 1
63 28 317.399230957 1
63 28 317.899230957 1
63 28 318.173980713 1
63 28 319.009490967 1
63 28 319.466247559 1
63 28 323.102996826 1
63 28 324.248687744 1
63 28 326.735076904 1
63 28 326.903167725 1
63 28 327.484313965 1
63 28 328.795959473 1
63 28 332.554229736 1
63 28 332.85836792 1
63 28 334.556060791 1
63 28 335.458465576 1
63 28 335.569854736 1
63 28 339.218048096 1
63 28 342.463623047 1
63 28 342.961791992 1
63 28 344.728424072 1
63 28 345.880187988 1
63 28 346.327941895 1
63 28 347.617584229 1
63 28 349.000305176 1
63 28 349.614379883 1
63 28 351.103790283 1
63 28 352.427734375 1
63 28 355.490722656 1
63 28 355.571105957 1
63 28 355.859985352 1
63 28 356.481292725 1
63 28 357.719726562 1
63 28 357.721374512 1
63 28 360.437133789 1
63 28 360.554626465 1
63 28 361.094787598 1
63 28 361.370727539 1
63 28 361.622406006 1
63 28 361.96182251 1
63 28 362.325134277 1
63 28 363.523773193 1
63 28 365.282897949 1
63 28 367.531311035 1
63 28 369.304290771 1
63 28 371.953796387 1
63 28 374.226043701 1
63 28 375.34967041 1
63 28 375.530303955 1
63 28 378.866729736 1
63 28 379.322784424 1
63 28 380.698760986 1
63 28 380.738830566 1
63 28 380.802490234 1
63 28 381.515289307 1
63 28 382.590393066 1
63 28 383.107818604 1
63 28 386.934082031 1
63 28 389.905151367 1
63 28 392.092407227 1
63 28 393.256439209 1
63 28 393.913879395 1
63 28 397.267486572 1
63 28 397.40133667 1
63 28 397.416625977 1
63 28 398.62878418 1
63 28 400.570098877 1
63 28 400.852355957 1
63 28 401.258453369 1
63 28 401.445281982 1
63 28 403.063079834 1
63 28 407.896820068 1
63 28 409.698791504 1
63 28 409.708679199 1
63 28 410.852600098 1
63 28 415.845825195 1
63 28 419.077026367 1
63 28 420.811798096 1
63 28 434.234924316 1
63 28 438.672790527 1
63 28 439.223937988 1
63 28 441.028015137 1
63 28 442.306732178 1
63 28 443.525726318 1
63 28 445.160308838 1
63 28 448.716552734 1
63 28 451.036651611 1
63 28 458.78616333 1
63 28 459.051849365 1
63 28 459.70690918 1
63 28 460.362213135 1
63 28 461.237213135 1
63 28 461.917449951 1
63 28 464.608947754 1
63 28 465.194885254 1
63 28 465.233001709 1
63 28 469.069274902 1
63 28 471.826416016 1
63 28 473.5546875 1
63 28 473.68145752 1
63 28 475.877746582 1
63 28 476.995544434 1
63 28 477.463134766 1
63 28 480.189788818 1
63 28 481.94644165 1
63 28 482.62310791 1
63 28 483.404571533 1
63 28 486.223114014 1
63 28 491.405395508 1
63 28 494.70489502 1
63 28 495.715637207 1
63 28 496.992248535 1
63 28 498.500976562 1
63 28 499.089874268 1
63 28 499.41973877 1
63 28 499.473693848 1
63 28 499.64352417 1
63 28 500.691192627 1
63 28 502.58203125 1
63 28 509.160430908 1
63 28 511.28414917 1
63 28 516.760009766 1
63 28 518.530395508 1
63 28 521.25177002 1
63 28 523.519958496 1
63 28 526.824401855 1
63 28 531.211791992 1
63 28 538.75390625 1
63 28 540.143676758 1
63 28 540.942871094 1
63 28 545.35369873 1
63 28 547.936828613 1
63 28 552.789550781 1
63 28 555.239746094 1
63 28 556.285339355 1
63 28 567.544372559 1
63 28 568.556945801 1
63 28 568.574035645 1
63 28 568.906188965 1
63 28 571.479919434 1
63 28 571.910522461 1
63 28 571.927978516 1
63 28 607.958740234 1
63 28 611.565429688 1
63 28 614.217529297 1
63 28 616.754150391 1
63 28 621.929321289 1
63 28 629.199768066 1
63 28 632.651062012 1
63 28 636.855041504 1
63 28 641.684082031 1
63 28 649.735534668 1
63 28 652.022583008 1
63 28 652.583312988 1
63 28 653.171936035 1
63 28 655.64465332 1
63 28 658.760131836 1
63 28 658.873352051 1
63 28 660.452392578 1
63 28 665.722473145 1
63 28 680.91003418 1
63 28 681.446838379 1
63 28 691.41784668 1
63 28 692.724121094 1
63 28 696.572509766 1
63 28 700.3984375 1
63 28 701.081359863 1
63 28 704.969299316 1
63 28 743.325317383 1
63 28 762.90032959 1
63 28 798.001708984 1
63 28 816.575378418 1
63 28 822.828857422 1
63 28 847.11920166 1
63 28 852.003723145 1
63 28 885.336120605 1
63 28 895.814331055 1
63 28 900.231262207 1
63 28 905.52142334 1
63 28 912.700378418 1
63 28 921.125549316 1
63 28 935.159301758 1
63 28 939.839111328 1
63 28 943.933349609 1
63 28 945.67010498 1
63 28 946.847229004 1
63 28 952.804443359 1
63 28 963.811340332 1
63 28 981.192626953 1
63 28 1020.58734131 1
63 28 1141.94274902 1
63 28 1173.30114746 1
63 28 1476.28112793 1
63 28 1524.57373047 1
63 28 1572.94958496 1
63 28 1602.43835449 1
63 28 1715.81811523 1
63 28 2014.36706543 1
63 28 3689.64453125 1
63 29 84.330696106 1
63 29 85.0156478882 1
63 29 85.7835769653 1
63 29 86.3423843384 1
63 29 89.2520523071 1
63 29 89.9968948364 1
63 29 90.545463562 1
63 29 90.7194061279 1
63 29 91.8678131104 1
63 29 91.9648742676 1
63 29 92.2460098267 1
63 29 92.47290802 1
63 29 92.6431655884 1
63 29 92.993850708 1
63 29 93.0362472534 1
63 29 93.3402023315 1
63 29 93.7691955566 1
63 29 93.8311080933 1
63 29 93.8445510864 1
63 29 93.8911209106 1
63 29 94.5663986206 1
63 29 94.9539031982 1
63 29 95.0327911377 1
63 29 95.0904922485 1
63 29 95.8584747314 1
63 29 96.1253433228 1
63 29 96.2727127075 1
63 29 96.4088058472 1
63 29 96.4433746338 1
63 29 97.1169891357 1
63 29 97.3689498901 1
63 29 97.409576416 1
63 29 97.7595748901 1
63 29 97.8672714233 1
63 29 98.0098419189 1
63 29 98.1703186035 1
63 29 98.6154327393 1
63 29 98.656791687 1
63 29 99.2627334595 1
63 29 99.4692230225 1
63 29 99.5590515137 1
63 29 99.7724075317 1
63 29 100.241447449 1
63 29 100.317985535 1
63 29 100.406570435 1
63 29 100.419830322 1
63 29 100.818382263 1
63 29 100.942062378 1
63 29 101.004386902 1
63 29 101.039207458 1
63 29 101.119560242 1
63 29 101.190811157 1
63 29 101.250770569 1
63 29 101.384971619 1
63 29 101.446647644 1
63 29 101.447822571 1
63 29 101.7448349 1
63 29 101.766235352 1
63 29 101.852554321 1
63 29 102.043586731 1
63 29 102.274971008 1
63 29 102.402839661 1
63 29 102.890007019 1
63 29 103.07623291 1
63 29 103.142219543 1
63 29 103.253700256 1
63 29 103.558425903 1
63 29 103.733879089 1
63 29 103.875267029 1
63 29 103.92049408 1
63 29 103.961212158 1
63 29 103.983085632 1
63 29 104.119155884 1
63 29 104.865989685 1
63 29 105.403717041 1
63 29 105.405151367 1
63 29 105.417953491 1
63 29 105.456497192 1
63 29 105.457756042 1
63 29 105.781188965 1
63 29 105.998931885 1
63 29 106.124473572 1
63 29 106.393325806 1
63 29 106.727416992 1
63 29 106.946311951 1
63 29 106.954986572 1
63 29 106.989875793 1
63 29 107.015884399 1
63 29 107.103263855 1
63 29 107.130760193 1
63 29 107.234619141 1
63 29 107.29650116 1
63 29 107.334846497 1
63 29 107.362663269 1
63 29 107.434585571 1
63 29 107.497123718 1
63 29 107.686958313 1
63 29 107.813148499 1
63 29 107.83946991 1
63 29 107.890289307 1
63 29 107.960945129 1
63 29 108.234947205 1
63 29 108.432563782 1
63 29 108.503852844 1
63 29 108.509757996 1
63 29 108.718986511 1
63 29 108.762664795 1
63 29 108.867416382 1
63 29 108.878829956 1
63 29 108.890151978 1
63 29 109.009269714 1
63 29 109.166236877 1
63 29 109.55997467 1
63 29 109.621955872 1
63 29 109.690567017 1
63 29 109.869506836 1
63 29 109.883407593 1
63 29 110.181213379 1
63 29 110.274711609 1
63 29 110.637023926 1
63 29 110.719413757 1
63 29 111.131958008 1
63 29 111.182731628 1
63 29 111.42250061 1
63 29 111.520462036 1
63 29 111.540390015 1
63 29 111.587013245 1
63 29 112.117668152 1
63 29 112.261795044 1
63 29 112.334350586 1
63 29 112.466720581 1
63 29 112.516990662 1
63 29 112.60760498 1
63 29 112.681312561 1
63 29 112.709083557 1
63 29 112.836738586 1
63 29 112.970451355 1
63 29 113.083213806 1
63 29 113.131156921 1
63 29 113.311172485 1
63 29 113.336540222 1
63 29 113.364074707 1
63 29 113.3800354 1
63 29 113.537895203 1
63 29 113.722053528 1
63 29 113.773132324 1
63 29 113.977104187 1
63 29 114.039230347 1
63 29 114.174316406 1
63 29 114.487342834 1
63 29 115.010276794 1
63 29 115.127052307 1
63 29 115.385063171 1
63 29 115.417778015 1
63 29 115.442512512 1
63 29 115.686912537 1
63 29 115.749488831 1
63 29 115.756599426 1
63 29 115.985328674 1
63 29 116.101959229 1
63 29 116.635848999 1
63 29 117.021720886 1
63 29 117.05695343 1
63 29 117.52381134 1
63 29 117.677070618 1
63 29 118.058258057 1
63 29 118.307067871 1
63 29 118.368812561 1
63 29 118.474914551 1
63 29 119.008598328 1
63 29 119.238426208 1
63 29 119.319328308 1
63 29 119.392593384 1
63 29 119.432327271 1
63 29 119.527481079 1
63 29 119.657905579 1
63 29 119.9168396 1
63 29 119.937705994 1
63 29 119.95513916 1
63 29 120.011978149 1
63 29 120.136421204 1
63 29 120.295166016 1
63 29 120.306922913 1
63 29 120.364532471 1
63 29 120.431816101 1
63 29 120.565826416 1
63 29 120.664840698 1
63 29 120.701095581 1
63 29 121.036857605 1
63 29 121.192070007 1
63 29 121.260810852 1
63 29 121.265617371 1
63 29 121.416854858 1
63 29 121.477272034 1
63 29 121.53478241 1
63 29 121.824378967 1
63 29 121.827522278 1
63 29 121.949035645 1
63 29 122.068237305 1
63 29 122.109947205 1
63 29 122.183685303 1
63 29 122.316162109 1
63 29 122.522964478 1
63 29 122.552375793 1
63 29 122.625999451 1
63 29 122.72303772 1
63 29 122.920921326 1
63 29 123.002059937 1
63 29 123.030204773 1
63 29 123.101791382 1
63 29 123.125015259 1
63 29 123.150917053 1
63 29 123.369163513 1
63 29 123.401679993 1
63 29 123.416992188 1
63 29 123.443771362 1
63 29 123.445610046 1
63 29 123.490867615 1
63 29 123.789024353 1
63 29 123.844833374 1
63 29 124.303985596 1
63 29 124.30771637 1
63 29 124.731262207 1
63 29 124.838119507 1
63 29 125.101295471 1
63 29 125.312072754 1
63 29 125.456794739 1
63 29 125.497383118 1
63 29 125.657081604 1
63 29 125.984458923 1
63 29 126.066581726 1
63 29 126.101516724 1
63 29 126.166915894 1
63 29 126.329421997 1
63 29 126.351577759 1
63 29 126.482841492 1
63 29 126.548187256 1
63 29 126.750961304 1
63 29 126.82472229 1
63 29 127.023468018 1
63 29 127.055725098 1
63 29 127.079811096 1
63 29 127.184959412 1
63 29 127.284515381 1
63 29 127.286270142 1
63 29 127.338424683 1
63 29 127.389465332 1
63 29 127.437187195 1
63 29 127.447921753 1
63 29 127.547225952 1
63 29 127.669212341 1
63 29 128.190765381 1
63 29 128.258743286 1
63 29 128.306610107 1
63 29 128.450164795 1
63 29 128.501739502 1
63 29 128.594421387 1
63 29 128.644577026 1
63 29 128.6456604 1
63 29 128.671951294 1
63 29 128.730880737 1
63 29 128.750015259 1
63 29 128.855575562 1
63 29 128.944473267 1
63 29 129.218078613 1
63 29 129.265090942 1
63 29 129.360778809 1
63 29 129.520172119 1
63 29 129.524139404 1
63 29 129.548294067 1
63 29 129.77166748 1
63 29 129.784088135 1
63 29 129.949539185 1
63 29 129.950439453 1
63 29 130.077392578 1
63 29 130.172668457 1
63 29 130.201889038 1
63 29 130.306686401 1
63 29 130.343917847 1
63 29 130.535705566 1
63 29 130.859573364 1
63 29 130.920181274 1
63 29 131.017532349 1
63 29 131.027130127 1
63 29 131.038009644 1
63 29 131.20791626 1
63 29 131.231002808 1
63 29 131.244644165 1
63 29 131.332275391 1
63 29 131.349258423 1
63 29 131.413833618 1
63 29 131.561950684 1
63 29 131.580718994 1
63 29 131.61151123 1
63 29 131.643447876 1
63 29 131.765548706 1
63 29 131.898483276 1
63 29 132.178970337 1
63 29 132.332626343 1
63 29 132.932128906 1
63 29 133.02911377 1
63 29 133.053985596 1
63 29 133.096328735 1
63 29 133.226074219 1
63 29 133.400695801 1
63 29 133.444290161 1
63 29 133.44883728 1
63 29 133.668289185 1
63 29 133.751312256 1
63 29 133.958251953 1
63 29 134.091888428 1
63 29 134.186477661 1
63 29 134.265808105 1
63 29 134.334655762 1
63 29 134.696426392 1
63 29 134.711898804 1
63 29 134.769332886 1
63 29 134.861633301 1
63 29 134.982528687 1
63 29 135.053085327 1
63 29 135.056686401 1
63 29 135.105865479 1
63 29 135.219543457 1
63 29 135.341705322 1
63 29 135.511154175 1
63 29 135.573272705 1
63 29 135.600921631 1
63 29 135.697036743 1
63 29 135.712997437 1
63 29 135.755874634 1
63 29 136.027435303 1
63 29 136.187911987 1
63 29 136.308273315 1
63 29 136.366729736 1
63 29 136.369613647 1
63 29 136.444335938 1
63 29 136.505172729 1
63 29 136.540756226 1
63 29 136.756271362 1
63 29 137.224960327 1
63 29 137.244934082 1
63 29 137.358108521 1
63 29 137.370651245 1
63 29 137.39994812 1
63 29 137.705078125 1
63 29 137.72567749 1
63 29 137.763381958 1
63 29 137.766159058 1
63 29 137.803161621 1
63 29 137.910186768 1
63 29 137.963546753 1
63 29 137.968231201 1
63 29 138.000656128 1
63 29 138.193374634 1
63 29 138.199295044 1
63 29 138.269927979 1
63 29 138.34992981 1
63 29 138.647979736 1
63 29 138.686935425 1
63 29 138.702804565 1
63 29 138.748580933 1
63 29 138.75541687 1
63 29 138.793334961 1
63 29 139.026138306 1
63 29 139.108688354 1
63 29 139.159591675 1
63 29 139.181030273 1
63 29 139.209609985 1
63 29 139.225204468 1
63 29 139.265731812 1
63 29 139.460205078 1
63 29 139.549209595 1
63 29 139.603683472 1
63 29 139.831115723 1
63 29 139.844558716 1
63 29 139.886550903 1
63 29 139.947952271 1
63 29 140.189590454 1
63 29 140.609191895 1
63 29 140.826080322 1
63 29 140.901290894 1
63 29 140.910751343 1
63 29 140.986694336 1
63 29 141.050048828 1
63 29 141.275222778 1
63 29 141.40284729 1
63 29 141.605331421 1
63 29 141.836669922 1
63 29 141.883544922 1
63 29 141.932357788 1
63 29 141.985900879 1
63 29 142.095611572 1
63 29 142.557815552 1
63 29 142.726577759 1
63 29 142.745864868 1
63 29 142.745895386 1
63 29 142.896453857 1
63 29 142.983276367 1
63 29 143.112930298 1
63 29 143.113388062 1
63 29 143.164352417 1
63 29 143.261260986 1
63 29 143.262893677 1
63 29 143.282836914 1
63 29 143.339981079 1
63 29 143.401412964 1
63 29 143.402954102 1
63 29 143.475494385 1
63 29 143.742828369 1
63 29 143.8019104 1
63 29 143.867141724 1
63 29 143.935501099 1
63 29 143.946487427 1
63 29 144.166107178 1
63 29 144.167114258 1
63 29 144.179244995 1
63 29 144.309875488 1
63 29 144.336929321 1
63 29 144.441360474 1
63 29 144.498077393 1
63 29 144.548339844 1
63 29 144.623153687 1
63 29 144.677536011 1
63 29 144.81022644 1
63 29 144.828201294 1
63 29 145.116485596 1
63 29 145.225296021 1
63 29 145.273284912 1
63 29 146.046127319 1
63 29 146.083892822 1
63 29 146.218276978 1
63 29 146.434967041 1
63 29 146.498062134 1
63 29 146.560501099 1
63 29 146.60824585 1
63 29 146.660461426 1
63 29 146.689605713 1
63 29 146.840286255 1
63 29 146.97644043 1
63 29 147.03074646 1
63 29 147.033081055 1
63 29 147.130844116 1
63 29 147.431732178 1
63 29 147.586807251 1
63 29 147.748291016 1
63 29 147.875244141 1
63 29 148.077789307 1
63 29 148.121231079 1
63 29 148.510513306 1
63 29 148.559432983 1
63 29 148.562301636 1
63 29 148.605712891 1
63 29 149.017456055 1
63 29 149.123138428 1
63 29 149.144836426 1
63 29 149.20463562 1
63 29 149.361831665 1
63 29 149.382049561 1
63 29 149.385467529 1
63 29 149.503967285 1
63 29 149.504135132 1
63 29 149.541244507 1
63 29 149.947219849 1
63 29 150.031799316 1
63 29 150.078048706 1
63 29 150.091766357 1
63 29 150.157531738 1
63 29 150.293731689 1
63 29 150.436416626 1
63 29 150.823867798 1
63 29 150.84362793 1
63 29 150.8699646 1
63 29 150.9190979 1
63 29 151.052597046 1
63 29 151.133865356 1
63 29 151.167282104 1
63 29 151.179733276 1
63 29 151.235733032 1
63 29 151.280929565 1
63 29 151.340744019 1
63 29 151.376525879 1
63 29 151.564117432 1
63 29 151.631469727 1
63 29 151.692276001 1
63 29 151.753753662 1
63 29 151.763259888 1
63 29 151.799209595 1
63 29 151.827606201 1
63 29 152.05291748 1
63 29 152.120040894 1
63 29 152.223892212 1
63 29 152.257064819 1
63 29 152.705459595 1
63 29 152.940612793 1
63 29 153.060455322 1
63 29 153.419998169 1
63 29 153.791275024 1
63 29 153.810653687 1
63 29 153.817184448 1
63 29 153.89465332 1
63 29 153.932754517 1
63 29 153.970916748 1
63 29 154.123535156 1
63 29 154.243499756 1
63 29 154.296325684 1
63 29 154.41456604 1
63 29 154.453887939 1
63 29 154.485198975 1
63 29 154.624969482 1
63 29 154.661758423 1
63 29 154.684402466 1
63 29 154.758666992 1
63 29 154.871170044 1
63 29 154.871170044 1
63 29 154.883636475 1
63 29 154.935745239 1
63 29 154.966781616 1
63 29 155.062728882 1
63 29 155.187133789 1
63 29 155.283111572 1
63 29 155.429931641 1
63 29 155.455749512 1
63 29 155.522399902 1
63 29 155.586135864 1
63 29 155.780197144 1
63 29 155.795974731 1
63 29 155.809432983 1
63 29 155.882583618 1
63 29 155.884063721 1
63 29 155.977661133 1
63 29 155.993850708 1
63 29 156.005630493 1
63 29 156.048370361 1
63 29 156.168624878 1
63 29 156.226119995 1
63 29 156.304351807 1
63 29 156.334335327 1
63 29 156.454223633 1
63 29 156.465713501 1
63 29 156.641052246 1
63 29 156.668487549 1
63 29 156.713729858 1
63 29 156.857040405 1
63 29 156.890563965 1
63 29 157.210159302 1
63 29 157.29876709 1
63 29 157.316604614 1
63 29 157.318817139 1
63 29 157.320480347 1
63 29 157.359039307 1
63 29 157.392120361 1
63 29 157.743545532 1
63 29 157.84387207 1
63 29 158.115570068 1
63 29 158.326522827 1
63 29 158.335296631 1
63 29 158.403503418 1
63 29 158.530715942 1
63 29 158.631362915 1
63 29 158.696411133 1
63 29 159.065368652 1
63 29 159.215621948 1
63 29 159.376159668 1
63 29 159.378295898 1
63 29 159.405319214 1
63 29 159.432815552 1
63 29 159.481994629 1
63 29 159.604614258 1
63 29 159.859191895 1
63 29 159.877044678 1
63 29 159.910736084 1
63 29 160.20942688 1
63 29 160.249847412 1
63 29 160.391647339 1
63 29 160.478378296 1
63 29 160.629669189 1
63 29 160.757369995 1
63 29 160.830810547 1
63 29 160.838470459 1
63 29 160.924758911 1
63 29 161.237548828 1
63 29 161.303863525 1
63 29 161.333297729 1
63 29 161.474105835 1
63 29 161.499816895 1
63 29 161.734741211 1
63 29 161.951950073 1
63 29 162.166488647 1
63 29 162.248321533 1
63 29 162.351623535 1
63 29 162.820922852 1
63 29 162.977737427 1
63 29 163.05557251 1
63 29 163.18687439 1
63 29 163.273330688 1
63 29 163.416625977 1
63 29 163.469924927 1
63 29 163.552246094 1
63 29 163.705383301 1
63 29 163.754959106 1
63 29 164.105514526 1
63 29 164.159317017 1
63 29 164.177871704 1
63 29 164.240829468 1
63 29 164.287597656 1
63 29 164.380462646 1
63 29 164.492126465 1
63 29 164.531311035 1
63 29 164.542175293 1
63 29 164.659790039 1
63 29 164.845733643 1
63 29 165.062423706 1
63 29 165.094451904 1
63 29 165.17149353 1
63 29 165.316116333 1
63 29 165.437713623 1
63 29 165.607513428 1
63 29 165.695526123 1
63 29 165.797729492 1
63 29 165.946212769 1
63 29 166.299911499 1
63 29 166.319702148 1
63 29 166.340072632 1
63 29 166.421157837 1
63 29 166.482330322 1
63 29 166.916305542 1
63 29 166.929336548 1
63 29 167.012130737 1
63 29 167.019927979 1
63 29 168.153335571 1
63 29 168.191619873 1
63 29 168.206436157 1
63 29 168.269439697 1
63 29 168.311325073 1
63 29 168.429946899 1
63 29 168.463088989 1
63 29 169.102020264 1
63 29 169.145614624 1
63 29 169.151031494 1
63 29 169.250366211 1
63 29 169.32043457 1
63 29 169.336715698 1
63 29 169.579040527 1
63 29 169.590133667 1
63 29 169.754302979 1
63 29 169.842147827 1
63 29 170.115814209 1
63 29 170.363510132 1
63 29 170.431838989 1
63 29 170.466400146 1
63 29 170.787506104 1
63 29 170.875762939 1
63 29 171.054244995 1
63 29 171.082473755 1
63 29 171.087936401 1
63 29 171.116409302 1
63 29 171.171310425 1
63 29 171.325592041 1
63 29 171.448989868 1
63 29 171.495727539 1
63 29 171.726821899 1
63 29 171.828125 1
63 29 171.968399048 1
63 29 172.035293579 1
63 29 172.089050293 1
63 29 172.152557373 1
63 29 172.394226074 1
63 29 172.400604248 1
63 29 172.529708862 1
63 29 172.548843384 1
63 29 172.587356567 1
63 29 172.663589478 1
63 29 172.684371948 1
63 29 172.695159912 1
63 29 172.83416748 1
63 29 172.908905029 1
63 29 173.268615723 1
63 29 173.326629639 1
63 29 173.347595215 1
63 29 173.56137085 1
63 29 173.711288452 1
63 29 174.005249023 1
63 29 174.226531982 1
63 29 174.333862305 1
63 29 175.064498901 1
63 29 175.186706543 1
63 29 175.438720703 1
63 29 175.538772583 1
63 29 175.606048584 1
63 29 175.874313354 1
63 29 176.100128174 1
63 29 176.191085815 1
63 29 176.55809021 1
63 29 176.66619873 1
63 29 177.143234253 1
63 29 177.315261841 1
63 29 177.390258789 1
63 29 177.432861328 1
63 29 177.569595337 1
63 29 177.591720581 1
63 29 177.612335205 1
63 29 177.791122437 1
63 29 178.155471802 1
63 29 178.631164551 1
63 29 178.765823364 1
63 29 178.802276611 1
63 29 179.131744385 1
63 29 179.725418091 1
63 29 179.925231934 1
63 29 180.178878784 1
63 29 180.498092651 1
63 29 181.484909058 1
63 29 181.817214966 1
63 29 181.896453857 1
63 29 181.96043396 1
63 29 182.361312866 1
63 29 182.8253479 1
63 29 183.038970947 1
63 29 184.514953613 1
63 29 184.611709595 1
63 29 184.838470459 1
63 29 184.964431763 1
63 29 185.729187012 1
63 29 186.047821045 1
63 29 186.335968018 1
63 29 186.733581543 1
63 29 186.866043091 1
63 29 187.219421387 1
63 29 187.640594482 1
63 29 188.071456909 1
63 29 188.262802124 1
63 29 188.666534424 1
63 29 188.736114502 1
63 29 189.140838623 1
63 29 189.309616089 1
63 29 189.340667725 1
63 29 189.36529541 1
63 29 189.465316772 1
63 29 189.508071899 1
63 29 189.663375854 1
63 29 190.27003479 1
63 29 191.022872925 1
63 29 191.751281738 1
63 29 191.839874268 1
63 29 191.920288086 1
63 29 191.92779541 1
63 29 192.103744507 1
63 29 192.424865723 1
63 29 193.011657715 1
63 29 193.055343628 1
63 29 193.417922974 1
63 29 194.914871216 1
63 29 195.324981689 1
63 29 195.380767822 1
63 29 195.688995361 1
63 29 195.821716309 1
63 29 196.742858887 1
63 29 197.270980835 1
63 29 197.635696411 1
63 29 197.985946655 1
63 29 198.030090332 1
63 29 198.31388855 1
63 29 198.316345215 1
63 29 198.575698853 1
63 29 198.611328125 1
63 29 199.537826538 1
63 29 201.407775879 1
63 29 201.758895874 1
63 29 201.889190674 1
63 29 202.187042236 1
63 29 202.419540405 1
63 29 202.795196533 1
63 29 203.298553467 1
63 29 203.322860718 1
63 29 203.635986328 1
63 29 203.666687012 1
63 29 203.828018188 1
63 29 203.897659302 1
63 29 203.984375 1
63 29 205.591751099 1
63 29 205.620925903 1
63 29 206.554824829 1
63 29 206.803604126 1
63 29 207.260299683 1
63 29 207.53414917 1
63 29 208.207077026 1
63 29 209.400482178 1
63 29 210.540618896 1
63 29 210.664779663 1
63 29 210.725280762 1
63 29 210.745910645 1
63 29 210.83454895 1
63 29 210.969421387 1
63 29 211.008285522 1
63 29 212.795944214 1
63 29 213.484893799 1
63 29 213.720016479 1
63 29 214.067230225 1
63 29 214.327011108 1
63 29 214.467254639 1
63 29 215.387664795 1
63 29 216.094619751 1
63 29 216.959014893 1
63 29 217.729385376 1
63 29 217.940078735 1
63 29 218.129333496 1
63 29 218.999481201 1
63 29 220.394256592 1
63 29 220.786270142 1
63 29 221.014022827 1
63 29 221.223800659 1
63 29 221.674682617 1
63 29 223.290618896 1
63 29 224.088363647 1
63 29 224.449707031 1
63 29 224.610168457 1
63 29 224.810440063 1
63 29 225.404525757 1
63 29 225.680908203 1
63 29 227.103103638 1
63 29 227.443817139 1
63 29 227.800430298 1
63 29 228.718765259 1
63 29 228.89805603 1
63 29 229.925064087 1
63 29 230.665863037 1
63 29 231.015319824 1
63 29 231.116485596 1
63 29 231.891342163 1
63 29 233.048721313 1
63 29 233.48475647 1
63 29 233.964950562 1
63 29 234.317626953 1
63 29 236.33996582 1
63 29 236.498977661 1
63 29 236.915817261 1
63 29 237.237609863 1
63 29 237.81312561 1
63 29 237.898361206 1
63 29 238.206344604 1
63 29 238.868774414 1
63 29 239.042037964 1
63 29 239.121200562 1
63 29 239.698348999 1
63 29 239.785324097 1
63 29 240.343734741 1
63 29 242.24269104 1
63 29 242.907699585 1
63 29 243.457244873 1
63 29 244.050292969 1
63 29 246.026016235 1
63 29 246.566345215 1
63 29 247.414031982 1
63 29 247.596313477 1
63 29 247.924255371 1
63 29 248.176559448 1
63 29 248.706665039 1
63 29 249.161209106 1
63 29 250.146636963 1
63 29 250.208709717 1
63 29 253.37840271 1
63 29 253.715744019 1
63 29 253.722167969 1
63 29 254.956787109 1
63 29 255.10005188 1
63 29 255.4140625 1
63 29 256.124816895 1
63 29 256.427703857 1
63 29 256.900390625 1
63 29 257.210113525 1
63 29 257.607543945 1
63 29 257.673858643 1
63 29 258.170135498 1
63 29 258.567138672 1
63 29 258.593688965 1
63 29 258.641906738 1
63 29 258.885009766 1
63 29 259.358856201 1
63 29 259.696563721 1
63 29 259.973114014 1
63 29 260.065093994 1
63 29 261.085205078 1
63 29 261.230377197 1
63 29 261.358642578 1
63 29 261.47958374 1
63 29 262.261474609 1
63 29 263.39163208 1
63 29 264.231964111 1
63 29 265.225921631 1
63 29 265.539886475 1
63 29 266.171356201 1
63 29 268.026397705 1
63 29 269.298065186 1
63 29 270.017181396 1
63 29 270.150268555 1
63 29 271.330871582 1
63 29 271.356536865 1
63 29 272.185882568 1
63 29 274.938568115 1
63 29 275.518218994 1
63 29 275.527374268 1
63 29 275.802124023 1
63 29 276.523345947 1
63 29 276.889099121 1
63 29 277.499176025 1
63 29 278.899688721 1
63 29 282.61819458 1
63 29 284.06451416 1
63 29 287.655181885 1
63 29 287.692047119 1
63 29 290.088867188 1
63 29 291.686126709 1
63 29 292.7265625 1
63 29 292.928710938 1
63 29 294.426055908 1
63 29 295.705169678 1
63 29 297.351074219 1
63 29 298.44430542 1
63 29 298.588195801 1
63 29 298.621795654 1
63 29 299.518341064 1
63 29 300.304595947 1
63 29 301.692749023 1
63 29 302.996307373 1
63 29 303.311920166 1
63 29 304.95135498 1
63 29 305.542449951 1
63 29 307.273010254 1
63 29 307.426239014 1
63 29 311.87097168 1
63 29 312.903106689 1
63 29 313.481140137 1
63 29 316.650543213 1
63 29 316.697418213 1
63 29 318.885375977 1
63 29 319.801361084 1
63 29 320.855682373 1
63 29 322.646911621 1
63 29 323.127288818 1
63 29 323.630615234 1
63 29 323.99029541 1
63 29 324.685119629 1
63 29 324.849853516 1
63 29 325.011779785 1
63 29 327.284240723 1
63 29 327.554901123 1
63 29 327.624786377 1
63 29 328.2215271 1
63 29 329.39730835 1
63 29 329.618713379 1
63 29 329.918243408 1
63 29 333.223236084 1
63 29 333.718963623 1
63 29 334.673858643 1
63 29 335.06842041 1
63 29 335.826202393 1
63 29 336.894104004 1
63 29 340.90524292 1
63 29 341.525970459 1
63 29 342.173583984 1
63 29 343.535430908 1
63 29 346.726531982 1
63 29 347.096038818 1
63 29 347.75189209 1
63 29 348.644317627 1
63 29 348.785858154 1
63 29 349.631103516 1
63 29 349.79397583 1
63 29 350.002716064 1
63 29 353.209899902 1
63 29 354.727081299 1
63 29 357.276916504 1
63 29 359.703948975 1
63 29 361.426391602 1
63 29 362.008270264 1
63 29 363.986297607 1
63 29 366.889923096 1
63 29 371.020843506 1
63 29 373.432983398 1
63 29 376.464294434 1
63 29 378.22958374 1
63 29 378.541412354 1
63 29 382.003662109 1
63 29 383.252258301 1
63 29 393.437683105 1
63 29 393.527893066 1
63 29 396.32901001 1
63 29 396.647674561 1
63 29 399.55947876 1
63 29 399.986694336 1
63 29 402.547790527 1
63 29 403.109924316 1
63 29 408.206054688 1
63 29 408.264709473 1
63 29 411.2734375 1
63 29 415.913818359 1
63 29 419.632904053 1
63 29 422.301239014 1
63 29 423.603118896 1
63 29 429.071075439 1
63 29 432.204284668 1
63 29 434.320251465 1
63 29 434.580841064 1
63 29 434.697967529 1
63 29 435.52331543 1
63 29 436.77835083 1
63 29 437.917205811 1
63 29 439.42590332 1
63 29 441.622833252 1
63 29 442.010772705 1
63 29 444.993469238 1
63 29 445.227844238 1
63 29 446.207855225 1
63 29 449.584869385 1
63 29 452.996551514 1
63 29 453.691192627 1
63 29 458.305786133 1
63 29 461.227722168 1
63 29 469.096160889 1
63 29 471.401977539 1
63 29 471.767303467 1
63 29 474.881561279 1
63 29 476.653900146 1
63 29 482.848968506 1
63 29 485.201385498 1
63 29 485.4168396 1
63 29 487.242004395 1
63 29 490.432434082 1
63 29 490.990600586 1
63 29 501.726226807 1
63 29 502.149108887 1
63 29 504.698913574 1
63 29 507.852478027 1
63 29 512.024414062 1
63 29 513.083618164 1
63 29 522.207946777 1
63 29 524.592224121 1
63 29 527.962097168 1
63 29 528.98260498 1
63 29 529.811279297 1
63 29 531.121032715 1
63 29 534.970275879 1
63 29 540.69720459 1
63 29 548.742004395 1
63 29 551.096130371 1
63 29 555.02734375 1
63 29 561.324829102 1
63 29 561.578735352 1
63 29 572.068969727 1
63 29 584.086303711 1
63 29 588.310974121 1
63 29 591.509033203 1
63 29 597.262756348 1
63 29 604.233764648 1
63 29 604.842041016 1
63 29 605.273010254 1
63 29 608.421325684 1
63 29 626.400878906 1
63 29 629.904724121 1
63 29 631.67199707 1
63 29 633.538146973 1
63 29 634.546875 1
63 29 634.736206055 1
63 29 635.223571777 1
63 29 638.794006348 1
63 29 642.492919922 1
63 29 644.109191895 1
63 29 653.009887695 1
63 29 659.305786133 1
63 29 662.094726562 1
63 29 663.100036621 1
63 29 666.280090332 1
63 29 678.089050293 1
63 29 686.98828125 1
63 29 693.298156738 1
63 29 696.066894531 1
63 29 697.661315918 1
63 29 698.275512695 1
63 29 699.436523438 1
63 29 701.837036133 1
63 29 705.535583496 1
63 29 709.958984375 1
63 29 709.978820801 1
63 29 716.807556152 1
63 29 736.027160645 1
63 29 739.333984375 1
63 29 751.661376953 1
63 29 752.970092773 1
63 29 762.031616211 1
63 29 764.399658203 1
63 29 772.044555664 1
63 29 777.253417969 1
63 29 833.086608887 1
63 29 834.299865723 1
63 29 870.039550781 1
63 29 877.845581055 1
63 29 904.754760742 1
63 29 911.62878418 1
63 29 916.462890625 1
63 29 919.070495605 1
63 29 975.436035156 1
63 29 1007.90386963 1
63 29 1058.58679199 1
63 29 1061.57885742 1
63 29 1121.69946289 1
63 29 1246.12658691 1
63 29 1248.84289551 1
63 29 1289.81030273 1
63 29 1312.93713379 1
63 29 1372.1138916 1
63 29 1396.8626709 1
63 29 1411.36047363 1
63 29 1420.16967773 1
63 29 1600.95214844 1
63 31 91.7652816772 1
63 31 91.8206634521 1
63 31 93.5254669189 1
63 31 94.6048278809 1
63 31 95.2472305298 1
63 31 95.3299331665 1
63 31 95.5552520752 1
63 31 96.0077133179 1
63 31 97.3538131714 1
63 31 98.6597518921 1
63 31 99.8138961792 1
63 31 100.24193573 1
63 31 100.496109009 1
63 31 100.811157227 1
63 31 100.8647995 1
63 31 100.894577026 1
63 31 101.297706604 1
63 31 101.918609619 1
63 31 101.934844971 1
63 31 102.497802734 1
63 31 103.209312439 1
63 31 103.967224121 1
63 31 104.212638855 1
63 31 104.858581543 1
63 31 104.907661438 1
63 31 105.089370728 1
63 31 105.664123535 1
63 31 105.80607605 1
63 31 106.112419128 1
63 31 106.207443237 1
63 31 106.309951782 1
63 31 106.789260864 1
63 31 107.308700562 1
63 31 107.353736877 1
63 31 107.440597534 1
63 31 107.515991211 1
63 31 107.536949158 1
63 31 107.589569092 1
63 31 108.056922913 1
63 31 108.120368958 1
63 31 108.211212158 1
63 31 108.315986633 1
63 31 108.317939758 1
63 31 108.564163208 1
63 31 108.635391235 1
63 31 108.789810181 1
63 31 108.967185974 1
63 31 109.075302124 1
63 31 109.457168579 1
63 31 109.942680359 1
63 31 109.959541321 1
63 31 110.246864319 1
63 31 110.331741333 1
63 31 110.732406616 1
63 31 110.966026306 1
63 31 111.25403595 1
63 31 111.577766418 1
63 31 111.988456726 1
63 31 112.116462708 1
63 31 112.253479004 1
63 31 112.331558228 1
63 31 112.913253784 1
63 31 113.284065247 1
63 31 113.470428467 1
63 31 113.503646851 1
63 31 113.613426208 1
63 31 113.680931091 1
63 31 113.749412537 1
63 31 113.825042725 1
63 31 114.239151001 1
63 31 114.24181366 1
63 31 114.247184753 1
63 31 114.392799377 1
63 31 114.48538208 1
63 31 114.714805603 1
63 31 114.744972229 1
63 31 114.74797821 1
63 31 116.02205658 1
63 31 116.046478271 1
63 31 116.137611389 1
63 31 116.177658081 1
63 31 116.548500061 1
63 31 116.61920166 1
63 31 117.287239075 1
63 31 117.301780701 1
63 31 117.584060669 1
63 31 117.915374756 1
63 31 117.954483032 1
63 31 118.092269897 1
63 31 118.134170532 1
63 31 118.337471008 1
63 31 118.591384888 1
63 31 118.649505615 1
63 31 118.734222412 1
63 31 118.900093079 1
63 31 118.985435486 1
63 31 119.089744568 1
63 31 119.352394104 1
63 31 119.365135193 1
63 31 119.816581726 1
63 31 119.889717102 1
63 31 120.121032715 1
63 31 120.134742737 1
63 31 120.194564819 1
63 31 120.272651672 1
63 31 120.421653748 1
63 31 120.471359253 1
63 31 120.591636658 1
63 31 120.757232666 1
63 31 120.826713562 1
63 31 121.232460022 1
63 31 121.405799866 1
63 31 121.451660156 1
63 31 121.533294678 1
63 31 121.654350281 1
63 31 121.817153931 1
63 31 121.933296204 1
63 31 121.968742371 1
63 31 122.30254364 1
63 31 122.736442566 1
63 31 123.224082947 1
63 31 124.085731506 1
63 31 124.181144714 1
63 31 124.372718811 1
63 31 124.375015259 1
63 31 124.884017944 1
63 31 125.210884094 1
63 31 125.502326965 1
63 31 126.160331726 1
63 31 126.237564087 1
63 31 126.382423401 1
63 31 126.435447693 1
63 31 126.487663269 1
63 31 127.102348328 1
63 31 127.158348083 1
63 31 127.170753479 1
63 31 127.249549866 1
63 31 127.312332153 1
63 31 127.322265625 1
63 31 127.518882751 1
63 31 127.576553345 1
63 31 127.678291321 1
63 31 127.723617554 1
63 31 127.746513367 1
63 31 128.031555176 1
63 31 128.159240723 1
63 31 128.604522705 1
63 31 128.806610107 1
63 31 129.171768188 1
63 31 129.191452026 1
63 31 129.350967407 1
63 31 129.386154175 1
63 31 129.411819458 1
63 31 129.532424927 1
63 31 129.586959839 1
63 31 129.712036133 1
63 31 130.232162476 1
63 31 130.271911621 1
63 31 130.958389282 1
63 31 131.182861328 1
63 31 131.265838623 1
63 31 131.377624512 1
63 31 132.035552979 1
63 31 132.180358887 1
63 31 132.505081177 1
63 31 132.633026123 1
63 31 132.757736206 1
63 31 132.767456055 1
63 31 132.892349243 1
63 31 133.018753052 1
63 31 133.028045654 1
63 31 133.114349365 1
63 31 133.134094238 1
63 31 133.866516113 1
63 31 134.043991089 1
63 31 134.108078003 1
63 31 134.139755249 1
63 31 134.186019897 1
63 31 134.408874512 1
63 31 134.462249756 1
63 31 134.498703003 1
63 31 134.723602295 1
63 31 134.837905884 1
63 31 134.908187866 1
63 31 134.917221069 1
63 31 135.047103882 1
63 31 135.074203491 1
63 31 135.087112427 1
63 31 135.380004883 1
63 31 135.51739502 1
63 31 135.543991089 1
63 31 135.54637146 1
63 31 135.73677063 1
63 31 135.927230835 1
63 31 136.116851807 1
63 31 136.201766968 1
63 31 136.338912964 1
63 31 136.418395996 1
63 31 136.624847412 1
63 31 136.632369995 1
63 31 136.784088135 1
63 31 136.921188354 1
63 31 137.54598999 1
63 31 137.665115356 1
63 31 137.686462402 1
63 31 137.698043823 1
63 31 137.743988037 1
63 31 137.920303345 1
63 31 138.019699097 1
63 31 138.09387207 1
63 31 138.27507019 1
63 31 138.27772522 1
63 31 138.384979248 1
63 31 138.727493286 1
63 31 138.898544312 1
63 31 139.088058472 1
63 31 139.22052002 1
63 31 139.256149292 1
63 31 139.260238647 1
63 31 139.386306763 1
63 31 139.417266846 1
63 31 139.425598145 1
63 31 139.519973755 1
63 31 139.529296875 1
63 31 139.681274414 1
63 31 139.877746582 1
63 31 140.018325806 1
63 31 140.049911499 1
63 31 140.295135498 1
63 31 140.439483643 1
63 31 140.486526489 1
63 31 140.548156738 1
63 31 141.023696899 1
63 31 141.090118408 1
63 31 141.174133301 1
63 31 141.250015259 1
63 31 141.381637573 1
63 31 141.425003052 1
63 31 141.461654663 1
63 31 141.536621094 1
63 31 141.862411499 1
63 31 141.913909912 1
63 31 141.927764893 1
63 31 142.109634399 1
63 31 142.215545654 1
63 31 142.442672729 1
63 31 143.011169434 1
63 31 143.074768066 1
63 31 143.160552979 1
63 31 143.200836182 1
63 31 143.555297852 1
63 31 143.714675903 1
63 31 143.965057373 1
63 31 144.032409668 1
63 31 144.086410522 1
63 31 144.087081909 1
63 31 144.197021484 1
63 31 144.223297119 1
63 31 144.224121094 1
63 31 144.285369873 1
63 31 144.461578369 1
63 31 144.935791016 1
63 31 145.023162842 1
63 31 145.036972046 1
63 31 145.237182617 1
63 31 145.401245117 1
63 31 145.525360107 1
63 31 145.684768677 1
63 31 145.913879395 1
63 31 145.973480225 1
63 31 146.254516602 1
63 31 146.311859131 1
63 31 146.368240356 1
63 31 146.370437622 1
63 31 146.389022827 1
63 31 146.953842163 1
63 31 147.013626099 1
63 31 147.063186646 1
63 31 147.110992432 1
63 31 147.259750366 1
63 31 147.382537842 1
63 31 147.570724487 1
63 31 147.641586304 1
63 31 147.677703857 1
63 31 148.031738281 1
63 31 148.185272217 1
63 31 148.387695312 1
63 31 148.424468994 1
63 31 148.687637329 1
63 31 149.024581909 1
63 31 149.144073486 1
63 31 149.166870117 1
63 31 149.426330566 1
63 31 149.540176392 1
63 31 149.640151978 1
63 31 149.673538208 1
63 31 149.674163818 1
63 31 149.685333252 1
63 31 149.699935913 1
63 31 149.778274536 1
63 31 149.863082886 1
63 31 150.157714844 1
63 31 150.311828613 1
63 31 150.401351929 1
63 31 150.50994873 1
63 31 150.559066772 1
63 31 150.701522827 1
63 31 150.864944458 1
63 31 151.006744385 1
63 31 151.14881897 1
63 31 151.538467407 1
63 31 151.620925903 1
63 31 151.784301758 1
63 31 151.96484375 1
63 31 151.987930298 1
63 31 152.229537964 1
63 31 152.467025757 1
63 31 152.616378784 1
63 31 152.618530273 1
63 31 152.714797974 1
63 31 152.723739624 1
63 31 152.799819946 1
63 31 152.942001343 1
63 31 153.147125244 1
63 31 153.324111938 1
63 31 153.346130371 1
63 31 153.386108398 1
63 31 153.404144287 1
63 31 153.453887939 1
63 31 153.503814697 1
63 31 153.533157349 1
63 31 153.556121826 1
63 31 153.766174316 1
63 31 153.958969116 1
63 31 154.061386108 1
63 31 154.186355591 1
63 31 154.317733765 1
63 31 154.325958252 1
63 31 154.440872192 1
63 31 154.469787598 1
63 31 154.504318237 1
63 31 154.639862061 1
63 31 154.679107666 1
63 31 154.717697144 1
63 31 154.789413452 1
63 31 154.849578857 1
63 31 155.061203003 1
63 31 155.084869385 1
63 31 155.223907471 1
63 31 155.50352478 1
63 31 155.548736572 1
63 31 155.548965454 1
63 31 155.595718384 1
63 31 155.637481689 1
63 31 155.770355225 1
63 31 155.803115845 1
63 31 156.134460449 1
63 31 156.281463623 1
63 31 156.408752441 1
63 31 156.947067261 1
63 31 157.022583008 1
63 31 157.14541626 1
63 31 157.238739014 1
63 31 157.481216431 1
63 31 157.555603027 1
63 31 157.590377808 1
63 31 157.605453491 1
63 31 157.664169312 1
63 31 157.687927246 1
63 31 157.699829102 1
63 31 157.811065674 1
63 31 157.929138184 1
63 31 158.302352905 1
63 31 158.36730957 1
63 31 158.461578369 1
63 31 158.60824585 1
63 31 158.616714478 1
63 31 158.650405884 1
63 31 158.675369263 1
63 31 158.739715576 1
63 31 158.852294922 1
63 31 158.858291626 1
63 31 158.868560791 1
63 31 159.041824341 1
63 31 159.050231934 1
63 31 159.080474854 1
63 31 159.191955566 1
63 31 159.35446167 1
63 31 159.465499878 1
63 31 159.792633057 1
63 31 159.902542114 1
63 31 160.048217773 1
63 31 160.518890381 1
63 31 160.736602783 1
63 31 160.930511475 1
63 31 161.050521851 1
63 31 161.275482178 1
63 31 161.313903809 1
63 31 161.469436646 1
63 31 161.743408203 1
63 31 161.760162354 1
63 31 161.854232788 1
63 31 162.221389771 1
63 31 162.543960571 1
63 31 162.759796143 1
63 31 162.890533447 1
63 31 162.988830566 1
63 31 163.021194458 1
63 31 163.050247192 1
63 31 163.318939209 1
63 31 163.403503418 1
63 31 163.535232544 1
63 31 163.711715698 1
63 31 163.913482666 1
63 31 164.030044556 1
63 31 164.077392578 1
63 31 164.144073486 1
63 31 164.261383057 1
63 31 164.53477478 1
63 31 164.601806641 1
63 31 164.677062988 1
63 31 165.146469116 1
63 31 165.170455933 1
63 31 165.198791504 1
63 31 165.279388428 1
63 31 165.489318848 1
63 31 165.641433716 1
63 31 165.650665283 1
63 31 165.681228638 1
63 31 165.700592041 1
63 31 165.795410156 1
63 31 165.857513428 1
63 31 165.861343384 1
63 31 166.000305176 1
63 31 166.114730835 1
63 31 166.314697266 1
63 31 166.677749634 1
63 31 166.824829102 1
63 31 167.091918945 1
63 31 167.481231689 1
63 31 167.628112793 1
63 31 167.680435181 1
63 31 167.716903687 1
63 31 167.718811035 1
63 31 167.789138794 1
63 31 167.813873291 1
63 31 167.891830444 1
63 31 167.976135254 1
63 31 168.221359253 1
63 31 168.309570312 1
63 31 168.431732178 1
63 31 168.475601196 1
63 31 168.501419067 1
63 31 168.506256104 1
63 31 168.921951294 1
63 31 169.097564697 1
63 31 169.198776245 1
63 31 169.200485229 1
63 31 169.212020874 1
63 31 169.254638672 1
63 31 169.27557373 1
63 31 169.454879761 1
63 31 169.779495239 1
63 31 169.961761475 1
63 31 170.179534912 1
63 31 170.254089355 1
63 31 170.31729126 1
63 31 170.340179443 1
63 31 170.726150513 1
63 31 170.784835815 1
63 31 170.846405029 1
63 31 170.95135498 1
63 31 171.1590271 1
63 31 171.20098877 1
63 31 171.211898804 1
63 31 171.313308716 1
63 31 171.420394897 1
63 31 171.466934204 1
63 31 171.623886108 1
63 31 171.628234863 1
63 31 171.635421753 1
63 31 171.779037476 1
63 31 171.865493774 1
63 31 172.348342896 1
63 31 172.517089844 1
63 31 172.577819824 1
63 31 172.597747803 1
63 31 172.607635498 1
63 31 172.829025269 1
63 31 172.98034668 1
63 31 173.043518066 1
63 31 173.454193115 1
63 31 173.63293457 1
63 31 173.660247803 1
63 31 173.74118042 1
63 31 173.805297852 1
63 31 173.916687012 1
63 31 174.151565552 1
63 31 174.221618652 1
63 31 174.302902222 1
63 31 174.563156128 1
63 31 174.628112793 1
63 31 174.794219971 1
63 31 174.869308472 1
63 31 174.87461853 1
63 31 174.942306519 1
63 31 174.98538208 1
63 31 175.088088989 1
63 31 175.093032837 1
63 31 175.107528687 1
63 31 175.324371338 1
63 31 175.372940063 1
63 31 175.594024658 1
63 31 175.726074219 1
63 31 175.744781494 1
63 31 176.232025146 1
63 31 176.512390137 1
63 31 176.733016968 1
63 31 177.234237671 1
63 31 177.273452759 1
63 31 177.397674561 1
63 31 177.586288452 1
63 31 177.589141846 1
63 31 177.663955688 1
63 31 177.93661499 1
63 31 178.125152588 1
63 31 178.147476196 1
63 31 178.434906006 1
63 31 178.448303223 1
63 31 178.472854614 1
63 31 178.594497681 1
63 31 178.649032593 1
63 31 178.784439087 1
63 31 178.810913086 1
63 31 178.819595337 1
63 31 179.140777588 1
63 31 179.342010498 1
63 31 179.7449646 1
63 31 179.80456543 1
63 31 179.982269287 1
63 31 180.050888062 1
63 31 180.370132446 1
63 31 180.445083618 1
63 31 180.487716675 1
63 31 180.493377686 1
63 31 180.604827881 1
63 31 180.685546875 1
63 31 180.687713623 1
63 31 180.713806152 1
63 31 181.109115601 1
63 31 181.697341919 1
63 31 181.698440552 1
63 31 181.77571106 1
63 31 181.855102539 1
63 31 182.004440308 1
63 31 182.037506104 1
63 31 182.220458984 1
63 31 182.312606812 1
63 31 182.423446655 1
63 31 182.620010376 1
63 31 182.723464966 1
63 31 182.854003906 1
63 31 183.153091431 1
63 31 183.375549316 1
63 31 183.48739624 1
63 31 183.609848022 1
63 31 183.613769531 1
63 31 183.913467407 1
63 31 184.100448608 1
63 31 184.308181763 1
63 31 184.447906494 1
63 31 184.677536011 1
63 31 184.680938721 1
63 31 184.746887207 1
63 31 184.825073242 1
63 31 184.89100647 1
63 31 184.90057373 1
63 31 185.149841309 1
63 31 185.705474854 1
63 31 185.814575195 1
63 31 186.117019653 1
63 31 186.398223877 1
63 31 186.975784302 1
63 31 187.109130859 1
63 31 187.334274292 1
63 31 187.349563599 1
63 31 187.351623535 1
63 31 187.592926025 1
63 31 187.707473755 1
63 31 187.784881592 1
63 31 188.723602295 1
63 31 189.134292603 1
63 31 189.174606323 1
63 31 189.545822144 1
63 31 189.594665527 1
63 31 189.732498169 1
63 31 189.732818604 1
63 31 189.918609619 1
63 31 189.938064575 1
63 31 190.064331055 1
63 31 190.167541504 1
63 31 190.182907104 1
63 31 190.247039795 1
63 31 190.261001587 1
63 31 190.456832886 1
63 31 190.508483887 1
63 31 191.007202148 1
63 31 191.054550171 1
63 31 191.418136597 1
63 31 191.461639404 1
63 31 191.928070068 1
63 31 192.017303467 1
63 31 192.107940674 1
63 31 192.164993286 1
63 31 192.361999512 1
63 31 192.557922363 1
63 31 193.541854858 1
63 31 193.711929321 1
63 31 193.759857178 1
63 31 194.056930542 1
63 31 194.322006226 1
63 31 194.327407837 1
63 31 194.891876221 1
63 31 194.943130493 1
63 31 194.98500061 1
63 31 195.185043335 1
63 31 195.247161865 1
63 31 195.677780151 1
63 31 196.242660522 1
63 31 196.862228394 1
63 31 196.949066162 1
63 31 197.002761841 1
63 31 197.080841064 1
63 31 197.14994812 1
63 31 197.410446167 1
63 31 197.565490723 1
63 31 198.539962769 1
63 31 198.736968994 1
63 31 198.742553711 1
63 31 199.05708313 1
63 31 199.176391602 1
63 31 199.722167969 1
63 31 199.956222534 1
63 31 199.989746094 1
63 31 200.355575562 1
63 31 200.364456177 1
63 31 200.598510742 1
63 31 200.654846191 1
63 31 200.819793701 1
63 31 201.134338379 1
63 31 201.394378662 1
63 31 201.503677368 1
63 31 201.713882446 1
63 31 202.279647827 1
63 31 202.474121094 1
63 31 202.669052124 1
63 31 202.854568481 1
63 31 202.857330322 1
63 31 203.0206604 1
63 31 203.256164551 1
63 31 203.771102905 1
63 31 203.863296509 1
63 31 203.894592285 1
63 31 204.214035034 1
63 31 204.434143066 1
63 31 205.056594849 1
63 31 205.704071045 1
63 31 205.766983032 1
63 31 205.868942261 1
63 31 205.873764038 1
63 31 206.284042358 1
63 31 206.726364136 1
63 31 206.751098633 1
63 31 207.06149292 1
63 31 207.113647461 1
63 31 207.182067871 1
63 31 207.358139038 1
63 31 208.321121216 1
63 31 208.56463623 1
63 31 208.651031494 1
63 31 209.509140015 1
63 31 209.532363892 1
63 31 209.57850647 1
63 31 209.851379395 1
63 31 210.330444336 1
63 31 210.569702148 1
63 31 210.688491821 1
63 31 210.926101685 1
63 31 211.09437561 1
63 31 211.191116333 1
63 31 211.348709106 1
63 31 211.498428345 1
63 31 211.597183228 1
63 31 211.792556763 1
63 31 212.373016357 1
63 31 213.093338013 1
63 31 213.369537354 1
63 31 213.602157593 1
63 31 214.189605713 1
63 31 214.273986816 1
63 31 214.703323364 1
63 31 214.902236938 1
63 31 215.160797119 1
63 31 215.172012329 1
63 31 215.229415894 1
63 31 215.336761475 1
63 31 215.838394165 1
63 31 217.137420654 1
63 31 217.180175781 1
63 31 217.24911499 1
63 31 218.641586304 1
63 31 218.723907471 1
63 31 218.757110596 1
63 31 218.759719849 1
63 31 219.734008789 1
63 31 220.248748779 1
63 31 220.555786133 1
63 31 220.620697021 1
63 31 220.809921265 1
63 31 220.999069214 1
63 31 221.754806519 1
63 31 221.882736206 1
63 31 222.393966675 1
63 31 222.587371826 1
63 31 222.610992432 1
63 31 222.851242065 1
63 31 222.975891113 1
63 31 223.481964111 1
63 31 224.10647583 1
63 31 224.290542603 1
63 31 224.417312622 1
63 31 224.518325806 1
63 31 224.653137207 1
63 31 225.008422852 1
63 31 225.775360107 1
63 31 226.562362671 1
63 31 226.727249146 1
63 31 226.944503784 1
63 31 227.257400513 1
63 31 227.259674072 1
63 31 227.878173828 1
63 31 228.035766602 1
63 31 228.182678223 1
63 31 228.368606567 1
63 31 228.409362793 1
63 31 229.047454834 1
63 31 229.203582764 1
63 31 229.279449463 1
63 31 229.637283325 1
63 31 230.259277344 1
63 31 230.48550415 1
63 31 230.554916382 1
63 31 230.940811157 1
63 31 231.059585571 1
63 31 231.482025146 1
63 31 231.567672729 1
63 31 231.655181885 1
63 31 231.711593628 1
63 31 232.069885254 1
63 31 232.294876099 1
63 31 232.808334351 1
63 31 232.822174072 1
63 31 232.893035889 1
63 31 232.930511475 1
63 31 233.510391235 1
63 31 233.661209106 1
63 31 233.706680298 1
63 31 233.832382202 1
63 31 234.220794678 1
63 31 234.533416748 1
63 31 234.565170288 1
63 31 234.677963257 1
63 31 234.734298706 1
63 31 235.961990356 1
63 31 236.74041748 1
63 31 237.472198486 1
63 31 237.777816772 1
63 31 237.816925049 1
63 31 239.209182739 1
63 31 239.246002197 1
63 31 239.278991699 1
63 31 239.582061768 1
63 31 240.134811401 1
63 31 240.342346191 1
63 31 240.403869629 1
63 31 240.974090576 1
63 31 241.181640625 1
63 31 241.971313477 1
63 31 242.458755493 1
63 31 243.052719116 1
63 31 243.223419189 1
63 31 243.426452637 1
63 31 243.79536438 1
63 31 243.914108276 1
63 31 243.933273315 1
63 31 245.527816772 1
63 31 245.590621948 1
63 31 246.210220337 1
63 31 246.234619141 1
63 31 246.560424805 1
63 31 246.732070923 1
63 31 246.777786255 1
63 31 246.843811035 1
63 31 246.977722168 1
63 31 247.016876221 1
63 31 247.401580811 1
63 31 247.674423218 1
63 31 247.787704468 1
63 31 247.860244751 1
63 31 248.628799438 1
63 31 248.951339722 1
63 31 249.26914978 1
63 31 249.283096313 1
63 31 249.848327637 1
63 31 250.100296021 1
63 31 250.382553101 1
63 31 250.677352905 1
63 31 250.953811646 1
63 31 251.020996094 1
63 31 251.572036743 1
63 31 251.666610718 1
63 31 252.97114563 1
63 31 253.370422363 1
63 31 253.523986816 1
63 31 253.798919678 1
63 31 254.319198608 1
63 31 254.451339722 1
63 31 254.582336426 1
63 31 255.346343994 1
63 31 255.601745605 1
63 31 256.107940674 1
63 31 256.256378174 1
63 31 256.903503418 1
63 31 256.943084717 1
63 31 257.437866211 1
63 31 257.840606689 1
63 31 258.045776367 1
63 31 258.066833496 1
63 31 258.075897217 1
63 31 258.235015869 1
63 31 258.544158936 1
63 31 259.619171143 1
63 31 259.670227051 1
63 31 261.136688232 1
63 31 261.274230957 1
63 31 261.808532715 1
63 31 262.793762207 1
63 31 263.907043457 1
63 31 264.130371094 1
63 31 265.083679199 1
63 31 265.084777832 1
63 31 265.586608887 1
63 31 266.196136475 1
63 31 266.509277344 1
63 31 266.553222656 1
63 31 266.798187256 1
63 31 266.871917725 1
63 31 267.108703613 1
63 31 267.290313721 1
63 31 268.55581665 1
63 31 268.632171631 1
63 31 269.096588135 1
63 31 269.401794434 1
63 31 269.538696289 1
63 31 270.410491943 1
63 31 270.574279785 1
63 31 270.693969727 1
63 31 270.83895874 1
63 31 271.137573242 1
63 31 271.252227783 1
63 31 272.242767334 1
63 31 272.534332275 1
63 31 272.637237549 1
63 31 274.424346924 1
63 31 274.658569336 1
63 31 275.626678467 1
63 31 276.738220215 1
63 31 277.153564453 1
63 31 277.50491333 1
63 31 279.238555908 1
63 31 279.554229736 1
63 31 279.615356445 1
63 31 280.057769775 1
63 31 283.379974365 1
63 31 284.336730957 1
63 31 284.643157959 1
63 31 285.421051025 1
63 31 285.748443604 1
63 31 286.505371094 1
63 31 289.004608154 1
63 31 289.060882568 1
63 31 290.469177246 1
63 31 291.368103027 1
63 31 292.321411133 1
63 31 293.501190186 1
63 31 295.219909668 1
63 31 295.730438232 1
63 31 295.800689697 1
63 31 295.912231445 1
63 31 297.271392822 1
63 31 298.836700439 1
63 31 298.875030518 1
63 31 300.267333984 1
63 31 301.724700928 1
63 31 304.026092529 1
63 31 304.044067383 1
63 31 304.649749756 1
63 31 305.601959229 1
63 31 306.460632324 1
63 31 307.539916992 1
63 31 308.024169922 1
63 31 308.298156738 1
63 31 309.269439697 1
63 31 312.157012939 1
63 31 312.270843506 1
63 31 312.967712402 1
63 31 314.663665771 1
63 31 315.641326904 1
63 31 317.407287598 1
63 31 318.038024902 1
63 31 319.032501221 1
63 31 320.63861084 1
63 31 321.579101562 1
63 31 322.032012939 1
63 31 322.143859863 1
63 31 322.758178711 1
63 31 323.352081299 1
63 31 323.741821289 1
63 31 323.805480957 1
63 31 324.050354004 1
63 31 324.812805176 1
63 31 325.333557129 1
63 31 327.032012939 1
63 31 327.267089844 1
63 31 327.723083496 1
63 31 328.470153809 1
63 31 331.625518799 1
63 31 332.894042969 1
63 31 334.691741943 1
63 31 334.744415283 1
63 31 336.128570557 1
63 31 336.22958374 1
63 31 336.900634766 1
63 31 339.591247559 1
63 31 339.59262085 1
63 31 340.697387695 1
63 31 341.349975586 1
63 31 343.413848877 1
63 31 343.534851074 1
63 31 343.882049561 1
63 31 344.288696289 1
63 31 344.949005127 1
63 31 348.764709473 1
63 31 350.061065674 1
63 31 350.080200195 1
63 31 353.756622314 1
63 31 354.563049316 1
63 31 354.625335693 1
63 31 357.630340576 1
63 31 358.252105713 1
63 31 360.472137451 1
63 31 362.821105957 1
63 31 363.201843262 1
63 31 363.730651855 1
63 31 363.742034912 1
63 31 363.866943359 1
63 31 367.773345947 1
63 31 368.253601074 1
63 31 369.247375488 1
63 31 369.814880371 1
63 31 370.31137085 1
63 31 370.814880371 1
63 31 371.244110107 1
63 31 371.526763916 1
63 31 372.857543945 1
63 31 374.583129883 1
63 31 375.138702393 1
63 31 376.722991943 1
63 31 377.026550293 1
63 31 378.537017822 1
63 31 378.958251953 1
63 31 383.835235596 1
63 31 386.3465271 1
63 31 388.461730957 1
63 31 389.03213501 1
63 31 389.6222229 1
63 31 392.08001709 1
63 31 393.411315918 1
63 31 394.242950439 1
63 31 394.366424561 1
63 31 395.083892822 1
63 31 395.438018799 1
63 31 395.858551025 1
63 31 404.590087891 1
63 31 407.367736816 1
63 31 410.309112549 1
63 31 416.180725098 1
63 31 416.419219971 1
63 31 416.429626465 1
63 31 416.672149658 1
63 31 417.851715088 1
63 31 419.335083008 1
63 31 422.213287354 1
63 31 423.972900391 1
63 31 425.548950195 1
63 31 429.02633667 1
63 31 429.057037354 1
63 31 430.139282227 1
63 31 433.522277832 1
63 31 433.909423828 1
63 31 435.06262207 1
63 31 441.392364502 1
63 31 443.442840576 1
63 31 445.491638184 1
63 31 448.388702393 1
63 31 455.166595459 1
63 31 463.7550354 1
63 31 465.243255615 1
63 31 465.615844727 1
63 31 466.700408936 1
63 31 472.841094971 1
63 31 473.155487061 1
63 31 474.703155518 1
63 31 475.89855957 1
63 31 477.637573242 1
63 31 482.774383545 1
63 31 482.780853271 1
63 31 483.143127441 1
63 31 488.256256104 1
63 31 492.189483643 1
63 31 496.744659424 1
63 31 497.117156982 1
63 31 498.785949707 1
63 31 500.202301025 1
63 31 503.009674072 1
63 31 503.983581543 1
63 31 505.612854004 1
63 31 507.832458496 1
63 31 510.641021729 1
63 31 516.667602539 1
63 31 523.268859863 1
63 31 523.934875488 1
63 31 524.532836914 1
63 31 524.870788574 1
63 31 526.853393555 1
63 31 531.103210449 1
63 31 534.672302246 1
63 31 535.31463623 1
63 31 536.965637207 1
63 31 538.612426758 1
63 31 541.842834473 1
63 31 546.477783203 1
63 31 548.086303711 1
63 31 556.07989502 1
63 31 560.382080078 1
63 31 568.753112793 1
63 31 570.225280762 1
63 31 575.586975098 1
63 31 589.353393555 1
63 31 592.238769531 1
63 31 598.548522949 1
63 31 599.364196777 1
63 31 601.100402832 1
63 31 613.31628418 1
63 31 619.482299805 1
63 31 619.762817383 1
63 31 621.917358398 1
63 31 626.283874512 1
63 31 636.086364746 1
63 31 659.007324219 1
63 31 662.676330566 1
63 31 665.950927734 1
63 31 670.123596191 1
63 31 678.87689209 1
63 31 681.574584961 1
63 31 695.013183594 1
63 31 703.231872559 1
63 31 707.208862305 1
63 31 728.778747559 1
63 31 729.363647461 1
63 31 741.31652832 1
63 31 741.563415527 1
63 31 744.783874512 1
63 31 746.989501953 1
63 31 750.11151123 1
63 31 750.75177002 1
63 31 792.092834473 1
63 31 807.028869629 1
63 31 820.218505859 1
63 31 826.545715332 1
63 31 860.222839355 1
63 31 863.301330566 1
63 31 887.715759277 1
63 31 888.586364746 1
63 31 889.983520508 1
63 31 911.387756348 1
63 31 929.546569824 1
63 31 940.698303223 1
63 31 949.613647461 1
63 31 1063.91845703 1
63 31 1106.02832031 1
63 31 1132.41503906 1
63 31 1247.65490723 1
63 31 1297.33520508 1
63 31 1388.96850586 1
63 31 1535.88574219 1
63 31 1772.92687988 1
63 31 1804.90917969 1
63 32 178.058639526 1
63 32 189.428039551 1
63 32 192.891296387 1
63 32 194.535171509 1
63 32 195.02104187 1
63 32 196.56993103 1
63 32 196.904373169 1
63 32 199.025222778 1
63 32 200.869430542 1
63 32 201.217178345 1
63 32 204.80871582 1
63 32 210.413421631 1
63 32 212.878448486 1
63 32 213.315612793 1
63 32 213.491638184 1
63 32 215.008407593 1
63 32 215.175476074 1
63 32 216.281997681 1
63 32 217.398345947 1
63 32 217.899703979 1
63 32 219.097366333 1
63 32 219.13079834 1
63 32 219.714660645 1
63 32 220.180618286 1
63 32 222.411727905 1
63 32 223.018249512 1
63 32 223.354049683 1
63 32 223.403091431 1
63 32 223.997192383 1
63 32 225.401489258 1
63 32 226.204879761 1
63 32 228.723098755 1
63 32 230.065734863 1
63 32 230.286071777 1
63 32 230.895080566 1
63 32 230.993453979 1
63 32 231.827728271 1
63 32 232.243209839 1
63 32 232.889953613 1
63 32 234.63609314 1
63 32 234.730178833 1
63 32 235.290847778 1
63 32 235.545944214 1
63 32 236.191421509 1
63 32 237.385055542 1
63 32 238.099868774 1
63 32 239.277603149 1
63 32 241.141052246 1
63 32 241.25932312 1
63 32 243.304916382 1
63 32 243.450180054 1
63 32 244.056411743 1
63 32 245.200180054 1
63 32 245.270050049 1
63 32 246.214950562 1
63 32 246.35307312 1
63 32 246.881317139 1
63 32 247.034454346 1
63 32 247.089279175 1
63 32 248.082290649 1
63 32 248.146972656 1
63 32 249.52935791 1
63 32 250.558761597 1
63 32 251.239562988 1
63 32 251.353027344 1
63 32 251.756729126 1
63 32 251.95741272 1
63 32 253.078689575 1
63 32 253.389450073 1
63 32 254.050872803 1
63 32 254.743362427 1
63 32 255.909362793 1
63 32 256.229614258 1
63 32 257.372680664 1
63 32 257.427276611 1
63 32 258.116760254 1
63 32 258.285644531 1
63 32 258.74206543 1
63 32 258.7527771 1
63 32 259.132659912 1
63 32 262.340454102 1
63 32 262.360900879 1
63 32 262.396514893 1
63 32 262.552703857 1
63 32 262.972869873 1
63 32 263.688568115 1
63 32 266.237518311 1
63 32 266.468017578 1
63 32 266.703918457 1
63 32 266.718383789 1
63 32 266.843841553 1
63 32 266.996490479 1
63 32 268.379150391 1
63 32 268.428833008 1
63 32 269.173950195 1
63 32 269.665588379 1
63 32 270.138275146 1
63 32 271.415893555 1
63 32 276.296020508 1
63 32 276.72857666 1
63 32 277.656219482 1
63 32 279.594421387 1
63 32 279.912506104 1
63 32 280.249725342 1
63 32 280.48034668 1
63 32 281.358734131 1
63 32 283.128601074 1
63 32 283.979980469 1
63 32 283.982788086 1
63 32 284.508666992 1
63 32 284.546478271 1
63 32 285.696258545 1
63 32 286.170410156 1
63 32 286.35925293 1
63 32 286.796783447 1
63 32 287.934143066 1
63 32 289.024200439 1
63 32 290.394012451 1
63 32 290.637939453 1
63 32 290.826507568 1
63 32 291.787353516 1
63 32 292.110687256 1
63 32 292.385681152 1
63 32 292.433929443 1
63 32 292.591003418 1
63 32 292.831115723 1
63 32 293.336120605 1
63 32 295.223083496 1
63 32 296.050598145 1
63 32 296.932067871 1
63 32 298.329376221 1
63 32 298.882568359 1
63 32 300.739379883 1
63 32 301.956726074 1
63 32 303.512756348 1
63 32 303.519897461 1
63 32 303.556427002 1
63 32 304.005432129 1
63 32 304.523406982 1
63 32 304.568939209 1
63 32 306.121704102 1
63 32 306.149139404 1
63 32 306.14956665 1
63 32 306.649505615 1
63 32 306.92956543 1
63 32 309.000244141 1
63 32 309.588409424 1
63 32 310.697052002 1
63 32 310.999755859 1
63 32 312.334014893 1
63 32 312.945129395 1
63 32 313.234924316 1
63 32 313.268768311 1
63 32 314.932006836 1
63 32 315.987762451 1
63 32 316.177429199 1
63 32 316.936462402 1
63 32 317.336639404 1
63 32 317.838745117 1
63 32 319.13772583 1
63 32 320.530975342 1
63 32 321.672027588 1
63 32 322.865692139 1
63 32 324.921325684 1
63 32 326.216125488 1
63 32 326.804046631 1
63 32 328.342987061 1
63 32 328.75579834 1
63 32 330.54107666 1
63 32 331.707702637 1
63 32 334.41998291 1
63 32 334.618286133 1
63 32 335.747253418 1
63 32 336.026489258 1
63 32 336.037353516 1
63 32 336.385986328 1
63 32 337.267547607 1
63 32 337.654754639 1
63 32 340.92755127 1
63 32 341.90802002 1
63 32 342.593383789 1
63 32 344.424621582 1
63 32 344.87387085 1
63 32 346.700592041 1
63 32 347.5519104 1
63 32 347.609222412 1
63 32 348.197723389 1
63 32 348.204315186 1
63 32 348.505218506 1
63 32 349.889099121 1
63 32 351.762542725 1
63 32 352.549316406 1
63 32 353.712890625 1
63 32 354.901611328 1
63 32 355.356323242 1
63 32 358.181213379 1
63 32 358.868377686 1
63 32 359.31362915 1
63 32 362.671417236 1
63 32 362.958679199 1
63 32 364.3828125 1
63 32 364.603118896 1
63 32 367.030670166 1
63 32 367.211730957 1
63 32 367.447052002 1
63 32 368.40512085 1
63 32 369.098052979 1
63 32 370.690246582 1
63 32 371.462921143 1
63 32 371.993347168 1
63 32 373.671112061 1
63 32 375.378692627 1
63 32 384.87008667 1
63 32 386.236297607 1
63 32 387.891357422 1
63 32 388.754394531 1
63 32 390.312713623 1
63 32 390.460479736 1
63 32 393.20501709 1
63 32 393.24130249 1
63 32 396.207000732 1
63 32 396.216888428 1
63 32 398.129669189 1
63 32 398.222991943 1
63 32 400.769897461 1
63 32 402.215148926 1
63 32 402.546936035 1
63 32 403.842163086 1
63 32 408.598419189 1
63 32 410.834899902 1
63 32 412.637542725 1
63 32 415.117828369 1
63 32 415.711669922 1
63 32 417.592895508 1
63 32 419.076293945 1
63 32 420.492828369 1
63 32 421.857116699 1
63 32 422.696044922 1
63 32 423.060089111 1
63 32 423.388824463 1
63 32 432.749603271 1
63 32 433.509155273 1
63 32 434.980163574 1
63 32 443.232208252 1
63 32 443.61038208 1
63 32 444.344909668 1
63 32 450.197631836 1
63 32 450.75881958 1
63 32 457.430206299 1
63 32 458.134643555 1
63 32 458.626464844 1
63 32 459.137298584 1
63 32 460.233642578 1
63 32 461.717010498 1
63 32 465.767059326 1
63 32 467.795776367 1
63 32 470.042297363 1
63 32 472.457611084 1
63 32 475.163208008 1
63 32 477.812469482 1
63 32 482.325531006 1
63 32 484.89956665 1
63 32 494.737579346 1
63 32 495.38848877 1
63 32 508.998352051 1
63 32 511.539520264 1
63 32 513.27722168 1
63 32 515.724243164 1
63 32 523.520751953 1
63 32 528.304138184 1
63 32 529.744445801 1
63 32 529.745544434 1
63 32 535.01184082 1
63 32 555.767944336 1
63 32 557.348510742 1
63 32 557.991516113 1
63 32 579.145629883 1
63 32 583.758117676 1
63 32 586.651062012 1
63 32 593.700439453 1
63 32 603.932556152 1
63 32 604.136535645 1
63 32 606.848632812 1
63 32 617.735534668 1
63 32 639.494506836 1
63 32 644.546142578 1
63 32 664.655944824 1
63 32 696.734008789 1
63 32 722.116394043 1
63 32 749.188598633 1
63 32 751.727661133 1
63 32 757.121520996 1
63 32 766.936950684 1
63 32 771.929321289 1
63 32 782.926391602 1
63 32 825.219665527 1
63 32 858.998596191 1
63 32 893.932617188 1
63 32 912.1953125 1
63 32 925.683105469 1
63 32 1069.74487305 1
63 32 1089.50048828 1
63 32 1121.27392578 1
63 32 1140.10693359 1
63 32 1154.87060547 1
63 32 1554.1784668 1
63 32 1626.26049805 1
63 33 306.574920654 1
63 33 312.788757324 1
63 33 319.689453125 1
63 33 322.858306885 1
63 33 331.143585205 1
63 33 331.234161377 1
63 33 331.332763672 1
63 33 341.100067139 1
63 33 342.827026367 1
63 33 349.96786499 1
63 33 354.370666504 1
63 33 356.02532959 1
63 33 361.309570312 1
63 33 362.798309326 1
63 33 362.79977417 1
63 33 368.049835205 1
63 33 378.861022949 1
63 33 388.059265137 1
63 33 388.718658447 1
63 33 392.575744629 1
63 33 395.088256836 1
63 33 395.903686523 1
63 33 399.468292236 1
63 33 405.011230469 1
63 33 405.959381104 1
63 33 409.63192749 1
63 33 409.790618896 1
63 33 409.863311768 1
63 33 413.890167236 1
63 33 419.344451904 1
63 33 419.418212891 1
63 33 421.211395264 1
63 33 422.012878418 1
63 33 423.86239624 1
63 33 437.483734131 1
63 33 454.503234863 1
63 33 456.293762207 1
63 33 461.549224854 1
63 33 469.417785645 1
63 33 481.883575439 1
63 33 482.117523193 1
63 33 484.388000488 1
63 33 504.344421387 1
63 33 512.136230469 1
63 33 518.420288086 1
63 33 518.930236816 1
63 33 543.997558594 1
63 33 548.250305176 1
63 33 549.106262207 1
63 33 565.184448242 1
63 33 577.830566406 1
63 33 596.321166992 1
63 33 606.723876953 1
63 33 638.445800781 1
63 33 644.862609863 1
63 33 658.601379395 1
63 33 693.277709961 1
63 33 748.840881348 1
63 33 790.893615723 1
63 33 831.823547363 1
63 34 401.316467285 1
63 34 439.095001221 1
63 34 469.037780762 1
63 34 502.693908691 1
63 34 550.104553223 1
63 34 574.346557617 1
63 34 582.850769043 1
63 34 597.191894531 1
63 34 733.287231445 1
63 34 776.967773438 1
63 34 785.739929199 1
63 34 979.136413574 1
64 20 1657.09155273 1
64 23 967.32800293 1
64 24 1822.68066406 1
64 24 2203.43701172 1
64 27 809.114807129 1
64 27 831.59777832 1
64 27 834.855041504 1
64 27 838.352172852 1
64 27 848.559509277 1
64 27 891.005004883 1
64 27 939.435546875 1
64 27 949.213500977 1
64 27 962.209777832 1
64 27 1018.04595947 1
64 27 1072.07128906 1
64 27 1093.1920166 1
64 27 1100.80566406 1
64 27 1101.33618164 1
64 27 1453.96960449 1
64 27 1454.71484375 1
64 27 1552.71008301 1
64 27 3121.90209961 1
64 28 760.884521484 1
64 28 784.280517578 1
64 28 850.76739502 1
64 28 888.70501709 1
64 28 997.617980957 1
64 28 1160.43151855 1
64 28 1544.11999512 1
64 28 1544.18225098 1
64 28 1831.11828613 1
64 28 2426.86279297 1
64 29 673.77142334 1
64 29 715.919006348 1
64 29 804.33795166 1
64 29 862.046081543 1
64 29 869.341369629 1
64 29 872.213378906 1
64 29 904.362670898 1
64 29 946.822387695 1
64 29 1049.27502441 1
64 29 1112.35961914 1
64 29 1153.14819336 1
64 29 1159.20068359 1
64 29 1269.4206543 1
64 29 1291.24438477 1
64 29 1308.00512695 1
64 29 1488.52734375 1
64 29 1519.57507324 1
64 29 1637.46643066 1
64 29 2054.91235352 1
64 30 707.94708252 1
64 30 740.342712402 1
64 30 825.369812012 1
64 30 831.676086426 1
64 30 918.840393066 1
64 30 987.33996582 1
64 30 1146.0567627 1
64 30 1197.21057129 1
64 30 1204.07836914 1
64 30 1279.88525391 1
64 30 1705.91137695 1
64 31 632.97467041 1
64 31 697.11932373 1
64 31 701.673217773 1
64 31 722.002746582 1
64 31 738.30645752 1
64 31 752.424316406 1
64 31 837.905395508 1
64 31 875.169006348 1
64 31 875.449951172 1
64 31 911.49206543 1
64 31 941.268981934 1
64 31 1077.64025879 1
64 31 1135.43249512 1
64 31 1142.39257812 1
64 31 1216.23571777 1
64 31 1256.11547852 1
64 31 1513.42749023 1
64 32 678.547607422 1
64 32 781.485656738 1
64 32 810.989868164 1
64 32 828.334960938 1
64 32 829.673461914 1
64 32 870.949645996 1
64 32 888.668579102 1
64 32 915.179321289 1
64 32 976.946716309 1
64 32 1062.83312988 1
64 32 1075.16845703 1
64 32 1230.51000977 1
64 32 1462.83740234 1
64 33 960.776733398 1
64 33 1010.85473633 1
64 33 1210.0657959 1
64 33 1634.54528809 1
65 31 2386.9597168 1
69 22 1925.58288574 1
69 26 1354.33508301 1
69 29 1741.65893555 1
69 30 1494.98608398 1
69 31 2250.91113281 1
69 32 2112.77294922 1
70 22 1197.57678223 1
70 24 1182.8795166 1
70 24 1189.81567383 1
70 24 1969.07104492 1
70 24 2123.64624023 1
70 25 911.242004395 1
70 25 1054.11560059 1
70 25 1114.37011719 1
70 25 1121.70715332 1
70 25 1132.95910645 1
70 25 1186.46704102 1
70 26 900.507202148 1
70 26 942.390136719 1
70 26 944.278503418 1
70 26 962.481933594 1
70 26 962.965393066 1
70 26 1064.5489502 1
70 26 1271.80126953 1
70 26 2812.70581055 1
70 27 756.43157959 1
70 27 803.145446777 1
70 27 807.26184082 1
70 27 891.839355469 1
70 27 919.092712402 1
70 27 930.212036133 1
70 27 972.947692871 1
70 27 1174.10583496 1
70 27 1287.13952637 1
70 27 1383.95825195 1
70 27 1730.81237793 1
70 28 728.359130859 1
70 28 730.355895996 1
70 28 753.870056152 1
70 28 790.915100098 1
70 28 824.335754395 1
70 28 827.126708984 1
70 28 834.581298828 1
70 28 835.630859375 1
70 28 874.088256836 1
70 28 885.203796387 1
70 28 890.059082031 1
70 28 901.564575195 1
70 28 1079.23291016 1
70 28 1127.63024902 1
70 28 1158.86462402 1
70 28 1220.27380371 1
70 28 1251.41662598 1
70 28 1471.49658203 1
70 28 1635.60253906 1
70 28 1791.35839844 1
70 28 1797.6574707 1
70 28 2033.36767578 1
70 29 724.725280762 1
70 29 767.167480469 1
70 29 796.583190918 1
70 29 851.249572754 1
70 29 909.289611816 1
70 29 927.283996582 1
70 29 961.718383789 1
70 29 973.860412598 1
70 29 1006.61444092 1
70 29 1066.05639648 1
70 29 1080.20812988 1
70 29 1096.41479492 1
70 29 1121.50061035 1
70 29 1169.07263184 1
70 29 1202.89916992 1
70 29 1230.97814941 1
70 29 1299.38659668 1
70 29 1311.96948242 1
70 29 1356.4744873 1
70 29 1496.18762207 1
70 30 736.207641602 1
70 30 849.779052734 1
70 30 850.898071289 1
70 30 1018.74407959 1
70 30 1077.35998535 1
70 30 1084.53259277 1
70 30 1386.94396973 1
70 30 1530.84936523 1
70 30 1807.203125 1
70 30 1851.17956543 1
70 31 962.578125 1
70 31 1037.47949219 1
70 31 1072.31896973 1
70 31 1150.88696289 1
70 31 1248.66113281 1
70 31 1689.87182617 1
70 32 773.238647461 1
70 32 842.634155273 1
70 32 1239.66296387 1
70 32 1291.22363281 1
70 32 1377.45654297 1
70 32 3410.11499023 1
71 19 1719.22460938 1
71 20 1327.32080078 1
71 20 1441.18945312 1
71 21 1242.8626709 1
71 23 1524.20861816 1
71 24 911.220947266 1
71 24 1732.78039551 1
71 25 1288.08874512 1
71 25 2405.07299805 1
71 26 785.989807129 1
71 26 798.155517578 1
71 26 874.018859863 1
71 26 879.358764648 1
71 26 890.216125488 1
71 26 893.750366211 1
71 26 897.785827637 1
71 26 907.087341309 1
71 26 932.63458252 1
71 26 1161.28930664 1
71 26 1238.77441406 1
71 26 1657.23400879 1
71 26 2350.28125 1
71 27 720.048522949 1
71 27 811.204223633 1
71 27 976.158874512 1
71 27 1023.44744873 1
71 27 1175.39624023 1
71 27 1221.00500488 1
71 27 1234.56140137 1
71 27 1270.94934082 1
71 27 1529.79077148 1
71 27 1569.30029297 1
71 28 722.420593262 1
71 28 760.981384277 1
71 28 761.703674316 1
71 28 766.674865723 1
71 28 791.38067627 1
71 28 851.32421875 1
71 28 872.35925293 1
71 28 919.508178711 1
71 28 957.651977539 1
71 28 964.679870605 1
71 28 1036.69213867 1
71 28 1049.28112793 1
71 28 1115.73925781 1
71 28 1124.7520752 1
71 28 1234.7755127 1
71 28 1439.88183594 1
71 28 1739.35583496 1
71 29 706.694580078 1
71 29 743.125915527 1
71 29 762.494445801 1
71 29 797.321838379 1
71 29 812.15222168 1
71 29 822.281311035 1
71 29 852.141967773 1
71 29 868.844482422 1
71 29 985.266784668 1
71 29 986.61315918 1
71 29 1006.74249268 1
71 29 1264.61303711 1
71 29 1343.50219727 1
71 29 1434.45446777 1
71 29 2077.26147461 1
71 30 879.010620117 1
71 30 938.053405762 1
71 30 968.63873291 1
71 30 1050.82116699 1
71 30 1105.89038086 1
71 30 1129.30773926 1
71 30 1225.39733887 1
71 30 1689.59594727 1
71 31 806.812683105 1
71 31 853.090576172 1
71 31 871.628356934 1
71 31 918.29901123 1
71 31 955.814208984 1
71 31 1021.31390381 1
71 31 1116.2623291 1
71 32 752.6953125 1
71 32 904.795471191 1
71 32 1461.06408691 1
71 32 1599.16577148 1
72 30 1260.44287109 1
76 28 1421.0456543 1
76 28 1597.20227051 1
76 30 1945.08935547 1
77 24 1359.56298828 1
77 24 3402.04931641 1
77 25 1660.92053223 1
77 26 1249.13317871 1
77 26 1706.4432373 1
77 27 1561.09191895 1
77 29 2752.18066406 1
78 29 1708.64941406 1
78 33 3880.57543945 1
