string dom time hits
44 28 1718.3392334 1
45 24 1921.01513672 1
45 28 1388.62390137 1
53 21 2157.49462891 1
53 26 3115.81225586 1
53 28 1791.16088867 1
54 18 1938.13623047 1
54 23 1043.71972656 1
54 24 1046.18664551 1
54 24 1056.32678223 1
54 25 741.372253418 1
54 26 1099.67321777 1
54 26 1249.86523438 1
54 27 712.801757812 1
54 27 854.907470703 1
54 27 876.194396973 1
54 27 903.673095703 1
54 27 985.705749512 1
54 27 1192.98486328 1
54 27 1386.18444824 1
54 27 1434.32128906 1
54 27 1733.39111328 1
54 28 727.420654297 1
54 28 781.911010742 1
54 28 845.775024414 1
54 28 1043.97180176 1
54 28 1091.32128906 1
54 28 1466.81091309 1
54 28 1728.47106934 1
54 28 1863.77233887 1
54 28 2389.88037109 1
54 29 710.328979492 1
54 29 758.301513672 1
54 29 786.479309082 1
54 29 820.430786133 1
54 29 825.998352051 1
54 29 904.335571289 1
54 29 952.91796875 1
54 29 977.484130859 1
54 29 1286.16442871 1
54 29 1623.04101562 1
54 29 2383.84350586 1
54 30 705.079406738 1
54 30 741.842102051 1
54 30 757.238891602 1
54 30 813.575683594 1
54 30 908.136474609 1
54 30 950.234130859 1
54 30 1175.5723877 1
54 30 1205.77404785 1
54 30 1655.96166992 1
54 30 2335.73071289 1
54 31 1262.02807617 1
54 31 1514.94482422 1
54 31 1669.00366211 1
55 20 1325.56896973 1
55 20 1424.6348877 1
55 22 1305.21679688 1
55 24 1323.37390137 1
55 24 1478.4197998 1
55 24 1618.67675781 1
55 25 1608.1739502 1
55 26 791.092956543 1
55 26 794.838378906 1
55 26 837.840576172 1
55 26 951.625427246 1
55 26 971.007080078 1
55 26 1198.70800781 1
55 26 1489.81518555 1
55 26 1854.8795166 1
55 27 887.046630859 1
55 27 954.036254883 1
55 27 1355.03088379 1
55 28 678.293579102 1
55 28 818.171142578 1
55 28 868.398071289 1
55 28 881.58807373 1
55 28 887.857116699 1
55 28 961.827209473 1
55 28 1008.75408936 1
55 28 1023.49182129 1
55 29 724.818847656 1
55 29 750.878540039 1
55 29 830.28515625 1
55 29 1081.61376953 1
55 29 1228.54748535 1
55 30 730.74017334 1
55 30 796.404846191 1
55 31 1300.37341309 1
55 32 750.080322266 1
55 32 784.001831055 1
55 32 1048.41040039 1
55 32 1327.4083252 1
56 22 1954.9465332 1
56 28 1320.97009277 1
62 18 2189.75366211 1
62 19 2668.54638672 1
62 20 1396.34155273 1
62 23 1254.02111816 1
62 24 1061.03564453 1
62 24 1440.46887207 1
62 25 1163.96765137 1
62 26 825.983459473 1
62 26 832.382751465 1
62 26 835.382385254 1
62 26 877.470092773 1
62 26 921.55291748 1
62 26 1031.3125 1
62 26 1090.85949707 1
62 26 1272.24694824 1
62 27 695.066833496 1
62 27 730.394165039 1
62 27 735.50604248 1
62 27 789.998779297 1
62 27 840.582214355 1
62 27 967.764587402 1
62 28 692.219055176 1
62 28 730.820373535 1
62 28 734.202392578 1
62 28 1016.47589111 1
62 28 1181.64660645 1
62 28 1241.53723145 1
62 28 1262.74523926 1
62 28 1685.82165527 1
62 28 2045.0480957 1
62 29 640.755004883 1
62 29 644.833740234 1
62 29 691.657226562 1
62 29 797.681091309 1
62 29 806.960632324 1
62 29 846.866516113 1
62 29 1031.51989746 1
62 29 1057.21875 1
62 29 1427.53796387 1
62 30 798.705627441 1
62 30 803.727905273 1
62 30 1110.85522461 1
62 30 1134.57189941 1
62 30 1231.0423584 1
62 30 1324.36547852 1
62 31 701.162902832 1
62 31 810.034057617 1
62 31 829.021118164 1
62 31 1216.7130127 1
62 32 837.664001465 1
62 32 907.872619629 1
63 21 938.673583984 1
63 21 1672.39404297 1
63 21 1696.31958008 1
63 22 750.69354248 1
63 22 777.071228027 1
63 22 848.712585449 1
63 22 1033.39904785 1
63 22 1196.72460938 1
63 22 1454.94091797 1
63 23 639.491760254 1
63 23 698.89855957 1
63 23 731.731384277 1
63 23 774.9140625 1
63 23 795.917724609 1
63 23 1026.90014648 1
63 23 1141.02392578 1
63 23 1157.17602539 1
63 23 1366.04638672 1
63 23 1559.16943359 1
63 24 527.646484375 1
63 24 542.523803711 1
63 24 576.681213379 1
63 24 610.48828125 1
63 24 627.053955078 1
63 24 630.802368164 1
63 24 654.19921875 1
63 24 658.342773438 1
63 24 665.283325195 1
63 24 689.79083252 1
63 24 757.062316895 1
63 24 763.010620117 1
63 24 814.962524414 1
63 24 964.932739258 1
63 24 988.196838379 1
63 24 996.191894531 1
63 24 1073.66027832 1
63 24 1159.90307617 1
63 24 1431.6697998 1
63 24 1591.15673828 1
63 24 1661.86755371 1
63 24 2183.07983398 1
63 25 431.228179932 1
63 25 439.360015869 1
63 25 446.895507812 1
63 25 449.94342041 1
63 25 452.204681396 1
63 25 453.827606201 1
63 25 454.187042236 1
63 25 466.890716553 1
63 25 467.078277588 1
63 25 469.430999756 1
63 25 470.52633667 1
63 25 473.565032959 1
63 25 473.611816406 1
63 25 473.877075195 1
63 25 476.151031494 1
63 25 483.991668701 1
63 25 487.317657471 1
63 25 491.524780273 1
63 25 494.389404297 1
63 25 504.383911133 1
63 25 505.17489624 1
63 25 514.13293457 1
63 25 514.666137695 1
63 25 527.941589355 1
63 25 556.682800293 1
63 25 574.122802734 1
63 25 578.46484375 1
63 25 581.059265137 1
63 25 582.270996094 1
63 25 599.390625 1
63 25 610.488769531 1
63 25 622.215026855 1
63 25 633.187316895 1
63 25 655.81842041 1
63 25 699.737548828 1
63 25 725.088134766 1
63 25 725.292602539 1
63 25 750.184326172 1
63 25 761.763916016 1
63 25 765.099914551 1
63 25 831.137634277 1
63 25 856.417480469 1
63 25 915.577575684 1
63 25 931.733398438 1
63 25 1004.19732666 1
63 25 1032.53747559 1
63 25 1120.43615723 1
63 25 1171.69958496 1
63 26 313.21395874 1
63 26 329.09262085 1
63 26 333.650360107 1
63 26 333.762695312 1
63 26 334.135223389 1
63 26 335.41897583 1
63 26 335.896911621 1
63 26 338.098205566 1
63 26 343.222839355 1
63 26 344.824981689 1
63 26 345.919250488 1
63 26 346.892425537 1
63 26 347.589996338 1
63 26 347.851898193 1
63 26 349.164001465 1
63 26 350.070587158 1
63 26 353.05682373 1
63 26 355.1534729 1
63 26 355.693969727 1
63 26 356.546691895 1
63 26 358.269165039 1
63 26 358.937164307 1
63 26 360.315612793 1
63 26 361.268035889 1
63 26 365.052032471 1
63 26 365.946472168 1
63 26 365.999816895 1
63 26 366.440246582 1
63 26 367.207061768 1
63 26 369.252563477 1
63 26 369.681640625 1
63 26 373.047729492 1
63 26 373.335174561 1
63 26 375.759307861 1
63 26 376.809417725 1
63 26 379.605926514 1
63 26 380.512542725 1
63 26 380.652984619 1
63 26 380.854034424 1
63 26 381.029754639 1
63 26 381.253448486 1
63 26 382.571228027 1
63 26 382.6300354 1
63 26 383.86819458 1
63 26 384.197692871 1
63 26 384.437164307 1
63 26 384.597625732 1
63 26 385.514282227 1
63 26 388.48727417 1
63 26 389.555267334 1
63 26 389.652191162 1
63 26 390.130004883 1
63 26 390.242614746 1
63 26 390.446563721 1
63 26 391.152740479 1
63 26 391.216888428 1
63 26 392.994567871 1
63 26 393.187438965 1
63 26 393.69039917 1
63 26 394.066345215 1
63 26 394.991241455 1
63 26 397.374816895 1
63 26 398.699707031 1
63 26 403.033477783 1
63 26 405.540222168 1
63 26 407.160644531 1
63 26 409.924255371 1
63 26 410.388092041 1
63 26 412.032287598 1
63 26 414.343017578 1
63 26 417.408325195 1
63 26 425.193115234 1
63 26 428.056030273 1
63 26 429.437042236 1
63 26 429.572723389 1
63 26 429.960998535 1
63 26 430.509521484 1
63 26 431.359313965 1
63 26 437.314666748 1
63 26 438.111419678 1
63 26 440.238983154 1
63 26 443.284454346 1
63 26 445.17401123 1
63 26 445.21496582 1
63 26 446.502044678 1
63 26 447.340148926 1
63 26 448.393218994 1
63 26 450.067260742 1
63 26 451.107452393 1
63 26 454.102172852 1
63 26 455.218475342 1
63 26 460.70614624 1
63 26 478.300994873 1
63 26 480.386566162 1
63 26 497.344696045 1
63 26 500.523162842 1
63 26 506.42956543 1
63 26 516.407531738 1
63 26 520.565551758 1
63 26 528.201416016 1
63 26 528.330871582 1
63 26 529.334594727 1
63 26 530.559082031 1
63 26 531.856872559 1
63 26 549.602355957 1
63 26 560.444458008 1
63 26 567.392089844 1
63 26 570.803466797 1
63 26 578.298950195 1
63 26 590.721801758 1
63 26 592.332275391 1
63 26 592.602783203 1
63 26 603.723632812 1
63 26 604.586120605 1
63 26 611.860473633 1
63 26 620.487060547 1
63 26 625.535217285 1
63 26 628.034606934 1
63 26 672.684020996 1
63 26 674.095153809 1
63 26 695.811096191 1
63 26 699.024902344 1
63 26 725.916564941 1
63 26 732.301086426 1
63 26 753.580200195 1
63 26 760.450622559 1
63 26 769.337463379 1
63 26 807.051208496 1
63 26 835.446655273 1
63 26 878.237182617 1
63 26 937.707641602 1
63 26 1017.93438721 1
63 26 1071.82580566 1
63 26 1163.12646484 1
63 26 1186.6529541 1
63 26 1324.96728516 1
63 26 1365.4387207 1
63 27 242.747039795 1
63 27 243.085876465 1
63 27 243.621200562 1
63 27 244.035049438 1
63 27 245.146621704 1
63 27 246.94833374 1
63 27 247.033752441 1
63 27 247.213485718 1
63 27 247.297790527 1
63 27 249.509338379 1
63 27 249.518203735 1
63 27 249.797668457 1
63 27 249.894348145 1
63 27 250.250839233 1
63 27 250.604431152 1
63 27 251.003738403 1
63 27 251.390228271 1
63 27 251.396972656 1
63 27 252.326644897 1
63 27 253.121704102 1
63 27 253.121932983 1
63 27 253.427703857 1
63 27 253.817749023 1
63 27 254.002304077 1
63 27 254.243545532 1
63 27 254.527862549 1
63 27 254.68081665 1
63 27 255.680618286 1
63 27 256.035858154 1
63 27 256.577453613 1
63 27 256.702850342 1
63 27 256.807220459 1
63 27 256.853912354 1
63 27 256.977203369 1
63 27 257.011230469 1
63 27 257.014984131 1
63 27 257.826446533 1
63 27 258.256591797 1
63 27 258.558685303 1
63 27 258.703796387 1
63 27 258.802093506 1
63 27 258.858734131 1
63 27 258.965698242 1
63 27 259.054382324 1
63 27 259.415588379 1
63 27 259.622589111 1
63 27 260.112121582 1
63 27 260.297943115 1
63 27 260.524627686 1
63 27 260.923431396 1
63 27 261.426452637 1
63 27 261.440307617 1
63 27 261.49017334 1
63 27 261.496032715 1
63 27 261.59475708 1
63 27 261.621337891 1
63 27 261.64151001 1
63 27 262.442901611 1
63 27 262.638397217 1
63 27 262.643341064 1
63 27 263.014373779 1
63 27 263.737091064 1
63 27 263.910888672 1
63 27 263.93359375 1
63 27 264.10824585 1
63 27 264.185028076 1
63 27 264.397338867 1
63 27 264.691741943 1
63 27 265.245544434 1
63 27 265.463592529 1
63 27 265.48059082 1
63 27 265.575286865 1
63 27 265.610961914 1
63 27 265.632598877 1
63 27 265.8152771 1
63 27 266.081512451 1
63 27 266.192108154 1
63 27 266.442474365 1
63 27 266.532562256 1
63 27 266.597808838 1
63 27 267.111114502 1
63 27 267.133544922 1
63 27 268.027374268 1
63 27 268.302276611 1
63 27 268.44821167 1
63 27 269.141815186 1
63 27 269.558013916 1
63 27 269.640136719 1
63 27 269.648925781 1
63 27 270.0809021 1
63 27 270.198944092 1
63 27 270.255615234 1
63 27 270.728973389 1
63 27 270.977600098 1
63 27 271.00100708 1
63 27 271.224822998 1
63 27 271.481109619 1
63 27 272.182678223 1
63 27 272.314453125 1
63 27 272.510986328 1
63 27 272.532226562 1
63 27 272.633605957 1
63 27 272.724334717 1
63 27 272.978759766 1
63 27 273.560394287 1
63 27 273.642456055 1
63 27 273.955871582 1
63 27 274.319458008 1
63 27 274.423828125 1
63 27 274.673614502 1
63 27 274.874176025 1
63 27 275.634155273 1
63 27 276.105560303 1
63 27 276.125213623 1
63 27 276.53213501 1
63 27 276.646148682 1
63 27 276.85333252 1
63 27 277.11517334 1
63 27 277.14175415 1
63 27 277.203704834 1
63 27 277.618438721 1
63 27 277.76373291 1
63 27 278.324584961 1
63 27 278.324798584 1
63 27 278.67010498 1
63 27 278.737487793 1
63 27 279.211730957 1
63 27 279.265228271 1
63 27 279.359008789 1
63 27 279.5440979 1
63 27 279.586517334 1
63 27 279.637023926 1
63 27 279.931610107 1
63 27 280.400146484 1
63 27 280.977630615 1
63 27 281.205688477 1
63 27 281.316497803 1
63 27 281.521118164 1
63 27 282.005462646 1
63 27 282.415161133 1
63 27 282.550231934 1
63 27 282.701446533 1
63 27 282.74822998 1
63 27 282.911651611 1
63 27 282.928314209 1
63 27 282.979370117 1
63 27 283.133331299 1
63 27 283.940185547 1
63 27 284.579833984 1
63 27 284.695495605 1
63 27 285.294677734 1
63 27 285.587646484 1
63 27 285.779571533 1
63 27 286.298858643 1
63 27 286.947479248 1
63 27 287.286010742 1
63 27 287.399230957 1
63 27 287.617584229 1
63 27 287.859649658 1
63 27 287.874816895 1
63 27 288.033721924 1
63 27 288.423797607 1
63 27 288.601226807 1
63 27 288.768554688 1
63 27 289.240234375 1
63 27 291.067382812 1
63 27 291.214294434 1
63 27 291.713867188 1
63 27 291.870605469 1
63 27 291.930938721 1
63 27 292.450317383 1
63 27 293.114013672 1
63 27 293.719940186 1
63 27 294.818267822 1
63 27 295.249786377 1
63 27 295.935913086 1
63 27 296.499572754 1
63 27 296.677612305 1
63 27 297.634338379 1
63 27 300.115478516 1
63 27 300.350189209 1
63 27 300.954162598 1
63 27 301.457855225 1
63 27 302.879302979 1
63 27 303.559265137 1
63 27 303.589904785 1
63 27 303.596557617 1
63 27 303.816741943 1
63 27 304.561431885 1
63 27 305.341186523 1
63 27 305.487121582 1
63 27 307.449035645 1
63 27 308.234985352 1
63 27 309.084960938 1
63 27 309.426971436 1
63 27 310.268890381 1
63 27 310.538360596 1
63 27 310.722900391 1
63 27 310.937286377 1
63 27 310.942565918 1
63 27 310.985473633 1
63 27 311.456451416 1
63 27 312.243560791 1
63 27 312.429321289 1
63 27 313.290740967 1
63 27 314.390563965 1
63 27 314.541290283 1
63 27 315.004638672 1
63 27 318.236328125 1
63 27 319.799468994 1
63 27 320.903137207 1
63 27 321.187561035 1
63 27 321.799102783 1
63 27 322.365692139 1
63 27 324.115692139 1
63 27 324.471954346 1
63 27 326.262390137 1
63 27 326.743286133 1
63 27 327.401763916 1
63 27 328.756866455 1
63 27 329.446166992 1
63 27 330.193786621 1
63 27 331.754577637 1
63 27 333.758117676 1
63 27 334.011291504 1
63 27 334.426757812 1
63 27 336.143035889 1
63 27 336.543609619 1
63 27 340.057006836 1
63 27 340.663085938 1
63 27 343.723114014 1
63 27 344.197296143 1
63 27 346.79776001 1
63 27 346.999023438 1
63 27 349.072570801 1
63 27 349.41305542 1
63 27 350.646148682 1
63 27 350.939086914 1
63 27 352.342651367 1
63 27 356.348693848 1
63 27 356.566955566 1
63 27 356.740539551 1
63 27 356.751831055 1
63 27 359.935668945 1
63 27 360.503967285 1
63 27 360.514587402 1
63 27 362.743225098 1
63 27 365.538848877 1
63 27 366.663635254 1
63 27 366.93637085 1
63 27 367.462615967 1
63 27 368.168579102 1
63 27 371.006835938 1
63 27 372.875793457 1
63 27 375.062652588 1
63 27 375.081481934 1
63 27 376.518615723 1
63 27 380.578918457 1
63 27 381.660430908 1
63 27 382.809204102 1
63 27 384.77456665 1
63 27 385.394042969 1
63 27 385.933441162 1
63 27 391.624237061 1
63 27 392.676849365 1
63 27 396.067871094 1
63 27 401.123321533 1
63 27 401.291687012 1
63 27 401.77923584 1
63 27 405.814666748 1
63 27 412.970947266 1
63 27 413.389434814 1
63 27 414.42175293 1
63 27 414.921234131 1
63 27 414.934265137 1
63 27 421.343933105 1
63 27 427.563964844 1
63 27 428.143615723 1
63 27 441.545501709 1
63 27 441.978363037 1
63 27 444.980926514 1
63 27 445.620452881 1
63 27 453.321014404 1
63 27 453.525115967 1
63 27 463.023193359 1
63 27 468.74017334 1
63 27 469.067321777 1
63 27 477.899291992 1
63 27 481.283447266 1
63 27 483.391265869 1
63 27 491.975402832 1
63 27 505.997131348 1
63 27 506.208557129 1
63 27 518.987060547 1
63 27 522.857910156 1
63 27 526.682067871 1
63 27 528.155517578 1
63 27 539.81652832 1
63 27 539.910888672 1
63 27 542.054016113 1
63 27 543.352905273 1
63 27 544.011779785 1
63 27 560.842651367 1
63 27 565.471374512 1
63 27 565.840576172 1
63 27 570.094726562 1
63 27 586.082458496 1
63 27 590.795654297 1
63 27 595.37121582 1
63 27 602.332092285 1
63 27 616.033447266 1
63 27 618.475402832 1
63 27 623.16796875 1
63 27 641.25201416 1
63 27 655.737609863 1
63 27 669.175170898 1
63 27 683.038757324 1
63 27 699.562988281 1
63 27 712.92565918 1
63 27 715.438293457 1
63 27 782.423217773 1
63 27 805.782592773 1
63 27 828.490783691 1
63 27 851.770263672 1
63 27 866.536804199 1
63 27 876.981079102 1
63 27 912.396911621 1
63 27 994.790893555 1
63 27 1109.65026855 1
63 27 1273.49682617 1
63 27 1383.56945801 1
63 27 1555.10876465 1
63 28 160.813598633 1
63 28 161.281143188 1
63 28 161.490310669 1
63 28 162.208602905 1
63 28 162.353057861 1
63 28 162.358474731 1
63 28 162.675033569 1
63 28 162.713394165 1
63 28 163.553085327 1
63 28 163.896392822 1
63 28 164.187240601 1
63 28 164.301376343 1
63 28 164.375839233 1
63 28 164.789581299 1
63 28 164.824661255 1
63 28 164.831100464 1
63 28 164.881835938 1
63 28 164.949188232 1
63 28 165.060394287 1
63 28 165.274154663 1
63 28 165.364257812 1
63 28 165.455459595 1
63 28 165.526199341 1
63 28 165.765777588 1
63 28 165.845199585 1
63 28 166.284912109 1
63 28 166.387924194 1
63 28 166.437255859 1
63 28 166.484939575 1
63 28 166.608383179 1
63 28 166.717529297 1
63 28 167.05305481 1
63 28 167.068603516 1
63 28 167.200119019 1
63 28 167.377029419 1
63 28 167.389770508 1
63 28 167.492477417 1
63 28 167.496765137 1
63 28 167.538635254 1
63 28 167.874267578 1
63 28 167.998703003 1
63 28 168.037597656 1
63 28 168.068939209 1
63 28 168.167495728 1
63 28 168.226928711 1
63 28 168.39793396 1
63 28 168.444656372 1
63 28 168.496673584 1
63 28 168.556945801 1
63 28 168.559570312 1
63 28 168.623596191 1
63 28 168.785690308 1
63 28 168.980651855 1
63 28 168.987213135 1
63 28 169.197891235 1
63 28 169.23815918 1
63 28 169.252975464 1
63 28 169.277938843 1
63 28 169.336791992 1
63 28 169.370162964 1
63 28 169.412124634 1
63 28 169.453704834 1
63 28 169.463928223 1
63 28 169.649932861 1
63 28 169.668365479 1
63 28 169.722640991 1
63 28 169.742095947 1
63 28 169.76991272 1
63 28 169.822998047 1
63 28 169.937133789 1
63 28 169.999511719 1
63 28 170.009155273 1
63 28 170.090545654 1
63 28 170.212799072 1
63 28 170.332885742 1
63 28 170.343597412 1
63 28 170.355804443 1
63 28 170.433380127 1
63 28 170.518203735 1
63 28 170.587585449 1
63 28 170.617584229 1
63 28 170.620574951 1
63 28 170.650039673 1
63 28 170.690383911 1
63 28 170.721359253 1
63 28 170.911468506 1
63 28 170.949020386 1
63 28 170.98765564 1
63 28 171.111709595 1
63 28 171.309875488 1
63 28 171.370300293 1
63 28 171.415557861 1
63 28 171.502960205 1
63 28 171.555587769 1
63 28 171.596237183 1
63 28 171.647750854 1
63 28 171.710525513 1
63 28 171.836593628 1
63 28 171.899475098 1
63 28 171.924713135 1
63 28 171.977157593 1
63 28 172.00894165 1
63 28 172.009384155 1
63 28 172.06010437 1
63 28 172.141189575 1
63 28 172.145584106 1
63 28 172.149719238 1
63 28 172.162567139 1
63 28 172.249740601 1
63 28 172.341842651 1
63 28 172.418289185 1
63 28 172.419174194 1
63 28 172.437988281 1
63 28 172.559738159 1
63 28 172.615722656 1
63 28 172.645324707 1
63 28 172.814361572 1
63 28 172.853652954 1
63 28 172.940093994 1
63 28 172.991851807 1
63 28 173.008041382 1
63 28 173.147293091 1
63 28 173.162384033 1
63 28 173.229232788 1
63 28 173.258560181 1
63 28 173.328369141 1
63 28 173.425094604 1
63 28 173.505203247 1
63 28 173.582183838 1
63 28 173.623748779 1
63 28 173.654586792 1
63 28 173.657272339 1
63 28 173.67175293 1
63 28 173.763015747 1
63 28 173.894943237 1
63 28 173.957427979 1
63 28 173.990341187 1
63 28 174.068725586 1
63 28 174.094161987 1
63 28 174.129592896 1
63 28 174.174758911 1
63 28 174.23739624 1
63 28 174.293685913 1
63 28 174.307785034 1
63 28 174.393157959 1
63 28 174.67956543 1
63 28 174.712051392 1
63 28 174.739044189 1
63 28 174.74760437 1
63 28 174.796966553 1
63 28 174.85824585 1
63 28 174.971862793 1
63 28 175.01965332 1
63 28 175.049667358 1
63 28 175.06918335 1
63 28 175.128051758 1
63 28 175.135803223 1
63 28 175.142623901 1
63 28 175.195465088 1
63 28 175.333862305 1
63 28 175.392425537 1
63 28 175.440093994 1
63 28 175.459747314 1
63 28 175.545211792 1
63 28 175.646728516 1
63 28 175.701187134 1
63 28 175.853134155 1
63 28 175.858215332 1
63 28 175.885025024 1
63 28 175.900695801 1
63 28 175.944061279 1
63 28 176.046112061 1
63 28 176.054031372 1
63 28 176.058700562 1
63 28 176.093780518 1
63 28 176.237731934 1
63 28 176.275253296 1
63 28 176.492172241 1
63 28 176.624359131 1
63 28 176.653656006 1
63 28 176.703140259 1
63 28 176.7159729 1
63 28 176.735824585 1
63 28 176.823272705 1
63 28 176.893341064 1
63 28 176.984207153 1
63 28 177.042617798 1
63 28 177.064697266 1
63 28 177.324493408 1
63 28 177.358139038 1
63 28 177.556427002 1
63 28 177.610153198 1
63 28 177.707275391 1
63 28 177.811645508 1
63 28 177.921417236 1
63 28 177.954330444 1
63 28 177.99458313 1
63 28 177.997024536 1
63 28 178.045043945 1
63 28 178.079299927 1
63 28 178.172485352 1
63 28 178.296646118 1
63 28 178.298828125 1
63 28 178.342819214 1
63 28 178.380187988 1
63 28 178.491897583 1
63 28 178.496520996 1
63 28 178.571029663 1
63 28 178.59765625 1
63 28 178.765045166 1
63 28 178.793045044 1
63 28 178.832122803 1
63 28 178.878417969 1
63 28 178.983444214 1
63 28 179.041564941 1
63 28 179.083099365 1
63 28 179.129623413 1
63 28 179.191497803 1
63 28 179.219085693 1
63 28 179.220077515 1
63 28 179.227478027 1
63 28 179.299301147 1
63 28 179.301345825 1
63 28 179.332550049 1
63 28 179.349487305 1
63 28 179.475967407 1
63 28 179.482879639 1
63 28 179.512268066 1
63 28 179.547332764 1
63 28 179.605117798 1
63 28 179.633636475 1
63 28 179.663131714 1
63 28 179.71421814 1
63 28 179.723358154 1
63 28 179.793457031 1
63 28 179.901107788 1
63 28 179.924423218 1
63 28 179.959152222 1
63 28 179.976364136 1
63 28 180.211715698 1
63 28 180.257598877 1
63 28 180.335479736 1
63 28 180.387512207 1
63 28 180.420806885 1
63 28 180.427993774 1
63 28 180.875411987 1
63 28 180.896957397 1
63 28 180.898681641 1
63 28 181.06111145 1
63 28 181.096817017 1
63 28 181.113861084 1
63 28 181.127731323 1
63 28 181.134078979 1
63 28 181.193893433 1
63 28 181.247268677 1
63 28 181.349746704 1
63 28 181.353012085 1
63 28 181.382736206 1
63 28 181.423416138 1
63 28 181.50340271 1
63 28 181.616516113 1
63 28 181.702713013 1
63 28 181.769485474 1
63 28 181.805206299 1
63 28 181.810821533 1
63 28 181.851409912 1
63 28 181.889694214 1
63 28 181.958770752 1
63 28 181.971466064 1
63 28 182.042190552 1
63 28 182.130126953 1
63 28 182.319152832 1
63 28 182.361022949 1
63 28 182.491287231 1
63 28 182.542449951 1
63 28 182.544845581 1
63 28 182.610427856 1
63 28 182.618377686 1
63 28 182.782440186 1
63 28 182.942367554 1
63 28 182.951065063 1
63 28 183.013336182 1
63 28 183.034866333 1
63 28 183.058074951 1
63 28 183.101242065 1
63 28 183.118057251 1
63 28 183.119277954 1
63 28 183.131637573 1
63 28 183.138671875 1
63 28 183.15411377 1
63 28 183.233718872 1
63 28 183.371231079 1
63 28 183.408599854 1
63 28 183.428848267 1
63 28 183.451522827 1
63 28 183.475799561 1
63 28 183.484558105 1
63 28 183.55506897 1
63 28 183.667495728 1
63 28 183.668945312 1
63 28 183.778213501 1
63 28 183.829238892 1
63 28 183.834381104 1
63 28 183.851043701 1
63 28 183.943222046 1
63 28 183.972000122 1
63 28 184.07623291 1
63 28 184.126815796 1
63 28 184.146087646 1
63 28 184.147613525 1
63 28 184.177383423 1
63 28 184.207611084 1
63 28 184.31072998 1
63 28 184.344619751 1
63 28 184.360107422 1
63 28 184.361816406 1
63 28 184.367507935 1
63 28 184.434387207 1
63 28 184.566238403 1
63 28 184.608016968 1
63 28 184.620819092 1
63 28 184.624145508 1
63 28 184.627975464 1
63 28 184.641555786 1
63 28 184.682098389 1
63 28 184.716247559 1
63 28 184.719894409 1
63 28 184.800003052 1
63 28 184.809570312 1
63 28 185.043670654 1
63 28 185.061080933 1
63 28 185.275924683 1
63 28 185.33241272 1
63 28 185.373565674 1
63 28 185.463745117 1
63 28 185.485961914 1
63 28 185.532913208 1
63 28 185.551483154 1
63 28 185.555343628 1
63 28 185.597702026 1
63 28 185.64944458 1
63 28 185.721801758 1
63 28 185.852706909 1
63 28 185.873748779 1
63 28 185.897903442 1
63 28 185.979171753 1
63 28 186.122451782 1
63 28 186.130905151 1
63 28 186.213226318 1
63 28 186.232589722 1
63 28 186.266677856 1
63 28 186.342010498 1
63 28 186.407424927 1
63 28 186.469863892 1
63 28 186.497589111 1
63 28 186.619873047 1
63 28 186.651168823 1
63 28 186.653106689 1
63 28 186.686904907 1
63 28 186.7318573 1
63 28 186.859970093 1
63 28 186.877349854 1
63 28 186.909225464 1
63 28 187.268753052 1
63 28 187.347167969 1
63 28 187.527572632 1
63 28 187.539550781 1
63 28 187.54246521 1
63 28 187.552963257 1
63 28 187.815231323 1
63 28 187.853424072 1
63 28 187.996749878 1
63 28 188.033447266 1
63 28 188.043502808 1
63 28 188.074905396 1
63 28 188.102645874 1
63 28 188.150848389 1
63 28 188.22833252 1
63 28 188.236877441 1
63 28 188.387359619 1
63 28 188.678878784 1
63 28 188.710723877 1
63 28 188.770019531 1
63 28 188.867950439 1
63 28 188.934997559 1
63 28 189.060165405 1
63 28 189.061569214 1
63 28 189.17388916 1
63 28 189.260360718 1
63 28 189.265258789 1
63 28 189.296722412 1
63 28 189.335723877 1
63 28 189.341369629 1
63 28 189.545532227 1
63 28 189.643875122 1
63 28 189.871887207 1
63 28 189.936141968 1
63 28 190.015563965 1
63 28 190.040313721 1
63 28 190.221252441 1
63 28 190.303817749 1
63 28 190.355102539 1
63 28 190.389007568 1
63 28 190.481811523 1
63 28 190.526245117 1
63 28 190.534194946 1
63 28 190.582992554 1
63 28 190.602416992 1
63 28 190.968765259 1
63 28 190.986480713 1
63 28 190.987716675 1
63 28 191.01449585 1
63 28 191.111907959 1
63 28 191.233169556 1
63 28 191.280853271 1
63 28 191.586807251 1
63 28 191.651687622 1
63 28 191.727279663 1
63 28 191.755981445 1
63 28 191.888977051 1
63 28 191.90914917 1
63 28 192.188369751 1
63 28 192.260101318 1
63 28 192.294342041 1
63 28 192.355606079 1
63 28 192.364303589 1
63 28 192.377288818 1
63 28 192.532012939 1
63 28 192.847946167 1
63 28 193.075515747 1
63 28 193.084182739 1
63 28 193.102813721 1
63 28 193.249603271 1
63 28 193.685577393 1
63 28 193.771514893 1
63 28 193.772186279 1
63 28 193.799026489 1
63 28 194.112045288 1
63 28 194.126205444 1
63 28 194.25352478 1
63 28 194.32232666 1
63 28 194.359283447 1
63 28 194.395690918 1
63 28 194.559677124 1
63 28 194.751251221 1
63 28 194.816299438 1
63 28 194.881607056 1
63 28 194.922531128 1
63 28 195.070098877 1
63 28 195.224945068 1
63 28 195.519943237 1
63 28 195.74420166 1
63 28 195.802810669 1
63 28 195.934158325 1
63 28 196.251449585 1
63 28 196.493682861 1
63 28 196.52243042 1
63 28 196.929977417 1
63 28 197.032958984 1
63 28 197.199386597 1
63 28 197.319274902 1
63 28 197.575042725 1
63 28 197.579086304 1
63 28 197.666381836 1
63 28 197.790222168 1
63 28 197.958023071 1
63 28 198.136657715 1
63 28 198.256988525 1
63 28 198.392883301 1
63 28 198.437744141 1
63 28 198.449829102 1
63 28 198.463577271 1
63 28 198.508422852 1
63 28 198.545654297 1
63 28 198.63369751 1
63 28 198.834869385 1
63 28 199.224105835 1
63 28 199.329101562 1
63 28 199.409973145 1
63 28 199.731292725 1
63 28 199.826431274 1
63 28 199.835739136 1
63 28 199.838195801 1
63 28 200.010192871 1
63 28 200.092224121 1
63 28 200.350372314 1
63 28 200.96711731 1
63 28 201.205810547 1
63 28 201.224014282 1
63 28 201.33555603 1
63 28 201.617660522 1
63 28 201.654571533 1
63 28 201.685791016 1
63 28 201.934341431 1
63 28 202.126937866 1
63 28 202.516540527 1
63 28 202.648025513 1
63 28 202.809356689 1
63 28 202.934844971 1
63 28 203.039855957 1
63 28 203.243942261 1
63 28 203.369903564 1
63 28 203.434249878 1
63 28 203.536254883 1
63 28 203.543563843 1
63 28 203.689712524 1
63 28 203.697967529 1
63 28 203.949310303 1
63 28 204.010391235 1
63 28 204.257110596 1
63 28 204.260574341 1
63 28 204.279373169 1
63 28 204.326721191 1
63 28 204.432556152 1
63 28 204.541244507 1
63 28 204.57673645 1
63 28 204.802108765 1
63 28 204.896865845 1
63 28 205.070602417 1
63 28 205.171722412 1
63 28 205.230224609 1
63 28 205.661270142 1
63 28 205.873031616 1
63 28 206.222076416 1
63 28 206.326751709 1
63 28 206.442886353 1
63 28 206.706726074 1
63 28 206.884277344 1
63 28 207.154907227 1
63 28 207.248123169 1
63 28 207.279022217 1
63 28 207.285980225 1
63 28 207.314544678 1
63 28 207.31463623 1
63 28 207.679168701 1
63 28 207.930984497 1
63 28 207.977127075 1
63 28 208.663803101 1
63 28 209.019851685 1
63 28 209.031784058 1
63 28 209.057159424 1
63 28 209.519699097 1
63 28 209.583786011 1
63 28 209.757232666 1
63 28 209.869659424 1
63 28 210.25692749 1
63 28 210.40145874 1
63 28 210.557891846 1
63 28 210.730056763 1
63 28 210.752944946 1
63 28 210.996383667 1
63 28 211.033615112 1
63 28 211.063415527 1
63 28 211.172027588 1
63 28 211.192733765 1
63 28 211.361846924 1
63 28 211.390869141 1
63 28 211.436553955 1
63 28 211.527236938 1
63 28 212.193023682 1
63 28 212.229187012 1
63 28 212.34664917 1
63 28 212.6665802 1
63 28 213.462478638 1
63 28 213.91859436 1
63 28 214.262313843 1
63 28 214.444671631 1
63 28 214.668945312 1
63 28 214.930725098 1
63 28 215.009277344 1
63 28 215.025817871 1
63 28 215.088256836 1
63 28 215.187438965 1
63 28 215.214172363 1
63 28 215.502944946 1
63 28 215.609741211 1
63 28 216.207595825 1
63 28 216.305053711 1
63 28 216.321640015 1
63 28 216.331359863 1
63 28 216.523605347 1
63 28 216.543182373 1
63 28 217.137420654 1
63 28 217.234039307 1
63 28 217.528244019 1
63 28 217.591217041 1
63 28 217.677932739 1
63 28 217.896896362 1
63 28 218.729537964 1
63 28 218.772857666 1
63 28 218.991928101 1
63 28 219.215591431 1
63 28 219.975738525 1
63 28 220.534820557 1
63 28 220.765975952 1
63 28 221.741622925 1
63 28 222.059509277 1
63 28 222.083084106 1
63 28 222.098098755 1
63 28 222.366668701 1
63 28 222.784637451 1
63 28 222.822143555 1
63 28 222.991333008 1
63 28 223.452713013 1
63 28 223.65927124 1
63 28 223.807769775 1
63 28 224.183441162 1
63 28 224.414810181 1
63 28 224.472137451 1
63 28 225.219146729 1
63 28 225.51322937 1
63 28 225.860931396 1
63 28 226.75302124 1
63 28 227.019165039 1
63 28 227.296203613 1
63 28 228.071609497 1
63 28 228.672286987 1
63 28 228.705093384 1
63 28 228.824462891 1
63 28 229.040328979 1
63 28 229.596160889 1
63 28 229.854171753 1
63 28 230.117645264 1
63 28 230.214675903 1
63 28 230.215454102 1
63 28 230.295501709 1
63 28 230.32019043 1
63 28 230.45274353 1
63 28 231.43208313 1
63 28 231.517181396 1
63 28 232.256713867 1
63 28 232.943832397 1
63 28 233.314575195 1
63 28 234.004333496 1
63 28 234.944030762 1
63 28 235.020233154 1
63 28 235.385543823 1
63 28 235.897460938 1
63 28 236.313781738 1
63 28 236.426635742 1
63 28 237.072021484 1
63 28 237.75239563 1
63 28 238.320907593 1
63 28 238.346847534 1
63 28 238.891540527 1
63 28 239.516143799 1
63 28 240.678756714 1
63 28 241.223709106 1
63 28 241.342987061 1
63 28 241.598815918 1
63 28 241.745162964 1
63 28 241.781646729 1
63 28 243.486679077 1
63 28 243.66758728 1
63 28 244.31388855 1
63 28 245.039611816 1
63 28 245.352706909 1
63 28 246.179077148 1
63 28 247.366333008 1
63 28 247.875213623 1
63 28 248.642364502 1
63 28 249.187866211 1
63 28 249.244552612 1
63 28 250.136230469 1
63 28 250.265487671 1
63 28 250.391265869 1
63 28 251.502731323 1
63 28 252.238861084 1
63 28 252.549545288 1
63 28 252.728652954 1
63 28 252.752716064 1
63 28 253.482910156 1
63 28 253.571228027 1
63 28 254.53855896 1
63 28 254.560852051 1
63 28 254.912094116 1
63 28 257.889526367 1
63 28 258.622497559 1
63 28 260.077331543 1
63 28 260.171813965 1
63 28 261.732727051 1
63 28 262.154571533 1
63 28 262.839416504 1
63 28 263.083862305 1
63 28 263.212463379 1
63 28 263.519622803 1
63 28 263.810974121 1
63 28 263.910400391 1
63 28 264.053741455 1
63 28 264.78918457 1
63 28 264.975097656 1
63 28 266.385253906 1
63 28 267.730560303 1
63 28 269.784362793 1
63 28 273.088134766 1
63 28 273.363708496 1
63 28 274.784667969 1
63 28 274.838745117 1
63 28 276.168701172 1
63 28 276.934997559 1
63 28 277.650390625 1
63 28 278.801361084 1
63 28 280.158050537 1
63 28 281.291809082 1
63 28 283.175872803 1
63 28 283.394622803 1
63 28 289.97454834 1
63 28 290.580413818 1
63 28 291.338134766 1
63 28 292.414154053 1
63 28 293.678436279 1
63 28 293.819488525 1
63 28 294.877258301 1
63 28 294.923187256 1
63 28 296.412597656 1
63 28 299.231048584 1
63 28 301.619689941 1
63 28 301.740325928 1
63 28 302.12197876 1
63 28 303.50088501 1
63 28 303.878082275 1
63 28 304.033966064 1
63 28 305.199371338 1
63 28 307.296478271 1
63 28 312.140228271 1
63 28 313.759490967 1
63 28 318.675933838 1
63 28 319.567474365 1
63 28 327.514099121 1
63 28 327.583557129 1
63 28 328.99911499 1
63 28 330.913879395 1
63 28 331.091186523 1
63 28 335.029174805 1
63 28 336.379425049 1
63 28 337.428283691 1
63 28 341.208526611 1
63 28 341.237701416 1
63 28 344.737030029 1
63 28 345.540985107 1
63 28 346.301300049 1
63 28 347.751251221 1
63 28 353.649108887 1
63 28 355.472351074 1
63 28 356.415893555 1
63 28 360.48236084 1
63 28 366.984039307 1
63 28 368.063232422 1
63 28 370.482696533 1
63 28 372.534393311 1
63 28 374.647064209 1
63 28 377.335723877 1
63 28 379.83114624 1
63 28 380.277496338 1
63 28 380.636688232 1
63 28 386.193450928 1
63 28 395.246124268 1
63 28 395.461212158 1
63 28 398.602874756 1
63 28 399.840301514 1
63 28 400.137908936 1
63 28 409.264282227 1
63 28 410.608551025 1
63 28 415.471099854 1
63 28 417.515411377 1
63 28 421.043273926 1
63 28 431.159088135 1
63 28 434.098968506 1
63 28 435.57989502 1
63 28 461.379241943 1
63 28 469.269805908 1
63 28 471.062408447 1
63 28 476.281097412 1
63 28 482.646850586 1
63 28 492.387634277 1
63 28 527.320373535 1
63 28 528.438476562 1
63 28 542.56817627 1
63 28 550.663635254 1
63 28 556.293823242 1
63 28 564.431884766 1
63 28 589.964904785 1
63 28 590.047180176 1
63 28 598.030578613 1
63 28 625.172912598 1
63 28 644.279907227 1
63 28 648.065246582 1
63 28 663.893859863 1
63 28 668.012329102 1
63 28 677.307739258 1
63 28 693.075500488 1
63 28 737.73815918 1
63 28 757.472412109 1
63 28 783.232055664 1
63 28 812.123718262 1
63 28 851.821044922 1
63 28 891.360656738 1
63 28 929.09161377 1
63 28 980.115478516 1
63 28 1084.2434082 1
63 28 1131.6229248 1
63 28 1283.50842285 1
63 28 1291.85314941 1
63 28 1369.97058105 1
63 28 1651.66491699 1
63 28 1775.68896484 1
63 28 1855.40234375 1
63 29 79.5570755005 1
63 29 79.9589691162 1
63 29 80.6505889893 1
63 29 80.8633270264 1
63 29 81.0436630249 1
63 29 81.0808792114 1
63 29 81.2176132202 1
63 29 81.3880233765 1
63 29 81.4453125 1
63 29 81.4977645874 1
63 29 81.5824661255 1
63 29 81.6691055298 1
63 29 81.809425354 1
63 29 81.8683929443 1
63 29 81.8970336914 1
63 29 81.8988723755 1
63 29 81.9045028687 1
63 29 81.9332580566 1
63 29 81.9490203857 1
63 29 81.9497299194 1
63 29 81.9569015503 1
63 29 82.1180038452 1
63 29 82.1220703125 1
63 29 82.1717758179 1
63 29 82.2484436035 1
63 29 82.3013916016 1
63 29 82.4722213745 1
63 29 82.5108261108 1
63 29 82.5190505981 1
63 29 82.5513763428 1
63 29 82.5908508301 1
63 29 82.5999221802 1
63 29 82.6156921387 1
63 29 82.6312484741 1
63 29 82.6418380737 1
63 29 82.6764678955 1
63 29 82.6773376465 1
63 29 82.7001876831 1
63 29 82.7644119263 1
63 29 82.7698364258 1
63 29 82.7976531982 1
63 29 82.8332901001 1
63 29 82.8977584839 1
63 29 82.9262084961 1
63 29 83.1394119263 1
63 29 83.1520385742 1
63 29 83.1608734131 1
63 29 83.1712417603 1
63 29 83.2769393921 1
63 29 83.3739700317 1
63 29 83.4295654297 1
63 29 83.4316940308 1
63 29 83.4487991333 1
63 29 83.4509124756 1
63 29 83.6176834106 1
63 29 83.7146148682 1
63 29 83.7312850952 1
63 29 83.7576522827 1
63 29 83.7668609619 1
63 29 83.8334960938 1
63 29 83.8856735229 1
63 29 83.9047546387 1
63 29 83.9087905884 1
63 29 83.9110412598 1
63 29 83.921295166 1
63 29 83.940246582 1
63 29 84.0426101685 1
63 29 84.0667037964 1
63 29 84.0912017822 1
63 29 84.0999908447 1
63 29 84.1027755737 1
63 29 84.1080780029 1
63 29 84.1469268799 1
63 29 84.1484603882 1
63 29 84.1536407471 1
63 29 84.1798553467 1
63 29 84.2040023804 1
63 29 84.2378692627 1
63 29 84.2478866577 1
63 29 84.2546768188 1
63 29 84.2618026733 1
63 29 84.2720108032 1
63 29 84.2729721069 1
63 29 84.2768096924 1
63 29 84.2919006348 1
63 29 84.3185348511 1
63 29 84.3291091919 1
63 29 84.3567504883 1
63 29 84.3665313721 1
63 29 84.408531189 1
63 29 84.4303970337 1
63 29 84.4403533936 1
63 29 84.4542236328 1
63 29 84.4546279907 1
63 29 84.4896011353 1
63 29 84.5085906982 1
63 29 84.5166778564 1
63 29 84.5283508301 1
63 29 84.5435256958 1
63 29 84.5727386475 1
63 29 84.6067886353 1
63 29 84.626083374 1
63 29 84.650138855 1
63 29 84.6576004028 1
63 29 84.661567688 1
63 29 84.6673812866 1
63 29 84.7080917358 1
63 29 84.7187805176 1
63 29 84.7774810791 1
63 29 84.8016052246 1
63 29 84.843460083 1
63 29 84.8841629028 1
63 29 84.8883972168 1
63 29 84.9081497192 1
63 29 84.9453582764 1
63 29 84.9770202637 1
63 29 85.0021438599 1
63 29 85.0107192993 1
63 29 85.0161590576 1
63 29 85.0271759033 1
63 29 85.0768661499 1
63 29 85.0828094482 1
63 29 85.084274292 1
63 29 85.0941848755 1
63 29 85.1245880127 1
63 29 85.1247558594 1
63 29 85.1464996338 1
63 29 85.1536712646 1
63 29 85.1572341919 1
63 29 85.1641311646 1
63 29 85.1924667358 1
63 29 85.2088470459 1
63 29 85.240814209 1
63 29 85.2420272827 1
63 29 85.2523803711 1
63 29 85.2674331665 1
63 29 85.2797088623 1
63 29 85.3123397827 1
63 29 85.3141174316 1
63 29 85.3157806396 1
63 29 85.3257141113 1
63 29 85.3473815918 1
63 29 85.3549880981 1
63 29 85.3620071411 1
63 29 85.3624801636 1
63 29 85.3686523438 1
63 29 85.4013977051 1
63 29 85.4252624512 1
63 29 85.4371337891 1
63 29 85.4441452026 1
63 29 85.5391616821 1
63 29 85.6038513184 1
63 29 85.6169509888 1
63 29 85.6279296875 1
63 29 85.6307907104 1
63 29 85.6358642578 1
63 29 85.6772766113 1
63 29 85.7108535767 1
63 29 85.7140731812 1
63 29 85.7378158569 1
63 29 85.7510070801 1
63 29 85.7630996704 1
63 29 85.7721862793 1
63 29 85.8460235596 1
63 29 85.8535690308 1
63 29 85.8635025024 1
63 29 85.8696594238 1
63 29 85.9062194824 1
63 29 85.9062271118 1
63 29 85.921257019 1
63 29 85.9594421387 1
63 29 85.96484375 1
63 29 85.9946365356 1
63 29 86.0470352173 1
63 29 86.0473480225 1
63 29 86.0599441528 1
63 29 86.1057052612 1
63 29 86.1151199341 1
63 29 86.1155929565 1
63 29 86.1169204712 1
63 29 86.1249313354 1
63 29 86.1462173462 1
63 29 86.14894104 1
63 29 86.1910324097 1
63 29 86.2044525146 1
63 29 86.2119293213 1
63 29 86.2144622803 1
63 29 86.222038269 1
63 29 86.2468414307 1
63 29 86.2497558594 1
63 29 86.2658538818 1
63 29 86.334312439 1
63 29 86.3362960815 1
63 29 86.3587799072 1
63 29 86.4031829834 1
63 29 86.4576187134 1
63 29 86.46043396 1
63 29 86.481338501 1
63 29 86.4890594482 1
63 29 86.5073394775 1
63 29 86.5244522095 1
63 29 86.5274658203 1
63 29 86.5435028076 1
63 29 86.5643310547 1
63 29 86.567741394 1
63 29 86.5897140503 1
63 29 86.6106719971 1
63 29 86.6130828857 1
63 29 86.6277923584 1
63 29 86.6336746216 1
63 29 86.6432800293 1
63 29 86.6567611694 1
63 29 86.6635818481 1
63 29 86.6752624512 1
63 29 86.7070236206 1
63 29 86.7246398926 1
63 29 86.7543487549 1
63 29 86.7886047363 1
63 29 86.7939605713 1
63 29 86.8136672974 1
63 29 86.8449859619 1
63 29 86.8945388794 1
63 29 86.9105224609 1
63 29 86.9305496216 1
63 29 86.9351654053 1
63 29 86.9661331177 1
63 29 86.9670181274 1
63 29 86.9801177979 1
63 29 86.9839706421 1
63 29 87.0277481079 1
63 29 87.0354995728 1
63 29 87.0519180298 1
63 29 87.0620727539 1
63 29 87.0677566528 1
63 29 87.0909729004 1
63 29 87.1130523682 1
63 29 87.1409378052 1
63 29 87.1613769531 1
63 29 87.164024353 1
63 29 87.1763000488 1
63 29 87.1860733032 1
63 29 87.1954040527 1
63 29 87.2401733398 1
63 29 87.2431640625 1
63 29 87.2492218018 1
63 29 87.2515487671 1
63 29 87.2538833618 1
63 29 87.2616958618 1
63 29 87.2643661499 1
63 29 87.2973098755 1
63 29 87.3192825317 1
63 29 87.3304214478 1
63 29 87.3350296021 1
63 29 87.3383331299 1
63 29 87.3415374756 1
63 29 87.3425140381 1
63 29 87.3483734131 1
63 29 87.3511505127 1
63 29 87.3574447632 1
63 29 87.403213501 1
63 29 87.4077758789 1
63 29 87.4085006714 1
63 29 87.4254302979 1
63 29 87.4323425293 1
63 29 87.436668396 1
63 29 87.4496307373 1
63 29 87.4907836914 1
63 29 87.4913864136 1
63 29 87.5057144165 1
63 29 87.5072784424 1
63 29 87.518447876 1
63 29 87.5329284668 1
63 29 87.5360641479 1
63 29 87.5548934937 1
63 29 87.564491272 1
63 29 87.5738601685 1
63 29 87.5770339966 1
63 29 87.5781478882 1
63 29 87.5782852173 1
63 29 87.5840988159 1
63 29 87.6056671143 1
63 29 87.6084060669 1
63 29 87.6093978882 1
63 29 87.6622543335 1
63 29 87.6789474487 1
63 29 87.6924438477 1
63 29 87.7004165649 1
63 29 87.7068939209 1
63 29 87.7246246338 1
63 29 87.7591247559 1
63 29 87.767074585 1
63 29 87.7822036743 1
63 29 87.7992553711 1
63 29 87.8033370972 1
63 29 87.8047103882 1
63 29 87.8092575073 1
63 29 87.8469696045 1
63 29 87.8605957031 1
63 29 87.9006271362 1
63 29 87.9049301147 1
63 29 87.9229507446 1
63 29 87.9708251953 1
63 29 87.9823684692 1
63 29 88.0080947876 1
63 29 88.0119934082 1
63 29 88.0267944336 1
63 29 88.0593032837 1
63 29 88.0610733032 1
63 29 88.0623855591 1
63 29 88.0694198608 1
63 29 88.0756149292 1
63 29 88.0820236206 1
63 29 88.1016540527 1
63 29 88.1307449341 1
63 29 88.1566162109 1
63 29 88.1602325439 1
63 29 88.1711807251 1
63 29 88.1731719971 1
63 29 88.2103652954 1
63 29 88.2118682861 1
63 29 88.215133667 1
63 29 88.2156295776 1
63 29 88.2335281372 1
63 29 88.2457809448 1
63 29 88.2482452393 1
63 29 88.2566452026 1
63 29 88.2678451538 1
63 29 88.2787475586 1
63 29 88.2791824341 1
63 29 88.2911834717 1
63 29 88.2965316772 1
63 29 88.3164291382 1
63 29 88.3229141235 1
63 29 88.3306655884 1
63 29 88.3445663452 1
63 29 88.3463363647 1
63 29 88.3516998291 1
63 29 88.3541107178 1
63 29 88.3569488525 1
63 29 88.3679580688 1
63 29 88.381942749 1
63 29 88.3896789551 1
63 29 88.4027328491 1
63 29 88.4098892212 1
63 29 88.4145812988 1
63 29 88.4353103638 1
63 29 88.4447097778 1
63 29 88.4479598999 1
63 29 88.4525299072 1
63 29 88.4769058228 1
63 29 88.4819030762 1
63 29 88.509262085 1
63 29 88.5128631592 1
63 29 88.5285415649 1
63 29 88.5348968506 1
63 29 88.5353164673 1
63 29 88.5670166016 1
63 29 88.5728912354 1
63 29 88.5760040283 1
63 29 88.578125 1
63 29 88.5801010132 1
63 29 88.5935897827 1
63 29 88.5954666138 1
63 29 88.5975418091 1
63 29 88.60181427 1
63 29 88.6156997681 1
63 29 88.6159973145 1
63 29 88.6166000366 1
63 29 88.6304092407 1
63 29 88.6375732422 1
63 29 88.6377792358 1
63 29 88.6482849121 1
63 29 88.6486282349 1
63 29 88.6644744873 1
63 29 88.6658096313 1
63 29 88.691368103 1
63 29 88.7036361694 1
63 29 88.7124862671 1
63 29 88.7297058105 1
63 29 88.7521896362 1
63 29 88.7674789429 1
63 29 88.7683792114 1
63 29 88.79296875 1
63 29 88.8157577515 1
63 29 88.8262252808 1
63 29 88.8303375244 1
63 29 88.8386001587 1
63 29 88.8459854126 1
63 29 88.8587188721 1
63 29 88.8653259277 1
63 29 88.8719787598 1
63 29 88.875617981 1
63 29 88.8820571899 1
63 29 88.8925094604 1
63 29 88.9084320068 1
63 29 88.9167327881 1
63 29 88.9241409302 1
63 29 88.9432373047 1
63 29 88.9486312866 1
63 29 88.9582138062 1
63 29 88.9721298218 1
63 29 88.9757614136 1
63 29 88.9834213257 1
63 29 88.9854125977 1
63 29 88.9939193726 1
63 29 89.0010223389 1
63 29 89.0018768311 1
63 29 89.0170898438 1
63 29 89.0187911987 1
63 29 89.0203094482 1
63 29 89.0300827026 1
63 29 89.030128479 1
63 29 89.0372772217 1
63 29 89.0615234375 1
63 29 89.0675430298 1
63 29 89.0699691772 1
63 29 89.0848693848 1
63 29 89.0977706909 1
63 29 89.1003417969 1
63 29 89.1279220581 1
63 29 89.1354370117 1
63 29 89.1565170288 1
63 29 89.1569290161 1
63 29 89.1629104614 1
63 29 89.1797027588 1
63 29 89.2425842285 1
63 29 89.2431716919 1
63 29 89.2659759521 1
63 29 89.2740783691 1
63 29 89.2747650146 1
63 29 89.2801895142 1
63 29 89.2809677124 1
63 29 89.3121948242 1
63 29 89.3139190674 1
63 29 89.324836731 1
63 29 89.3287887573 1
63 29 89.3499221802 1
63 29 89.3569869995 1
63 29 89.364944458 1
63 29 89.3833007812 1
63 29 89.3962783813 1
63 29 89.4015197754 1
63 29 89.4122772217 1
63 29 89.4205322266 1
63 29 89.4229660034 1
63 29 89.4341506958 1
63 29 89.4390487671 1
63 29 89.4429397583 1
63 29 89.4446334839 1
63 29 89.4586639404 1
63 29 89.4714508057 1
63 29 89.4725341797 1
63 29 89.4772720337 1
63 29 89.4851531982 1
63 29 89.4942016602 1
63 29 89.5035247803 1
63 29 89.5164871216 1
63 29 89.5505905151 1
63 29 89.5727005005 1
63 29 89.5746612549 1
63 29 89.5809631348 1
63 29 89.5845184326 1
63 29 89.6105041504 1
63 29 89.6351852417 1
63 29 89.6373977661 1
63 29 89.6662826538 1
63 29 89.6898422241 1
63 29 89.6937332153 1
63 29 89.7244262695 1
63 29 89.741355896 1
63 29 89.7602615356 1
63 29 89.7610321045 1
63 29 89.7780990601 1
63 29 89.7785263062 1
63 29 89.7819976807 1
63 29 89.7957992554 1
63 29 89.7995300293 1
63 29 89.8157348633 1
63 29 89.8278503418 1
63 29 89.8333740234 1
63 29 89.8420333862 1
63 29 89.8508071899 1
63 29 89.8728866577 1
63 29 89.8826751709 1
63 29 89.8852615356 1
63 29 89.8945770264 1
63 29 89.8952255249 1
63 29 89.8963088989 1
63 29 89.9008102417 1
63 29 89.9054489136 1
63 29 89.9058990479 1
63 29 89.9186630249 1
63 29 89.9195785522 1
63 29 89.9515609741 1
63 29 89.9549636841 1
63 29 89.9653930664 1
63 29 89.9663925171 1
63 29 89.9830932617 1
63 29 89.9873809814 1
63 29 89.99584198 1
63 29 90.0116882324 1
63 29 90.0121841431 1
63 29 90.0170669556 1
63 29 90.0218048096 1
63 29 90.0310974121 1
63 29 90.0564041138 1
63 29 90.0579223633 1
63 29 90.1287307739 1
63 29 90.1288909912 1
63 29 90.1688156128 1
63 29 90.1995239258 1
63 29 90.2110595703 1
63 29 90.2180557251 1
63 29 90.2223434448 1
63 29 90.2326660156 1
63 29 90.2404098511 1
63 29 90.248298645 1
63 29 90.2513656616 1
63 29 90.2593383789 1
63 29 90.2753219604 1
63 29 90.2758102417 1
63 29 90.2848587036 1
63 29 90.2892074585 1
63 29 90.2966766357 1
63 29 90.3282241821 1
63 29 90.3358306885 1
63 29 90.346244812 1
63 29 90.3476638794 1
63 29 90.3601760864 1
63 29 90.3722839355 1
63 29 90.3851852417 1
63 29 90.3877563477 1
63 29 90.3947296143 1
63 29 90.4184570312 1
63 29 90.4280700684 1
63 29 90.4418945312 1
63 29 90.4665298462 1
63 29 90.4978942871 1
63 29 90.4993438721 1
63 29 90.5065917969 1
63 29 90.5104751587 1
63 29 90.5145721436 1
63 29 90.523727417 1
63 29 90.5264053345 1
63 29 90.5289077759 1
63 29 90.5390014648 1
63 29 90.5441818237 1
63 29 90.5599975586 1
63 29 90.5627975464 1
63 29 90.5688095093 1
63 29 90.5721893311 1
63 29 90.5759124756 1
63 29 90.5873336792 1
63 29 90.6006546021 1
63 29 90.6021118164 1
63 29 90.6347045898 1
63 29 90.656867981 1
63 29 90.6743392944 1
63 29 90.696975708 1
63 29 90.6996002197 1
63 29 90.7007827759 1
63 29 90.7062301636 1
63 29 90.7249069214 1
63 29 90.7301254272 1
63 29 90.7349624634 1
63 29 90.7365036011 1
63 29 90.7413787842 1
63 29 90.7428588867 1
63 29 90.7428817749 1
63 29 90.7585220337 1
63 29 90.7586135864 1
63 29 90.7638778687 1
63 29 90.7659912109 1
63 29 90.7662887573 1
63 29 90.7753448486 1
63 29 90.7894592285 1
63 29 90.7926483154 1
63 29 90.8123168945 1
63 29 90.825920105 1
63 29 90.8262481689 1
63 29 90.8414001465 1
63 29 90.8609313965 1
63 29 90.8692092896 1
63 29 90.8718185425 1
63 29 90.8741226196 1
63 29 90.8782730103 1
63 29 90.8868789673 1
63 29 90.897315979 1
63 29 90.9002227783 1
63 29 90.903793335 1
63 29 90.9126586914 1
63 29 90.9200668335 1
63 29 90.920753479 1
63 29 90.9294281006 1
63 29 90.9307479858 1
63 29 90.9430007935 1
63 29 90.9533843994 1
63 29 90.9595413208 1
63 29 90.9643249512 1
63 29 90.9678878784 1
63 29 90.9682312012 1
63 29 90.9683151245 1
63 29 90.9880905151 1
63 29 90.9926223755 1
63 29 90.9979019165 1
63 29 91.0093078613 1
63 29 91.0456848145 1
63 29 91.0618591309 1
63 29 91.0756149292 1
63 29 91.0835952759 1
63 29 91.1075439453 1
63 29 91.107963562 1
63 29 91.1118240356 1
63 29 91.1158676147 1
63 29 91.1234512329 1
63 29 91.1260681152 1
63 29 91.1377716064 1
63 29 91.1387557983 1
63 29 91.1486587524 1
63 29 91.1562652588 1
63 29 91.1803894043 1
63 29 91.1850204468 1
63 29 91.2152938843 1
63 29 91.2252426147 1
63 29 91.2285003662 1
63 29 91.2400970459 1
63 29 91.2415390015 1
63 29 91.2420196533 1
63 29 91.2538146973 1
63 29 91.2618942261 1
63 29 91.2669906616 1
63 29 91.2677612305 1
63 29 91.2820510864 1
63 29 91.2837982178 1
63 29 91.3140869141 1
63 29 91.3286590576 1
63 29 91.3378143311 1
63 29 91.3507080078 1
63 29 91.3560943604 1
63 29 91.3874359131 1
63 29 91.3891677856 1
63 29 91.3933868408 1
63 29 91.3946685791 1
63 29 91.3984680176 1
63 29 91.4383621216 1
63 29 91.4532775879 1
63 29 91.4642791748 1
63 29 91.4701385498 1
63 29 91.4739303589 1
63 29 91.4881896973 1
63 29 91.5130844116 1
63 29 91.5179290771 1
63 29 91.5359725952 1
63 29 91.543762207 1
63 29 91.5538864136 1
63 29 91.5774765015 1
63 29 91.5793304443 1
63 29 91.5929641724 1
63 29 91.5986480713 1
63 29 91.6086196899 1
63 29 91.6169586182 1
63 29 91.6192703247 1
63 29 91.6366729736 1
63 29 91.647567749 1
63 29 91.6552124023 1
63 29 91.6651687622 1
63 29 91.6798553467 1
63 29 91.6915054321 1
63 29 91.6940078735 1
63 29 91.6985626221 1
63 29 91.702041626 1
63 29 91.7098464966 1
63 29 91.7108001709 1
63 29 91.7124099731 1
63 29 91.7189941406 1
63 29 91.7253646851 1
63 29 91.725769043 1
63 29 91.7363739014 1
63 29 91.7419891357 1
63 29 91.7427520752 1
63 29 91.7561187744 1
63 29 91.7693023682 1
63 29 91.7862472534 1
63 29 91.7892608643 1
63 29 91.8593063354 1
63 29 91.8795700073 1
63 29 91.8937072754 1
63 29 91.8967132568 1
63 29 91.9185638428 1
63 29 91.9343643188 1
63 29 91.9344177246 1
63 29 91.935333252 1
63 29 91.9393157959 1
63 29 91.9419555664 1
63 29 91.9602127075 1
63 29 91.9735412598 1
63 29 91.9834213257 1
63 29 92.0162963867 1
63 29 92.0217819214 1
63 29 92.0330276489 1
63 29 92.040802002 1
63 29 92.0493621826 1
63 29 92.0543365479 1
63 29 92.0635070801 1
63 29 92.0711975098 1
63 29 92.0893249512 1
63 29 92.1057052612 1
63 29 92.1218643188 1
63 29 92.1290435791 1
63 29 92.1383590698 1
63 29 92.1399002075 1
63 29 92.1498565674 1
63 29 92.1516952515 1
63 29 92.1563720703 1
63 29 92.1729278564 1
63 29 92.1868438721 1
63 29 92.1883392334 1
63 29 92.1925354004 1
63 29 92.2010803223 1
63 29 92.234664917 1
63 29 92.2497787476 1
63 29 92.2687606812 1
63 29 92.2964706421 1
63 29 92.3046112061 1
63 29 92.3053512573 1
63 29 92.3055496216 1
63 29 92.3219528198 1
63 29 92.3411636353 1
63 29 92.3486709595 1
63 29 92.3513336182 1
63 29 92.3529205322 1
63 29 92.3592987061 1
63 29 92.3599700928 1
63 29 92.3627319336 1
63 29 92.3762054443 1
63 29 92.3884277344 1
63 29 92.4111175537 1
63 29 92.4114685059 1
63 29 92.4235534668 1
63 29 92.4275970459 1
63 29 92.4309387207 1
63 29 92.4416732788 1
63 29 92.4444961548 1
63 29 92.454826355 1
63 29 92.4636077881 1
63 29 92.4713058472 1
63 29 92.4727478027 1
63 29 92.4744491577 1
63 29 92.4759750366 1
63 29 92.4864654541 1
63 29 92.4928665161 1
63 29 92.4988555908 1
63 29 92.4990005493 1
63 29 92.5075683594 1
63 29 92.5198898315 1
63 29 92.5423431396 1
63 29 92.5441207886 1
63 29 92.5460662842 1
63 29 92.5532302856 1
63 29 92.5729904175 1
63 29 92.5866928101 1
63 29 92.5886230469 1
63 29 92.5925445557 1
63 29 92.5961074829 1
63 29 92.6018600464 1
63 29 92.6045150757 1
63 29 92.6205291748 1
63 29 92.6242523193 1
63 29 92.6262817383 1
63 29 92.6277389526 1
63 29 92.6278076172 1
63 29 92.6341781616 1
63 29 92.6407318115 1
63 29 92.6417617798 1
63 29 92.6422729492 1
63 29 92.6467819214 1
63 29 92.6480102539 1
63 29 92.6594467163 1
63 29 92.6751403809 1
63 29 92.6772155762 1
63 29 92.6923675537 1
63 29 92.7094802856 1
63 29 92.7094802856 1
63 29 92.7113723755 1
63 29 92.7139968872 1
63 29 92.7244491577 1
63 29 92.740814209 1
63 29 92.7420120239 1
63 29 92.7452316284 1
63 29 92.7495346069 1
63 29 92.7654190063 1
63 29 92.7771072388 1
63 29 92.7857666016 1
63 29 92.7872085571 1
63 29 92.7895507812 1
63 29 92.812461853 1
63 29 92.8226394653 1
63 29 92.823928833 1
63 29 92.8409423828 1
63 29 92.8458251953 1
63 29 92.8460464478 1
63 29 92.8645095825 1
63 29 92.8702316284 1
63 29 92.8885650635 1
63 29 92.9035568237 1
63 29 92.9104614258 1
63 29 92.9371795654 1
63 29 92.9530639648 1
63 29 92.9591827393 1
63 29 92.9680480957 1
63 29 92.9824447632 1
63 29 92.9859008789 1
63 29 93.0036239624 1
63 29 93.0093841553 1
63 29 93.0199661255 1
63 29 93.0216827393 1
63 29 93.0325546265 1
63 29 93.0502853394 1
63 29 93.0542526245 1
63 29 93.0644454956 1
63 29 93.0677642822 1
63 29 93.0750808716 1
63 29 93.0767974854 1
63 29 93.0870513916 1
63 29 93.1007766724 1
63 29 93.1015090942 1
63 29 93.1116714478 1
63 29 93.111907959 1
63 29 93.1339797974 1
63 29 93.1427841187 1
63 29 93.1571884155 1
63 29 93.1712112427 1
63 29 93.1867599487 1
63 29 93.2024307251 1
63 29 93.2092437744 1
63 29 93.2129669189 1
63 29 93.2281341553 1
63 29 93.2352600098 1
63 29 93.2537307739 1
63 29 93.2728042603 1
63 29 93.3037261963 1
63 29 93.3149185181 1
63 29 93.3171081543 1
63 29 93.3183059692 1
63 29 93.3205871582 1
63 29 93.3258514404 1
63 29 93.3556594849 1
63 29 93.3590240479 1
63 29 93.3776168823 1
63 29 93.3810272217 1
63 29 93.3903884888 1
63 29 93.4095458984 1
63 29 93.4140396118 1
63 29 93.4144210815 1
63 29 93.4161834717 1
63 29 93.4311523438 1
63 29 93.4318389893 1
63 29 93.4385910034 1
63 29 93.4451675415 1
63 29 93.4482421875 1
63 29 93.4536819458 1
63 29 93.4630508423 1
63 29 93.463722229 1
63 29 93.4814834595 1
63 29 93.4913864136 1
63 29 93.4961776733 1
63 29 93.501121521 1
63 29 93.5017776489 1
63 29 93.5018157959 1
63 29 93.5056610107 1
63 29 93.5057678223 1
63 29 93.5126190186 1
63 29 93.5179138184 1
63 29 93.5179367065 1
63 29 93.5201263428 1
63 29 93.5224075317 1
63 29 93.5231170654 1
63 29 93.5268249512 1
63 29 93.5469284058 1
63 29 93.5504150391 1
63 29 93.5507202148 1
63 29 93.5587005615 1
63 29 93.5672531128 1
63 29 93.6099777222 1
63 29 93.6131362915 1
63 29 93.6270751953 1
63 29 93.6277313232 1
63 29 93.6321716309 1
63 29 93.6398773193 1
63 29 93.6467895508 1
63 29 93.6566467285 1
63 29 93.6720428467 1
63 29 93.7121353149 1
63 29 93.7279434204 1
63 29 93.7437362671 1
63 29 93.7539520264 1
63 29 93.7543792725 1
63 29 93.7563018799 1
63 29 93.7628326416 1
63 29 93.7670211792 1
63 29 93.7695465088 1
63 29 93.7730712891 1
63 29 93.7795562744 1
63 29 93.7857589722 1
63 29 93.7910003662 1
63 29 93.8375244141 1
63 29 93.8450927734 1
63 29 93.8603820801 1
63 29 93.8784637451 1
63 29 93.9142608643 1
63 29 93.9155273438 1
63 29 93.9227142334 1
63 29 93.9235076904 1
63 29 93.9246826172 1
63 29 93.9274902344 1
63 29 93.9420089722 1
63 29 93.9467849731 1
63 29 93.9504394531 1
63 29 93.9782180786 1
63 29 93.9801330566 1
63 29 93.9914855957 1
63 29 93.998916626 1
63 29 94.0062561035 1
63 29 94.0145568848 1
63 29 94.0157241821 1
63 29 94.0232925415 1
63 29 94.0241088867 1
63 29 94.0305175781 1
63 29 94.0314178467 1
63 29 94.0591125488 1
63 29 94.0616149902 1
63 29 94.0705566406 1
63 29 94.0882720947 1
63 29 94.0936050415 1
63 29 94.0941238403 1
63 29 94.1117935181 1
63 29 94.1137390137 1
63 29 94.1246566772 1
63 29 94.1318893433 1
63 29 94.1326675415 1
63 29 94.1337661743 1
63 29 94.1481323242 1
63 29 94.1803512573 1
63 29 94.2258148193 1
63 29 94.2356796265 1
63 29 94.2380905151 1
63 29 94.2456970215 1
63 29 94.2533569336 1
63 29 94.2541732788 1
63 29 94.2562713623 1
63 29 94.2576904297 1
63 29 94.259552002 1
63 29 94.2596435547 1
63 29 94.2782363892 1
63 29 94.2856063843 1
63 29 94.302192688 1
63 29 94.3052902222 1
63 29 94.3054199219 1
63 29 94.3061828613 1
63 29 94.3112716675 1
63 29 94.3135375977 1
63 29 94.3165435791 1
63 29 94.339302063 1
63 29 94.3456420898 1
63 29 94.3466033936 1
63 29 94.3471679688 1
63 29 94.3598327637 1
63 29 94.3598709106 1
63 29 94.3837203979 1
63 29 94.3935623169 1
63 29 94.4097824097 1
63 29 94.4100418091 1
63 29 94.4142379761 1
63 29 94.428024292 1
63 29 94.4319229126 1
63 29 94.4566879272 1
63 29 94.481300354 1
63 29 94.4949188232 1
63 29 94.4974517822 1
63 29 94.4975585938 1
63 29 94.5043716431 1
63 29 94.5282897949 1
63 29 94.5288619995 1
63 29 94.5331420898 1
63 29 94.5441665649 1
63 29 94.5485992432 1
63 29 94.5593414307 1
63 29 94.5612182617 1
63 29 94.5674514771 1
63 29 94.5682525635 1
63 29 94.5852890015 1
63 29 94.6099700928 1
63 29 94.6107635498 1
63 29 94.6168670654 1
63 29 94.6273956299 1
63 29 94.6310882568 1
63 29 94.6357879639 1
63 29 94.6621322632 1
63 29 94.6767883301 1
63 29 94.6804733276 1
63 29 94.6816482544 1
63 29 94.6824645996 1
63 29 94.6856613159 1
63 29 94.702796936 1
63 29 94.7079086304 1
63 29 94.7167739868 1
63 29 94.7252578735 1
63 29 94.7291488647 1
63 29 94.7394256592 1
63 29 94.8215789795 1
63 29 94.8409118652 1
63 29 94.857711792 1
63 29 94.8638916016 1
63 29 94.8663406372 1
63 29 94.8677444458 1
63 29 94.8780288696 1
63 29 94.8816299438 1
63 29 94.9036865234 1
63 29 94.9138565063 1
63 29 94.9172592163 1
63 29 94.9353485107 1
63 29 94.9356842041 1
63 29 94.9359054565 1
63 29 94.9428024292 1
63 29 94.9462585449 1
63 29 94.9544372559 1
63 29 94.9693374634 1
63 29 94.975730896 1
63 29 94.9803771973 1
63 29 94.9869842529 1
63 29 94.992515564 1
63 29 94.9976501465 1
63 29 94.9993438721 1
63 29 95.0035400391 1
63 29 95.0052108765 1
63 29 95.0112991333 1
63 29 95.029083252 1
63 29 95.0398254395 1
63 29 95.0429916382 1
63 29 95.0520248413 1
63 29 95.0533218384 1
63 29 95.0554046631 1
63 29 95.0578079224 1
63 29 95.0715637207 1
63 29 95.0963516235 1
63 29 95.1004867554 1
63 29 95.1079788208 1
63 29 95.1168441772 1
63 29 95.1172332764 1
63 29 95.1366729736 1
63 29 95.1537780762 1
63 29 95.1685028076 1
63 29 95.1705474854 1
63 29 95.176322937 1
63 29 95.1883087158 1
63 29 95.2264099121 1
63 29 95.2376480103 1
63 29 95.2407531738 1
63 29 95.2422561646 1
63 29 95.245223999 1
63 29 95.2523345947 1
63 29 95.2564697266 1
63 29 95.2707901001 1
63 29 95.273765564 1
63 29 95.2805633545 1
63 29 95.285484314 1
63 29 95.3006591797 1
63 29 95.3190383911 1
63 29 95.3207015991 1
63 29 95.3452911377 1
63 29 95.352684021 1
63 29 95.3604431152 1
63 29 95.3929595947 1
63 29 95.3989639282 1
63 29 95.4160232544 1
63 29 95.4204559326 1
63 29 95.4352340698 1
63 29 95.4394454956 1
63 29 95.4468994141 1
63 29 95.4624633789 1
63 29 95.4629898071 1
63 29 95.464012146 1
63 29 95.468132019 1
63 29 95.4756774902 1
63 29 95.4770812988 1
63 29 95.490020752 1
63 29 95.4903335571 1
63 29 95.49584198 1
63 29 95.5082855225 1
63 29 95.5217437744 1
63 29 95.5306777954 1
63 29 95.532623291 1
63 29 95.5329971313 1
63 29 95.5430755615 1
63 29 95.5439376831 1
63 29 95.5441818237 1
63 29 95.5528945923 1
63 29 95.5535430908 1
63 29 95.5550613403 1
63 29 95.5580368042 1
63 29 95.5689239502 1
63 29 95.5741882324 1
63 29 95.5769958496 1
63 29 95.5884399414 1
63 29 95.5964889526 1
63 29 95.5997467041 1
63 29 95.608581543 1
63 29 95.6321029663 1
63 29 95.6416244507 1
63 29 95.6434555054 1
63 29 95.6634140015 1
63 29 95.691986084 1
63 29 95.6954345703 1
63 29 95.6982727051 1
63 29 95.7104110718 1
63 29 95.7300491333 1
63 29 95.7461853027 1
63 29 95.754737854 1
63 29 95.7585220337 1
63 29 95.7601394653 1
63 29 95.7609176636 1
63 29 95.7622451782 1
63 29 95.7648544312 1
63 29 95.823425293 1
63 29 95.8272323608 1
63 29 95.843536377 1
63 29 95.8474502563 1
63 29 95.8599243164 1
63 29 95.8774185181 1
63 29 95.881942749 1
63 29 95.8900222778 1
63 29 95.8934631348 1
63 29 95.9089889526 1
63 29 95.9118118286 1
63 29 95.9274368286 1
63 29 95.9405593872 1
63 29 95.9462127686 1
63 29 95.9469680786 1
63 29 95.9484024048 1
63 29 95.962928772 1
63 29 95.967124939 1
63 29 95.9791412354 1
63 29 95.9862060547 1
63 29 95.9987564087 1
63 29 96.001411438 1
63 29 96.0061798096 1
63 29 96.0080032349 1
63 29 96.0138702393 1
63 29 96.0442581177 1
63 29 96.0566711426 1
63 29 96.0635299683 1
63 29 96.0869598389 1
63 29 96.0918579102 1
63 29 96.0951080322 1
63 29 96.1161956787 1
63 29 96.1240844727 1
63 29 96.1332778931 1
63 29 96.1593780518 1
63 29 96.1682510376 1
63 29 96.1686630249 1
63 29 96.1804885864 1
63 29 96.1965713501 1
63 29 96.2064743042 1
63 29 96.2275238037 1
63 29 96.2285232544 1
63 29 96.2299575806 1
63 29 96.2307815552 1
63 29 96.2327575684 1
63 29 96.2405853271 1
63 29 96.2487182617 1
63 29 96.2925796509 1
63 29 96.3015823364 1
63 29 96.3029632568 1
63 29 96.3334503174 1
63 29 96.3375473022 1
63 29 96.3443984985 1
63 29 96.3562393188 1
63 29 96.3617172241 1
63 29 96.3627700806 1
63 29 96.3629379272 1
63 29 96.3784942627 1
63 29 96.3975830078 1
63 29 96.3992843628 1
63 29 96.4075469971 1
63 29 96.4188156128 1
63 29 96.4270172119 1
63 29 96.4283065796 1
63 29 96.433631897 1
63 29 96.4450531006 1
63 29 96.4513549805 1
63 29 96.462059021 1
63 29 96.4774856567 1
63 29 96.4918136597 1
63 29 96.4939880371 1
63 29 96.5002441406 1
63 29 96.5132675171 1
63 29 96.5301437378 1
63 29 96.5359268188 1
63 29 96.5440444946 1
63 29 96.5485687256 1
63 29 96.556388855 1
63 29 96.5613479614 1
63 29 96.5725479126 1
63 29 96.5882415771 1
63 29 96.588432312 1
63 29 96.5892944336 1
63 29 96.6077957153 1
63 29 96.6134872437 1
63 29 96.6164398193 1
63 29 96.6229934692 1
63 29 96.6236724854 1
63 29 96.6271514893 1
63 29 96.6275100708 1
63 29 96.6382598877 1
63 29 96.6428451538 1
63 29 96.657661438 1
63 29 96.6637039185 1
63 29 96.6885375977 1
63 29 96.6989212036 1
63 29 96.7092971802 1
63 29 96.7157363892 1
63 29 96.7234725952 1
63 29 96.727645874 1
63 29 96.7288665771 1
63 29 96.7323913574 1
63 29 96.7345275879 1
63 29 96.7351913452 1
63 29 96.737197876 1
63 29 96.7425765991 1
63 29 96.7655715942 1
63 29 96.7752075195 1
63 29 96.7841873169 1
63 29 96.7881469727 1
63 29 96.7927246094 1
63 29 96.8009719849 1
63 29 96.8103713989 1
63 29 96.8107376099 1
63 29 96.8273391724 1
63 29 96.8328094482 1
63 29 96.8355407715 1
63 29 96.8461456299 1
63 29 96.8533782959 1
63 29 96.874710083 1
63 29 96.877746582 1
63 29 96.9141159058 1
63 29 96.9395599365 1
63 29 96.944229126 1
63 29 96.9447555542 1
63 29 96.9564666748 1
63 29 96.964302063 1
63 29 96.9793167114 1
63 29 96.9911651611 1
63 29 96.9932403564 1
63 29 97.0016479492 1
63 29 97.0046691895 1
63 29 97.0056762695 1
63 29 97.0342178345 1
63 29 97.0372009277 1
63 29 97.0659561157 1
63 29 97.0772247314 1
63 29 97.0917205811 1
63 29 97.0950088501 1
63 29 97.0978546143 1
63 29 97.105796814 1
63 29 97.1092681885 1
63 29 97.1101455688 1
63 29 97.1432189941 1
63 29 97.1525497437 1
63 29 97.1648101807 1
63 29 97.1684799194 1
63 29 97.1742706299 1
63 29 97.1824417114 1
63 29 97.2203292847 1
63 29 97.2490768433 1
63 29 97.2959976196 1
63 29 97.3162231445 1
63 29 97.3352050781 1
63 29 97.3372421265 1
63 29 97.3413009644 1
63 29 97.3549499512 1
63 29 97.3554077148 1
63 29 97.3585968018 1
63 29 97.3743743896 1
63 29 97.3771972656 1
63 29 97.381072998 1
63 29 97.3993682861 1
63 29 97.4213638306 1
63 29 97.4285812378 1
63 29 97.4313430786 1
63 29 97.4454650879 1
63 29 97.4633331299 1
63 29 97.4712219238 1
63 29 97.4786529541 1
63 29 97.5018005371 1
63 29 97.5093536377 1
63 29 97.513053894 1
63 29 97.5307922363 1
63 29 97.5544815063 1
63 29 97.5960845947 1
63 29 97.61668396 1
63 29 97.6360855103 1
63 29 97.6420822144 1
63 29 97.6675262451 1
63 29 97.6848449707 1
63 29 97.6904678345 1
63 29 97.7018432617 1
63 29 97.7035064697 1
63 29 97.7074584961 1
63 29 97.7202987671 1
63 29 97.7252807617 1
63 29 97.7280807495 1
63 29 97.7324676514 1
63 29 97.7392959595 1
63 29 97.7483444214 1
63 29 97.749168396 1
63 29 97.7579040527 1
63 29 97.7788009644 1
63 29 97.838432312 1
63 29 97.8426361084 1
63 29 97.8561019897 1
63 29 97.8577728271 1
63 29 97.8704528809 1
63 29 97.9101104736 1
63 29 97.9223937988 1
63 29 97.9275283813 1
63 29 97.9282226562 1
63 29 97.9485626221 1
63 29 97.952545166 1
63 29 97.963470459 1
63 29 97.9684677124 1
63 29 97.9694976807 1
63 29 97.9751586914 1
63 29 97.9772109985 1
63 29 97.9836044312 1
63 29 97.9869613647 1
63 29 97.9982757568 1
63 29 98.0178451538 1
63 29 98.0236358643 1
63 29 98.0357666016 1
63 29 98.0369720459 1
63 29 98.0581665039 1
63 29 98.0691986084 1
63 29 98.0695571899 1
63 29 98.0787734985 1
63 29 98.1165618896 1
63 29 98.1341552734 1
63 29 98.1404571533 1
63 29 98.155418396 1
63 29 98.1787338257 1
63 29 98.1812133789 1
63 29 98.1830062866 1
63 29 98.1892929077 1
63 29 98.1914825439 1
63 29 98.1960449219 1
63 29 98.1965179443 1
63 29 98.2115402222 1
63 29 98.2174530029 1
63 29 98.2230072021 1
63 29 98.2304458618 1
63 29 98.2334518433 1
63 29 98.240776062 1
63 29 98.240852356 1
63 29 98.2615737915 1
63 29 98.279914856 1
63 29 98.2909469604 1
63 29 98.3061294556 1
63 29 98.3187255859 1
63 29 98.3378219604 1
63 29 98.340713501 1
63 29 98.3458023071 1
63 29 98.3607025146 1
63 29 98.3650512695 1
63 29 98.387878418 1
63 29 98.3910064697 1
63 29 98.3929901123 1
63 29 98.4059066772 1
63 29 98.4134140015 1
63 29 98.4234771729 1
63 29 98.4244995117 1
63 29 98.438117981 1
63 29 98.4560546875 1
63 29 98.4624557495 1
63 29 98.4668197632 1
63 29 98.4752426147 1
63 29 98.4903945923 1
63 29 98.4979934692 1
63 29 98.5071792603 1
63 29 98.5444717407 1
63 29 98.5561828613 1
63 29 98.5587844849 1
63 29 98.5868225098 1
63 29 98.5974197388 1
63 29 98.6041564941 1
63 29 98.6051635742 1
63 29 98.6183853149 1
63 29 98.621673584 1
63 29 98.6444778442 1
63 29 98.6668624878 1
63 29 98.6818313599 1
63 29 98.6823501587 1
63 29 98.7096099854 1
63 29 98.7141494751 1
63 29 98.7158737183 1
63 29 98.7221908569 1
63 29 98.7262115479 1
63 29 98.7590637207 1
63 29 98.7613525391 1
63 29 98.7682342529 1
63 29 98.7770996094 1
63 29 98.7845611572 1
63 29 98.7873916626 1
63 29 98.7895355225 1
63 29 98.8176116943 1
63 29 98.8222961426 1
63 29 98.8301086426 1
63 29 98.8328170776 1
63 29 98.8398742676 1
63 29 98.8442382812 1
63 29 98.8590240479 1
63 29 98.8601303101 1
63 29 98.8614501953 1
63 29 98.86743927 1
63 29 98.8732147217 1
63 29 98.885559082 1
63 29 98.9050750732 1
63 29 98.9068527222 1
63 29 98.9107818604 1
63 29 98.9135055542 1
63 29 98.9290542603 1
63 29 98.9375991821 1
63 29 98.9590454102 1
63 29 98.9597244263 1
63 29 98.9729919434 1
63 29 98.9816589355 1
63 29 99.0131378174 1
63 29 99.0141906738 1
63 29 99.0375595093 1
63 29 99.041229248 1
63 29 99.0765151978 1
63 29 99.0774688721 1
63 29 99.0873565674 1
63 29 99.0881347656 1
63 29 99.1172790527 1
63 29 99.1190567017 1
63 29 99.1290588379 1
63 29 99.1391677856 1
63 29 99.1593017578 1
63 29 99.1650314331 1
63 29 99.1721954346 1
63 29 99.1757736206 1
63 29 99.1908950806 1
63 29 99.1947021484 1
63 29 99.1994934082 1
63 29 99.2417755127 1
63 29 99.2518692017 1
63 29 99.2667999268 1
63 29 99.2675552368 1
63 29 99.2705535889 1
63 29 99.2767868042 1
63 29 99.2905197144 1
63 29 99.2940673828 1
63 29 99.2965393066 1
63 29 99.3034744263 1
63 29 99.3139572144 1
63 29 99.3181762695 1
63 29 99.3234176636 1
63 29 99.3508682251 1
63 29 99.3578186035 1
63 29 99.3609085083 1
63 29 99.3820037842 1
63 29 99.3949508667 1
63 29 99.423614502 1
63 29 99.427116394 1
63 29 99.4277572632 1
63 29 99.4327850342 1
63 29 99.4372024536 1
63 29 99.439491272 1
63 29 99.4531021118 1
63 29 99.4660339355 1
63 29 99.4695739746 1
63 29 99.4792556763 1
63 29 99.4854507446 1
63 29 99.4971160889 1
63 29 99.5271072388 1
63 29 99.5271682739 1
63 29 99.5412063599 1
63 29 99.5632781982 1
63 29 99.5997619629 1
63 29 99.6034240723 1
63 29 99.614440918 1
63 29 99.620300293 1
63 29 99.6239013672 1
63 29 99.6283798218 1
63 29 99.6406707764 1
63 29 99.6422119141 1
63 29 99.6497039795 1
63 29 99.6681060791 1
63 29 99.6756820679 1
63 29 99.6766662598 1
63 29 99.7025299072 1
63 29 99.7168121338 1
63 29 99.7234191895 1
63 29 99.7318878174 1
63 29 99.7352371216 1
63 29 99.7381515503 1
63 29 99.743812561 1
63 29 99.7542037964 1
63 29 99.7808609009 1
63 29 99.7873535156 1
63 29 99.8037719727 1
63 29 99.8194198608 1
63 29 99.8488769531 1
63 29 99.8498077393 1
63 29 99.8513793945 1
63 29 99.8541564941 1
63 29 99.8592910767 1
63 29 99.8704223633 1
63 29 99.8923416138 1
63 29 99.8987045288 1
63 29 99.9010925293 1
63 29 99.9136352539 1
63 29 99.9137496948 1
63 29 99.9144744873 1
63 29 99.9163818359 1
63 29 99.9275970459 1
63 29 99.9333267212 1
63 29 99.9353866577 1
63 29 99.9365921021 1
63 29 99.9420089722 1
63 29 99.9438400269 1
63 29 99.9622879028 1
63 29 99.9656829834 1
63 29 99.9695205688 1
63 29 99.9940490723 1
63 29 100.00793457 1
63 29 100.017021179 1
63 29 100.056533813 1
63 29 100.071395874 1
63 29 100.083618164 1
63 29 100.119285583 1
63 29 100.149177551 1
63 29 100.155464172 1
63 29 100.165122986 1
63 29 100.186882019 1
63 29 100.199897766 1
63 29 100.207458496 1
63 29 100.218231201 1
63 29 100.241981506 1
63 29 100.242729187 1
63 29 100.267684937 1
63 29 100.276115417 1
63 29 100.280441284 1
63 29 100.283760071 1
63 29 100.297035217 1
63 29 100.30039978 1
63 29 100.311126709 1
63 29 100.313583374 1
63 29 100.324897766 1
63 29 100.331291199 1
63 29 100.33367157 1
63 29 100.37348938 1
63 29 100.375350952 1
63 29 100.383880615 1
63 29 100.384437561 1
63 29 100.388999939 1
63 29 100.42881012 1
63 29 100.444335938 1
63 29 100.485107422 1
63 29 100.486503601 1
63 29 100.489273071 1
63 29 100.496612549 1
63 29 100.512054443 1
63 29 100.531265259 1
63 29 100.549194336 1
63 29 100.556556702 1
63 29 100.579528809 1
63 29 100.580459595 1
63 29 100.595733643 1
63 29 100.6067276 1
63 29 100.608856201 1
63 29 100.623947144 1
63 29 100.633918762 1
63 29 100.657943726 1
63 29 100.673042297 1
63 29 100.67540741 1
63 29 100.678817749 1
63 29 100.679519653 1
63 29 100.707962036 1
63 29 100.710449219 1
63 29 100.714111328 1
63 29 100.732872009 1
63 29 100.737960815 1
63 29 100.739524841 1
63 29 100.745018005 1
63 29 100.770896912 1
63 29 100.786384583 1
63 29 100.800376892 1
63 29 100.804702759 1
63 29 100.852859497 1
63 29 100.873664856 1
63 29 100.881256104 1
63 29 100.882293701 1
63 29 100.9010849 1
63 29 100.914855957 1
63 29 100.944747925 1
63 29 100.94833374 1
63 29 100.972000122 1
63 29 100.972518921 1
63 29 100.979782104 1
63 29 101.017623901 1
63 29 101.064582825 1
63 29 101.080635071 1
63 29 101.086914062 1
63 29 101.087989807 1
63 29 101.098815918 1
63 29 101.115386963 1
63 29 101.125068665 1
63 29 101.146438599 1
63 29 101.149520874 1
63 29 101.170570374 1
63 29 101.185592651 1
63 29 101.208633423 1
63 29 101.231674194 1
63 29 101.250488281 1
63 29 101.325874329 1
63 29 101.330184937 1
63 29 101.332466125 1
63 29 101.347839355 1
63 29 101.354988098 1
63 29 101.359329224 1
63 29 101.364143372 1
63 29 101.386329651 1
63 29 101.406814575 1
63 29 101.42048645 1
63 29 101.441009521 1
63 29 101.444015503 1
63 29 101.452552795 1
63 29 101.457313538 1
63 29 101.486442566 1
63 29 101.486747742 1
63 29 101.492118835 1
63 29 101.496261597 1
63 29 101.516120911 1
63 29 101.53188324 1
63 29 101.539672852 1
63 29 101.545783997 1
63 29 101.556274414 1
63 29 101.568847656 1
63 29 101.571372986 1
63 29 101.581520081 1
63 29 101.593635559 1
63 29 101.601226807 1
63 29 101.606338501 1
63 29 101.61806488 1
63 29 101.639984131 1
63 29 101.666908264 1
63 29 101.690185547 1
63 29 101.69254303 1
63 29 101.731719971 1
63 29 101.763526917 1
63 29 101.766952515 1
63 29 101.77394104 1
63 29 101.784538269 1
63 29 101.788658142 1
63 29 101.797584534 1
63 29 101.803367615 1
63 29 101.804382324 1
63 29 101.807136536 1
63 29 101.812637329 1
63 29 101.836883545 1
63 29 101.847839355 1
63 29 101.871955872 1
63 29 101.892181396 1
63 29 101.893363953 1
63 29 101.899261475 1
63 29 101.906455994 1
63 29 101.957252502 1
63 29 101.969482422 1
63 29 101.992759705 1
63 29 102.021812439 1
63 29 102.067276001 1
63 29 102.085746765 1
63 29 102.087844849 1
63 29 102.124183655 1
63 29 102.131103516 1
63 29 102.154685974 1
63 29 102.159751892 1
63 29 102.237709045 1
63 29 102.244369507 1
63 29 102.245376587 1
63 29 102.258399963 1
63 29 102.261497498 1
63 29 102.266044617 1
63 29 102.273345947 1
63 29 102.293746948 1
63 29 102.319030762 1
63 29 102.344276428 1
63 29 102.359298706 1
63 29 102.41091156 1
63 29 102.431091309 1
63 29 102.445075989 1
63 29 102.461143494 1
63 29 102.474411011 1
63 29 102.518852234 1
63 29 102.551521301 1
63 29 102.584083557 1
63 29 102.584747314 1
63 29 102.587928772 1
63 29 102.604614258 1
63 29 102.610443115 1
63 29 102.640045166 1
63 29 102.64806366 1
63 29 102.665458679 1
63 29 102.712554932 1
63 29 102.740539551 1
63 29 102.743354797 1
63 29 102.743888855 1
63 29 102.753692627 1
63 29 102.759132385 1
63 29 102.783691406 1
63 29 102.802154541 1
63 29 102.808692932 1
63 29 102.818809509 1
63 29 102.83140564 1
63 29 103.026451111 1
63 29 103.04095459 1
63 29 103.047584534 1
63 29 103.055397034 1
63 29 103.068733215 1
63 29 103.10332489 1
63 29 103.111122131 1
63 29 103.165016174 1
63 29 103.165412903 1
63 29 103.168746948 1
63 29 103.201599121 1
63 29 103.214744568 1
63 29 103.228042603 1
63 29 103.262557983 1
63 29 103.270477295 1
63 29 103.287063599 1
63 29 103.287994385 1
63 29 103.290557861 1
63 29 103.330299377 1
63 29 103.346191406 1
63 29 103.387321472 1
63 29 103.401321411 1
63 29 103.405593872 1
63 29 103.405906677 1
63 29 103.418357849 1
63 29 103.424514771 1
63 29 103.438674927 1
63 29 103.447189331 1
63 29 103.450546265 1
63 29 103.480293274 1
63 29 103.502761841 1
63 29 103.590904236 1
63 29 103.59488678 1
63 29 103.616661072 1
63 29 103.635475159 1
63 29 103.651054382 1
63 29 103.654144287 1
63 29 103.654922485 1
63 29 103.709999084 1
63 29 103.714904785 1
63 29 103.742897034 1
63 29 103.760002136 1
63 29 103.801734924 1
63 29 103.904258728 1
63 29 103.90852356 1
63 29 103.93359375 1
63 29 104.030220032 1
63 29 104.031738281 1
63 29 104.055725098 1
63 29 104.094749451 1
63 29 104.107955933 1
63 29 104.11655426 1
63 29 104.172538757 1
63 29 104.233016968 1
63 29 104.26499939 1
63 29 104.280197144 1
63 29 104.28339386 1
63 29 104.30645752 1
63 29 104.30947113 1
63 29 104.38936615 1
63 29 104.401664734 1
63 29 104.423744202 1
63 29 104.427215576 1
63 29 104.454368591 1
63 29 104.464363098 1
63 29 104.490318298 1
63 29 104.504104614 1
63 29 104.518287659 1
63 29 104.525115967 1
63 29 104.536994934 1
63 29 104.565353394 1
63 29 104.571182251 1
63 29 104.589630127 1
63 29 104.603004456 1
63 29 104.62147522 1
63 29 104.627296448 1
63 29 104.651977539 1
63 29 104.659759521 1
63 29 104.661430359 1
63 29 104.663742065 1
63 29 104.67111969 1
63 29 104.673500061 1
63 29 104.675758362 1
63 29 104.677185059 1
63 29 104.690376282 1
63 29 104.706985474 1
63 29 104.729995728 1
63 29 104.73789978 1
63 29 104.753715515 1
63 29 104.760040283 1
63 29 104.76990509 1
63 29 104.778007507 1
63 29 104.873413086 1
63 29 104.882736206 1
63 29 104.886123657 1
63 29 104.902938843 1
63 29 104.915084839 1
63 29 104.937576294 1
63 29 104.941505432 1
63 29 104.957931519 1
63 29 104.960517883 1
63 29 104.963760376 1
63 29 104.969429016 1
63 29 104.969497681 1
63 29 104.982543945 1
63 29 105.063980103 1
63 29 105.098899841 1
63 29 105.100585938 1
63 29 105.107711792 1
63 29 105.109901428 1
63 29 105.175224304 1
63 29 105.205451965 1
63 29 105.207145691 1
63 29 105.219696045 1
63 29 105.225883484 1
63 29 105.233123779 1
63 29 105.233375549 1
63 29 105.282562256 1
63 29 105.293777466 1
63 29 105.296516418 1
63 29 105.307510376 1
63 29 105.30897522 1
63 29 105.310592651 1
63 29 105.316108704 1
63 29 105.369308472 1
63 29 105.375984192 1
63 29 105.380989075 1
63 29 105.421836853 1
63 29 105.436195374 1
63 29 105.447113037 1
63 29 105.451446533 1
63 29 105.469940186 1
63 29 105.477096558 1
63 29 105.490966797 1
63 29 105.51361084 1
63 29 105.556671143 1
63 29 105.583213806 1
63 29 105.593986511 1
63 29 105.65953064 1
63 29 105.687568665 1
63 29 105.734092712 1
63 29 105.789901733 1
63 29 105.855873108 1
63 29 105.88092804 1
63 29 105.902641296 1
63 29 105.907798767 1
63 29 105.923355103 1
63 29 105.948265076 1
63 29 105.969619751 1
63 29 105.988571167 1
63 29 106.026519775 1
63 29 106.04875946 1
63 29 106.109390259 1
63 29 106.172157288 1
63 29 106.227050781 1
63 29 106.267936707 1
63 29 106.278198242 1
63 29 106.284423828 1
63 29 106.313407898 1
63 29 106.324752808 1
63 29 106.33417511 1
63 29 106.362663269 1
63 29 106.36529541 1
63 29 106.385192871 1
63 29 106.423545837 1
63 29 106.433616638 1
63 29 106.455223083 1
63 29 106.486251831 1
63 29 106.486297607 1
63 29 106.512397766 1
63 29 106.518592834 1
63 29 106.525314331 1
63 29 106.550682068 1
63 29 106.61618042 1
63 29 106.636734009 1
63 29 106.666297913 1
63 29 106.673851013 1
63 29 106.696090698 1
63 29 106.698669434 1
63 29 106.716247559 1
63 29 106.741828918 1
63 29 106.746246338 1
63 29 106.776023865 1
63 29 106.781410217 1
63 29 106.802116394 1
63 29 106.825500488 1
63 29 106.828056335 1
63 29 106.831359863 1
63 29 106.891830444 1
63 29 106.896835327 1
63 29 106.923561096 1
63 29 106.944908142 1
63 29 106.984344482 1
63 29 107.072647095 1
63 29 107.096298218 1
63 29 107.129135132 1
63 29 107.163146973 1
63 29 107.172180176 1
63 29 107.173149109 1
63 29 107.2682724 1
63 29 107.311531067 1
63 29 107.328872681 1
63 29 107.335861206 1
63 29 107.341056824 1
63 29 107.4400177 1
63 29 107.461112976 1
63 29 107.487182617 1
63 29 107.533782959 1
63 29 107.535652161 1
63 29 107.54447937 1
63 29 107.577102661 1
63 29 107.587059021 1
63 29 107.60395813 1
63 29 107.613075256 1
63 29 107.613098145 1
63 29 107.644248962 1
63 29 107.670661926 1
63 29 107.751266479 1
63 29 107.764900208 1
63 29 107.782325745 1
63 29 107.783599854 1
63 29 107.792694092 1
63 29 107.814994812 1
63 29 107.833625793 1
63 29 107.868507385 1
63 29 107.928337097 1
63 29 107.947052002 1
63 29 107.970993042 1
63 29 107.990486145 1
63 29 107.999656677 1
63 29 108.007408142 1
63 29 108.14478302 1
63 29 108.224349976 1
63 29 108.232246399 1
63 29 108.238952637 1
63 29 108.243644714 1
63 29 108.268966675 1
63 29 108.271255493 1
63 29 108.273147583 1
63 29 108.421157837 1
63 29 108.477806091 1
63 29 108.49697876 1
63 29 108.502067566 1
63 29 108.517570496 1
63 29 108.660545349 1
63 29 108.686836243 1
63 29 108.907592773 1
63 29 108.909233093 1
63 29 108.917884827 1
63 29 108.952766418 1
63 29 108.955711365 1
63 29 108.974281311 1
63 29 108.983139038 1
63 29 109.016952515 1
63 29 109.108642578 1
63 29 109.150360107 1
63 29 109.271026611 1
63 29 109.274459839 1
63 29 109.290809631 1
63 29 109.32888031 1
63 29 109.337730408 1
63 29 109.342460632 1
63 29 109.362823486 1
63 29 109.379570007 1
63 29 109.527267456 1
63 29 109.541282654 1
63 29 109.542610168 1
63 29 109.571998596 1
63 29 109.629333496 1
63 29 109.633636475 1
63 29 109.643043518 1
63 29 109.647186279 1
63 29 109.677757263 1
63 29 109.68850708 1
63 29 109.705680847 1
63 29 109.775314331 1
63 29 109.780822754 1
63 29 109.832931519 1
63 29 109.86479187 1
63 29 109.887321472 1
63 29 109.88973999 1
63 29 109.891105652 1
63 29 109.931289673 1
63 29 109.971832275 1
63 29 109.999519348 1
63 29 110.026199341 1
63 29 110.078903198 1
63 29 110.105354309 1
63 29 110.108085632 1
63 29 110.110198975 1
63 29 110.116264343 1
63 29 110.129898071 1
63 29 110.186599731 1
63 29 110.198753357 1
63 29 110.228279114 1
63 29 110.231689453 1
63 29 110.276985168 1
63 29 110.280845642 1
63 29 110.287216187 1
63 29 110.353546143 1
63 29 110.355766296 1
63 29 110.414382935 1
63 29 110.443557739 1
63 29 110.454322815 1
63 29 110.460754395 1
63 29 110.551200867 1
63 29 110.573852539 1
63 29 110.609359741 1
63 29 110.613334656 1
63 29 110.635513306 1
63 29 110.642845154 1
63 29 110.655601501 1
63 29 110.666091919 1
63 29 110.673927307 1
63 29 110.710456848 1
63 29 110.748588562 1
63 29 110.838935852 1
63 29 110.851196289 1
63 29 110.861488342 1
63 29 110.876617432 1
63 29 110.89604187 1
63 29 110.966629028 1
63 29 110.990875244 1
63 29 110.992782593 1
63 29 110.993736267 1
63 29 111.023025513 1
63 29 111.126342773 1
63 29 111.136886597 1
63 29 111.138298035 1
63 29 111.181236267 1
63 29 111.209037781 1
63 29 111.209518433 1
63 29 111.230148315 1
63 29 111.297943115 1
63 29 111.36441803 1
63 29 111.393684387 1
63 29 111.39781189 1
63 29 111.408538818 1
63 29 111.44908905 1
63 29 111.452377319 1
63 29 111.458976746 1
63 29 111.475601196 1
63 29 111.514602661 1
63 29 111.539329529 1
63 29 111.604782104 1
63 29 111.610054016 1
63 29 111.68536377 1
63 29 111.747245789 1
63 29 111.785697937 1
63 29 111.801521301 1
63 29 111.814491272 1
63 29 111.849388123 1
63 29 111.867012024 1
63 29 111.887664795 1
63 29 111.951141357 1
63 29 111.962081909 1
63 29 111.980735779 1
63 29 111.999923706 1
63 29 112.028282166 1
63 29 112.104934692 1
63 29 112.15057373 1
63 29 112.172538757 1
63 29 112.203216553 1
63 29 112.258140564 1
63 29 112.306098938 1
63 29 112.308586121 1
63 29 112.328605652 1
63 29 112.329597473 1
63 29 112.387008667 1
63 29 112.412879944 1
63 29 112.455360413 1
63 29 112.550491333 1
63 29 112.580085754 1
63 29 112.585960388 1
63 29 112.601837158 1
63 29 112.628898621 1
63 29 112.639541626 1
63 29 112.725852966 1
63 29 112.736930847 1
63 29 112.737457275 1
63 29 112.771720886 1
63 29 112.840522766 1
63 29 112.860404968 1
63 29 112.863548279 1
63 29 112.922599792 1
63 29 112.944473267 1
63 29 113.002784729 1
63 29 113.040977478 1
63 29 113.101989746 1
63 29 113.104400635 1
63 29 113.104827881 1
63 29 113.145217896 1
63 29 113.146820068 1
63 29 113.168243408 1
63 29 113.271003723 1
63 29 113.272850037 1
63 29 113.343757629 1
63 29 113.372444153 1
63 29 113.424766541 1
63 29 113.52142334 1
63 29 113.521812439 1
63 29 113.555709839 1
63 29 113.649421692 1
63 29 113.672615051 1
63 29 113.677932739 1
63 29 113.693267822 1
63 29 113.695838928 1
63 29 113.717269897 1
63 29 113.731231689 1
63 29 113.790885925 1
63 29 113.791755676 1
63 29 113.907928467 1
63 29 113.921295166 1
63 29 113.973823547 1
63 29 114.015884399 1
63 29 114.064781189 1
63 29 114.103614807 1
63 29 114.173713684 1
63 29 114.29573822 1
63 29 114.410881042 1
63 29 114.432189941 1
63 29 114.507324219 1
63 29 114.585678101 1
63 29 114.67301178 1
63 29 114.902252197 1
63 29 114.938018799 1
63 29 114.948997498 1
63 29 115.011581421 1
63 29 115.309532166 1
63 29 115.439216614 1
63 29 115.450973511 1
63 29 115.468261719 1
63 29 115.577323914 1
63 29 115.580551147 1
63 29 115.602119446 1
63 29 115.616172791 1
63 29 115.624382019 1
63 29 115.685348511 1
63 29 115.73563385 1
63 29 115.748703003 1
63 29 115.776329041 1
63 29 115.789497375 1
63 29 115.817466736 1
63 29 115.837608337 1
63 29 115.946403503 1
63 29 116.103286743 1
63 29 116.16557312 1
63 29 116.275886536 1
63 29 116.283950806 1
63 29 116.38633728 1
63 29 116.40851593 1
63 29 116.415634155 1
63 29 116.427597046 1
63 29 116.442344666 1
63 29 116.607666016 1
63 29 116.642837524 1
63 29 116.67124176 1
63 29 116.699676514 1
63 29 116.807388306 1
63 29 116.847946167 1
63 29 116.943473816 1
63 29 116.945587158 1
63 29 116.976539612 1
63 29 117.145568848 1
63 29 117.334114075 1
63 29 117.359794617 1
63 29 117.371772766 1
63 29 117.423934937 1
63 29 117.487991333 1
63 29 117.586433411 1
63 29 117.592193604 1
63 29 117.616233826 1
63 29 117.650634766 1
63 29 117.657752991 1
63 29 117.792556763 1
63 29 117.817222595 1
63 29 117.902069092 1
63 29 117.995758057 1
63 29 118.091873169 1
63 29 118.156005859 1
63 29 118.197731018 1
63 29 118.220809937 1
63 29 118.236831665 1
63 29 118.304542542 1
63 29 118.446372986 1
63 29 118.548866272 1
63 29 118.572547913 1
63 29 118.605567932 1
63 29 118.606040955 1
63 29 118.73299408 1
63 29 118.886695862 1
63 29 118.912467957 1
63 29 118.942588806 1
63 29 118.94934082 1
63 29 118.96988678 1
63 29 119.034286499 1
63 29 119.039253235 1
63 29 119.102752686 1
63 29 119.131828308 1
63 29 119.165740967 1
63 29 119.385345459 1
63 29 119.466018677 1
63 29 119.552864075 1
63 29 119.569694519 1
63 29 119.573471069 1
63 29 119.601249695 1
63 29 119.606010437 1
63 29 119.641815186 1
63 29 119.679412842 1
63 29 119.681739807 1
63 29 119.720703125 1
63 29 119.771400452 1
63 29 119.791793823 1
63 29 119.80645752 1
63 29 119.902557373 1
63 29 120.04473877 1
63 29 120.098503113 1
63 29 120.124443054 1
63 29 120.540481567 1
63 29 120.559692383 1
63 29 120.611289978 1
63 29 120.673789978 1
63 29 120.712593079 1
63 29 120.732757568 1
63 29 120.815505981 1
63 29 120.854545593 1
63 29 120.866127014 1
63 29 120.872200012 1
63 29 121.083839417 1
63 29 121.319351196 1
63 29 121.334907532 1
63 29 121.352752686 1
63 29 121.382972717 1
63 29 121.490493774 1
63 29 121.497444153 1
63 29 121.605270386 1
63 29 121.647415161 1
63 29 121.722053528 1
63 29 121.839393616 1
63 29 121.907478333 1
63 29 121.914344788 1
63 29 121.915779114 1
63 29 122.151519775 1
63 29 122.190704346 1
63 29 122.862358093 1
63 29 122.87474823 1
63 29 122.910491943 1
63 29 122.923927307 1
63 29 122.976860046 1
63 29 123.07106781 1
63 29 123.122673035 1
63 29 123.229301453 1
63 29 123.261650085 1
63 29 123.27507019 1
63 29 123.28414917 1
63 29 123.307121277 1
63 29 123.419975281 1
63 29 123.424415588 1
63 29 123.509490967 1
63 29 123.576622009 1
63 29 123.606285095 1
63 29 123.743980408 1
63 29 123.758415222 1
63 29 123.76789093 1
63 29 123.790687561 1
63 29 123.91557312 1
63 29 123.972793579 1
63 29 124.100143433 1
63 29 124.100250244 1
63 29 124.158340454 1
63 29 124.233833313 1
63 29 124.363441467 1
63 29 124.400184631 1
63 29 124.404167175 1
63 29 124.463356018 1
63 29 124.48349762 1
63 29 124.537620544 1
63 29 124.556762695 1
63 29 124.585899353 1
63 29 124.605812073 1
63 29 124.861251831 1
63 29 125.006622314 1
63 29 125.1665802 1
63 29 125.180297852 1
63 29 125.421066284 1
63 29 125.531105042 1
63 29 125.666473389 1
63 29 125.691093445 1
63 29 125.794822693 1
63 29 125.797538757 1
63 29 125.908042908 1
63 29 126.008628845 1
63 29 126.090057373 1
63 29 126.148384094 1
63 29 126.266357422 1
63 29 126.55090332 1
63 29 126.586677551 1
63 29 126.592582703 1
63 29 126.643081665 1
63 29 126.657035828 1
63 29 126.700492859 1
63 29 126.809516907 1
63 29 126.95098877 1
63 29 126.982315063 1
63 29 127.017738342 1
63 29 127.053985596 1
63 29 127.075828552 1
63 29 127.093307495 1
63 29 127.16028595 1
63 29 127.220741272 1
63 29 127.298362732 1
63 29 127.428688049 1
63 29 127.47328949 1
63 29 127.478141785 1
63 29 127.517425537 1
63 29 127.725654602 1
63 29 127.747047424 1
63 29 127.748474121 1
63 29 127.788864136 1
63 29 127.824386597 1
63 29 127.922225952 1
63 29 128.1980896 1
63 29 128.201248169 1
63 29 128.205886841 1
63 29 128.209686279 1
63 29 128.288284302 1
63 29 128.3125 1
63 29 128.375350952 1
63 29 128.468444824 1
63 29 128.505706787 1
63 29 128.702682495 1
63 29 128.777664185 1
63 29 128.785888672 1
63 29 128.961654663 1
63 29 128.987228394 1
63 29 129.103347778 1
63 29 129.163482666 1
63 29 129.358932495 1
63 29 129.368728638 1
63 29 129.443206787 1
63 29 129.493392944 1
63 29 129.509765625 1
63 29 129.781188965 1
63 29 129.84979248 1
63 29 130.225662231 1
63 29 130.259735107 1
63 29 130.416015625 1
63 29 130.738128662 1
63 29 131.033996582 1
63 29 131.3984375 1
63 29 131.470321655 1
63 29 131.817428589 1
63 29 131.880233765 1
63 29 131.989578247 1
63 29 132.135894775 1
63 29 132.201034546 1
63 29 132.401367188 1
63 29 132.623596191 1
63 29 132.68699646 1
63 29 132.840103149 1
63 29 132.853500366 1
63 29 132.854644775 1
63 29 132.90133667 1
63 29 133.00428772 1
63 29 133.166946411 1
63 29 133.242416382 1
63 29 133.654541016 1
63 29 133.658416748 1
63 29 133.855010986 1
63 29 134.078643799 1
63 29 134.279022217 1
63 29 134.293014526 1
63 29 134.339569092 1
63 29 134.424987793 1
63 29 134.562667847 1
63 29 134.620117188 1
63 29 134.812973022 1
63 29 134.996002197 1
63 29 135.11567688 1
63 29 135.276626587 1
63 29 135.50062561 1
63 29 135.612640381 1
63 29 135.719223022 1
63 29 135.754638672 1
63 29 135.805389404 1
63 29 135.88885498 1
63 29 135.919616699 1
63 29 135.962997437 1
63 29 136.0756073 1
63 29 136.151992798 1
63 29 136.369064331 1
63 29 136.464141846 1
63 29 136.632003784 1
63 29 136.652816772 1
63 29 136.681518555 1
63 29 136.735671997 1
63 29 136.762863159 1
63 29 137.161392212 1
63 29 137.53225708 1
63 29 137.538360596 1
63 29 138.107391357 1
63 29 138.299041748 1
63 29 138.716064453 1
63 29 139.043716431 1
63 29 139.152618408 1
63 29 139.250320435 1
63 29 139.568832397 1
63 29 139.609603882 1
63 29 139.646789551 1
63 29 139.684707642 1
63 29 140.260543823 1
63 29 140.354415894 1
63 29 140.464355469 1
63 29 140.467788696 1
63 29 140.796432495 1
63 29 140.805114746 1
63 29 140.977722168 1
63 29 141.346740723 1
63 29 141.509414673 1
63 29 141.583694458 1
63 29 141.664199829 1
63 29 141.781539917 1
63 29 141.953964233 1
63 29 142.165939331 1
63 29 142.772628784 1
63 29 142.921936035 1
63 29 143.054351807 1
63 29 143.205459595 1
63 29 143.212615967 1
63 29 143.292098999 1
63 29 143.67024231 1
63 29 143.868591309 1
63 29 144.276580811 1
63 29 144.291152954 1
63 29 144.849990845 1
63 29 144.864608765 1
63 29 145.155792236 1
63 29 145.183456421 1
63 29 145.647491455 1
63 29 145.731735229 1
63 29 145.862075806 1
63 29 146.309661865 1
63 29 146.736068726 1
63 29 146.772171021 1
63 29 146.969573975 1
63 29 147.080825806 1
63 29 147.4087677 1
63 29 147.484634399 1
63 29 148.308242798 1
63 29 148.866668701 1
63 29 149.07244873 1
63 29 149.10710144 1
63 29 149.37097168 1
63 29 149.652130127 1
63 29 149.802307129 1
63 29 150.298614502 1
63 29 150.632476807 1
63 29 151.240951538 1
63 29 151.655288696 1
63 29 152.593307495 1
63 29 153.393081665 1
63 29 154.169998169 1
63 29 155.283187866 1
63 29 156.450134277 1
63 29 156.473861694 1
63 29 156.496673584 1
63 29 157.139434814 1
63 29 157.207061768 1
63 29 158.002151489 1
63 29 158.140670776 1
63 29 159.158355713 1
63 29 159.280517578 1
63 29 159.410949707 1
63 29 161.140380859 1
63 29 161.22946167 1
63 29 161.657714844 1
63 29 161.87411499 1
63 29 161.981506348 1
63 29 162.317642212 1
63 29 163.089630127 1
63 29 163.877731323 1
63 29 163.913650513 1
63 29 163.997573853 1
63 29 164.04258728 1
63 29 166.061889648 1
63 29 166.939453125 1
63 29 166.972686768 1
63 29 167.027389526 1
63 29 167.651321411 1
63 29 167.820999146 1
63 29 168.019775391 1
63 29 169.301925659 1
63 29 169.825546265 1
63 29 169.89276123 1
63 29 170.637130737 1
63 29 170.661682129 1
63 29 171.57069397 1
63 29 174.473403931 1
63 29 177.999221802 1
63 29 178.364242554 1
63 29 178.529632568 1
63 29 178.65486145 1
63 29 180.787109375 1
63 29 181.847305298 1
63 29 186.264663696 1
63 29 186.490814209 1
63 29 186.86076355 1
63 29 186.912811279 1
63 29 187.015762329 1
63 29 187.56262207 1
63 29 189.413482666 1
63 29 190.383163452 1
63 29 190.391860962 1
63 29 192.103866577 1
63 29 192.396087646 1
63 29 192.428039551 1
63 29 194.50743103 1
63 29 195.027175903 1
63 29 196.968063354 1
63 29 197.399978638 1
63 29 198.451660156 1
63 29 200.37991333 1
63 29 201.325012207 1
63 29 203.598510742 1
63 29 206.143661499 1
63 29 207.027359009 1
63 29 207.070465088 1
63 29 207.887008667 1
63 29 210.781448364 1
63 29 211.746582031 1
63 29 212.93699646 1
63 29 213.116943359 1
63 29 213.205780029 1
63 29 213.658035278 1
63 29 214.006332397 1
63 29 214.786605835 1
63 29 215.096664429 1
63 29 216.290267944 1
63 29 217.712203979 1
63 29 218.709213257 1
63 29 219.364379883 1
63 29 220.546524048 1
63 29 221.691726685 1
63 29 221.919174194 1
63 29 224.313858032 1
63 29 224.608383179 1
63 29 225.230941772 1
63 29 228.967529297 1
63 29 229.273864746 1
63 29 229.848739624 1
63 29 230.914352417 1
63 29 231.467041016 1
63 29 232.713043213 1
63 29 233.178115845 1
63 29 237.696289062 1
63 29 237.744537354 1
63 29 238.170120239 1
63 29 239.185409546 1
63 29 242.202178955 1
63 29 242.231369019 1
63 29 242.945632935 1
63 29 242.966384888 1
63 29 243.21105957 1
63 29 244.158462524 1
63 29 245.252685547 1
63 29 245.343688965 1
63 29 246.541168213 1
63 29 250.068450928 1
63 29 256.715606689 1
63 29 257.187591553 1
63 29 258.842285156 1
63 29 259.704833984 1
63 29 260.652587891 1
63 29 262.797943115 1
63 29 263.504821777 1
63 29 268.386901855 1
63 29 273.372314453 1
63 29 274.306854248 1
63 29 275.49609375 1
63 29 277.53717041 1
63 29 278.524200439 1
63 29 280.05456543 1
63 29 285.86831665 1
63 29 292.592346191 1
63 29 293.815551758 1
63 29 295.578613281 1
63 29 297.893218994 1
63 29 301.800720215 1
63 29 301.805084229 1
63 29 306.195098877 1
63 29 310.053375244 1
63 29 310.926971436 1
63 29 312.691497803 1
63 29 315.119476318 1
63 29 321.423980713 1
63 29 328.690856934 1
63 29 332.888061523 1
63 29 338.418792725 1
63 29 340.431671143 1
63 29 342.415985107 1
63 29 342.62197876 1
63 29 347.081787109 1
63 29 352.257720947 1
63 29 354.441436768 1
63 29 355.735076904 1
63 29 359.980377197 1
63 29 365.621032715 1
63 29 369.9737854 1
63 29 379.546081543 1
63 29 380.451812744 1
63 29 381.082824707 1
63 29 388.431976318 1
63 29 391.725341797 1
63 29 393.813018799 1
63 29 409.311889648 1
63 29 412.593414307 1
63 29 413.141784668 1
63 29 413.25692749 1
63 29 414.622253418 1
63 29 415.387054443 1
63 29 416.490966797 1
63 29 425.556976318 1
63 29 434.320739746 1
63 29 446.440704346 1
63 29 453.622161865 1
63 29 454.207336426 1
63 29 456.871459961 1
63 29 464.247131348 1
63 29 489.043243408 1
63 29 489.374816895 1
63 29 492.140716553 1
63 29 492.50769043 1
63 29 504.369476318 1
63 29 518.236877441 1
63 29 538.490966797 1
63 29 542.432312012 1
63 29 551.617248535 1
63 29 581.380981445 1
63 29 589.848205566 1
63 29 601.367431641 1
63 29 608.901062012 1
63 29 623.001281738 1
63 29 627.467773438 1
63 29 630.432983398 1
63 29 632.222229004 1
63 29 644.210693359 1
63 29 654.038452148 1
63 29 655.377502441 1
63 29 655.925476074 1
63 29 656.087463379 1
63 29 684.103210449 1
63 29 723.522155762 1
63 29 733.914001465 1
63 29 787.877990723 1
63 29 795.031188965 1
63 29 827.848022461 1
63 29 865.705505371 1
63 29 867.75 1
63 29 871.670471191 1
63 29 987.810180664 1
63 29 1103.40124512 1
63 29 1129.5423584 1
63 29 1163.80151367 1
63 29 1164.03198242 1
63 29 1273.0411377 1
63 29 1385.85827637 1
63 29 1426.015625 1
63 29 2896.22094727 1
63 31 97.9935302734 1
63 31 103.450721741 1
63 31 106.447059631 1
63 31 108.056503296 1
63 31 109.651626587 1
63 31 109.886581421 1
63 31 111.13105011 1
63 31 112.449073792 1
63 31 114.806816101 1
63 31 116.033294678 1
63 31 122.594902039 1
63 31 124.576133728 1
63 31 125.967720032 1
63 31 127.78327179 1
63 31 128.424209595 1
63 31 130.856124878 1
63 31 139.663101196 1
63 31 143.39831543 1
63 31 143.569625854 1
63 31 145.118637085 1
63 31 146.277313232 1
63 31 146.965087891 1
63 31 147.800552368 1
63 31 150.556549072 1
63 31 152.827163696 1
63 31 157.610565186 1
63 31 157.811431885 1
63 31 157.910324097 1
63 31 158.876495361 1
63 31 160.719406128 1
63 31 161.561309814 1
63 31 162.483673096 1
63 31 162.503707886 1
63 31 162.992355347 1
63 31 163.368637085 1
63 31 166.110137939 1
63 31 168.180007935 1
63 31 169.765136719 1
63 31 170.854934692 1
63 31 176.032424927 1
63 31 176.06842041 1
63 31 177.236083984 1
63 31 181.927322388 1
63 31 182.854919434 1
63 31 183.170288086 1
63 31 183.645874023 1
63 31 185.681152344 1
63 31 186.899887085 1
63 31 189.144088745 1
63 31 189.912857056 1
63 31 190.010025024 1
63 31 190.836685181 1
63 31 192.847793579 1
63 31 193.699951172 1
63 31 196.126647949 1
63 31 196.233032227 1
63 31 197.998840332 1
63 31 198.081665039 1
63 31 198.973510742 1
63 31 200.953155518 1
63 31 201.311706543 1
63 31 201.584564209 1
63 31 208.195037842 1
63 31 208.875518799 1
63 31 209.303985596 1
63 31 211.12361145 1
63 31 211.358505249 1
63 31 212.143051147 1
63 31 212.77784729 1
63 31 212.833404541 1
63 31 213.27130127 1
63 31 219.29876709 1
63 31 221.105209351 1
63 31 226.44303894 1
63 31 227.048568726 1
63 31 229.909835815 1
63 31 232.323059082 1
63 31 232.900894165 1
63 31 241.143722534 1
63 31 243.714065552 1
63 31 244.412582397 1
63 31 255.202926636 1
63 31 260.516662598 1
63 31 263.63067627 1
63 31 274.143615723 1
63 31 275.528045654 1
63 31 276.021179199 1
63 31 276.791992188 1
63 31 282.136169434 1
63 31 282.69229126 1
63 31 283.132354736 1
63 31 284.934051514 1
63 31 287.787231445 1
63 31 290.185150146 1
63 31 292.419006348 1
63 31 308.066162109 1
63 31 308.621582031 1
63 31 309.16229248 1
63 31 312.018096924 1
63 31 313.856140137 1
63 31 319.940124512 1
63 31 326.641143799 1
63 31 330.378112793 1
63 31 333.668487549 1
63 31 339.775970459 1
63 31 339.822540283 1
63 31 358.438293457 1
63 31 359.779937744 1
63 31 369.030700684 1
63 31 370.257446289 1
63 31 371.671905518 1
63 31 373.788452148 1
63 31 375.820983887 1
63 31 389.383575439 1
63 31 393.831390381 1
63 31 396.429748535 1
63 31 396.600830078 1
63 31 396.685028076 1
63 31 397.344421387 1
63 31 412.008972168 1
63 31 417.799743652 1
63 31 423.674438477 1
63 31 429.570983887 1
63 31 439.312347412 1
63 31 440.01739502 1
63 31 440.498840332 1
63 31 441.355041504 1
63 31 444.952178955 1
63 31 445.242828369 1
63 31 451.534606934 1
63 31 454.516967773 1
63 31 461.869049072 1
63 31 472.908630371 1
63 31 479.305938721 1
63 31 484.760223389 1
63 31 484.860351562 1
63 31 491.350799561 1
63 31 494.89251709 1
63 31 512.506347656 1
63 31 526.616516113 1
63 31 533.46472168 1
63 31 538.516296387 1
63 31 542.715393066 1
63 31 560.510253906 1
63 31 573.250427246 1
63 31 577.765258789 1
63 31 579.078308105 1
63 31 653.374694824 1
63 31 676.864807129 1
63 31 685.507019043 1
63 31 725.985534668 1
63 31 761.414428711 1
63 31 801.251220703 1
63 31 804.184143066 1
63 31 835.59753418 1
63 31 912.838928223 1
63 31 918.847595215 1
63 31 1057.94458008 1
63 31 1571.65686035 1
63 32 202.050872803 1
63 32 215.34262085 1
63 32 227.197006226 1
63 32 237.517379761 1
63 32 243.692749023 1
63 32 244.363143921 1
63 32 260.604400635 1
63 32 262.359771729 1
63 32 262.510803223 1
63 32 267.248046875 1
63 32 284.548400879 1
63 32 288.031402588 1
63 32 310.625671387 1
63 32 318.416320801 1
63 32 321.964385986 1
63 32 328.188781738 1
63 32 338.23916626 1
63 32 365.250152588 1
63 32 372.591094971 1
63 32 374.017913818 1
63 32 376.89453125 1
63 32 382.886962891 1
63 32 385.973052979 1
63 32 387.35269165 1
63 32 394.305786133 1
63 32 396.979034424 1
63 32 403.640045166 1
63 32 419.852264404 1
63 32 465.836242676 1
63 32 466.501373291 1
63 32 477.257659912 1
63 32 489.985748291 1
63 32 496.04019165 1
63 32 515.760864258 1
63 32 523.544067383 1
63 32 527.932495117 1
63 32 539.495483398 1
63 32 559.851013184 1
63 32 561.405395508 1
63 32 563.423828125 1
63 32 624.344482422 1
63 32 634.354553223 1
63 32 634.815063477 1
63 32 648.196411133 1
63 32 704.452453613 1
63 32 760.653686523 1
63 32 838.860107422 1
63 32 869.189880371 1
63 33 382.88494873 1
63 33 390.883239746 1
63 33 454.338378906 1
63 33 459.020599365 1
63 33 482.32913208 1
63 33 485.403076172 1
63 33 486.25378418 1
63 33 519.169372559 1
63 33 647.367675781 1
63 33 687.784362793 1
63 33 1043.72119141 1
63 34 594.39642334 1
63 34 784.132995605 1
64 24 1089.75830078 1
64 25 1063.29528809 1
64 26 934.17565918 1
64 27 1158.35620117 1
64 27 1453.89135742 1
64 28 780.382629395 1
64 28 1082.78210449 1
64 28 1138.65393066 1
64 28 1319.91052246 1
64 28 1861.18237305 1
64 28 2179.74560547 1
64 29 676.342712402 1
64 29 677.168029785 1
64 29 899.68560791 1
64 29 1485.20263672 1
64 29 2071.02856445 1
64 30 653.340454102 1
64 30 719.735595703 1
64 30 763.903686523 1
64 30 803.763244629 1
64 30 842.66229248 1
64 30 982.311950684 1
64 30 986.849914551 1
64 30 1024.80065918 1
64 30 1099.76123047 1
64 31 1001.20703125 1
64 31 1474.6583252 1
64 31 1892.85839844 1
64 32 765.706176758 1
64 32 1193.17077637 1
64 32 1354.73400879 1
69 24 1897.67260742 1
69 29 1203.7166748 1
69 29 1527.30871582 1
70 21 1305.28967285 1
70 24 1027.33093262 1
70 24 1482.15563965 1
70 25 1156.88977051 1
70 26 800.706359863 1
70 26 820.925109863 1
70 26 924.211486816 1
70 26 1080.65979004 1
70 26 1587.69067383 1
70 27 787.427124023 1
70 27 809.239562988 1
70 27 891.006469727 1
70 27 947.244873047 1
70 27 950.921264648 1
70 27 997.655151367 1
70 27 1129.33361816 1
70 27 1234.04321289 1
70 27 1284.43762207 1
70 27 1423.13623047 1
70 27 1675.57861328 1
70 28 701.125732422 1
70 28 844.899902344 1
70 28 893.349121094 1
70 28 1109.45788574 1
70 29 724.951965332 1
70 29 777.690856934 1
70 29 921.111022949 1
70 29 976.426818848 1
70 29 1238.8293457 1
70 29 1315.33740234 1
70 29 1360.98254395 1
70 30 725.365600586 1
70 30 730.565551758 1
70 30 741.222229004 1
70 30 1106.84057617 1
70 31 783.049438477 1
70 31 989.965454102 1
70 31 1058.61694336 1
70 31 1347.3996582 1
70 31 1472.82641602 1
70 31 2409.45776367 1
71 23 1038.60876465 1
71 24 1203.20703125 1
71 25 918.506286621 1
71 25 1077.74780273 1
71 25 1617.22998047 1
71 26 827.759460449 1
71 27 690.794128418 1
71 27 691.255615234 1
71 27 727.485961914 1
71 27 758.661865234 1
71 27 760.856750488 1
71 27 939.853942871 1
71 27 947.350341797 1
71 27 969.312927246 1
71 27 975.557739258 1
71 27 1757.77587891 1
71 28 713.995483398 1
71 28 757.92767334 1
71 28 786.073669434 1
71 28 850.340881348 1
71 28 863.375 1
71 28 992.566772461 1
71 28 1309.68859863 1
71 28 1348.78137207 1
71 28 2227.19897461 1
71 29 677.060058594 1
71 29 679.615600586 1
71 29 732.229003906 1
71 29 754.396484375 1
71 29 792.307556152 1
71 29 812.672058105 1
71 29 870.630126953 1
71 29 910.007873535 1
71 29 950.527709961 1
71 29 1106.7878418 1
71 29 1227.96728516 1
71 30 666.610290527 1
71 30 708.788696289 1
71 30 847.704162598 1
71 30 897.213317871 1
71 30 962.952758789 1
71 30 1017.81793213 1
71 30 1090.1965332 1
71 30 1242.60473633 1
71 30 1269.8717041 1
71 30 1273.73754883 1
71 32 1096.27478027 1
71 32 1390.85058594 1
72 29 1354.61914062 1
72 33 1931.26171875 1
76 27 2052.40332031 1
