000 327.0 0.0 1000000.0
008 257.0 0.0 1000000.0
009 243.0 0.0 1000000.0
010 216.0 0.0 1000000.0
011 249.0 0.0 1000000.0
013 259.0 0.0 1000000.0
016 256.0 0.0 1000000.0
022 254.0 0.0 1000000.0
027 281.0 0.0 1000000.0
034 286.0 0.0 1000000.0
045 258.0 0.0 1000000.0
063 247.0 0.0 1000000.0
090 162.0 0.0 1000000.0
117 85.0 0.0 1000000.0
135 50.0 0.0 1000000.0
146 40.0 0.0 1000000.0
153 34.0 0.0 1000000.0
158 15.0 0.0 1000000.0
162 22.0 0.0 1000000.0
164 19.0 0.0 1000000.0
166 22.0 0.0 1000000.0
167 19.0 0.0 1000000.0
169 19.0 0.0 1000000.0
171 17.0 0.0 1000000.0
172 18.0 0.0 1000000.0
180 14.0 0.0 1000000.0
