string dom time charge
63 14 2361.17944336 1
63 16 2326.66235352 1
63 18 1725.4465332 1
63 18 1885.46276855 1
63 18 2137.40356445 1
63 19 1173.32446289 1
63 19 1420.95629883 1
63 19 1445.86193848 1
63 19 1692.66650391 1
63 19 1984.41943359 1
63 19 2033.78344727 1
63 19 2230.52172852 1
63 20 1254.46166992 1
63 20 1387.67529297 1
63 20 1410.50671387 1
63 20 1443.47290039 1
63 20 1550.2565918 1
63 20 1587.18249512 1
63 20 1699.47680664 1
63 20 1898.96520996 1
63 20 2005.77990723 1
63 20 2031.85473633 1
63 20 2435.72949219 1
63 21 1107.48547363 1
63 21 1178.91601562 1
63 21 1232.64160156 1
63 21 1301.71826172 1
63 21 1305.08520508 1
63 21 1314.20251465 1
63 21 1315.46716309 1
63 21 1330.31933594 1
63 21 1493.4798584 1
63 21 1519.27941895 1
63 21 1595.89733887 1
63 21 1782.29101562 1
63 21 2026.71691895 1
63 21 2426.35107422 1
63 21 2512.07519531 1
63 21 2755.11206055 1
63 21 2994.76757812 1
63 22 1003.29724121 1
63 22 1015.40649414 1
63 22 1085.9831543 1
63 22 1127.46777344 1
63 22 1163.40771484 1
63 22 1172.94714355 1
63 22 1183.88134766 1
63 22 1206.77172852 1
63 22 1210.57275391 1
63 22 1224.76477051 1
63 22 1228.33557129 1
63 22 1246.48034668 1
63 22 1265.29760742 1
63 22 1286.79418945 1
63 22 1294.11108398 1
63 22 1314.47741699 1
63 22 1341.36425781 1
63 22 1455.31433105 1
63 22 1489.88989258 1
63 22 1496.60168457 1
63 22 1552.92089844 1
63 22 1560.31408691 1
63 22 1578.92333984 1
63 22 1670.20458984 1
63 22 1670.59960938 1
63 22 1683.71142578 1
63 22 1723.12365723 1
63 22 1811.92272949 1
63 22 1814.7890625 1
63 22 1828.96777344 1
63 22 1943.77050781 1
63 22 2073.06811523 1
63 22 2405.29833984 1
63 22 2419.16308594 1
63 22 2655.70751953 1
63 23 873.974975586 1
63 23 883.262451172 1
63 23 908.843933105 1
63 23 950.856384277 1
63 23 993.856506348 1
63 23 1004.30273438 1
63 23 1052.15039062 1
63 23 1094.51452637 1
63 23 1114.52758789 1
63 23 1142.16650391 1
63 23 1144.74121094 1
63 23 1147.09521484 1
63 23 1166.94335938 1
63 23 1174.00415039 1
63 23 1177.77783203 1
63 23 1188.35131836 1
63 23 1206.88500977 1
63 23 1229.24743652 1
63 23 1242.10375977 1
63 23 1253.33251953 1
63 23 1261.05969238 1
63 23 1263.76025391 1
63 23 1265.06774902 1
63 23 1277.40515137 1
63 23 1287.72900391 1
63 23 1292.82250977 1
63 23 1327.24914551 1
63 23 1341.46838379 1
63 23 1399.14562988 1
63 23 1401.21435547 1
63 23 1413.19873047 1
63 23 1425.8848877 1
63 23 1428.5177002 1
63 23 1484.62072754 1
63 23 1491.85595703 1
63 23 1700.58190918 1
63 23 1857.21191406 1
63 23 1869.79870605 1
63 23 1901.84533691 1
63 23 1912.9440918 1
63 23 1998.84277344 1
63 23 2015.36767578 1
63 23 2096.13037109 1
63 23 2186.63842773 1
63 23 2293.29589844 1
63 23 2435.61499023 1
63 23 2503.00073242 1
63 23 2815.40649414 1
63 24 821.690063477 1
63 24 839.825622559 1
63 24 847.413696289 1
63 24 852.402099609 1
63 24 859.821105957 1
63 24 883.968444824 1
63 24 891.37902832 1
63 24 897.768737793 1
63 24 934.894470215 1
63 24 954.802368164 1
63 24 961.427001953 1
63 24 981.911132812 1
63 24 985.503479004 1
63 24 991.002807617 1
63 24 991.244506836 1
63 24 1001.35198975 1
63 24 1003.18951416 1
63 24 1012.49078369 1
63 24 1019.50830078 1
63 24 1024.83666992 1
63 24 1027.33044434 1
63 24 1030.18884277 1
63 24 1030.27966309 1
63 24 1054.68164062 1
63 24 1065.36401367 1
63 24 1075.44555664 1
63 24 1075.78662109 1
63 24 1081.50109863 1
63 24 1081.79138184 1
63 24 1086.01220703 1
63 24 1091.4486084 1
63 24 1098.5736084 1
63 24 1105.56896973 1
63 24 1111.60498047 1
63 24 1120.42529297 1
63 24 1131.38342285 1
63 24 1138.10766602 1
63 24 1196.57226562 1
63 24 1216.79370117 1
63 24 1242.60583496 1
63 24 1256.41418457 1
63 24 1270.55114746 1
63 24 1270.70581055 1
63 24 1275.85070801 1
63 24 1276.44616699 1
63 24 1343.23217773 1
63 24 1349.3770752 1
63 24 1349.92431641 1
63 24 1360.64111328 1
63 24 1365.24951172 1
63 24 1370.12890625 1
63 24 1402.73352051 1
63 24 1413.01049805 1
63 24 1415.55786133 1
63 24 1428.24023438 1
63 24 1429.70812988 1
63 24 1465.28820801 1
63 24 1478.00170898 1
63 24 1490.76257324 1
63 24 1502.79248047 1
63 24 1522.75524902 1
63 24 1621.0982666 1
63 24 1622.45922852 1
63 24 1637.24084473 1
63 24 1675.24353027 1
63 24 1724.17919922 1
63 24 1738.47045898 1
63 24 1772.21887207 1
63 24 1817.11047363 1
63 24 1952.22680664 1
63 24 2033.11328125 1
63 24 2263.92797852 1
63 24 2338.34667969 1
63 24 2421.11157227 1
63 24 2513.72729492 1
63 25 752.133056641 1
63 25 806.289550781 1
63 25 810.742370605 1
63 25 814.915283203 1
63 25 822.543518066 1
63 25 824.195983887 1
63 25 826.557922363 1
63 25 833.462280273 1
63 25 833.895568848 1
63 25 842.202270508 1
63 25 846.110778809 1
63 25 847.587341309 1
63 25 854.204406738 1
63 25 855.108581543 1
63 25 871.975219727 1
63 25 873.510314941 1
63 25 879.608276367 1
63 25 881.737609863 1
63 25 885.827209473 1
63 25 887.929138184 1
63 25 910.981872559 1
63 25 914.139709473 1
63 25 915.61315918 1
63 25 916.529052734 1
63 25 940.464416504 1
63 25 941.410217285 1
63 25 941.579589844 1
63 25 943.981811523 1
63 25 953.778686523 1
63 25 962.831726074 1
63 25 971.203735352 1
63 25 971.62286377 1
63 25 979.231140137 1
63 25 982.153320312 1
63 25 988.750610352 1
63 25 991.697509766 1
63 25 996.63873291 1
63 25 998.762939453 1
63 25 1003.64990234 1
63 25 1016.74755859 1
63 25 1019.01702881 1
63 25 1033.06494141 1
63 25 1043.44372559 1
63 25 1049.3079834 1
63 25 1049.53930664 1
63 25 1054.76745605 1
63 25 1057.86291504 1
63 25 1058.26525879 1
63 25 1058.76696777 1
63 25 1062.46777344 1
63 25 1070.48876953 1
63 25 1109.84130859 1
63 25 1111.7668457 1
63 25 1114.93640137 1
63 25 1114.9432373 1
63 25 1116.85571289 1
63 25 1117.56030273 1
63 25 1122.37683105 1
63 25 1123.9185791 1
63 25 1124.88842773 1
63 25 1125.63659668 1
63 25 1126.49182129 1
63 25 1135.94506836 1
63 25 1137.91015625 1
63 25 1142.07617188 1
63 25 1152.65942383 1
63 25 1159.22485352 1
63 25 1165.36901855 1
63 25 1167.48937988 1
63 25 1169.77575684 1
63 25 1171.45996094 1
63 25 1176.68225098 1
63 25 1179.09753418 1
63 25 1183.84899902 1
63 25 1191.83642578 1
63 25 1192.89587402 1
63 25 1207.94140625 1
63 25 1209.84106445 1
63 25 1211.46166992 1
63 25 1230.57324219 1
63 25 1232.2487793 1
63 25 1246.34228516 1
63 25 1246.52978516 1
63 25 1266.39294434 1
63 25 1275.22485352 1
63 25 1298.68322754 1
63 25 1309.7220459 1
63 25 1322.48791504 1
63 25 1371.16589355 1
63 25 1378.80371094 1
63 25 1380.94787598 1
63 25 1409.23400879 1
63 25 1427.3873291 1
63 25 1436.47839355 1
63 25 1439.05737305 1
63 25 1446.50195312 1
63 25 1472.38476562 1
63 25 1512.98291016 1
63 25 1550.57800293 1
63 25 1578.09448242 1
63 25 1625.72924805 1
63 25 1641.34655762 1
63 25 1642.91833496 1
63 25 1661.30175781 1
63 25 1701.99145508 1
63 25 1751.50268555 1
63 25 1764.85986328 1
63 25 1775.67919922 1
63 25 1788.46936035 1
63 25 1792.44750977 1
63 25 1889.5078125 1
63 25 1957.17114258 1
63 25 2022.67785645 1
63 25 2196.71630859 1
63 26 699.924804688 1
63 26 707.099243164 1
63 26 707.837280273 1
63 26 714.782714844 1
63 26 718.936828613 1
63 26 725.527099609 1
63 26 728.965698242 1
63 26 731.963684082 1
63 26 732.538635254 1
63 26 735.816589355 1
63 26 736.01940918 1
63 26 737.213684082 1
63 26 739.363952637 1
63 26 741.982116699 1
63 26 747.045654297 1
63 26 750.532409668 1
63 26 754.458557129 1
63 26 756.070251465 1
63 26 756.565429688 1
63 26 756.868713379 1
63 26 759.574279785 1
63 26 767.360900879 1
63 26 771.259094238 1
63 26 772.941040039 1
63 26 773.867004395 1
63 26 776.478393555 1
63 26 779.119567871 1
63 26 779.387145996 1
63 26 779.403686523 1
63 26 782.439758301 1
63 26 782.559387207 1
63 26 784.441345215 1
63 26 784.46496582 1
63 26 785.901611328 1
63 26 788.764099121 1
63 26 789.181091309 1
63 26 789.289611816 1
63 26 790.901916504 1
63 26 792.261352539 1
63 26 792.33203125 1
63 26 792.566040039 1
63 26 792.963989258 1
63 26 793.401916504 1
63 26 793.782226562 1
63 26 795.710327148 1
63 26 795.788146973 1
63 26 798.280822754 1
63 26 801.440917969 1
63 26 803.143066406 1
63 26 806.790710449 1
63 26 807.617370605 1
63 26 810.819580078 1
63 26 811.109741211 1
63 26 815.458496094 1
63 26 817.560302734 1
63 26 819.165710449 1
63 26 819.764099121 1
63 26 820.15802002 1
63 26 826.145935059 1
63 26 826.467529297 1
63 26 828.658203125 1
63 26 834.75402832 1
63 26 840.671508789 1
63 26 840.796569824 1
63 26 841.317626953 1
63 26 841.902404785 1
63 26 845.240905762 1
63 26 845.68359375 1
63 26 846.121826172 1
63 26 847.240539551 1
63 26 850.024536133 1
63 26 850.443054199 1
63 26 850.805114746 1
63 26 851.315429688 1
63 26 851.793640137 1
63 26 854.596435547 1
63 26 859.123046875 1
63 26 859.230773926 1
63 26 859.629211426 1
63 26 859.787475586 1
63 26 860.734130859 1
63 26 861.795349121 1
63 26 865.022827148 1
63 26 866.297302246 1
63 26 869.242675781 1
63 26 871.024230957 1
63 26 873.298034668 1
63 26 873.816955566 1
63 26 874.392578125 1
63 26 874.410644531 1
63 26 875.535644531 1
63 26 876.763671875 1
63 26 877.484130859 1
63 26 880.326965332 1
63 26 883.228637695 1
63 26 884.981323242 1
63 26 885.742492676 1
63 26 885.918884277 1
63 26 887.544921875 1
63 26 888.895996094 1
63 26 890.206298828 1
63 26 895.024353027 1
63 26 898.127502441 1
63 26 899.067932129 1
63 26 910.152282715 1
63 26 911.888916016 1
63 26 912.531799316 1
63 26 915.012268066 1
63 26 918.012390137 1
63 26 918.203430176 1
63 26 924.523803711 1
63 26 924.694763184 1
63 26 927.488464355 1
63 26 929.325805664 1
63 26 929.89654541 1
63 26 932.3984375 1
63 26 934.602600098 1
63 26 935.217346191 1
63 26 935.394836426 1
63 26 936.934326172 1
63 26 938.835510254 1
63 26 939.31829834 1
63 26 946.761169434 1
63 26 948.205200195 1
63 26 948.237365723 1
63 26 950.303588867 1
63 26 951.656921387 1
63 26 951.947143555 1
63 26 952.325378418 1
63 26 968.253601074 1
63 26 971.902954102 1
63 26 974.030883789 1
63 26 976.620788574 1
63 26 976.83013916 1
63 26 978.429443359 1
63 26 982.120422363 1
63 26 983.571044922 1
63 26 989.124023438 1
63 26 990.076843262 1
63 26 995.96472168 1
63 26 996.133789062 1
63 26 996.789733887 1
63 26 1000.6416626 1
63 26 1008.16595459 1
63 26 1023.21173096 1
63 26 1026.97265625 1
63 26 1027.88928223 1
63 26 1033.00500488 1
63 26 1033.3951416 1
63 26 1037.92602539 1
63 26 1041.34619141 1
63 26 1045.61743164 1
63 26 1046.2947998 1
63 26 1048.19421387 1
63 26 1055.20019531 1
63 26 1058.97900391 1
63 26 1059.7175293 1
63 26 1060.66723633 1
63 26 1063.52539062 1
63 26 1068.20471191 1
63 26 1070.0012207 1
63 26 1078.30078125 1
63 26 1081.0880127 1
63 26 1082.43786621 1
63 26 1094.87280273 1
63 26 1097.21557617 1
63 26 1099.66894531 1
63 26 1104.47045898 1
63 26 1109.57543945 1
63 26 1111.43579102 1
63 26 1113.64501953 1
63 26 1113.70690918 1
63 26 1116.51269531 1
63 26 1117.64978027 1
63 26 1117.74658203 1
63 26 1119.5189209 1
63 26 1121.4473877 1
63 26 1124.26647949 1
63 26 1129.53942871 1
63 26 1130.39038086 1
63 26 1130.43078613 1
63 26 1131.54736328 1
63 26 1132.76904297 1
63 26 1134.78271484 1
63 26 1151.63806152 1
63 26 1156.98327637 1
63 26 1159.39575195 1
63 26 1159.92236328 1
63 26 1164.08166504 1
63 26 1164.32373047 1
63 26 1171.25061035 1
63 26 1172.8894043 1
63 26 1173.03125 1
63 26 1178.06506348 1
63 26 1188.75268555 1
63 26 1196.4161377 1
63 26 1205.85290527 1
63 26 1217.07910156 1
63 26 1233.72375488 1
63 26 1236.90393066 1
63 26 1237.69177246 1
63 26 1243.78222656 1
63 26 1246.87036133 1
63 26 1248.26464844 1
63 26 1250.1036377 1
63 26 1262.35522461 1
63 26 1262.87658691 1
63 26 1268.99926758 1
63 26 1271.64208984 1
63 26 1272.77636719 1
63 26 1272.87561035 1
63 26 1282.49084473 1
63 26 1283.05688477 1
63 26 1305.79882812 1
63 26 1315.90795898 1
63 26 1322.74694824 1
63 26 1352.84814453 1
63 26 1365.50708008 1
63 26 1393.5592041 1
63 26 1399.92163086 1
63 26 1407.72717285 1
63 26 1414.90368652 1
63 26 1432.55517578 1
63 26 1434.66125488 1
63 26 1435.88000488 1
63 26 1437.69189453 1
63 26 1475.62121582 1
63 26 1485.97644043 1
63 26 1497.51538086 1
63 26 1521.25244141 1
63 26 1534.36279297 1
63 26 1552.02526855 1
63 26 1552.29748535 1
63 26 1556.73266602 1
63 26 1567.46643066 1
63 26 1585.02294922 1
63 26 1597.91723633 1
63 26 1598.46716309 1
63 26 1604.89733887 1
63 26 1624.73815918 1
63 26 1655.83947754 1
63 26 1662.83300781 1
63 26 1677.41845703 1
63 26 1691.60791016 1
63 26 1696.95751953 1
63 26 1705.46594238 1
63 26 1765.7409668 1
63 26 1806.58520508 1
63 26 1808.05371094 1
63 26 1814.58129883 1
63 26 1816.61450195 1
63 26 1837.9588623 1
63 26 1981.36621094 1
63 26 2001.64746094 1
63 26 2241.45849609 1
63 26 2397.01953125 1
63 26 3097.70043945 1
63 27 650.873535156 1
63 27 662.337524414 1
63 27 669.297912598 1
63 27 671.030822754 1
63 27 672.198181152 1
63 27 672.743591309 1
63 27 678.427978516 1
63 27 678.957946777 1
63 27 681.669555664 1
63 27 682.600769043 1
63 27 682.925048828 1
63 27 683.842224121 1
63 27 684.60748291 1
63 27 684.998657227 1
63 27 685.415710449 1
63 27 687.97869873 1
63 27 691.254394531 1
63 27 693.202392578 1
63 27 693.542419434 1
63 27 695.552246094 1
63 27 698.000488281 1
63 27 698.393493652 1
63 27 699.643859863 1
63 27 700.253540039 1
63 27 700.378967285 1
63 27 700.639343262 1
63 27 700.663574219 1
63 27 703.574829102 1
63 27 703.663818359 1
63 27 705.58380127 1
63 27 708.940429688 1
63 27 710.135559082 1
63 27 711.147155762 1
63 27 711.757751465 1
63 27 714.412841797 1
63 27 717.231445312 1
63 27 721.299682617 1
63 27 721.643005371 1
63 27 723.23828125 1
63 27 724.887756348 1
63 27 726.201171875 1
63 27 726.683776855 1
63 27 728.495239258 1
63 27 730.498474121 1
63 27 731.492126465 1
63 27 732.436035156 1
63 27 732.458129883 1
63 27 732.48614502 1
63 27 732.755432129 1
63 27 736.058105469 1
63 27 737.549926758 1
63 27 738.392883301 1
63 27 740.820251465 1
63 27 742.383239746 1
63 27 743.909729004 1
63 27 744.146728516 1
63 27 745.121032715 1
63 27 745.31427002 1
63 27 747.114135742 1
63 27 747.77935791 1
63 27 748.376586914 1
63 27 749.107666016 1
63 27 749.265991211 1
63 27 750.914123535 1
63 27 751.650085449 1
63 27 752.593383789 1
63 27 752.998168945 1
63 27 754.351867676 1
63 27 755.242797852 1
63 27 756.272155762 1
63 27 757.98828125 1
63 27 758.975524902 1
63 27 760.056335449 1
63 27 761.480895996 1
63 27 762.232299805 1
63 27 763.218811035 1
63 27 764.47833252 1
63 27 764.498840332 1
63 27 764.731872559 1
63 27 765.502868652 1
63 27 765.7890625 1
63 27 765.874755859 1
63 27 767.303283691 1
63 27 767.686157227 1
63 27 769.41595459 1
63 27 770.187316895 1
63 27 771.300231934 1
63 27 771.312561035 1
63 27 772.810119629 1
63 27 773.194335938 1
63 27 773.505310059 1
63 27 775.613769531 1
63 27 778.16583252 1
63 27 778.810852051 1
63 27 782.444763184 1
63 27 782.727783203 1
63 27 783.216369629 1
63 27 783.44140625 1
63 27 784.307983398 1
63 27 785.178833008 1
63 27 785.357788086 1
63 27 785.662353516 1
63 27 785.770690918 1
63 27 787.035461426 1
63 27 787.278503418 1
63 27 788.392456055 1
63 27 788.745361328 1
63 27 789.260437012 1
63 27 792.699707031 1
63 27 792.975952148 1
63 27 793.922363281 1
63 27 794.2421875 1
63 27 795.140380859 1
63 27 795.543823242 1
63 27 795.61920166 1
63 27 796.388549805 1
63 27 799.192932129 1
63 27 800.22064209 1
63 27 801.218688965 1
63 27 802.168701172 1
63 27 802.215148926 1
63 27 803.414123535 1
63 27 803.851257324 1
63 27 804.193786621 1
63 27 806.484130859 1
63 27 806.526794434 1
63 27 806.680419922 1
63 27 810.501586914 1
63 27 811.113769531 1
63 27 811.897583008 1
63 27 814.798095703 1
63 27 817.878601074 1
63 27 819.389343262 1
63 27 820.479675293 1
63 27 821.167358398 1
63 27 821.313049316 1
63 27 821.427001953 1
63 27 821.658752441 1
63 27 822.127624512 1
63 27 822.145141602 1
63 27 823.165649414 1
63 27 823.559265137 1
63 27 824.770202637 1
63 27 824.919616699 1
63 27 825.362915039 1
63 27 825.802062988 1
63 27 826.073364258 1
63 27 827.78894043 1
63 27 828.786560059 1
63 27 829.827697754 1
63 27 829.927062988 1
63 27 831.414367676 1
63 27 831.728149414 1
63 27 832.84173584 1
63 27 834.122497559 1
63 27 834.954467773 1
63 27 840.346191406 1
63 27 842.372680664 1
63 27 842.888793945 1
63 27 844.58190918 1
63 27 846.593078613 1
63 27 848.671630859 1
63 27 850.133789062 1
63 27 850.836486816 1
63 27 851.830993652 1
63 27 854.91809082 1
63 27 857.194763184 1
63 27 858.474182129 1
63 27 860.129333496 1
63 27 861.082946777 1
63 27 861.431213379 1
63 27 861.828674316 1
63 27 862.263549805 1
63 27 862.53302002 1
63 27 863.868591309 1
63 27 864.253051758 1
63 27 865.823730469 1
63 27 869.92755127 1
63 27 875.97479248 1
63 27 876.500976562 1
63 27 877.298400879 1
63 27 877.45111084 1
63 27 878.994873047 1
63 27 881.324523926 1
63 27 883.415283203 1
63 27 888.884033203 1
63 27 889.138305664 1
63 27 891.364257812 1
63 27 891.408203125 1
63 27 891.703186035 1
63 27 891.858825684 1
63 27 893.864257812 1
63 27 896.32220459 1
63 27 897.863647461 1
63 27 904.517700195 1
63 27 906.553100586 1
63 27 906.555297852 1
63 27 909.296020508 1
63 27 910.999755859 1
63 27 912.944335938 1
63 27 914.061462402 1
63 27 914.184936523 1
63 27 914.521850586 1
63 27 915.011108398 1
63 27 915.688049316 1
63 27 921.930053711 1
63 27 923.38293457 1
63 27 923.398498535 1
63 27 924.503479004 1
63 27 929.003967285 1
63 27 934.944396973 1
63 27 935.599304199 1
63 27 936.18170166 1
63 27 936.251464844 1
63 27 938.39666748 1
63 27 939.906921387 1
63 27 943.190612793 1
63 27 943.315734863 1
63 27 945.144226074 1
63 27 947.282531738 1
63 27 953.976928711 1
63 27 957.025756836 1
63 27 958.351318359 1
63 27 958.97644043 1
63 27 959.78704834 1
63 27 964.741516113 1
63 27 965.534484863 1
63 27 966.210327148 1
63 27 970.275756836 1
63 27 974.259216309 1
63 27 977.367858887 1
63 27 978.730407715 1
63 27 980.574279785 1
63 27 980.65637207 1
63 27 981.016418457 1
63 27 982.098571777 1
63 27 983.356384277 1
63 27 985.363525391 1
63 27 986.213684082 1
63 27 996.468994141 1
63 27 1006.32855225 1
63 27 1008.46057129 1
63 27 1008.65698242 1
63 27 1011.13366699 1
63 27 1014.8651123 1
63 27 1016.74768066 1
63 27 1018.69628906 1
63 27 1021.68109131 1
63 27 1028.0447998 1
63 27 1033.99145508 1
63 27 1035.74853516 1
63 27 1037.02392578 1
63 27 1038.9564209 1
63 27 1039.95800781 1
63 27 1041.06347656 1
63 27 1043.26794434 1
63 27 1043.38952637 1
63 27 1045.60498047 1
63 27 1046.27685547 1
63 27 1050.7364502 1
63 27 1051.38549805 1
63 27 1060.50378418 1
63 27 1067.41564941 1
63 27 1068.34509277 1
63 27 1069.42541504 1
63 27 1071.35229492 1
63 27 1072.67089844 1
63 27 1073.06945801 1
63 27 1084.12243652 1
63 27 1089.92028809 1
63 27 1091.00830078 1
63 27 1092.49743652 1
63 27 1097.35974121 1
63 27 1104.98791504 1
63 27 1105.02978516 1
63 27 1107.82263184 1
63 27 1111.38366699 1
63 27 1114.19628906 1
63 27 1116.72009277 1
63 27 1119.66455078 1
63 27 1121.5324707 1
63 27 1121.56860352 1
63 27 1125.5501709 1
63 27 1128.7166748 1
63 27 1130.4041748 1
63 27 1130.58496094 1
63 27 1137.9666748 1
63 27 1139.29443359 1
63 27 1141.11804199 1
63 27 1142.50024414 1
63 27 1145.23034668 1
63 27 1146.89025879 1
63 27 1149.96789551 1
63 27 1154.96203613 1
63 27 1157.39343262 1
63 27 1158.30419922 1
63 27 1167.48937988 1
63 27 1171.48669434 1
63 27 1173.65637207 1
63 27 1180.86181641 1
63 27 1182.05004883 1
63 27 1187.73620605 1
63 27 1193.45849609 1
63 27 1197.17468262 1
63 27 1197.9954834 1
63 27 1200.57958984 1
63 27 1210.07580566 1
63 27 1215.89355469 1
63 27 1217.34533691 1
63 27 1226.47741699 1
63 27 1229.19958496 1
63 27 1230.09179688 1
63 27 1230.76257324 1
63 27 1233.25341797 1
63 27 1238.7833252 1
63 27 1240.7220459 1
63 27 1241.5703125 1
63 27 1261.10314941 1
63 27 1268.64770508 1
63 27 1272.25109863 1
63 27 1275.19238281 1
63 27 1276.37133789 1
63 27 1279.5378418 1
63 27 1287.50952148 1
63 27 1296.75415039 1
63 27 1297.09545898 1
63 27 1308.42175293 1
63 27 1309.68249512 1
63 27 1311.52685547 1
63 27 1312.51977539 1
63 27 1317.23413086 1
63 27 1320.31494141 1
63 27 1322.16723633 1
63 27 1323.91113281 1
63 27 1326.17944336 1
63 27 1327.76928711 1
63 27 1336.43786621 1
63 27 1340.61120605 1
63 27 1341.5411377 1
63 27 1344.70214844 1
63 27 1346.18505859 1
63 27 1365.78149414 1
63 27 1366.87841797 1
63 27 1370.88793945 1
63 27 1388.72155762 1
63 27 1396.93237305 1
63 27 1401.95532227 1
63 27 1409.8338623 1
63 27 1468.12890625 1
63 27 1468.91894531 1
63 27 1486.24438477 1
63 27 1491.84729004 1
63 27 1496.45251465 1
63 27 1497.97241211 1
63 27 1499.19348145 1
63 27 1522.55249023 1
63 27 1625.20568848 1
63 27 1655.30249023 1
63 27 1660.37866211 1
63 27 1662.0098877 1
63 27 1681.9576416 1
63 27 1686.48071289 1
63 27 1689.27185059 1
63 27 1689.69689941 1
63 27 1701.41906738 1
63 27 1704.09509277 1
63 27 1719.14648438 1
63 27 1726.96289062 1
63 27 1745.17028809 1
63 27 1794.01525879 1
63 27 1813.30322266 1
63 27 1814.42675781 1
63 27 1815.76013184 1
63 27 1827.24743652 1
63 27 1833.6159668 1
63 27 1858.57702637 1
63 27 1889.88000488 1
63 27 1936.6973877 1
63 27 1959.63806152 1
63 27 2013.60449219 1
63 27 2100.83691406 1
63 27 2152.08300781 1
63 27 2276.08691406 1
63 27 2356.01489258 1
63 27 2891.69018555 1
63 27 3040.18505859 1
63 27 3044.19775391 1
63 28 606.961242676 1
63 28 615.773498535 1
63 28 622.648010254 1
63 28 625.414001465 1
63 28 629.54119873 1
63 28 637.519958496 1
63 28 639.293457031 1
63 28 643.70513916 1
63 28 646.525390625 1
63 28 647.437438965 1
63 28 650.867980957 1
63 28 652.786499023 1
63 28 653.229553223 1
63 28 654.588195801 1
63 28 654.938842773 1
63 28 655.104675293 1
63 28 655.131225586 1
63 28 657.268066406 1
63 28 657.528930664 1
63 28 657.598327637 1
63 28 660.962280273 1
63 28 661.656616211 1
63 28 662.06060791 1
63 28 662.622253418 1
63 28 663.205566406 1
63 28 663.590942383 1
63 28 665.336730957 1
63 28 666.249023438 1
63 28 667.191467285 1
63 28 667.50378418 1
63 28 668.666442871 1
63 28 669.64654541 1
63 28 672.525817871 1
63 28 673.47467041 1
63 28 674.01953125 1
63 28 674.053771973 1
63 28 676.844543457 1
63 28 679.822814941 1
63 28 681.585632324 1
63 28 682.185546875 1
63 28 682.874084473 1
63 28 684.499328613 1
63 28 685.50970459 1
63 28 685.626525879 1
63 28 685.997375488 1
63 28 687.20916748 1
63 28 688.580810547 1
63 28 688.794006348 1
63 28 688.911437988 1
63 28 690.643554688 1
63 28 690.733032227 1
63 28 691.403747559 1
63 28 691.81854248 1
63 28 692.050842285 1
63 28 693.491882324 1
63 28 694.156982422 1
63 28 695.414794922 1
63 28 697.684020996 1
63 28 698.183410645 1
63 28 698.894226074 1
63 28 699.921325684 1
63 28 699.979858398 1
63 28 700.616149902 1
63 28 700.710449219 1
63 28 700.969787598 1
63 28 700.983642578 1
63 28 702.261291504 1
63 28 702.458190918 1
63 28 703.864440918 1
63 28 704.123413086 1
63 28 706.183776855 1
63 28 706.260498047 1
63 28 706.393554688 1
63 28 706.884155273 1
63 28 707.842041016 1
63 28 710.456970215 1
63 28 711.38848877 1
63 28 712.420349121 1
63 28 713.805053711 1
63 28 714.242858887 1
63 28 715.255554199 1
63 28 715.806640625 1
63 28 716.631713867 1
63 28 717.366455078 1
63 28 717.532409668 1
63 28 717.774414062 1
63 28 719.409484863 1
63 28 720.076904297 1
63 28 720.920166016 1
63 28 722.251220703 1
63 28 723.002990723 1
63 28 724.643005371 1
63 28 725.021911621 1
63 28 728.15411377 1
63 28 728.533813477 1
63 28 729.980163574 1
63 28 731.715881348 1
63 28 731.77355957 1
63 28 733.84552002 1
63 28 735.061157227 1
63 28 735.56463623 1
63 28 737.036254883 1
63 28 737.388061523 1
63 28 737.975708008 1
63 28 738.086608887 1
63 28 741.024475098 1
63 28 743.458190918 1
63 28 744.459899902 1
63 28 744.732788086 1
63 28 744.942810059 1
63 28 747.641357422 1
63 28 748.375488281 1
63 28 749.031677246 1
63 28 749.530944824 1
63 28 749.914306641 1
63 28 750.751159668 1
63 28 751.918579102 1
63 28 754.843383789 1
63 28 755.75970459 1
63 28 757.753479004 1
63 28 757.757324219 1
63 28 759.993225098 1
63 28 762.644348145 1
63 28 762.937988281 1
63 28 762.980712891 1
63 28 763.77520752 1
63 28 764.242248535 1
63 28 767.890563965 1
63 28 771.913085938 1
63 28 772.968139648 1
63 28 776.161071777 1
63 28 776.562927246 1
63 28 778.9609375 1
63 28 779.020263672 1
63 28 779.501464844 1
63 28 780.680603027 1
63 28 780.981994629 1
63 28 781.307617188 1
63 28 781.637390137 1
63 28 782.587280273 1
63 28 784.109130859 1
63 28 785.067749023 1
63 28 785.126037598 1
63 28 786.454467773 1
63 28 786.913818359 1
63 28 787.024475098 1
63 28 788.639099121 1
63 28 792.97253418 1
63 28 792.99420166 1
63 28 794.819824219 1
63 28 794.928588867 1
63 28 795.047424316 1
63 28 796.390563965 1
63 28 798.473144531 1
63 28 798.778442383 1
63 28 799.056213379 1
63 28 801.830627441 1
63 28 803.596618652 1
63 28 803.984619141 1
63 28 804.364501953 1
63 28 805.866516113 1
63 28 806.733825684 1
63 28 806.832397461 1
63 28 807.961120605 1
63 28 809.131164551 1
63 28 809.646240234 1
63 28 812.304870605 1
63 28 812.357727051 1
63 28 812.977966309 1
63 28 813.370056152 1
63 28 814.285888672 1
63 28 814.96105957 1
63 28 816.009399414 1
63 28 818.724182129 1
63 28 820.579223633 1
63 28 822.958251953 1
63 28 824.518371582 1
63 28 824.901489258 1
63 28 825.079284668 1
63 28 826.118408203 1
63 28 826.968017578 1
63 28 828.229614258 1
63 28 828.698547363 1
63 28 828.724731445 1
63 28 829.133117676 1
63 28 829.649108887 1
63 28 831.788574219 1
63 28 832.082946777 1
63 28 832.979675293 1
63 28 834.074035645 1
63 28 837.146972656 1
63 28 837.49407959 1
63 28 839.578735352 1
63 28 839.633239746 1
63 28 839.720031738 1
63 28 840.925964355 1
63 28 841.245483398 1
63 28 845.029418945 1
63 28 845.592041016 1
63 28 845.738952637 1
63 28 846.524536133 1
63 28 848.657653809 1
63 28 851.491760254 1
63 28 851.529602051 1
63 28 852.84954834 1
63 28 856.54901123 1
63 28 856.656982422 1
63 28 856.838439941 1
63 28 858.907958984 1
63 28 860.101989746 1
63 28 860.16003418 1
63 28 860.217102051 1
63 28 860.576843262 1
63 28 861.712890625 1
63 28 862.840332031 1
63 28 863.703430176 1
63 28 869.666259766 1
63 28 873.94732666 1
63 28 874.799316406 1
63 28 875.418823242 1
63 28 876.962768555 1
63 28 878.965698242 1
63 28 879.191711426 1
63 28 881.236877441 1
63 28 889.061462402 1
63 28 889.536560059 1
63 28 889.822570801 1
63 28 890.563232422 1
63 28 891.717956543 1
63 28 895.651184082 1
63 28 896.088684082 1
63 28 896.129272461 1
63 28 898.642456055 1
63 28 902.410888672 1
63 28 902.448974609 1
63 28 903.288452148 1
63 28 903.640258789 1
63 28 905.407592773 1
63 28 905.940612793 1
63 28 906.203796387 1
63 28 908.203430176 1
63 28 908.244995117 1
63 28 909.441772461 1
63 28 911.182067871 1
63 28 911.948730469 1
63 28 915.316223145 1
63 28 915.532775879 1
63 28 918.974304199 1
63 28 919.343078613 1
63 28 919.37109375 1
63 28 921.036682129 1
63 28 921.533081055 1
63 28 921.950927734 1
63 28 924.359863281 1
63 28 925.065124512 1
63 28 926.049682617 1
63 28 928.203674316 1
63 28 929.285705566 1
63 28 930.767944336 1
63 28 931.926330566 1
63 28 933.686340332 1
63 28 934.413269043 1
63 28 936.113830566 1
63 28 936.355651855 1
63 28 938.426940918 1
63 28 938.501647949 1
63 28 939.562316895 1
63 28 942.553894043 1
63 28 944.511535645 1
63 28 946.817749023 1
63 28 947.944580078 1
63 28 950.150817871 1
63 28 955.755126953 1
63 28 956.412414551 1
63 28 958.488769531 1
63 28 962.878356934 1
63 28 964.274169922 1
63 28 965.065063477 1
63 28 968.674743652 1
63 28 970.285095215 1
63 28 970.313232422 1
63 28 970.987548828 1
63 28 972.045898438 1
63 28 974.244262695 1
63 28 974.516296387 1
63 28 975.961914062 1
63 28 978.904541016 1
63 28 979.096191406 1
63 28 979.131652832 1
63 28 985.093017578 1
63 28 988.99041748 1
63 28 992.58984375 1
63 28 993.673095703 1
63 28 993.97454834 1
63 28 994.1484375 1
63 28 994.727722168 1
63 28 996.492736816 1
63 28 996.636962891 1
63 28 999.226135254 1
63 28 1001.87487793 1
63 28 1003.89154053 1
63 28 1005.14715576 1
63 28 1007.08331299 1
63 28 1008.33056641 1
63 28 1009.89904785 1
63 28 1011.48529053 1
63 28 1012.55114746 1
63 28 1019.6708374 1
63 28 1023.44946289 1
63 28 1024.49865723 1
63 28 1025.13879395 1
63 28 1025.60217285 1
63 28 1026.33154297 1
63 28 1026.70935059 1
63 28 1029.54223633 1
63 28 1029.8260498 1
63 28 1034.28808594 1
63 28 1035.07165527 1
63 28 1035.93920898 1
63 28 1042.06738281 1
63 28 1042.1550293 1
63 28 1043.84472656 1
63 28 1047.53393555 1
63 28 1049.20935059 1
63 28 1051.71032715 1
63 28 1055.49694824 1
63 28 1058.71618652 1
63 28 1058.7857666 1
63 28 1070.66894531 1
63 28 1073.74316406 1
63 28 1074.43762207 1
63 28 1076.81433105 1
63 28 1079.07519531 1
63 28 1079.74926758 1
63 28 1080.22753906 1
63 28 1081.08630371 1
63 28 1081.17663574 1
63 28 1082.18933105 1
63 28 1085.44592285 1
63 28 1086.03540039 1
63 28 1086.46557617 1
63 28 1088.39428711 1
63 28 1090.04223633 1
63 28 1099.1126709 1
63 28 1100.67932129 1
63 28 1107.76196289 1
63 28 1107.81420898 1
63 28 1111.48669434 1
63 28 1113.15759277 1
63 28 1115.42590332 1
63 28 1118.671875 1
63 28 1120.1295166 1
63 28 1122.49963379 1
63 28 1124.51586914 1
63 28 1124.97692871 1
63 28 1126.8449707 1
63 28 1130.50036621 1
63 28 1133.92700195 1
63 28 1136.43713379 1
63 28 1138.56066895 1
63 28 1144.20458984 1
63 28 1146.54931641 1
63 28 1148.94030762 1
63 28 1153.07727051 1
63 28 1155.86560059 1
63 28 1159.60339355 1
63 28 1165.43188477 1
63 28 1169.47253418 1
63 28 1170.70117188 1
63 28 1170.81518555 1
63 28 1171.50170898 1
63 28 1172.1171875 1
63 28 1179.83630371 1
63 28 1180.69433594 1
63 28 1183.7010498 1
63 28 1186.57409668 1
63 28 1187.2989502 1
63 28 1198.6237793 1
63 28 1198.74157715 1
63 28 1199.16101074 1
63 28 1200.02185059 1
63 28 1203.66064453 1
63 28 1207.08117676 1
63 28 1232.3581543 1
63 28 1236.13244629 1
63 28 1258.8737793 1
63 28 1261.33361816 1
63 28 1266.34411621 1
63 28 1270.78442383 1
63 28 1274.28845215 1
63 28 1281.15722656 1
63 28 1283.95776367 1
63 28 1284.63366699 1
63 28 1289.73913574 1
63 28 1295.68115234 1
63 28 1300.76965332 1
63 28 1300.92724609 1
63 28 1301.3013916 1
63 28 1311.69213867 1
63 28 1319.22705078 1
63 28 1322.65722656 1
63 28 1322.80578613 1
63 28 1345.95446777 1
63 28 1347.26672363 1
63 28 1352.16186523 1
63 28 1358.71911621 1
63 28 1367.65087891 1
63 28 1373.49145508 1
63 28 1377.56323242 1
63 28 1381.90185547 1
63 28 1396.23425293 1
63 28 1396.76098633 1
63 28 1405.66772461 1
63 28 1409.92443848 1
63 28 1421.4074707 1
63 28 1422.03894043 1
63 28 1428.32312012 1
63 28 1428.42822266 1
63 28 1428.81787109 1
63 28 1430.31396484 1
63 28 1434.77160645 1
63 28 1438.9119873 1
63 28 1443.87426758 1
63 28 1448.1138916 1
63 28 1448.79821777 1
63 28 1451.41601562 1
63 28 1462.71716309 1
63 28 1463.63769531 1
63 28 1497.97485352 1
63 28 1501.20227051 1
63 28 1505.46765137 1
63 28 1508.91625977 1
63 28 1524.64233398 1
63 28 1526.41516113 1
63 28 1537.49487305 1
63 28 1541.34155273 1
63 28 1548.50439453 1
63 28 1567.63208008 1
63 28 1572.67626953 1
63 28 1602.03942871 1
63 28 1604.95629883 1
63 28 1635.35583496 1
63 28 1640.56518555 1
63 28 1651.69396973 1
63 28 1658.21362305 1
63 28 1659.32312012 1
63 28 1663.83361816 1
63 28 1665.20849609 1
63 28 1668.2088623 1
63 28 1680.01367188 1
63 28 1701.22753906 1
63 28 1705.98718262 1
63 28 1714.84094238 1
63 28 1717.3392334 1
63 28 1743.0123291 1
63 28 1743.03161621 1
63 28 1759.62011719 1
63 28 1761.75671387 1
63 28 1761.76416016 1
63 28 1781.26147461 1
63 28 1782.96020508 1
63 28 1813.13818359 1
63 28 1856.56884766 1
63 28 1874.08666992 1
63 28 1885.71740723 1
63 28 1914.33544922 1
63 28 1971.5065918 1
63 28 2033.18273926 1
63 28 2045.64001465 1
63 28 2075.68774414 1
63 28 2210.74389648 1
63 28 2242.05444336 1
63 28 2419.44726562 1
63 28 2488.37353516 1
63 28 2572.13574219 1
63 29 598.74407959 1
63 29 614.058532715 1
63 29 618.370300293 1
63 29 620.56628418 1
63 29 630.1640625 1
63 29 631.495300293 1
63 29 631.88873291 1
63 29 634.229736328 1
63 29 638.540100098 1
63 29 638.812866211 1
63 29 642.891662598 1
63 29 647.193603516 1
63 29 647.331604004 1
63 29 647.731384277 1
63 29 648.664001465 1
63 29 654.629699707 1
63 29 654.736877441 1
63 29 656.205566406 1
63 29 657.936218262 1
63 29 660.241394043 1
63 29 662.97869873 1
63 29 663.232727051 1
63 29 663.313476562 1
63 29 665.455810547 1
63 29 667.215759277 1
63 29 670.126342773 1
63 29 670.152404785 1
63 29 671.658569336 1
63 29 673.754516602 1
63 29 673.84161377 1
63 29 674.590209961 1
63 29 676.893371582 1
63 29 678.48815918 1
63 29 680.489929199 1
63 29 681.112304688 1
63 29 681.347167969 1
63 29 682.559509277 1
63 29 682.661560059 1
63 29 686.020751953 1
63 29 686.369689941 1
63 29 688.02911377 1
63 29 688.95513916 1
63 29 689.741088867 1
63 29 694.48046875 1
63 29 695.358764648 1
63 29 695.779418945 1
63 29 696.578735352 1
63 29 699.502929688 1
63 29 699.721435547 1
63 29 700.246765137 1
63 29 700.365661621 1
63 29 700.756896973 1
63 29 701.070068359 1
63 29 702.934448242 1
63 29 703.315063477 1
63 29 704.354553223 1
63 29 705.888000488 1
63 29 707.028869629 1
63 29 707.971191406 1
63 29 708.656677246 1
63 29 708.833068848 1
63 29 708.86328125 1
63 29 713.544555664 1
63 29 715.363342285 1
63 29 718.315185547 1
63 29 718.908813477 1
63 29 720.486450195 1
63 29 727.255432129 1
63 29 729.703979492 1
63 29 730.075195312 1
63 29 730.106323242 1
63 29 730.700134277 1
63 29 732.559814453 1
63 29 733.552185059 1
63 29 734.284912109 1
63 29 735.999206543 1
63 29 737.023254395 1
63 29 740.957397461 1
63 29 741.127685547 1
63 29 743.826049805 1
63 29 744.623657227 1
63 29 745.515380859 1
63 29 747.305541992 1
63 29 747.510253906 1
63 29 747.992797852 1
63 29 748.68347168 1
63 29 748.689331055 1
63 29 749.674621582 1
63 29 750.471557617 1
63 29 750.519897461 1
63 29 750.995056152 1
63 29 751.105407715 1
63 29 751.148010254 1
63 29 753.866760254 1
63 29 756.422058105 1
63 29 758.210021973 1
63 29 758.221557617 1
63 29 758.239440918 1
63 29 764.726074219 1
63 29 765.29510498 1
63 29 767.083435059 1
63 29 767.863098145 1
63 29 768.546691895 1
63 29 768.862426758 1
63 29 769.649902344 1
63 29 770.464538574 1
63 29 771.489501953 1
63 29 771.739135742 1
63 29 776.584533691 1
63 29 777.036865234 1
63 29 777.538513184 1
63 29 778.770202637 1
63 29 781.65057373 1
63 29 782.178527832 1
63 29 782.274719238 1
63 29 787.460571289 1
63 29 789.513793945 1
63 29 792.554992676 1
63 29 793.009277344 1
63 29 795.665161133 1
63 29 795.904174805 1
63 29 797.01373291 1
63 29 797.150756836 1
63 29 798.18963623 1
63 29 798.593811035 1
63 29 799.177856445 1
63 29 799.737915039 1
63 29 802.37097168 1
63 29 802.508544922 1
63 29 803.365600586 1
63 29 809.5078125 1
63 29 812.938842773 1
63 29 813.896728516 1
63 29 814.566711426 1
63 29 815.33807373 1
63 29 816.294189453 1
63 29 816.778930664 1
63 29 817.8359375 1
63 29 818.468505859 1
63 29 819.201904297 1
63 29 819.56036377 1
63 29 819.588256836 1
63 29 820.631225586 1
63 29 820.901916504 1
63 29 821.547302246 1
63 29 821.675415039 1
63 29 821.896606445 1
63 29 826.482849121 1
63 29 826.584533691 1
63 29 828.945617676 1
63 29 828.983947754 1
63 29 829.042175293 1
63 29 833.241760254 1
63 29 833.825927734 1
63 29 840.329711914 1
63 29 840.851074219 1
63 29 841.93347168 1
63 29 843.597229004 1
63 29 843.898376465 1
63 29 844.358825684 1
63 29 846.119140625 1
63 29 847.832702637 1
63 29 852.702087402 1
63 29 853.65447998 1
63 29 857.37701416 1
63 29 858.81842041 1
63 29 860.014160156 1
63 29 861.198791504 1
63 29 861.358947754 1
63 29 862.842468262 1
63 29 865.067077637 1
63 29 865.363464355 1
63 29 866.595703125 1
63 29 867.554626465 1
63 29 870.765197754 1
63 29 874.139709473 1
63 29 875.790100098 1
63 29 882.261230469 1
63 29 883.272827148 1
63 29 885.685119629 1
63 29 887.653564453 1
63 29 889.707092285 1
63 29 897.348388672 1
63 29 899.35369873 1
63 29 899.63684082 1
63 29 912.395996094 1
63 29 913.669250488 1
63 29 916.662231445 1
63 29 916.856079102 1
63 29 920.575866699 1
63 29 920.765991211 1
63 29 921.343139648 1
63 29 924.040466309 1
63 29 924.913391113 1
63 29 926.016601562 1
63 29 926.11126709 1
63 29 943.303405762 1
63 29 945.817810059 1
63 29 946.961364746 1
63 29 947.813964844 1
63 29 950.425354004 1
63 29 951.045898438 1
63 29 952.178161621 1
63 29 952.418334961 1
63 29 956.23034668 1
63 29 959.801635742 1
63 29 960.598388672 1
63 29 961.055725098 1
63 29 962.020629883 1
63 29 964.486816406 1
63 29 967.658447266 1
63 29 970.950317383 1
63 29 972.515075684 1
63 29 972.874084473 1
63 29 978.877990723 1
63 29 982.932312012 1
63 29 984.137084961 1
63 29 984.766113281 1
63 29 985.701965332 1
63 29 986.646850586 1
63 29 988.744567871 1
63 29 992.181030273 1
63 29 993.616638184 1
63 29 998.38494873 1
63 29 1010.92211914 1
63 29 1016.84954834 1
63 29 1017.9609375 1
63 29 1019.41186523 1
63 29 1023.73059082 1
63 29 1025.17932129 1
63 29 1027.97705078 1
63 29 1032.06140137 1
63 29 1033.75354004 1
63 29 1035.9329834 1
63 29 1037.39160156 1
63 29 1038.44665527 1
63 29 1041.65002441 1
63 29 1043.70568848 1
63 29 1048.32788086 1
63 29 1049.60351562 1
63 29 1059.71386719 1
63 29 1065.73132324 1
63 29 1072.65209961 1
63 29 1073.95056152 1
63 29 1076.09716797 1
63 29 1084.00646973 1
63 29 1087.65197754 1
63 29 1093.08850098 1
63 29 1098.88195801 1
63 29 1102.12756348 1
63 29 1109.23046875 1
63 29 1110.52160645 1
63 29 1118.12060547 1
63 29 1121.20227051 1
63 29 1136.67944336 1
63 29 1140.1472168 1
63 29 1147.07531738 1
63 29 1151.40490723 1
63 29 1152.45495605 1
63 29 1155.84338379 1
63 29 1156.88208008 1
63 29 1157.34191895 1
63 29 1160.93225098 1
63 29 1165.06018066 1
63 29 1166.09631348 1
63 29 1169.66223145 1
63 29 1171.86767578 1
63 29 1176.27648926 1
63 29 1177.59216309 1
63 29 1178.10351562 1
63 29 1181.69799805 1
63 29 1186.54504395 1
63 29 1216.42871094 1
63 29 1220.13037109 1
63 29 1237.82666016 1
63 29 1248.03833008 1
63 29 1255.50671387 1
63 29 1273.54785156 1
63 29 1277.4197998 1
63 29 1278.07824707 1
63 29 1292.67163086 1
63 29 1308.03149414 1
63 29 1327.09594727 1
63 29 1331.53100586 1
63 29 1339.99914551 1
63 29 1352.73791504 1
63 29 1357.14111328 1
63 29 1360.67236328 1
63 29 1374.35888672 1
63 29 1377.0814209 1
63 29 1382.47167969 1
63 29 1386.74743652 1
63 29 1392.04052734 1
63 29 1393.0559082 1
63 29 1394.56750488 1
63 29 1421.38183594 1
63 29 1424.82531738 1
63 29 1424.91992188 1
63 29 1437.78393555 1
63 29 1439.6920166 1
63 29 1441.7565918 1
63 29 1442.71850586 1
63 29 1470.8338623 1
63 29 1479.19812012 1
63 29 1479.61645508 1
63 29 1485.97094727 1
63 29 1492.04333496 1
63 29 1527.03295898 1
63 29 1540.33129883 1
63 29 1551.01135254 1
63 29 1551.05847168 1
63 29 1551.86486816 1
63 29 1562.06359863 1
63 29 1593.5065918 1
63 29 1595.92114258 1
63 29 1597.06567383 1
63 29 1614.16894531 1
63 29 1632.69970703 1
63 29 1634.60083008 1
63 29 1644.91918945 1
63 29 1647.00720215 1
63 29 1660.02294922 1
63 29 1686.0579834 1
63 29 1704.9095459 1
63 29 1712.83850098 1
63 29 1722.05090332 1
63 29 1722.98168945 1
63 29 1723.09216309 1
63 29 1732.62976074 1
63 29 1733.86877441 1
63 29 1735.20983887 1
63 29 1759.23510742 1
63 29 1768.96008301 1
63 29 1781.99621582 1
63 29 1789.29907227 1
63 29 1885.01855469 1
63 29 1895.51367188 1
63 29 1922.52307129 1
63 29 1929.80895996 1
63 29 1934.82287598 1
63 29 1952.88049316 1
63 29 1983.23657227 1
63 29 2113.39160156 1
63 29 2136.15258789 1
63 29 2273.02832031 1
63 29 2366.63305664 1
63 29 2370.77001953 1
63 29 2468.42211914 1
63 29 2568.37451172 1
63 29 2676.78027344 1
63 29 2758.29663086 1
63 30 619.356811523 1
63 30 620.774169922 1
63 30 638.332214355 1
63 30 653.648986816 1
63 30 666.207397461 1
63 30 670.10357666 1
63 30 674.983642578 1
63 30 683.153503418 1
63 30 684.48815918 1
63 30 684.890991211 1
63 30 687.452331543 1
63 30 689.277587891 1
63 30 692.28326416 1
63 30 694.163757324 1
63 30 695.352050781 1
63 30 696.864135742 1
63 30 703.201660156 1
63 30 704.159729004 1
63 30 704.373046875 1
63 30 706.764709473 1
63 30 707.817749023 1
63 30 709.681091309 1
63 30 715.552490234 1
63 30 717.533691406 1
63 30 718.15447998 1
63 30 719.905212402 1
63 30 720.806518555 1
63 30 720.997619629 1
63 30 729.22052002 1
63 30 737.526184082 1
63 30 740.549743652 1
63 30 750.760986328 1
63 30 754.228271484 1
63 30 754.726379395 1
63 30 755.49407959 1
63 30 755.786621094 1
63 30 757.558654785 1
63 30 759.580871582 1
63 30 760.080566406 1
63 30 761.408081055 1
63 30 764.669555664 1
63 30 765.308776855 1
63 30 766.59765625 1
63 30 773.346008301 1
63 30 773.46484375 1
63 30 780.067687988 1
63 30 780.7578125 1
63 30 781.27331543 1
63 30 782.363708496 1
63 30 783.768371582 1
63 30 788.541259766 1
63 30 790.934082031 1
63 30 791.012084961 1
63 30 793.798461914 1
63 30 794.255249023 1
63 30 795.079833984 1
63 30 797.273681641 1
63 30 797.776428223 1
63 30 800.425048828 1
63 30 802.418334961 1
63 30 802.483764648 1
63 30 802.624755859 1
63 30 805.61529541 1
63 30 810.378234863 1
63 30 818.516296387 1
63 30 820.234008789 1
63 30 822.563232422 1
63 30 823.189697266 1
63 30 827.268066406 1
63 30 830.837646484 1
63 30 831.622314453 1
63 30 831.673706055 1
63 30 837.675476074 1
63 30 838.260925293 1
63 30 838.435668945 1
63 30 840.29901123 1
63 30 842.859680176 1
63 30 845.930664062 1
63 30 850.376037598 1
63 30 853.770568848 1
63 30 859.705505371 1
63 30 860.784973145 1
63 30 867.125793457 1
63 30 867.182067871 1
63 30 867.418334961 1
63 30 870.113342285 1
63 30 874.090209961 1
63 30 875.448120117 1
63 30 881.47467041 1
63 30 883.868652344 1
63 30 884.787963867 1
63 30 884.807617188 1
63 30 887.580444336 1
63 30 891.19909668 1
63 30 892.095458984 1
63 30 893.154846191 1
63 30 900.758178711 1
63 30 902.936523438 1
63 30 908.384887695 1
63 30 908.617370605 1
63 30 910.032287598 1
63 30 910.180664062 1
63 30 910.398071289 1
63 30 912.715576172 1
63 30 916.68347168 1
63 30 917.77355957 1
63 30 924.038269043 1
63 30 924.465881348 1
63 30 929.411865234 1
63 30 935.010498047 1
63 30 939.762878418 1
63 30 944.418945312 1
63 30 946.047546387 1
63 30 948.533935547 1
63 30 949.040466309 1
63 30 951.060424805 1
63 30 955.896179199 1
63 30 959.273071289 1
63 30 963.349609375 1
63 30 965.858703613 1
63 30 966.858398438 1
63 30 976.137084961 1
63 30 977.984375 1
63 30 984.416687012 1
63 30 985.883911133 1
63 30 995.963195801 1
63 30 996.291259766 1
63 30 998.934082031 1
63 30 1001.75732422 1
63 30 1003.42736816 1
63 30 1004.59411621 1
63 30 1005.35552979 1
63 30 1007.58062744 1
63 30 1008.20947266 1
63 30 1017.34692383 1
63 30 1018.54974365 1
63 30 1018.79907227 1
63 30 1031.42199707 1
63 30 1034.41308594 1
63 30 1038.96765137 1
63 30 1043.61340332 1
63 30 1044.91174316 1
63 30 1048.82873535 1
63 30 1050.07958984 1
63 30 1053.98388672 1
63 30 1054.72888184 1
63 30 1059.6114502 1
63 30 1060.11694336 1
63 30 1062.20251465 1
63 30 1067.54101562 1
63 30 1068.36682129 1
63 30 1068.93066406 1
63 30 1071.74023438 1
63 30 1073.69506836 1
63 30 1076.69750977 1
63 30 1077.51953125 1
63 30 1079.31481934 1
63 30 1080.29870605 1
63 30 1082.62634277 1
63 30 1084.30957031 1
63 30 1087.67016602 1
63 30 1088.75744629 1
63 30 1089.86975098 1
63 30 1094.55053711 1
63 30 1096.03405762 1
63 30 1096.09411621 1
63 30 1096.21289062 1
63 30 1096.98046875 1
63 30 1099.0567627 1
63 30 1109.64233398 1
63 30 1116.20422363 1
63 30 1119.96643066 1
63 30 1124.38171387 1
63 30 1128.60974121 1
63 30 1129.42126465 1
63 30 1144.18835449 1
63 30 1145.69384766 1
63 30 1147.56506348 1
63 30 1152.1763916 1
63 30 1154.27648926 1
63 30 1160.38537598 1
63 30 1162.82788086 1
63 30 1165.66040039 1
63 30 1165.70275879 1
63 30 1167.76464844 1
63 30 1172.00292969 1
63 30 1177.01953125 1
63 30 1177.08422852 1
63 30 1187.20812988 1
63 30 1187.3572998 1
63 30 1209.58190918 1
63 30 1215.64697266 1
63 30 1217.20495605 1
63 30 1220.34545898 1
63 30 1220.8203125 1
63 30 1231.48010254 1
63 30 1232.53186035 1
63 30 1233.99621582 1
63 30 1255.97729492 1
63 30 1259.1295166 1
63 30 1268.5604248 1
63 30 1285.90795898 1
63 30 1307.53771973 1
63 30 1312.26806641 1
63 30 1315.01574707 1
63 30 1338.40026855 1
63 30 1345.62219238 1
63 30 1359.47998047 1
63 30 1370.46179199 1
63 30 1372.59191895 1
63 30 1380.57629395 1
63 30 1389.75256348 1
63 30 1449.81018066 1
63 30 1450.80712891 1
63 30 1457.74987793 1
63 30 1462.79016113 1
63 30 1507.75134277 1
63 30 1525.48449707 1
63 30 1554.50231934 1
63 30 1563.15075684 1
63 30 1610.24743652 1
63 30 1613.92272949 1
63 30 1614.09204102 1
63 30 1619.83764648 1
63 30 1653.38232422 1
63 30 1658.55834961 1
63 30 1662.22692871 1
63 30 1663.70007324 1
63 30 1669.97546387 1
63 30 1680.3404541 1
63 30 1701.32055664 1
63 30 1713.98999023 1
63 30 1769.65393066 1
63 30 1769.71252441 1
63 30 1778.5715332 1
63 30 1908.12609863 1
63 30 1963.8536377 1
63 30 2011.68554688 1
63 30 2029.05480957 1
63 30 2211.96313477 1
63 30 2235.30883789 1
63 30 2247.22680664 1
63 30 2444.56640625 1
63 30 2509.81640625 1
63 30 2657.52319336 1
63 30 2857.71630859 1
63 30 3356.7019043 1
63 31 675.840454102 1
63 31 676.355957031 1
63 31 711.859375 1
63 31 719.852416992 1
63 31 722.788146973 1
63 31 723.745727539 1
63 31 728.588989258 1
63 31 729.782531738 1
63 31 732.621643066 1
63 31 733.875183105 1
63 31 739.275268555 1
63 31 740.943969727 1
63 31 747.940063477 1
63 31 760.809448242 1
63 31 761.892822266 1
63 31 773.520080566 1
63 31 777.645385742 1
63 31 783.213562012 1
63 31 786.106567383 1
63 31 788.91192627 1
63 31 789.83581543 1
63 31 792.614196777 1
63 31 793.761779785 1
63 31 795.303222656 1
63 31 795.444946289 1
63 31 798.813659668 1
63 31 803.332336426 1
63 31 841.608886719 1
63 31 842.158630371 1
63 31 843.575256348 1
63 31 843.995178223 1
63 31 844.831542969 1
63 31 845.163513184 1
63 31 854.288330078 1
63 31 859.86932373 1
63 31 865.541381836 1
63 31 866.706176758 1
63 31 866.80480957 1
63 31 877.711425781 1
63 31 880.26348877 1
63 31 881.596740723 1
63 31 885.091186523 1
63 31 889.386352539 1
63 31 912.679870605 1
63 31 919.427185059 1
63 31 925.198974609 1
63 31 927.13659668 1
63 31 945.812927246 1
63 31 953.336120605 1
63 31 956.627319336 1
63 31 961.360595703 1
63 31 961.375549316 1
63 31 969.431274414 1
63 31 972.211120605 1
63 31 978.721191406 1
63 31 981.973754883 1
63 31 986.330871582 1
63 31 991.207519531 1
63 31 992.831726074 1
63 31 994.158325195 1
63 31 997.07434082 1
63 31 998.921569824 1
63 31 999.853088379 1
63 31 1001.8480835 1
63 31 1003.56231689 1
63 31 1009.33416748 1
63 31 1011.27270508 1
63 31 1011.4006958 1
63 31 1014.7565918 1
63 31 1015.4230957 1
63 31 1019.03833008 1
63 31 1028.18981934 1
63 31 1030.15454102 1
63 31 1035.77111816 1
63 31 1043.93530273 1
63 31 1044.40686035 1
63 31 1045.42541504 1
63 31 1054.36499023 1
63 31 1057.81799316 1
63 31 1058.83764648 1
63 31 1066.60717773 1
63 31 1067.71252441 1
63 31 1071.23352051 1
63 31 1073.41845703 1
63 31 1076.00549316 1
63 31 1083.09326172 1
63 31 1093.01513672 1
63 31 1105.92932129 1
63 31 1109.48413086 1
63 31 1112.56103516 1
63 31 1115.32495117 1
63 31 1129.26672363 1
63 31 1138.42590332 1
63 31 1144.14526367 1
63 31 1165.01550293 1
63 31 1167.46911621 1
63 31 1177.57727051 1
63 31 1190.94506836 1
63 31 1204.54406738 1
63 31 1206.27331543 1
63 31 1216.76855469 1
63 31 1219.30090332 1
63 31 1221.95654297 1
63 31 1224.11193848 1
63 31 1226.52307129 1
63 31 1237.29833984 1
63 31 1277.50756836 1
63 31 1326.3548584 1
63 31 1348.72509766 1
63 31 1351.45166016 1
63 31 1359.53747559 1
63 31 1362.14672852 1
63 31 1376.19165039 1
63 31 1378.75927734 1
63 31 1386.23510742 1
63 31 1389.47741699 1
63 31 1395.47033691 1
63 31 1433.27331543 1
63 31 1467.95605469 1
63 31 1476.78308105 1
63 31 1476.83789062 1
63 31 1479.16650391 1
63 31 1479.32763672 1
63 31 1503.30029297 1
63 31 1521.54589844 1
63 31 1530.23095703 1
63 31 1533.84155273 1
63 31 1569.89196777 1
63 31 1652.04724121 1
63 31 1698.29711914 1
63 31 1726.34130859 1
63 31 1742.86706543 1
63 31 1783.6730957 1
63 31 1825.53967285 1
63 31 1826.39074707 1
63 31 1926.94018555 1
63 31 2226.22314453 1
63 31 2690.91259766 1
63 32 868.476013184 1
63 32 876.488220215 1
63 32 936.419372559 1
63 32 943.377380371 1
63 32 971.471984863 1
63 32 973.652038574 1
63 32 1041.1003418 1
63 32 1054.34106445 1
63 32 1069.83398438 1
63 32 1086.27331543 1
63 32 1158.73632812 1
63 32 1280.74401855 1
63 32 1357.73181152 1
63 32 1369.5612793 1
63 32 1480.83276367 1
63 32 1504.0020752 1
63 32 1537.95898438 1
63 32 1656.78771973 1
63 32 1670.953125 1
63 32 1727.04138184 1
63 32 1747.51318359 1
63 32 1807.01159668 1
63 32 1870.9609375 1
63 32 2092.43530273 1
63 32 2151.10864258 1
63 32 2191.74121094 1
63 32 2571.93530273 1
63 33 960.722900391 1
63 33 970.437744141 1
63 33 980.51159668 1
63 33 994.050292969 1
63 33 1017.91345215 1
63 33 1173.51062012 1
63 33 1229.09313965 1
63 33 1230.11340332 1
63 33 1823.01403809 1
63 33 2627.54052734 1
63 34 980.041381836 1
63 34 1137.70385742 1
63 34 1386.93994141 1
