000 111.0 0.0 1000000.0
008 85.0 0.0 1000000.0
009 92.0 0.0 1000000.0
010 75.0 0.0 1000000.0
011 110.0 0.0 1000000.0
013 94.0 0.0 1000000.0
016 95.0 0.0 1000000.0
022 91.0 0.0 1000000.0
027 111.0 0.0 1000000.0
034 130.0 0.0 1000000.0
045 162.0 0.0 1000000.0
063 179.0 0.0 1000000.0
090 183.0 0.0 1000000.0
117 119.0 0.0 1000000.0
135 69.0 0.0 1000000.0
146 68.0 0.0 1000000.0
153 39.0 0.0 1000000.0
158 36.0 0.0 1000000.0
162 34.0 0.0 1000000.0
164 34.0 0.0 1000000.0
166 40.0 0.0 1000000.0
167 37.0 0.0 1000000.0
169 33.0 0.0 1000000.0
171 33.0 0.0 1000000.0
172 26.0 0.0 1000000.0
180 24.0 0.0 1000000.0
