string dom time hits
45 28 1448.29626465 1
53 25 1759.27246094 1
53 26 1580.78295898 1
53 27 1362.67004395 1
53 27 1577.82226562 1
54 19 1749.7911377 1
54 22 1448.20092773 1
54 24 1276.29138184 1
54 25 914.018798828 1
54 25 1005.36914062 1
54 26 906.067199707 1
54 26 1038.3260498 1
54 26 1350.6784668 1
54 26 2074.00390625 1
54 27 690.511657715 1
54 27 833.161254883 1
54 27 836.655395508 1
54 27 989.092529297 1
54 27 1093.99145508 1
54 27 1104.01171875 1
54 28 638.955078125 1
54 28 661.245178223 1
54 28 710.482116699 1
54 28 823.343444824 1
54 28 850.928833008 1
54 28 985.825317383 1
54 28 1060.59936523 1
54 28 1113.69250488 1
54 28 2272.07275391 1
54 28 3774.99414062 1
54 29 795.450805664 1
54 29 867.838989258 1
54 29 932.5234375 1
54 29 958.5703125 1
54 29 983.148498535 1
54 29 1040.35412598 1
54 29 1102.30908203 1
54 29 1256.58740234 1
54 29 1484.91918945 1
54 30 663.919128418 1
54 30 688.70513916 1
54 30 692.547607422 1
54 30 731.497619629 1
54 30 789.336975098 1
54 30 813.309387207 1
54 30 952.152709961 1
54 30 1586.55163574 1
54 31 996.249450684 1
54 31 1115.71789551 1
54 32 1380.30273438 1
55 19 2430.32348633 1
55 23 1369.23840332 1
55 24 978.33392334 1
55 24 1206.19384766 1
55 24 1510.53259277 1
55 25 1303.64868164 1
55 25 1589.46252441 1
55 26 825.524902344 1
55 26 834.919067383 1
55 26 914.92767334 1
55 26 944.888244629 1
55 26 998.880554199 1
55 26 1008.36315918 1
55 26 1472.03466797 1
55 26 1472.32080078 1
55 26 1711.35644531 1
55 27 726.703063965 1
55 27 754.62689209 1
55 27 888.461303711 1
55 27 895.745056152 1
55 27 911.801025391 1
55 27 1157.4543457 1
55 28 671.016906738 1
55 28 722.029296875 1
55 28 731.764587402 1
55 28 772.92755127 1
55 28 836.481689453 1
55 28 844.171081543 1
55 28 946.089538574 1
55 28 1013.67956543 1
55 28 1071.59973145 1
55 28 1174.15649414 1
55 28 1335.66333008 1
55 28 1472.3326416 1
55 28 1502.6315918 1
55 29 636.168457031 1
55 29 657.142333984 1
55 29 672.414916992 1
55 29 836.187866211 1
55 29 911.648010254 1
55 29 1238.8503418 1
55 29 1368.6661377 1
55 29 1624.46472168 1
55 30 827.668640137 1
55 30 1139.10131836 1
55 31 982.755126953 1
55 32 664.560058594 1
55 32 919.860351562 1
55 33 926.68572998 1
56 28 1409.88085938 1
56 31 1512.91137695 1
62 20 1793.09997559 1
62 23 1117.07006836 1
62 23 1252.07006836 1
62 23 1587.56481934 1
62 24 1288.6854248 1
62 25 851.910949707 1
62 25 989.189086914 1
62 25 994.434814453 1
62 25 1090.0324707 1
62 25 1126.43127441 1
62 26 887.921569824 1
62 26 903.321777344 1
62 27 780.000854492 1
62 27 849.330322266 1
62 27 864.377502441 1
62 27 944.684326172 1
62 27 962.958984375 1
62 27 998.946350098 1
62 27 1099.66564941 1
62 27 1111.17370605 1
62 28 687.562133789 1
62 28 770.836425781 1
62 28 817.43157959 1
62 28 851.457336426 1
62 28 891.224853516 1
62 28 938.34942627 1
62 28 995.399719238 1
62 28 1413.92077637 1
62 28 1535.97717285 1
62 28 2211.99365234 1
62 29 680.309143066 1
62 29 705.829956055 1
62 29 827.671813965 1
62 29 887.261047363 1
62 29 897.229064941 1
62 29 934.629699707 1
62 29 1075.79943848 1
62 29 1106.1607666 1
62 29 1750.47888184 1
62 29 2036.7980957 1
62 30 657.801330566 1
62 30 732.601989746 1
62 30 786.329711914 1
62 30 1265.6940918 1
62 31 809.463012695 1
62 31 841.450744629 1
62 31 896.538452148 1
62 31 938.220581055 1
62 33 856.626831055 1
63 21 1581.33764648 1
63 22 737.88494873 1
63 22 986.906005859 1
63 22 1050.6907959 1
63 22 1122.99389648 1
63 23 614.408630371 1
63 23 833.938476562 1
63 23 866.21887207 1
63 23 874.243225098 1
63 23 906.548217773 1
63 23 1312.84057617 1
63 23 1438.56066895 1
63 24 522.837219238 1
63 24 558.543029785 1
63 24 567.994506836 1
63 24 568.109863281 1
63 24 572.851013184 1
63 24 594.91619873 1
63 24 605.431335449 1
63 24 610.036682129 1
63 24 624.690979004 1
63 24 654.297424316 1
63 24 661.13684082 1
63 24 678.133178711 1
63 24 726.143615723 1
63 24 745.160461426 1
63 24 745.874511719 1
63 24 773.472229004 1
63 24 812.993896484 1
63 24 843.625427246 1
63 24 850.36151123 1
63 24 930.054748535 1
63 24 1022.92218018 1
63 24 1091.30322266 1
63 24 1148.6015625 1
63 24 1377.54846191 1
63 24 1584.02709961 1
63 25 421.528381348 1
63 25 430.258056641 1
63 25 431.994598389 1
63 25 433.567321777 1
63 25 442.585174561 1
63 25 442.849731445 1
63 25 443.26852417 1
63 25 458.227264404 1
63 25 460.221069336 1
63 25 472.481933594 1
63 25 474.236785889 1
63 25 474.990661621 1
63 25 478.017242432 1
63 25 480.280548096 1
63 25 483.457305908 1
63 25 485.784606934 1
63 25 490.826660156 1
63 25 494.589202881 1
63 25 498.116394043 1
63 25 504.235931396 1
63 25 511.488311768 1
63 25 519.884765625 1
63 25 526.808227539 1
63 25 526.889343262 1
63 25 535.989135742 1
63 25 536.00958252 1
63 25 555.659240723 1
63 25 559.721008301 1
63 25 564.636901855 1
63 25 566.889282227 1
63 25 583.254821777 1
63 25 600.872009277 1
63 25 611.24786377 1
63 25 623.429199219 1
63 25 639.293395996 1
63 25 640.955383301 1
63 25 644.523864746 1
63 25 657.903991699 1
63 25 687.122619629 1
63 25 687.635253906 1
63 25 705.733947754 1
63 25 715.377197266 1
63 25 729.100585938 1
63 25 823.407409668 1
63 25 844.299072266 1
63 25 892.521972656 1
63 25 989.016662598 1
63 25 1121.08764648 1
63 25 1135.42578125 1
63 25 1309.70983887 1
63 25 2020.99304199 1
63 26 335.917755127 1
63 26 336.262084961 1
63 26 337.6484375 1
63 26 341.491607666 1
63 26 343.167907715 1
63 26 343.683898926 1
63 26 346.443115234 1
63 26 350.163330078 1
63 26 351.719390869 1
63 26 352.874084473 1
63 26 355.775726318 1
63 26 358.249176025 1
63 26 358.455474854 1
63 26 359.428405762 1
63 26 360.655548096 1
63 26 361.500793457 1
63 26 362.735229492 1
63 26 366.152984619 1
63 26 366.525787354 1
63 26 370.209533691 1
63 26 374.310913086 1
63 26 377.066101074 1
63 26 377.691223145 1
63 26 377.843963623 1
63 26 377.940643311 1
63 26 379.772979736 1
63 26 380.783172607 1
63 26 381.09274292 1
63 26 381.292785645 1
63 26 384.75213623 1
63 26 385.311126709 1
63 26 385.324371338 1
63 26 386.152984619 1
63 26 386.225372314 1
63 26 387.351867676 1
63 26 387.65045166 1
63 26 388.057800293 1
63 26 389.037017822 1
63 26 389.556243896 1
63 26 394.066223145 1
63 26 394.680541992 1
63 26 394.740753174 1
63 26 397.259979248 1
63 26 402.974334717 1
63 26 403.517303467 1
63 26 404.045898438 1
63 26 404.641174316 1
63 26 414.880401611 1
63 26 415.538970947 1
63 26 416.288330078 1
63 26 416.539306641 1
63 26 419.006195068 1
63 26 419.824737549 1
63 26 421.035949707 1
63 26 424.939453125 1
63 26 425.485076904 1
63 26 428.734558105 1
63 26 432.470489502 1
63 26 432.656524658 1
63 26 432.813354492 1
63 26 435.515930176 1
63 26 437.630340576 1
63 26 442.018218994 1
63 26 442.273986816 1
63 26 442.345947266 1
63 26 443.205474854 1
63 26 444.277679443 1
63 26 446.906524658 1
63 26 447.787414551 1
63 26 450.609649658 1
63 26 455.565765381 1
63 26 458.219848633 1
63 26 459.162353516 1
63 26 459.707305908 1
63 26 464.00769043 1
63 26 465.662017822 1
63 26 465.789215088 1
63 26 467.619140625 1
63 26 467.735931396 1
63 26 469.03805542 1
63 26 469.550964355 1
63 26 470.824981689 1
63 26 473.406280518 1
63 26 481.790893555 1
63 26 489.561676025 1
63 26 490.729492188 1
63 26 491.065307617 1
63 26 494.821990967 1
63 26 501.019073486 1
63 26 503.559631348 1
63 26 518.655090332 1
63 26 529.897949219 1
63 26 536.059082031 1
63 26 540.808776855 1
63 26 553.627685547 1
63 26 557.676818848 1
63 26 569.386474609 1
63 26 576.956665039 1
63 26 583.749023438 1
63 26 586.096435547 1
63 26 591.939025879 1
63 26 606.038513184 1
63 26 627.269592285 1
63 26 630.727539062 1
63 26 638.665771484 1
63 26 666.26776123 1
63 26 668.855224609 1
63 26 673.974365234 1
63 26 685.103088379 1
63 26 695.858520508 1
63 26 711.303955078 1
63 26 737.096496582 1
63 26 744.538330078 1
63 26 746.104492188 1
63 26 765.790161133 1
63 26 803.090148926 1
63 26 806.048706055 1
63 26 825.830444336 1
63 26 920.65802002 1
63 26 927.50402832 1
63 26 1085.65332031 1
63 26 1115.88598633 1
63 26 1287.7442627 1
63 26 1646.82043457 1
63 27 246.784072876 1
63 27 247.28024292 1
63 27 247.585510254 1
63 27 247.944534302 1
63 27 248.491836548 1
63 27 249.161026001 1
63 27 249.559646606 1
63 27 250.674453735 1
63 27 251.120819092 1
63 27 251.190872192 1
63 27 252.896972656 1
63 27 252.936859131 1
63 27 253.063827515 1
63 27 253.390792847 1
63 27 253.666564941 1
63 27 253.708496094 1
63 27 253.95980835 1
63 27 254.062698364 1
63 27 254.092041016 1
63 27 254.19354248 1
63 27 254.807861328 1
63 27 255.668411255 1
63 27 255.698440552 1
63 27 255.989456177 1
63 27 257.254119873 1
63 27 257.944854736 1
63 27 257.954498291 1
63 27 258.182189941 1
63 27 258.194396973 1
63 27 258.745666504 1
63 27 259.388458252 1
63 27 259.551605225 1
63 27 260.180084229 1
63 27 260.3565979 1
63 27 260.409210205 1
63 27 260.687072754 1
63 27 261.134094238 1
63 27 261.21762085 1
63 27 261.302398682 1
63 27 261.341888428 1
63 27 261.369567871 1
63 27 261.631072998 1
63 27 262.08984375 1
63 27 262.191802979 1
63 27 262.303070068 1
63 27 262.647949219 1
63 27 262.74887085 1
63 27 262.899932861 1
63 27 263.007324219 1
63 27 263.219604492 1
63 27 263.507171631 1
63 27 263.510498047 1
63 27 263.608703613 1
63 27 263.857940674 1
63 27 263.896087646 1
63 27 263.924407959 1
63 27 264.182647705 1
63 27 264.269104004 1
63 27 264.290283203 1
63 27 264.456237793 1
63 27 264.806030273 1
63 27 264.953186035 1
63 27 265.730865479 1
63 27 265.949859619 1
63 27 265.988006592 1
63 27 265.991485596 1
63 27 266.222839355 1
63 27 266.279144287 1
63 27 266.313079834 1
63 27 266.459411621 1
63 27 266.764556885 1
63 27 266.883972168 1
63 27 267.041748047 1
63 27 267.83996582 1
63 27 268.762054443 1
63 27 268.870483398 1
63 27 269.07989502 1
63 27 269.760528564 1
63 27 269.944549561 1
63 27 270.056671143 1
63 27 270.059875488 1
63 27 271.157318115 1
63 27 271.960418701 1
63 27 272.246368408 1
63 27 272.350311279 1
63 27 272.438110352 1
63 27 272.821075439 1
63 27 272.863769531 1
63 27 273.106018066 1
63 27 273.198059082 1
63 27 273.228485107 1
63 27 273.431488037 1
63 27 273.519287109 1
63 27 273.691497803 1
63 27 274.004180908 1
63 27 274.030029297 1
63 27 274.042510986 1
63 27 274.105072021 1
63 27 274.206756592 1
63 27 274.311431885 1
63 27 274.673858643 1
63 27 274.805236816 1
63 27 274.97265625 1
63 27 275.275024414 1
63 27 275.496154785 1
63 27 275.568084717 1
63 27 276.098907471 1
63 27 276.106719971 1
63 27 276.529174805 1
63 27 277.352844238 1
63 27 277.92590332 1
63 27 278.037902832 1
63 27 279.206237793 1
63 27 279.941436768 1
63 27 280.124176025 1
63 27 280.596466064 1
63 27 281.178649902 1
63 27 281.258514404 1
63 27 281.84979248 1
63 27 281.962280273 1
63 27 282.180084229 1
63 27 282.269622803 1
63 27 282.741546631 1
63 27 282.764678955 1
63 27 282.901489258 1
63 27 283.223632812 1
63 27 283.572998047 1
63 27 284.517486572 1
63 27 284.534820557 1
63 27 284.85760498 1
63 27 285.42401123 1
63 27 285.477630615 1
63 27 285.723022461 1
63 27 285.906707764 1
63 27 286.872802734 1
63 27 287.403594971 1
63 27 287.749969482 1
63 27 288.796295166 1
63 27 289.069549561 1
63 27 290.185302734 1
63 27 290.998168945 1
63 27 291.278198242 1
63 27 291.573974609 1
63 27 292.123474121 1
63 27 292.168182373 1
63 27 292.442718506 1
63 27 293.006317139 1
63 27 293.61126709 1
63 27 294.939697266 1
63 27 295.01373291 1
63 27 295.553161621 1
63 27 295.763824463 1
63 27 296.023010254 1
63 27 296.523376465 1
63 27 296.749542236 1
63 27 297.301544189 1
63 27 297.963745117 1
63 27 298.177886963 1
63 27 298.856170654 1
63 27 301.199676514 1
63 27 301.258575439 1
63 27 302.269866943 1
63 27 302.523406982 1
63 27 302.832733154 1
63 27 303.032867432 1
63 27 303.214263916 1
63 27 304.96282959 1
63 27 305.192840576 1
63 27 305.34286499 1
63 27 305.658203125 1
63 27 306.188049316 1
63 27 308.304382324 1
63 27 308.539886475 1
63 27 310.082275391 1
63 27 310.719543457 1
63 27 311.419677734 1
63 27 311.900634766 1
63 27 312.311096191 1
63 27 312.545959473 1
63 27 313.341217041 1
63 27 314.059570312 1
63 27 314.091369629 1
63 27 315.850311279 1
63 27 317.070159912 1
63 27 317.53527832 1
63 27 317.646697998 1
63 27 318.68157959 1
63 27 319.725891113 1
63 27 320.301635742 1
63 27 320.863952637 1
63 27 321.976379395 1
63 27 323.220245361 1
63 27 323.492004395 1
63 27 324.502929688 1
63 27 325.114257812 1
63 27 325.211486816 1
63 27 325.506652832 1
63 27 325.994415283 1
63 27 327.777282715 1
63 27 328.081756592 1
63 27 329.400421143 1
63 27 329.744506836 1
63 27 331.078369141 1
63 27 331.438568115 1
63 27 331.733764648 1
63 27 332.453979492 1
63 27 334.80657959 1
63 27 335.418579102 1
63 27 336.789520264 1
63 27 337.07333374 1
63 27 337.576934814 1
63 27 340.161651611 1
63 27 343.46105957 1
63 27 343.966033936 1
63 27 345.429260254 1
63 27 345.58706665 1
63 27 346.138061523 1
63 27 346.712341309 1
63 27 347.262817383 1
63 27 348.069458008 1
63 27 350.266326904 1
63 27 350.423583984 1
63 27 350.472381592 1
63 27 350.727355957 1
63 27 350.961303711 1
63 27 352.391448975 1
63 27 357.708007812 1
63 27 358.389221191 1
63 27 363.422546387 1
63 27 365.044921875 1
63 27 365.263153076 1
63 27 369.705810547 1
63 27 370.951171875 1
63 27 373.192108154 1
63 27 375.399078369 1
63 27 376.58291626 1
63 27 376.723693848 1
63 27 380.766326904 1
63 27 384.659057617 1
63 27 390.279785156 1
63 27 391.486938477 1
63 27 396.117980957 1
63 27 396.416809082 1
63 27 397.724731445 1
63 27 398.678192139 1
63 27 400.618835449 1
63 27 404.668121338 1
63 27 405.050628662 1
63 27 406.957702637 1
63 27 408.402801514 1
63 27 417.855224609 1
63 27 418.499176025 1
63 27 418.698059082 1
63 27 419.036621094 1
63 27 423.04019165 1
63 27 423.167694092 1
63 27 425.418243408 1
63 27 425.60647583 1
63 27 435.263549805 1
63 27 436.464996338 1
63 27 439.2706604 1
63 27 440.322387695 1
63 27 453.249603271 1
63 27 456.939758301 1
63 27 470.647399902 1
63 27 471.493927002 1
63 27 473.049987793 1
63 27 477.668884277 1
63 27 478.201599121 1
63 27 480.109985352 1
63 27 484.752258301 1
63 27 486.310577393 1
63 27 486.693725586 1
63 27 491.06060791 1
63 27 493.538848877 1
63 27 495.209228516 1
63 27 503.795074463 1
63 27 537.237731934 1
63 27 539.137756348 1
63 27 551.20111084 1
63 27 563.504943848 1
63 27 569.381713867 1
63 27 590.693115234 1
63 27 619.15020752 1
63 27 621.445922852 1
63 27 629.050842285 1
63 27 668.137817383 1
63 27 680.561157227 1
63 27 688.171203613 1
63 27 700.223327637 1
63 27 700.232971191 1
63 27 712.315979004 1
63 27 714.049377441 1
63 27 719.529724121 1
63 27 728.918457031 1
63 27 737.684387207 1
63 27 758.205566406 1
63 27 785.546020508 1
63 27 790.538818359 1
63 27 845.733581543 1
63 27 850.640014648 1
63 27 859.585571289 1
63 27 874.267578125 1
63 27 889.207580566 1
63 27 908.547119141 1
63 27 929.704406738 1
63 27 987.677429199 1
63 27 1001.97601318 1
63 27 1002.1739502 1
63 27 1107.34423828 1
63 27 1121.1003418 1
63 27 1192.08044434 1
63 27 1192.54492188 1
63 27 1196.57971191 1
63 27 1201.19689941 1
63 27 1221.45739746 1
63 27 1244.61865234 1
63 27 1323.28356934 1
63 27 1363.6529541 1
63 27 1626.2220459 1
63 27 1707.8223877 1
63 27 1766.39807129 1
63 28 162.182189941 1
63 28 162.291381836 1
63 28 162.553451538 1
63 28 164.193572998 1
63 28 164.202148438 1
63 28 164.28062439 1
63 28 164.436340332 1
63 28 164.509613037 1
63 28 164.907699585 1
63 28 164.930603027 1
63 28 164.958755493 1
63 28 165.050567627 1
63 28 165.178604126 1
63 28 165.911300659 1
63 28 165.985031128 1
63 28 166.160385132 1
63 28 166.176696777 1
63 28 166.188827515 1
63 28 166.244171143 1
63 28 166.725311279 1
63 28 166.889083862 1
63 28 167.000488281 1
63 28 167.045043945 1
63 28 167.077987671 1
63 28 167.579452515 1
63 28 167.592651367 1
63 28 167.905563354 1
63 28 168.023391724 1
63 28 168.223388672 1
63 28 168.25730896 1
63 28 168.704742432 1
63 28 168.81690979 1
63 28 168.91897583 1
63 28 168.958984375 1
63 28 169.016540527 1
63 28 169.508651733 1
63 28 169.531402588 1
63 28 169.766189575 1
63 28 169.78225708 1
63 28 169.799606323 1
63 28 169.918838501 1
63 28 170.139251709 1
63 28 170.192352295 1
63 28 170.318328857 1
63 28 170.529876709 1
63 28 170.586212158 1
63 28 170.61289978 1
63 28 170.664825439 1
63 28 170.672775269 1
63 28 170.682296753 1
63 28 170.770675659 1
63 28 171.073181152 1
63 28 171.090530396 1
63 28 171.152770996 1
63 28 171.211471558 1
63 28 171.298797607 1
63 28 171.460906982 1
63 28 171.475753784 1
63 28 171.521911621 1
63 28 171.582015991 1
63 28 171.604949951 1
63 28 171.680038452 1
63 28 171.749252319 1
63 28 171.783004761 1
63 28 171.804534912 1
63 28 172.048965454 1
63 28 172.083984375 1
63 28 172.163421631 1
63 28 172.268829346 1
63 28 172.358581543 1
63 28 172.435287476 1
63 28 172.460906982 1
63 28 172.644836426 1
63 28 172.781768799 1
63 28 172.819412231 1
63 28 172.820617676 1
63 28 172.831787109 1
63 28 172.930404663 1
63 28 173.055236816 1
63 28 173.227050781 1
63 28 173.324447632 1
63 28 173.411056519 1
63 28 173.443786621 1
63 28 173.582901001 1
63 28 173.600204468 1
63 28 173.71987915 1
63 28 173.842010498 1
63 28 174.015853882 1
63 28 174.171722412 1
63 28 174.190032959 1
63 28 174.197052002 1
63 28 174.207504272 1
63 28 174.235076904 1
63 28 174.361785889 1
63 28 174.4737854 1
63 28 174.474578857 1
63 28 174.514266968 1
63 28 174.562057495 1
63 28 174.693771362 1
63 28 174.8177948 1
63 28 174.928100586 1
63 28 175.117599487 1
63 28 175.12600708 1
63 28 175.160949707 1
63 28 175.181762695 1
63 28 175.182128906 1
63 28 175.24961853 1
63 28 175.310760498 1
63 28 175.435897827 1
63 28 175.443496704 1
63 28 175.507354736 1
63 28 175.56262207 1
63 28 175.583938599 1
63 28 175.599197388 1
63 28 175.707489014 1
63 28 175.712509155 1
63 28 175.784942627 1
63 28 175.800369263 1
63 28 175.804748535 1
63 28 175.819274902 1
63 28 175.895965576 1
63 28 175.954696655 1
63 28 175.979614258 1
63 28 176.009231567 1
63 28 176.042205811 1
63 28 176.073822021 1
63 28 176.173126221 1
63 28 176.28793335 1
63 28 176.314285278 1
63 28 176.3646698 1
63 28 176.398208618 1
63 28 176.415893555 1
63 28 176.484481812 1
63 28 176.548675537 1
63 28 176.639862061 1
63 28 176.671188354 1
63 28 176.714126587 1
63 28 176.742538452 1
63 28 176.946899414 1
63 28 177.065979004 1
63 28 177.085250854 1
63 28 177.096939087 1
63 28 177.110778809 1
63 28 177.129959106 1
63 28 177.24206543 1
63 28 177.266296387 1
63 28 177.309127808 1
63 28 177.351989746 1
63 28 177.388137817 1
63 28 177.413467407 1
63 28 177.465103149 1
63 28 177.591140747 1
63 28 177.631881714 1
63 28 177.642364502 1
63 28 177.67401123 1
63 28 177.68598938 1
63 28 177.701049805 1
63 28 177.811401367 1
63 28 177.829925537 1
63 28 177.972457886 1
63 28 178.176177979 1
63 28 178.404769897 1
63 28 178.489135742 1
63 28 178.504058838 1
63 28 178.524276733 1
63 28 178.671386719 1
63 28 178.674240112 1
63 28 179.178726196 1
63 28 179.210586548 1
63 28 179.252105713 1
63 28 179.252975464 1
63 28 179.281814575 1
63 28 179.310974121 1
63 28 179.315643311 1
63 28 179.382995605 1
63 28 179.402389526 1
63 28 179.413864136 1
63 28 179.438064575 1
63 28 179.525115967 1
63 28 179.558654785 1
63 28 179.565170288 1
63 28 179.608215332 1
63 28 179.794372559 1
63 28 179.850723267 1
63 28 179.938980103 1
63 28 179.939239502 1
63 28 179.990127563 1
63 28 180.026916504 1
63 28 180.041625977 1
63 28 180.151870728 1
63 28 180.238510132 1
63 28 180.532836914 1
63 28 180.554122925 1
63 28 180.578231812 1
63 28 180.679733276 1
63 28 180.685409546 1
63 28 180.687652588 1
63 28 180.715377808 1
63 28 180.855636597 1
63 28 181.066009521 1
63 28 181.087173462 1
63 28 181.102218628 1
63 28 181.113601685 1
63 28 181.118209839 1
63 28 181.127044678 1
63 28 181.217163086 1
63 28 181.536849976 1
63 28 181.540664673 1
63 28 181.665481567 1
63 28 181.72996521 1
63 28 181.80619812 1
63 28 181.999298096 1
63 28 182.075027466 1
63 28 182.219741821 1
63 28 182.285644531 1
63 28 182.297729492 1
63 28 182.318725586 1
63 28 182.447235107 1
63 28 182.451080322 1
63 28 182.515823364 1
63 28 182.516830444 1
63 28 182.597427368 1
63 28 182.704818726 1
63 28 182.80267334 1
63 28 182.862457275 1
63 28 182.880462646 1
63 28 182.908782959 1
63 28 182.941345215 1
63 28 182.943435669 1
63 28 183.026275635 1
63 28 183.167861938 1
63 28 183.314437866 1
63 28 183.327301025 1
63 28 183.389755249 1
63 28 183.494155884 1
63 28 183.580307007 1
63 28 183.594451904 1
63 28 183.646331787 1
63 28 183.727523804 1
63 28 183.793273926 1
63 28 184.095306396 1
63 28 184.158905029 1
63 28 184.220306396 1
63 28 184.366638184 1
63 28 184.436325073 1
63 28 184.637298584 1
63 28 184.670898438 1
63 28 184.830444336 1
63 28 185.215286255 1
63 28 185.299072266 1
63 28 185.326675415 1
63 28 185.511734009 1
63 28 185.621139526 1
63 28 185.840438843 1
63 28 185.869338989 1
63 28 185.890258789 1
63 28 185.909698486 1
63 28 185.964752197 1
63 28 186.022949219 1
63 28 186.043624878 1
63 28 186.053344727 1
63 28 186.170333862 1
63 28 186.398468018 1
63 28 186.451965332 1
63 28 186.803878784 1
63 28 186.855438232 1
63 28 186.923278809 1
63 28 186.994415283 1
63 28 187.038619995 1
63 28 187.242156982 1
63 28 187.424682617 1
63 28 187.580001831 1
63 28 187.608596802 1
63 28 187.726623535 1
63 28 187.743362427 1
63 28 187.827484131 1
63 28 187.835861206 1
63 28 187.914154053 1
63 28 188.092544556 1
63 28 188.402481079 1
63 28 188.486022949 1
63 28 188.49887085 1
63 28 188.499694824 1
63 28 189.017089844 1
63 28 189.238067627 1
63 28 189.387451172 1
63 28 189.511566162 1
63 28 189.563537598 1
63 28 189.660858154 1
63 28 189.806610107 1
63 28 190.228485107 1
63 28 190.293273926 1
63 28 190.37689209 1
63 28 190.425567627 1
63 28 190.46673584 1
63 28 190.479141235 1
63 28 190.515731812 1
63 28 190.583557129 1
63 28 190.590545654 1
63 28 190.678710938 1
63 28 190.754119873 1
63 28 190.925109863 1
63 28 191.561569214 1
63 28 191.716186523 1
63 28 191.834320068 1
63 28 191.894195557 1
63 28 192.029678345 1
63 28 192.251342773 1
63 28 192.333740234 1
63 28 192.3984375 1
63 28 192.481964111 1
63 28 192.654159546 1
63 28 192.692367554 1
63 28 192.718978882 1
63 28 192.838607788 1
63 28 192.897354126 1
63 28 193.002655029 1
63 28 193.24180603 1
63 28 193.259552002 1
63 28 193.548690796 1
63 28 193.624969482 1
63 28 193.66947937 1
63 28 193.671157837 1
63 28 193.884124756 1
63 28 193.960739136 1
63 28 194.209472656 1
63 28 194.24420166 1
63 28 194.253723145 1
63 28 194.327697754 1
63 28 194.332763672 1
63 28 194.354095459 1
63 28 194.532867432 1
63 28 194.586532593 1
63 28 194.702133179 1
63 28 194.704986572 1
63 28 194.950775146 1
63 28 195.318328857 1
63 28 195.875717163 1
63 28 195.895706177 1
63 28 195.974380493 1
63 28 196.009506226 1
63 28 196.010848999 1
63 28 196.439193726 1
63 28 196.499237061 1
63 28 196.908935547 1
63 28 196.990631104 1
63 28 197.017074585 1
63 28 197.320632935 1
63 28 197.544250488 1
63 28 197.624572754 1
63 28 197.721466064 1
63 28 198.058197021 1
63 28 198.1146698 1
63 28 198.18371582 1
63 28 198.221420288 1
63 28 198.75592041 1
63 28 198.970428467 1
63 28 199.273986816 1
63 28 199.418807983 1
63 28 199.459243774 1
63 28 199.564056396 1
63 28 199.770141602 1
63 28 199.969055176 1
63 28 200.010543823 1
63 28 200.303283691 1
63 28 200.375930786 1
63 28 200.537612915 1
63 28 200.737106323 1
63 28 200.762969971 1
63 28 200.89440918 1
63 28 201.225723267 1
63 28 201.315536499 1
63 28 201.39251709 1
63 28 201.499252319 1
63 28 201.719100952 1
63 28 201.815856934 1
63 28 201.916946411 1
63 28 202.010574341 1
63 28 202.108428955 1
63 28 202.254272461 1
63 28 202.297531128 1
63 28 202.48500061 1
63 28 202.879562378 1
63 28 203.159118652 1
63 28 203.277313232 1
63 28 203.372131348 1
63 28 203.454299927 1
63 28 203.65687561 1
63 28 203.686859131 1
63 28 203.789306641 1
63 28 204.023773193 1
63 28 204.346466064 1
63 28 204.934341431 1
63 28 205.436981201 1
63 28 205.484176636 1
63 28 205.631332397 1
63 28 205.740997314 1
63 28 205.874420166 1
63 28 206.235458374 1
63 28 206.388473511 1
63 28 206.758651733 1
63 28 207.051925659 1
63 28 207.147628784 1
63 28 207.33631897 1
63 28 207.34526062 1
63 28 207.482910156 1
63 28 207.812286377 1
63 28 207.866699219 1
63 28 208.605484009 1
63 28 208.650878906 1
63 28 208.738464355 1
63 28 208.755432129 1
63 28 208.768554688 1
63 28 208.933761597 1
63 28 209.463546753 1
63 28 209.96585083 1
63 28 209.974594116 1
63 28 210.378921509 1
63 28 210.778656006 1
63 28 210.970062256 1
63 28 211.139068604 1
63 28 211.161895752 1
63 28 211.197006226 1
63 28 211.340057373 1
63 28 212.455184937 1
63 28 212.71534729 1
63 28 212.720565796 1
63 28 212.748733521 1
63 28 212.750488281 1
63 28 212.783859253 1
63 28 213.28338623 1
63 28 213.530288696 1
63 28 213.846878052 1
63 28 213.910964966 1
63 28 214.2059021 1
63 28 214.589065552 1
63 28 214.715698242 1
63 28 215.098739624 1
63 28 216.281845093 1
63 28 216.665985107 1
63 28 216.77243042 1
63 28 217.219360352 1
63 28 217.666168213 1
63 28 218.145812988 1
63 28 218.583312988 1
63 28 218.784545898 1
63 28 219.051864624 1
63 28 219.236663818 1
63 28 220.535354614 1
63 28 220.550552368 1
63 28 220.800979614 1
63 28 221.228515625 1
63 28 221.457214355 1
63 28 221.577651978 1
63 28 221.602050781 1
63 28 221.843856812 1
63 28 222.306289673 1
63 28 222.529373169 1
63 28 223.271286011 1
63 28 223.688735962 1
63 28 224.96383667 1
63 28 225.523529053 1
63 28 225.712753296 1
63 28 226.025543213 1
63 28 226.104049683 1
63 28 226.379653931 1
63 28 226.625671387 1
63 28 226.686676025 1
63 28 227.181777954 1
63 28 227.492416382 1
63 28 228.383270264 1
63 28 228.874099731 1
63 28 229.497711182 1
63 28 229.557830811 1
63 28 229.79649353 1
63 28 230.034713745 1
63 28 230.519729614 1
63 28 231.28352356 1
63 28 231.284133911 1
63 28 231.607254028 1
63 28 232.374465942 1
63 28 232.446609497 1
63 28 232.645462036 1
63 28 232.686416626 1
63 28 233.364562988 1
63 28 233.964859009 1
63 28 234.968933105 1
63 28 235.379302979 1
63 28 235.430984497 1
63 28 235.601730347 1
63 28 235.921188354 1
63 28 235.989349365 1
63 28 236.748550415 1
63 28 237.001724243 1
63 28 238.638549805 1
63 28 239.482940674 1
63 28 239.776046753 1
63 28 240.49798584 1
63 28 240.579406738 1
63 28 241.968566895 1
63 28 242.057067871 1
63 28 242.332748413 1
63 28 243.628479004 1
63 28 243.817581177 1
63 28 245.112213135 1
63 28 245.370941162 1
63 28 246.278320312 1
63 28 246.31842041 1
63 28 246.351501465 1
63 28 246.703872681 1
63 28 247.763839722 1
63 28 248.179153442 1
63 28 248.518264771 1
63 28 248.634536743 1
63 28 248.65512085 1
63 28 248.657836914 1
63 28 251.203216553 1
63 28 251.736434937 1
63 28 252.516113281 1
63 28 254.459075928 1
63 28 257.088928223 1
63 28 257.736999512 1
63 28 257.777069092 1
63 28 258.194885254 1
63 28 259.520050049 1
63 28 260.320983887 1
63 28 260.407470703 1
63 28 260.744262695 1
63 28 268.025939941 1
63 28 269.339813232 1
63 28 270.384033203 1
63 28 271.014526367 1
63 28 272.201446533 1
63 28 274.59072876 1
63 28 276.898712158 1
63 28 277.639312744 1
63 28 278.263885498 1
63 28 280.104125977 1
63 28 280.153686523 1
63 28 281.086669922 1
63 28 281.335784912 1
63 28 281.68069458 1
63 28 282.988037109 1
63 28 284.09487915 1
63 28 285.964385986 1
63 28 287.278961182 1
63 28 288.133728027 1
63 28 291.094085693 1
63 28 291.312927246 1
63 28 295.327636719 1
63 28 295.502746582 1
63 28 296.579345703 1
63 28 297.798919678 1
63 28 299.219207764 1
63 28 299.231811523 1
63 28 300.990509033 1
63 28 301.06918335 1
63 28 302.440612793 1
63 28 304.101287842 1
63 28 305.831756592 1
63 28 307.375915527 1
63 28 308.115112305 1
63 28 309.22958374 1
63 28 311.402740479 1
63 28 323.042602539 1
63 28 325.237304688 1
63 28 325.358154297 1
63 28 329.136230469 1
63 28 330.303527832 1
63 28 331.235443115 1
63 28 332.118927002 1
63 28 333.947387695 1
63 28 336.374938965 1
63 28 338.786071777 1
63 28 340.4715271 1
63 28 341.117584229 1
63 28 344.155059814 1
63 28 344.629455566 1
63 28 349.083587646 1
63 28 350.99041748 1
63 28 360.201660156 1
63 28 360.320068359 1
63 28 364.252105713 1
63 28 366.053527832 1
63 28 366.250701904 1
63 28 374.68347168 1
63 28 378.009216309 1
63 28 379.099243164 1
63 28 379.464172363 1
63 28 385.036529541 1
63 28 387.980682373 1
63 28 389.190490723 1
63 28 390.391662598 1
63 28 393.666473389 1
63 28 398.383087158 1
63 28 398.440826416 1
63 28 398.753753662 1
63 28 403.308135986 1
63 28 409.249450684 1
63 28 411.840667725 1
63 28 421.819000244 1
63 28 422.305969238 1
63 28 426.007385254 1
63 28 432.809570312 1
63 28 435.656829834 1
63 28 438.311157227 1
63 28 439.564331055 1
63 28 445.888793945 1
63 28 471.415588379 1
63 28 471.671142578 1
63 28 473.18637085 1
63 28 474.060760498 1
63 28 475.701690674 1
63 28 483.688323975 1
63 28 497.339874268 1
63 28 507.975250244 1
63 28 515.749450684 1
63 28 520.799743652 1
63 28 522.778564453 1
63 28 526.786315918 1
63 28 534.638244629 1
63 28 541.550964355 1
63 28 543.673950195 1
63 28 565.261230469 1
63 28 577.715393066 1
63 28 585.61541748 1
63 28 593.435791016 1
63 28 601.44921875 1
63 28 607.743591309 1
63 28 610.003356934 1
63 28 618.879760742 1
63 28 638.255493164 1
63 28 644.385437012 1
63 28 661.244628906 1
63 28 667.016418457 1
63 28 679.378967285 1
63 28 694.664978027 1
63 28 698.025512695 1
63 28 703.291015625 1
63 28 707.08380127 1
63 28 762.777832031 1
63 28 767.444274902 1
63 28 788.805969238 1
63 28 796.473083496 1
63 28 826.196228027 1
63 28 854.03918457 1
63 28 858.928588867 1
63 28 876.001831055 1
63 28 876.782348633 1
63 28 928.680786133 1
63 28 1031.04211426 1
63 28 1049.34069824 1
63 28 1096.63415527 1
63 28 1118.74401855 1
63 28 1118.82434082 1
63 28 1229.75268555 1
63 28 1252.68432617 1
63 28 1343.4041748 1
63 28 1435.84777832 1
63 28 1614.79248047 1
63 29 78.5585250854 1
63 29 79.3274078369 1
63 29 79.4874954224 1
63 29 80.3670425415 1
63 29 80.8579940796 1
63 29 81.0732879639 1
63 29 81.4299697876 1
63 29 81.7841644287 1
63 29 81.8534698486 1
63 29 81.8784408569 1
63 29 81.8876342773 1
63 29 81.9588775635 1
63 29 82.1264038086 1
63 29 82.3018875122 1
63 29 82.4910125732 1
63 29 82.4955062866 1
63 29 82.5957107544 1
63 29 82.6614151001 1
63 29 82.6978225708 1
63 29 83.0365600586 1
63 29 83.0822219849 1
63 29 83.106552124 1
63 29 83.2126617432 1
63 29 83.461227417 1
63 29 83.5463638306 1
63 29 83.6499023438 1
63 29 83.8071899414 1
63 29 83.8575744629 1
63 29 83.8751449585 1
63 29 83.8762130737 1
63 29 83.8815307617 1
63 29 83.891204834 1
63 29 83.932144165 1
63 29 83.9992828369 1
63 29 84.0082015991 1
63 29 84.0704727173 1
63 29 84.0861663818 1
63 29 84.0914230347 1
63 29 84.2663879395 1
63 29 84.2734069824 1
63 29 84.2814483643 1
63 29 84.3336029053 1
63 29 84.3614654541 1
63 29 84.3901290894 1
63 29 84.3995666504 1
63 29 84.4808654785 1
63 29 84.4988021851 1
63 29 84.543800354 1
63 29 84.5776901245 1
63 29 84.5850219727 1
63 29 84.5892715454 1
63 29 84.6608047485 1
63 29 84.7992782593 1
63 29 84.8307266235 1
63 29 84.9151000977 1
63 29 84.9749450684 1
63 29 85.0545272827 1
63 29 85.1002197266 1
63 29 85.1020126343 1
63 29 85.1025772095 1
63 29 85.1619873047 1
63 29 85.2173614502 1
63 29 85.2206954956 1
63 29 85.2874984741 1
63 29 85.3014678955 1
63 29 85.3931732178 1
63 29 85.3986434937 1
63 29 85.4100799561 1
63 29 85.4245681763 1
63 29 85.4915847778 1
63 29 85.4973831177 1
63 29 85.6221694946 1
63 29 85.6529693604 1
63 29 85.658416748 1
63 29 85.6601028442 1
63 29 85.772064209 1
63 29 85.7812271118 1
63 29 85.7977905273 1
63 29 85.8516464233 1
63 29 85.8571395874 1
63 29 85.8623428345 1
63 29 85.8809127808 1
63 29 85.8964691162 1
63 29 85.9264602661 1
63 29 85.9728088379 1
63 29 85.9852371216 1
63 29 86.0915374756 1
63 29 86.1329345703 1
63 29 86.13331604 1
63 29 86.1798095703 1
63 29 86.1824798584 1
63 29 86.1837387085 1
63 29 86.2201461792 1
63 29 86.2606964111 1
63 29 86.2873840332 1
63 29 86.3051223755 1
63 29 86.3191223145 1
63 29 86.3503189087 1
63 29 86.3527984619 1
63 29 86.3567810059 1
63 29 86.3572387695 1
63 29 86.4047088623 1
63 29 86.4154434204 1
63 29 86.4644165039 1
63 29 86.4994812012 1
63 29 86.5156478882 1
63 29 86.5492935181 1
63 29 86.5499343872 1
63 29 86.5587615967 1
63 29 86.5636062622 1
63 29 86.5821228027 1
63 29 86.5937271118 1
63 29 86.5955505371 1
63 29 86.6923904419 1
63 29 86.727104187 1
63 29 86.7294006348 1
63 29 86.7323532104 1
63 29 86.7476882935 1
63 29 86.819984436 1
63 29 86.8279876709 1
63 29 86.828666687 1
63 29 86.8299484253 1
63 29 86.8373718262 1
63 29 86.8519515991 1
63 29 86.8650283813 1
63 29 86.8997573853 1
63 29 87.0174713135 1
63 29 87.0222625732 1
63 29 87.0282440186 1
63 29 87.0294570923 1
63 29 87.0443191528 1
63 29 87.0711212158 1
63 29 87.0964202881 1
63 29 87.1148223877 1
63 29 87.1284561157 1
63 29 87.1469039917 1
63 29 87.194770813 1
63 29 87.1984176636 1
63 29 87.1996307373 1
63 29 87.2215118408 1
63 29 87.2686538696 1
63 29 87.2820587158 1
63 29 87.2942276001 1
63 29 87.2981643677 1
63 29 87.34034729 1
63 29 87.3464126587 1
63 29 87.3590621948 1
63 29 87.3698883057 1
63 29 87.3702163696 1
63 29 87.3923339844 1
63 29 87.4131469727 1
63 29 87.4344329834 1
63 29 87.4542922974 1
63 29 87.4651947021 1
63 29 87.4738464355 1
63 29 87.4753341675 1
63 29 87.5099334717 1
63 29 87.5615158081 1
63 29 87.5758666992 1
63 29 87.6005783081 1
63 29 87.6045913696 1
63 29 87.6287918091 1
63 29 87.6304321289 1
63 29 87.6555252075 1
63 29 87.6647720337 1
63 29 87.6673812866 1
63 29 87.6820297241 1
63 29 87.6821517944 1
63 29 87.685546875 1
63 29 87.6878585815 1
63 29 87.6965560913 1
63 29 87.7094955444 1
63 29 87.7113418579 1
63 29 87.7237472534 1
63 29 87.7247467041 1
63 29 87.7296981812 1
63 29 87.753616333 1
63 29 87.7674026489 1
63 29 87.7676239014 1
63 29 87.8617935181 1
63 29 87.8630981445 1
63 29 87.8787536621 1
63 29 87.8990249634 1
63 29 87.9261322021 1
63 29 87.9380187988 1
63 29 88.0796051025 1
63 29 88.0825195312 1
63 29 88.0950317383 1
63 29 88.1123504639 1
63 29 88.1245346069 1
63 29 88.1537780762 1
63 29 88.1629180908 1
63 29 88.1790237427 1
63 29 88.1857376099 1
63 29 88.2141647339 1
63 29 88.2173690796 1
63 29 88.2174682617 1
63 29 88.2341003418 1
63 29 88.2492523193 1
63 29 88.2873840332 1
63 29 88.2911758423 1
63 29 88.3028717041 1
63 29 88.324508667 1
63 29 88.3477630615 1
63 29 88.3522338867 1
63 29 88.3702392578 1
63 29 88.4069900513 1
63 29 88.418548584 1
63 29 88.424156189 1
63 29 88.4365310669 1
63 29 88.4428863525 1
63 29 88.4659042358 1
63 29 88.4939346313 1
63 29 88.5043640137 1
63 29 88.5067367554 1
63 29 88.5167160034 1
63 29 88.5303878784 1
63 29 88.5341873169 1
63 29 88.5352325439 1
63 29 88.5412750244 1
63 29 88.5539245605 1
63 29 88.560798645 1
63 29 88.5609359741 1
63 29 88.5748825073 1
63 29 88.6063690186 1
63 29 88.6204071045 1
63 29 88.6306762695 1
63 29 88.6629257202 1
63 29 88.6829071045 1
63 29 88.7075805664 1
63 29 88.7099456787 1
63 29 88.7226486206 1
63 29 88.7324447632 1
63 29 88.7622680664 1
63 29 88.769859314 1
63 29 88.7795181274 1
63 29 88.7966918945 1
63 29 88.8433914185 1
63 29 88.8555984497 1
63 29 88.8875656128 1
63 29 88.9042816162 1
63 29 88.9112167358 1
63 29 88.9238586426 1
63 29 88.965385437 1
63 29 88.9852600098 1
63 29 89.0113830566 1
63 29 89.0231170654 1
63 29 89.0420913696 1
63 29 89.0437316895 1
63 29 89.091796875 1
63 29 89.0951919556 1
63 29 89.0966262817 1
63 29 89.126953125 1
63 29 89.1300048828 1
63 29 89.130645752 1
63 29 89.1388168335 1
63 29 89.1956176758 1
63 29 89.2024459839 1
63 29 89.2030715942 1
63 29 89.2217102051 1
63 29 89.2218780518 1
63 29 89.2316818237 1
63 29 89.2676696777 1
63 29 89.2731246948 1
63 29 89.291519165 1
63 29 89.3071975708 1
63 29 89.3385238647 1
63 29 89.3450317383 1
63 29 89.3763122559 1
63 29 89.3812026978 1
63 29 89.3815155029 1
63 29 89.3906478882 1
63 29 89.3944702148 1
63 29 89.4471359253 1
63 29 89.4591751099 1
63 29 89.4627380371 1
63 29 89.48072052 1
63 29 89.4887008667 1
63 29 89.5255737305 1
63 29 89.5405197144 1
63 29 89.5463104248 1
63 29 89.5516052246 1
63 29 89.5638809204 1
63 29 89.6071090698 1
63 29 89.6147460938 1
63 29 89.6221466064 1
63 29 89.6419754028 1
63 29 89.6436157227 1
63 29 89.6680755615 1
63 29 89.6715698242 1
63 29 89.6759262085 1
63 29 89.7007217407 1
63 29 89.7308959961 1
63 29 89.7367172241 1
63 29 89.7421340942 1
63 29 89.7471237183 1
63 29 89.7492675781 1
63 29 89.7554473877 1
63 29 89.7763519287 1
63 29 89.8172073364 1
63 29 89.8538665771 1
63 29 89.8825073242 1
63 29 89.8927230835 1
63 29 89.9028396606 1
63 29 89.9591674805 1
63 29 89.9595336914 1
63 29 89.9640579224 1
63 29 89.9801025391 1
63 29 89.9906616211 1
63 29 90.004119873 1
63 29 90.0068664551 1
63 29 90.0086135864 1
63 29 90.0272521973 1
63 29 90.0360870361 1
63 29 90.0464172363 1
63 29 90.04712677 1
63 29 90.0515823364 1
63 29 90.0746917725 1
63 29 90.1405029297 1
63 29 90.1422271729 1
63 29 90.1698989868 1
63 29 90.1826705933 1
63 29 90.1866836548 1
63 29 90.1887359619 1
63 29 90.1965560913 1
63 29 90.2195739746 1
63 29 90.2365722656 1
63 29 90.2433242798 1
63 29 90.2772445679 1
63 29 90.282699585 1
63 29 90.3106231689 1
63 29 90.3383712769 1
63 29 90.3396224976 1
63 29 90.3479156494 1
63 29 90.3550643921 1
63 29 90.3562164307 1
63 29 90.3798065186 1
63 29 90.3922348022 1
63 29 90.3979110718 1
63 29 90.446434021 1
63 29 90.4739761353 1
63 29 90.514289856 1
63 29 90.5257568359 1
63 29 90.5295181274 1
63 29 90.5400009155 1
63 29 90.5403213501 1
63 29 90.5425109863 1
63 29 90.554397583 1
63 29 90.5662231445 1
63 29 90.5710754395 1
63 29 90.5903244019 1
63 29 90.591758728 1
63 29 90.6157302856 1
63 29 90.619430542 1
63 29 90.6796112061 1
63 29 90.6825714111 1
63 29 90.6878509521 1
63 29 90.6989974976 1
63 29 90.7017593384 1
63 29 90.7081832886 1
63 29 90.7148742676 1
63 29 90.7356262207 1
63 29 90.7406539917 1
63 29 90.7819671631 1
63 29 90.7872772217 1
63 29 90.7932434082 1
63 29 90.7967758179 1
63 29 90.8098602295 1
63 29 90.8113708496 1
63 29 90.8151321411 1
63 29 90.8199310303 1
63 29 90.8511734009 1
63 29 90.8578186035 1
63 29 90.8675689697 1
63 29 90.8807830811 1
63 29 90.9096679688 1
63 29 90.915397644 1
63 29 90.9703826904 1
63 29 90.9803771973 1
63 29 90.9867019653 1
63 29 91.0172042847 1
63 29 91.0220489502 1
63 29 91.0353317261 1
63 29 91.039855957 1
63 29 91.0455932617 1
63 29 91.049331665 1
63 29 91.0913162231 1
63 29 91.1169052124 1
63 29 91.132598877 1
63 29 91.1478424072 1
63 29 91.1570968628 1
63 29 91.1648788452 1
63 29 91.2084197998 1
63 29 91.2129058838 1
63 29 91.2207565308 1
63 29 91.2332229614 1
63 29 91.2415924072 1
63 29 91.2425460815 1
63 29 91.2501983643 1
63 29 91.2762985229 1
63 29 91.3168182373 1
63 29 91.318939209 1
63 29 91.3195114136 1
63 29 91.3205337524 1
63 29 91.3226318359 1
63 29 91.3375854492 1
63 29 91.3451538086 1
63 29 91.3491134644 1
63 29 91.3610687256 1
63 29 91.362701416 1
63 29 91.4331588745 1
63 29 91.4337005615 1
63 29 91.4557189941 1
63 29 91.4848022461 1
63 29 91.5068283081 1
63 29 91.5311279297 1
63 29 91.5325622559 1
63 29 91.5477218628 1
63 29 91.5518035889 1
63 29 91.5694961548 1
63 29 91.5750808716 1
63 29 91.5787353516 1
63 29 91.5846405029 1
63 29 91.616104126 1
63 29 91.6218032837 1
63 29 91.624168396 1
63 29 91.6699829102 1
63 29 91.6744384766 1
63 29 91.7110900879 1
63 29 91.7153701782 1
63 29 91.7360534668 1
63 29 91.7669372559 1
63 29 91.8014831543 1
63 29 91.8212127686 1
63 29 91.8704452515 1
63 29 91.8709411621 1
63 29 91.8859634399 1
63 29 91.8936233521 1
63 29 91.8940505981 1
63 29 91.9002838135 1
63 29 91.9035415649 1
63 29 91.9317321777 1
63 29 91.9370803833 1
63 29 91.9476089478 1
63 29 92.0105438232 1
63 29 92.0316238403 1
63 29 92.0427017212 1
63 29 92.0568466187 1
63 29 92.0609664917 1
63 29 92.0816574097 1
63 29 92.0859985352 1
63 29 92.0877761841 1
63 29 92.0960006714 1
63 29 92.1056671143 1
63 29 92.1057662964 1
63 29 92.1165390015 1
63 29 92.1354293823 1
63 29 92.1631851196 1
63 29 92.1666412354 1
63 29 92.1672897339 1
63 29 92.1830749512 1
63 29 92.1876907349 1
63 29 92.2470932007 1
63 29 92.2604370117 1
63 29 92.2768630981 1
63 29 92.3168258667 1
63 29 92.3325119019 1
63 29 92.3404159546 1
63 29 92.3646316528 1
63 29 92.3871688843 1
63 29 92.3958587646 1
63 29 92.4092483521 1
63 29 92.4170837402 1
63 29 92.4307250977 1
63 29 92.4390792847 1
63 29 92.4756164551 1
63 29 92.4783401489 1
63 29 92.4875869751 1
63 29 92.5031661987 1
63 29 92.5035552979 1
63 29 92.5054321289 1
63 29 92.5072937012 1
63 29 92.5101928711 1
63 29 92.5347442627 1
63 29 92.5364761353 1
63 29 92.57787323 1
63 29 92.5853652954 1
63 29 92.5867156982 1
63 29 92.5959701538 1
63 29 92.5961608887 1
63 29 92.5969696045 1
63 29 92.60987854 1
63 29 92.6113967896 1
63 29 92.6134414673 1
63 29 92.6297073364 1
63 29 92.6843719482 1
63 29 92.7207336426 1
63 29 92.732383728 1
63 29 92.7345428467 1
63 29 92.7356109619 1
63 29 92.758972168 1
63 29 92.7915496826 1
63 29 92.7976913452 1
63 29 92.8403091431 1
63 29 92.8558654785 1
63 29 92.8598098755 1
63 29 92.8633575439 1
63 29 92.8725280762 1
63 29 92.8759078979 1
63 29 92.8759994507 1
63 29 92.8879394531 1
63 29 92.9007415771 1
63 29 92.9060745239 1
63 29 92.9274673462 1
63 29 92.9806976318 1
63 29 92.997833252 1
63 29 92.9982147217 1
63 29 92.9987945557 1
63 29 93.0248413086 1
63 29 93.0312271118 1
63 29 93.0336914062 1
63 29 93.0411300659 1
63 29 93.0586547852 1
63 29 93.0604629517 1
63 29 93.0649871826 1
63 29 93.0662841797 1
63 29 93.0728530884 1
63 29 93.0746994019 1
63 29 93.0864105225 1
63 29 93.112701416 1
63 29 93.1219711304 1
63 29 93.1244735718 1
63 29 93.1455154419 1
63 29 93.1493453979 1
63 29 93.1647872925 1
63 29 93.2060852051 1
63 29 93.2206192017 1
63 29 93.2457885742 1
63 29 93.2459716797 1
63 29 93.2796096802 1
63 29 93.283164978 1
63 29 93.2881774902 1
63 29 93.2966461182 1
63 29 93.2977828979 1
63 29 93.2982177734 1
63 29 93.3291091919 1
63 29 93.3373413086 1
63 29 93.3687744141 1
63 29 93.3708267212 1
63 29 93.3710632324 1
63 29 93.3759307861 1
63 29 93.3770980835 1
63 29 93.3802337646 1
63 29 93.3860244751 1
63 29 93.4072952271 1
63 29 93.4306640625 1
63 29 93.4519958496 1
63 29 93.4754867554 1
63 29 93.4948501587 1
63 29 93.5263061523 1
63 29 93.5275726318 1
63 29 93.5292358398 1
63 29 93.532875061 1
63 29 93.5471725464 1
63 29 93.5472412109 1
63 29 93.5542068481 1
63 29 93.5805053711 1
63 29 93.5817642212 1
63 29 93.596496582 1
63 29 93.6002731323 1
63 29 93.6114959717 1
63 29 93.6122131348 1
63 29 93.6431274414 1
63 29 93.6576461792 1
63 29 93.6646194458 1
63 29 93.6734848022 1
63 29 93.7288970947 1
63 29 93.7411193848 1
63 29 93.7741775513 1
63 29 93.7797851562 1
63 29 93.7984466553 1
63 29 93.7995223999 1
63 29 93.8294143677 1
63 29 93.8642883301 1
63 29 93.8732223511 1
63 29 93.8800735474 1
63 29 93.8873825073 1
63 29 93.8879776001 1
63 29 93.9225387573 1
63 29 93.9229736328 1
63 29 93.9294128418 1
63 29 93.9554672241 1
63 29 93.9563369751 1
63 29 93.9608688354 1
63 29 93.9618759155 1
63 29 93.9655838013 1
63 29 93.968711853 1
63 29 93.9878234863 1
63 29 93.998008728 1
63 29 94.0039978027 1
63 29 94.0426177979 1
63 29 94.046585083 1
63 29 94.0578689575 1
63 29 94.0664215088 1
63 29 94.1042404175 1
63 29 94.1435241699 1
63 29 94.1439971924 1
63 29 94.1553344727 1
63 29 94.1581726074 1
63 29 94.1589660645 1
63 29 94.1998291016 1
63 29 94.2328567505 1
63 29 94.2870788574 1
63 29 94.2875213623 1
63 29 94.2898178101 1
63 29 94.3052062988 1
63 29 94.3189849854 1
63 29 94.3388061523 1
63 29 94.3391418457 1
63 29 94.3393630981 1
63 29 94.3469772339 1
63 29 94.3481292725 1
63 29 94.3493423462 1
63 29 94.3572692871 1
63 29 94.3589401245 1
63 29 94.3698272705 1
63 29 94.3881225586 1
63 29 94.3950805664 1
63 29 94.3960723877 1
63 29 94.4155044556 1
63 29 94.4238128662 1
63 29 94.433807373 1
63 29 94.4442214966 1
63 29 94.4566192627 1
63 29 94.4617614746 1
63 29 94.4804077148 1
63 29 94.4878082275 1
63 29 94.4912185669 1
63 29 94.4965438843 1
63 29 94.5001144409 1
63 29 94.506729126 1
63 29 94.5078735352 1
63 29 94.5266342163 1
63 29 94.531791687 1
63 29 94.5340881348 1
63 29 94.5398864746 1
63 29 94.5469207764 1
63 29 94.5864639282 1
63 29 94.5909042358 1
63 29 94.6038513184 1
63 29 94.6063079834 1
63 29 94.624382019 1
63 29 94.6476593018 1
63 29 94.6744995117 1
63 29 94.702796936 1
63 29 94.7043991089 1
63 29 94.7139053345 1
63 29 94.714263916 1
63 29 94.7340393066 1
63 29 94.7488327026 1
63 29 94.7684783936 1
63 29 94.776222229 1
63 29 94.7804412842 1
63 29 94.7931900024 1
63 29 94.79322052 1
63 29 94.7981872559 1
63 29 94.8142089844 1
63 29 94.8147354126 1
63 29 94.8225479126 1
63 29 94.8312149048 1
63 29 94.8342666626 1
63 29 94.8828887939 1
63 29 94.9016113281 1
63 29 94.9155960083 1
63 29 94.9286117554 1
63 29 94.9345092773 1
63 29 94.9374465942 1
63 29 94.9498443604 1
63 29 94.9724273682 1
63 29 94.9762115479 1
63 29 94.9838638306 1
63 29 95.016242981 1
63 29 95.0188217163 1
63 29 95.0516281128 1
63 29 95.0535736084 1
63 29 95.0636749268 1
63 29 95.0717315674 1
63 29 95.0866012573 1
63 29 95.1115493774 1
63 29 95.1380844116 1
63 29 95.1444854736 1
63 29 95.1516036987 1
63 29 95.1517181396 1
63 29 95.1871795654 1
63 29 95.1887588501 1
63 29 95.2034683228 1
63 29 95.2047576904 1
63 29 95.2615890503 1
63 29 95.2883834839 1
63 29 95.2911987305 1
63 29 95.3299713135 1
63 29 95.3417739868 1
63 29 95.3624801636 1
63 29 95.3727722168 1
63 29 95.4050292969 1
63 29 95.4072647095 1
63 29 95.4180603027 1
63 29 95.422668457 1
63 29 95.4341278076 1
63 29 95.4344482422 1
63 29 95.4421157837 1
63 29 95.463104248 1
63 29 95.4816131592 1
63 29 95.5036697388 1
63 29 95.5119171143 1
63 29 95.5199966431 1
63 29 95.5302047729 1
63 29 95.5473556519 1
63 29 95.5679855347 1
63 29 95.5760269165 1
63 29 95.5979614258 1
63 29 95.6065216064 1
63 29 95.6093826294 1
63 29 95.6268692017 1
63 29 95.6275405884 1
63 29 95.631477356 1
63 29 95.6383743286 1
63 29 95.649520874 1
63 29 95.6517333984 1
63 29 95.6735992432 1
63 29 95.7028045654 1
63 29 95.7064208984 1
63 29 95.7128219604 1
63 29 95.7234268188 1
63 29 95.7291564941 1
63 29 95.7384262085 1
63 29 95.7412719727 1
63 29 95.7521286011 1
63 29 95.7686843872 1
63 29 95.7847061157 1
63 29 95.7954940796 1
63 29 95.8083343506 1
63 29 95.8116607666 1
63 29 95.816696167 1
63 29 95.8238677979 1
63 29 95.8255386353 1
63 29 95.8740692139 1
63 29 95.9589996338 1
63 29 95.9601287842 1
63 29 95.9617767334 1
63 29 95.9840316772 1
63 29 95.9897689819 1
63 29 96.0190582275 1
63 29 96.0410461426 1
63 29 96.0456085205 1
63 29 96.0506439209 1
63 29 96.0568008423 1
63 29 96.0634231567 1
63 29 96.0863876343 1
63 29 96.1053009033 1
63 29 96.1058502197 1
63 29 96.1122589111 1
63 29 96.1306838989 1
63 29 96.1405410767 1
63 29 96.1476669312 1
63 29 96.1492614746 1
63 29 96.1655197144 1
63 29 96.1700286865 1
63 29 96.1709060669 1
63 29 96.1775588989 1
63 29 96.1834106445 1
63 29 96.190826416 1
63 29 96.1933822632 1
63 29 96.2056045532 1
63 29 96.2221603394 1
63 29 96.2328033447 1
63 29 96.248550415 1
63 29 96.2616653442 1
63 29 96.2701644897 1
63 29 96.276184082 1
63 29 96.3062210083 1
63 29 96.308265686 1
63 29 96.3182525635 1
63 29 96.332611084 1
63 29 96.359085083 1
63 29 96.4021377563 1
63 29 96.4147033691 1
63 29 96.4150314331 1
63 29 96.4160690308 1
63 29 96.4814147949 1
63 29 96.5108184814 1
63 29 96.5391235352 1
63 29 96.5631103516 1
63 29 96.5645751953 1
63 29 96.5692214966 1
63 29 96.5767745972 1
63 29 96.5785598755 1
63 29 96.5845489502 1
63 29 96.5922851562 1
63 29 96.6248931885 1
63 29 96.6327514648 1
63 29 96.6376266479 1
63 29 96.6532440186 1
63 29 96.6536865234 1
63 29 96.6720046997 1
63 29 96.6904296875 1
63 29 96.6962509155 1
63 29 96.6966705322 1
63 29 96.7389068604 1
63 29 96.7591705322 1
63 29 96.7788391113 1
63 29 96.7828903198 1
63 29 96.7910385132 1
63 29 96.8129119873 1
63 29 96.8157958984 1
63 29 96.8313217163 1
63 29 96.8562469482 1
63 29 96.8724212646 1
63 29 96.8906097412 1
63 29 96.9072189331 1
63 29 96.9152908325 1
63 29 96.9202041626 1
63 29 96.9207305908 1
63 29 96.9386749268 1
63 29 96.9487304688 1
63 29 96.9627914429 1
63 29 96.9647293091 1
63 29 97.0509872437 1
63 29 97.074836731 1
63 29 97.0920715332 1
63 29 97.1087341309 1
63 29 97.1104202271 1
63 29 97.1161727905 1
63 29 97.1339111328 1
63 29 97.1558990479 1
63 29 97.1573638916 1
63 29 97.1679840088 1
63 29 97.1841201782 1
63 29 97.1954498291 1
63 29 97.2059631348 1
63 29 97.2214889526 1
63 29 97.2231826782 1
63 29 97.2292175293 1
63 29 97.2317810059 1
63 29 97.234046936 1
63 29 97.2404251099 1
63 29 97.2421417236 1
63 29 97.2724227905 1
63 29 97.2963027954 1
63 29 97.3061447144 1
63 29 97.3176040649 1
63 29 97.3261108398 1
63 29 97.3373565674 1
63 29 97.3479232788 1
63 29 97.3548965454 1
63 29 97.3710098267 1
63 29 97.3765792847 1
63 29 97.3809585571 1
63 29 97.3890457153 1
63 29 97.3923950195 1
63 29 97.3995819092 1
63 29 97.4007263184 1
63 29 97.4055328369 1
63 29 97.4113464355 1
63 29 97.4236907959 1
63 29 97.4566345215 1
63 29 97.4717407227 1
63 29 97.4771270752 1
63 29 97.5070037842 1
63 29 97.5089797974 1
63 29 97.5229644775 1
63 29 97.5289382935 1
63 29 97.5530929565 1
63 29 97.5540313721 1
63 29 97.5578689575 1
63 29 97.5918807983 1
63 29 97.6024169922 1
63 29 97.6149291992 1
63 29 97.6332550049 1
63 29 97.6694564819 1
63 29 97.6785202026 1
63 29 97.6887817383 1
63 29 97.6956253052 1
63 29 97.7023239136 1
63 29 97.7080841064 1
63 29 97.7260971069 1
63 29 97.7308731079 1
63 29 97.7381439209 1
63 29 97.7433776855 1
63 29 97.7761611938 1
63 29 97.7811965942 1
63 29 97.7813491821 1
63 29 97.7913665771 1
63 29 97.81224823 1
63 29 97.8287124634 1
63 29 97.8487243652 1
63 29 97.8744812012 1
63 29 97.8992538452 1
63 29 97.9015731812 1
63 29 97.9045028687 1
63 29 97.9190826416 1
63 29 97.9361572266 1
63 29 97.936416626 1
63 29 97.9448318481 1
63 29 97.946762085 1
63 29 97.9531555176 1
63 29 97.9541397095 1
63 29 97.9565353394 1
63 29 97.9613571167 1
63 29 97.9672698975 1
63 29 97.9837722778 1
63 29 97.9927444458 1
63 29 98.0178070068 1
63 29 98.0366821289 1
63 29 98.0425567627 1
63 29 98.047744751 1
63 29 98.073928833 1
63 29 98.0839385986 1
63 29 98.0974349976 1
63 29 98.0981445312 1
63 29 98.1115722656 1
63 29 98.1137084961 1
63 29 98.1210861206 1
63 29 98.1330718994 1
63 29 98.1669464111 1
63 29 98.179473877 1
63 29 98.1980209351 1
63 29 98.2102508545 1
63 29 98.2121505737 1
63 29 98.2124862671 1
63 29 98.2167892456 1
63 29 98.2188873291 1
63 29 98.2450027466 1
63 29 98.2495346069 1
63 29 98.2848510742 1
63 29 98.2978515625 1
63 29 98.3049240112 1
63 29 98.3098526001 1
63 29 98.31665802 1
63 29 98.3582839966 1
63 29 98.3725128174 1
63 29 98.3778915405 1
63 29 98.3921203613 1
63 29 98.4056015015 1
63 29 98.4191741943 1
63 29 98.4285812378 1
63 29 98.4305419922 1
63 29 98.440612793 1
63 29 98.4410095215 1
63 29 98.4485931396 1
63 29 98.4873504639 1
63 29 98.4998855591 1
63 29 98.5014648438 1
63 29 98.5026092529 1
63 29 98.5275497437 1
63 29 98.5358886719 1
63 29 98.5542221069 1
63 29 98.5662231445 1
63 29 98.5774917603 1
63 29 98.5812683105 1
63 29 98.598991394 1
63 29 98.6051559448 1
63 29 98.6108169556 1
63 29 98.6125259399 1
63 29 98.624130249 1
63 29 98.632850647 1
63 29 98.6700592041 1
63 29 98.6743164062 1
63 29 98.6809997559 1
63 29 98.6932220459 1
63 29 98.7098617554 1
63 29 98.7339935303 1
63 29 98.7343673706 1
63 29 98.7446212769 1
63 29 98.7540817261 1
63 29 98.7631454468 1
63 29 98.7791900635 1
63 29 98.8065109253 1
63 29 98.8154754639 1
63 29 98.818611145 1
63 29 98.8225479126 1
63 29 98.8295669556 1
63 29 98.8428573608 1
63 29 98.8569717407 1
63 29 98.8738861084 1
63 29 98.8781433105 1
63 29 98.8885116577 1
63 29 98.895866394 1
63 29 98.9097366333 1
63 29 98.9119491577 1
63 29 98.9146499634 1
63 29 98.9365081787 1
63 29 98.9367141724 1
63 29 98.9519729614 1
63 29 98.9608230591 1
63 29 98.9759902954 1
63 29 98.9919586182 1
63 29 98.9987564087 1
63 29 99.0424728394 1
63 29 99.0965499878 1
63 29 99.1054077148 1
63 29 99.1091537476 1
63 29 99.1128921509 1
63 29 99.1234588623 1
63 29 99.1307296753 1
63 29 99.1827392578 1
63 29 99.1996459961 1
63 29 99.219291687 1
63 29 99.2575912476 1
63 29 99.2835159302 1
63 29 99.2847900391 1
63 29 99.2909698486 1
63 29 99.3305435181 1
63 29 99.3396377563 1
63 29 99.3500518799 1
63 29 99.36378479 1
63 29 99.4231033325 1
63 29 99.4314880371 1
63 29 99.501625061 1
63 29 99.5188903809 1
63 29 99.5545196533 1
63 29 99.5746841431 1
63 29 99.5902709961 1
63 29 99.6060943604 1
63 29 99.6209716797 1
63 29 99.6483306885 1
63 29 99.6883544922 1
63 29 99.7050170898 1
63 29 99.7154846191 1
63 29 99.7331542969 1
63 29 99.7335662842 1
63 29 99.7707748413 1
63 29 99.7860488892 1
63 29 99.7936782837 1
63 29 99.7999191284 1
63 29 99.8017730713 1
63 29 99.8188476562 1
63 29 99.827331543 1
63 29 99.8404541016 1
63 29 99.8618164062 1
63 29 99.8927307129 1
63 29 99.9156341553 1
63 29 99.9449768066 1
63 29 99.9797134399 1
63 29 100.007888794 1
63 29 100.030509949 1
63 29 100.042419434 1
63 29 100.044372559 1
63 29 100.049331665 1
63 29 100.066001892 1
63 29 100.08467865 1
63 29 100.094169617 1
63 29 100.140693665 1
63 29 100.149780273 1
63 29 100.154159546 1
63 29 100.164703369 1
63 29 100.21182251 1
63 29 100.225204468 1
63 29 100.236114502 1
63 29 100.249794006 1
63 29 100.255462646 1
63 29 100.315887451 1
63 29 100.332244873 1
63 29 100.352371216 1
63 29 100.372573853 1
63 29 100.41217041 1
63 29 100.417068481 1
63 29 100.459945679 1
63 29 100.494682312 1
63 29 100.543937683 1
63 29 100.544776917 1
63 29 100.566169739 1
63 29 100.590446472 1
63 29 100.63028717 1
63 29 100.644966125 1
63 29 100.668502808 1
63 29 100.718521118 1
63 29 100.731956482 1
63 29 100.745666504 1
63 29 100.750862122 1
63 29 100.765983582 1
63 29 100.775939941 1
63 29 100.79473114 1
63 29 100.804649353 1
63 29 100.845832825 1
63 29 100.849998474 1
63 29 100.866493225 1
63 29 100.87323761 1
63 29 100.893333435 1
63 29 100.895141602 1
63 29 100.91065979 1
63 29 100.918617249 1
63 29 100.927619934 1
63 29 100.987945557 1
63 29 100.99079895 1
63 29 100.999130249 1
63 29 101.039085388 1
63 29 101.069274902 1
63 29 101.082725525 1
63 29 101.138549805 1
63 29 101.233863831 1
63 29 101.243499756 1
63 29 101.259162903 1
63 29 101.270103455 1
63 29 101.307121277 1
63 29 101.322273254 1
63 29 101.323173523 1
63 29 101.397499084 1
63 29 101.401893616 1
63 29 101.428901672 1
63 29 101.469261169 1
63 29 101.471450806 1
63 29 101.474632263 1
63 29 101.482589722 1
63 29 101.497924805 1
63 29 101.538574219 1
63 29 101.539733887 1
63 29 101.55027771 1
63 29 101.552482605 1
63 29 101.593299866 1
63 29 101.610229492 1
63 29 101.628807068 1
63 29 101.631210327 1
63 29 101.645378113 1
63 29 101.665313721 1
63 29 101.673469543 1
63 29 101.681236267 1
63 29 101.705986023 1
63 29 101.710960388 1
63 29 101.746650696 1
63 29 101.764503479 1
63 29 101.817741394 1
63 29 101.824401855 1
63 29 101.880599976 1
63 29 101.888389587 1
63 29 101.907516479 1
63 29 101.954315186 1
63 29 101.974235535 1
63 29 101.976837158 1
63 29 101.986152649 1
63 29 101.987579346 1
63 29 101.991333008 1
63 29 102.030830383 1
63 29 102.037025452 1
63 29 102.059799194 1
63 29 102.091125488 1
63 29 102.096961975 1
63 29 102.103889465 1
63 29 102.109092712 1
63 29 102.149620056 1
63 29 102.166007996 1
63 29 102.172363281 1
63 29 102.191055298 1
63 29 102.193969727 1
63 29 102.199134827 1
63 29 102.206352234 1
63 29 102.245834351 1
63 29 102.275909424 1
63 29 102.289894104 1
63 29 102.301322937 1
63 29 102.307243347 1
63 29 102.359512329 1
63 29 102.364295959 1
63 29 102.391563416 1
63 29 102.399551392 1
63 29 102.413375854 1
63 29 102.441688538 1
63 29 102.520462036 1
63 29 102.542076111 1
63 29 102.54914093 1
63 29 102.551193237 1
63 29 102.553123474 1
63 29 102.570213318 1
63 29 102.577583313 1
63 29 102.583053589 1
63 29 102.584518433 1
63 29 102.625282288 1
63 29 102.668426514 1
63 29 102.679046631 1
63 29 102.691490173 1
63 29 102.733146667 1
63 29 102.760398865 1
63 29 102.821525574 1
63 29 102.883476257 1
63 29 102.884521484 1
63 29 102.88469696 1
63 29 102.893211365 1
63 29 102.918907166 1
63 29 102.932853699 1
63 29 102.942527771 1
63 29 102.944213867 1
63 29 102.952377319 1
63 29 103.014572144 1
63 29 103.019088745 1
63 29 103.020126343 1
63 29 103.036109924 1
63 29 103.040992737 1
63 29 103.054016113 1
63 29 103.072387695 1
63 29 103.09601593 1
63 29 103.118400574 1
63 29 103.119880676 1
63 29 103.149757385 1
63 29 103.15209198 1
63 29 103.154052734 1
63 29 103.220962524 1
63 29 103.248672485 1
63 29 103.271881104 1
63 29 103.279121399 1
63 29 103.310722351 1
63 29 103.335273743 1
63 29 103.361618042 1
63 29 103.371185303 1
63 29 103.382736206 1
63 29 103.450782776 1
63 29 103.488899231 1
63 29 103.497016907 1
63 29 103.633781433 1
63 29 103.67805481 1
63 29 103.691215515 1
63 29 103.752929688 1
63 29 103.753936768 1
63 29 103.75554657 1
63 29 103.773078918 1
63 29 103.823371887 1
63 29 103.829925537 1
63 29 103.83732605 1
63 29 103.882759094 1
63 29 103.949485779 1
63 29 103.997055054 1
63 29 104.016220093 1
63 29 104.028343201 1
63 29 104.037239075 1
63 29 104.138343811 1
63 29 104.174629211 1
63 29 104.174949646 1
63 29 104.2186203 1
63 29 104.228897095 1
63 29 104.299240112 1
63 29 104.304275513 1
63 29 104.320533752 1
63 29 104.364845276 1
63 29 104.382255554 1
63 29 104.400886536 1
63 29 104.410995483 1
63 29 104.450195312 1
63 29 104.453567505 1
63 29 104.463142395 1
63 29 104.488037109 1
63 29 104.494117737 1
63 29 104.500534058 1
63 29 104.52179718 1
63 29 104.619438171 1
63 29 104.623893738 1
63 29 104.638206482 1
63 29 104.641464233 1
63 29 104.653686523 1
63 29 104.715782166 1
63 29 104.748405457 1
63 29 104.790275574 1
63 29 104.809234619 1
63 29 104.824745178 1
63 29 104.840614319 1
63 29 104.880729675 1
63 29 104.894508362 1
63 29 104.906982422 1
63 29 104.987327576 1
63 29 105.004867554 1
63 29 105.044876099 1
63 29 105.102226257 1
63 29 105.130737305 1
63 29 105.218643188 1
63 29 105.341033936 1
63 29 105.359573364 1
63 29 105.365661621 1
63 29 105.396003723 1
63 29 105.433326721 1
63 29 105.451095581 1
63 29 105.470741272 1
63 29 105.478088379 1
63 29 105.515312195 1
63 29 105.517601013 1
63 29 105.525787354 1
63 29 105.761138916 1
63 29 105.789627075 1
63 29 105.80921936 1
63 29 105.832511902 1
63 29 105.839744568 1
63 29 105.862258911 1
63 29 105.89490509 1
63 29 105.969032288 1
63 29 106.061927795 1
63 29 106.06262207 1
63 29 106.093093872 1
63 29 106.110748291 1
63 29 106.179534912 1
63 29 106.189674377 1
63 29 106.200157166 1
63 29 106.213859558 1
63 29 106.220481873 1
63 29 106.249649048 1
63 29 106.279594421 1
63 29 106.307006836 1
63 29 106.377334595 1
63 29 106.48374939 1
63 29 106.487251282 1
63 29 106.497924805 1
63 29 106.565818787 1
63 29 106.568710327 1
63 29 106.581619263 1
63 29 106.582740784 1
63 29 106.593223572 1
63 29 106.626831055 1
63 29 106.633804321 1
63 29 106.728591919 1
63 29 106.776954651 1
63 29 106.801513672 1
63 29 106.810661316 1
63 29 106.81476593 1
63 29 106.835777283 1
63 29 106.873634338 1
63 29 106.95929718 1
63 29 106.980880737 1
63 29 106.99671936 1
63 29 107.072067261 1
63 29 107.130760193 1
63 29 107.147468567 1
63 29 107.169006348 1
63 29 107.248512268 1
63 29 107.292541504 1
63 29 107.311683655 1
63 29 107.353721619 1
63 29 107.372756958 1
63 29 107.396224976 1
63 29 107.421470642 1
63 29 107.468193054 1
63 29 107.519233704 1
63 29 107.564842224 1
63 29 107.594093323 1
63 29 107.673782349 1
63 29 107.690406799 1
63 29 107.694625854 1
63 29 107.70173645 1
63 29 107.726631165 1
63 29 107.773368835 1
63 29 107.795135498 1
63 29 107.816474915 1
63 29 107.8620224 1
63 29 107.919967651 1
63 29 107.946868896 1
63 29 107.951446533 1
63 29 107.954025269 1
63 29 107.990447998 1
63 29 107.998962402 1
63 29 108.03187561 1
63 29 108.049324036 1
63 29 108.074943542 1
63 29 108.110527039 1
63 29 108.117713928 1
63 29 108.133583069 1
63 29 108.14478302 1
63 29 108.162689209 1
63 29 108.17477417 1
63 29 108.200508118 1
63 29 108.232368469 1
63 29 108.293899536 1
63 29 108.383468628 1
63 29 108.389259338 1
63 29 108.392990112 1
63 29 108.409683228 1
63 29 108.412788391 1
63 29 108.435394287 1
63 29 108.498001099 1
63 29 108.504776001 1
63 29 108.528030396 1
63 29 108.548683167 1
63 29 108.598648071 1
63 29 108.643989563 1
63 29 108.653999329 1
63 29 108.668403625 1
63 29 108.66986084 1
63 29 108.719673157 1
63 29 108.823478699 1
63 29 108.839927673 1
63 29 108.866584778 1
63 29 108.889228821 1
63 29 108.998382568 1
63 29 109.014396667 1
63 29 109.014915466 1
63 29 109.01512146 1
63 29 109.050666809 1
63 29 109.0703125 1
63 29 109.130554199 1
63 29 109.146087646 1
63 29 109.150665283 1
63 29 109.153007507 1
63 29 109.18598938 1
63 29 109.245811462 1
63 29 109.276145935 1
63 29 109.363395691 1
63 29 109.419456482 1
63 29 109.428710938 1
63 29 109.447036743 1
63 29 109.452064514 1
63 29 109.481971741 1
63 29 109.495330811 1
63 29 109.554924011 1
63 29 109.555587769 1
63 29 109.681091309 1
63 29 109.711601257 1
63 29 109.805961609 1
63 29 109.819984436 1
63 29 109.842391968 1
63 29 109.844085693 1
63 29 110.064369202 1
63 29 110.142837524 1
63 29 110.211837769 1
63 29 110.258621216 1
63 29 110.346138 1
63 29 110.414031982 1
63 29 110.493385315 1
63 29 110.548141479 1
63 29 110.658683777 1
63 29 110.661346436 1
63 29 110.674606323 1
63 29 110.761207581 1
63 29 110.846534729 1
63 29 110.867538452 1
63 29 110.899780273 1
63 29 110.957122803 1
63 29 110.960342407 1
63 29 111.133102417 1
63 29 111.174362183 1
63 29 111.181221008 1
63 29 111.185440063 1
63 29 111.209960938 1
63 29 111.235275269 1
63 29 111.243003845 1
63 29 111.31363678 1
63 29 111.327560425 1
63 29 111.353721619 1
63 29 111.39276123 1
63 29 111.404899597 1
63 29 111.411567688 1
63 29 111.419700623 1
63 29 111.422523499 1
63 29 111.500465393 1
63 29 111.50869751 1
63 29 111.610900879 1
63 29 111.615036011 1
63 29 111.626815796 1
63 29 111.651908875 1
63 29 111.697608948 1
63 29 111.73677063 1
63 29 111.877593994 1
63 29 111.895652771 1
63 29 111.984924316 1
63 29 111.995353699 1
63 29 112.170654297 1
63 29 112.238098145 1
63 29 112.247589111 1
63 29 112.28225708 1
63 29 112.300964355 1
63 29 112.434501648 1
63 29 112.435073853 1
63 29 112.455482483 1
63 29 112.483848572 1
63 29 112.537528992 1
63 29 112.574874878 1
63 29 112.575973511 1
63 29 112.634407043 1
63 29 112.670875549 1
63 29 112.684486389 1
63 29 112.698379517 1
63 29 112.757820129 1
63 29 112.773208618 1
63 29 112.800834656 1
63 29 112.899505615 1
63 29 112.926750183 1
63 29 112.959381104 1
63 29 112.972198486 1
63 29 112.989425659 1
63 29 113.012313843 1
63 29 113.050384521 1
63 29 113.259216309 1
63 29 113.395858765 1
63 29 113.436737061 1
63 29 113.458953857 1
63 29 113.47530365 1
63 29 113.476325989 1
63 29 113.550270081 1
63 29 113.552375793 1
63 29 113.661308289 1
63 29 113.681640625 1
63 29 113.758735657 1
63 29 113.760826111 1
63 29 113.900878906 1
63 29 113.911819458 1
63 29 113.917182922 1
63 29 113.920753479 1
63 29 113.930839539 1
63 29 114.022514343 1
63 29 114.17540741 1
63 29 114.181976318 1
63 29 114.194953918 1
63 29 114.24697876 1
63 29 114.285591125 1
63 29 114.351074219 1
63 29 114.482902527 1
63 29 114.504714966 1
63 29 114.512458801 1
63 29 114.520027161 1
63 29 114.529685974 1
63 29 114.556030273 1
63 29 114.731987 1
63 29 114.759857178 1
63 29 114.766868591 1
63 29 114.770828247 1
63 29 115.006446838 1
63 29 115.036361694 1
63 29 115.068733215 1
63 29 115.076446533 1
63 29 115.093643188 1
63 29 115.127998352 1
63 29 115.307540894 1
63 29 115.3254776 1
63 29 115.380645752 1
63 29 115.38633728 1
63 29 115.589241028 1
63 29 115.687019348 1
63 29 115.70615387 1
63 29 115.709487915 1
63 29 115.869316101 1
63 29 115.923461914 1
63 29 115.940368652 1
63 29 116.186042786 1
63 29 116.272605896 1
63 29 116.39440155 1
63 29 116.442123413 1
63 29 116.458900452 1
63 29 116.543365479 1
63 29 116.564559937 1
63 29 116.590164185 1
63 29 116.65599823 1
63 29 116.675598145 1
63 29 116.851737976 1
63 29 116.878005981 1
63 29 116.893104553 1
63 29 116.935112 1
63 29 116.995178223 1
63 29 117.015548706 1
63 29 117.044029236 1
63 29 117.077140808 1
63 29 117.127685547 1
63 29 117.16116333 1
63 29 117.264671326 1
63 29 117.267021179 1
63 29 117.330047607 1
63 29 117.441818237 1
63 29 117.469543457 1
63 29 117.47102356 1
63 29 117.544441223 1
63 29 117.577346802 1
63 29 117.63507843 1
63 29 117.637199402 1
63 29 117.67275238 1
63 29 117.674804688 1
63 29 117.747001648 1
63 29 117.756866455 1
63 29 117.780761719 1
63 29 117.914955139 1
63 29 118.151069641 1
63 29 118.218025208 1
63 29 118.219825745 1
63 29 118.222213745 1
63 29 118.225151062 1
63 29 118.310585022 1
63 29 118.319274902 1
63 29 118.341453552 1
63 29 118.419822693 1
63 29 118.42780304 1
63 29 118.442512512 1
63 29 118.52305603 1
63 29 118.554100037 1
63 29 118.571235657 1
63 29 118.621055603 1
63 29 118.644798279 1
63 29 118.723846436 1
63 29 118.738777161 1
63 29 118.748138428 1
63 29 118.760223389 1
63 29 118.866943359 1
63 29 118.982536316 1
63 29 118.99723053 1
63 29 119.059692383 1
63 29 119.143409729 1
63 29 119.257743835 1
63 29 119.453788757 1
63 29 119.495109558 1
63 29 119.512550354 1
63 29 119.577972412 1
63 29 119.596954346 1
63 29 119.641471863 1
63 29 119.76789093 1
63 29 119.785339355 1
63 29 120.023040771 1
63 29 120.167503357 1
63 29 120.46672821 1
63 29 120.75050354 1
63 29 120.813415527 1
63 29 121.104751587 1
63 29 121.119720459 1
63 29 121.219772339 1
63 29 121.257888794 1
63 29 121.286994934 1
63 29 121.547805786 1
63 29 121.559387207 1
63 29 121.560539246 1
63 29 121.72127533 1
63 29 121.767906189 1
63 29 121.803588867 1
63 29 121.84072876 1
63 29 121.849998474 1
63 29 121.853103638 1
63 29 121.963485718 1
63 29 121.988082886 1
63 29 122.026565552 1
63 29 122.220146179 1
63 29 122.324958801 1
63 29 122.423599243 1
63 29 122.715927124 1
63 29 122.728561401 1
63 29 122.762908936 1
63 29 122.854866028 1
63 29 123.094230652 1
63 29 123.325721741 1
63 29 123.335899353 1
63 29 123.579780579 1
63 29 123.664222717 1
63 29 123.782615662 1
63 29 123.80506897 1
63 29 123.862609863 1
63 29 123.890892029 1
63 29 123.899307251 1
63 29 123.938369751 1
63 29 124.006347656 1
63 29 124.022491455 1
63 29 124.068977356 1
63 29 124.24622345 1
63 29 124.456375122 1
63 29 124.643554688 1
63 29 124.733314514 1
63 29 124.880729675 1
63 29 125.086273193 1
63 29 125.145347595 1
63 29 125.164985657 1
63 29 125.292602539 1
63 29 125.477806091 1
63 29 125.690719604 1
63 29 125.741455078 1
63 29 125.861473083 1
63 29 125.872566223 1
63 29 126.080581665 1
63 29 126.161132812 1
63 29 126.264411926 1
63 29 126.32610321 1
63 29 126.393943787 1
63 29 126.729644775 1
63 29 127.029785156 1
63 29 127.044395447 1
63 29 127.130645752 1
63 29 127.146263123 1
63 29 127.16191864 1
63 29 127.411834717 1
63 29 127.46081543 1
63 29 127.596855164 1
63 29 127.598480225 1
63 29 127.61668396 1
63 29 127.630638123 1
63 29 127.729377747 1
63 29 127.965248108 1
63 29 128.015075684 1
63 29 128.07359314 1
63 29 128.08946228 1
63 29 128.100769043 1
63 29 128.120361328 1
63 29 128.121276855 1
63 29 128.189224243 1
63 29 128.207214355 1
63 29 128.352233887 1
63 29 128.545883179 1
63 29 128.612319946 1
63 29 128.865036011 1
63 29 128.991134644 1
63 29 129.011245728 1
63 29 129.720932007 1
63 29 129.744628906 1
63 29 129.936172485 1
63 29 130.101989746 1
63 29 130.110061646 1
63 29 130.268692017 1
63 29 130.372161865 1
63 29 130.406234741 1
63 29 130.507156372 1
63 29 130.606552124 1
63 29 131.047012329 1
63 29 131.333374023 1
63 29 131.351257324 1
63 29 131.631942749 1
63 29 131.844329834 1
63 29 132.08392334 1
63 29 132.263961792 1
63 29 132.387939453 1
63 29 132.411300659 1
63 29 132.692993164 1
63 29 132.941162109 1
63 29 133.197341919 1
63 29 133.545074463 1
63 29 133.588912964 1
63 29 133.708023071 1
63 29 133.778747559 1
63 29 133.920333862 1
63 29 134.073974609 1
63 29 134.079772949 1
63 29 134.170379639 1
63 29 134.361297607 1
63 29 134.406265259 1
63 29 134.71295166 1
63 29 134.81111145 1
63 29 134.976394653 1
63 29 135.188751221 1
63 29 135.33430481 1
63 29 135.470840454 1
63 29 136.233383179 1
63 29 136.270950317 1
63 29 136.463272095 1
63 29 137.062484741 1
63 29 137.095458984 1
63 29 137.513641357 1
63 29 137.666442871 1
63 29 137.686294556 1
63 29 138.115386963 1
63 29 138.180892944 1
63 29 138.208267212 1
63 29 138.4269104 1
63 29 138.74055481 1
63 29 138.769393921 1
63 29 139.368118286 1
63 29 139.476608276 1
63 29 139.826400757 1
63 29 140.351974487 1
63 29 140.590637207 1
63 29 140.974609375 1
63 29 141.189361572 1
63 29 141.432952881 1
63 29 141.74055481 1
63 29 141.861709595 1
63 29 141.89352417 1
63 29 141.911239624 1
63 29 141.935119629 1
63 29 142.154312134 1
63 29 142.347091675 1
63 29 142.56149292 1
63 29 142.75390625 1
63 29 143.396575928 1
63 29 143.428833008 1
63 29 143.790054321 1
63 29 143.979537964 1
63 29 144.679702759 1
63 29 144.94203186 1
63 29 145.003173828 1
63 29 145.034439087 1
63 29 145.401473999 1
63 29 145.514846802 1
63 29 145.569778442 1
63 29 146.035552979 1
63 29 146.162994385 1
63 29 146.217514038 1
63 29 146.593322754 1
63 29 146.698684692 1
63 29 146.964111328 1
63 29 147.022293091 1
63 29 147.039169312 1
63 29 147.553665161 1
63 29 148.006851196 1
63 29 148.958694458 1
63 29 148.980194092 1
63 29 149.193145752 1
63 29 149.832855225 1
63 29 149.847122192 1
63 29 150.149185181 1
63 29 150.181594849 1
63 29 150.205932617 1
63 29 150.229553223 1
63 29 151.170761108 1
63 29 151.248809814 1
63 29 151.36781311 1
63 29 151.678909302 1
63 29 151.873474121 1
63 29 152.64654541 1
63 29 152.841720581 1
63 29 153.078018188 1
63 29 153.233505249 1
63 29 153.449172974 1
63 29 153.494720459 1
63 29 153.676208496 1
63 29 154.389862061 1
63 29 154.766387939 1
63 29 155.269775391 1
63 29 155.2890625 1
63 29 155.332901001 1
63 29 155.514022827 1
63 29 155.688598633 1
63 29 156.023071289 1
63 29 157.482635498 1
63 29 157.690246582 1
63 29 157.707443237 1
63 29 157.98324585 1
63 29 158.805648804 1
63 29 158.931533813 1
63 29 159.726699829 1
63 29 160.245071411 1
63 29 160.26675415 1
63 29 160.525161743 1
63 29 161.295761108 1
63 29 161.316497803 1
63 29 161.39982605 1
63 29 162.044403076 1
63 29 163.696838379 1
63 29 163.842163086 1
63 29 165.016891479 1
63 29 166.81413269 1
63 29 167.389907837 1
63 29 167.993469238 1
63 29 169.300598145 1
63 29 170.42048645 1
63 29 170.622329712 1
63 29 171.07774353 1
63 29 171.171478271 1
63 29 171.51739502 1
63 29 172.479019165 1
63 29 173.820648193 1
63 29 173.966766357 1
63 29 174.684509277 1
63 29 174.911376953 1
63 29 174.923416138 1
63 29 175.15057373 1
63 29 175.722396851 1
63 29 175.728118896 1
63 29 175.938186646 1
63 29 178.833892822 1
63 29 178.973022461 1
63 29 181.447540283 1
63 29 181.477890015 1
63 29 182.799484253 1
63 29 182.95791626 1
63 29 182.974716187 1
63 29 183.798934937 1
63 29 184.799880981 1
63 29 185.541748047 1
63 29 186.704483032 1
63 29 187.887451172 1
63 29 191.948989868 1
63 29 192.675933838 1
63 29 193.909805298 1
63 29 195.194107056 1
63 29 195.758224487 1
63 29 195.843719482 1
63 29 196.444778442 1
63 29 197.023712158 1
63 29 197.107681274 1
63 29 197.537261963 1
63 29 197.81640625 1
63 29 197.895828247 1
63 29 198.602233887 1
63 29 200.445083618 1
63 29 201.450759888 1
63 29 203.69770813 1
63 29 204.773345947 1
63 29 205.3565979 1
63 29 205.964126587 1
63 29 206.560897827 1
63 29 206.571044922 1
63 29 209.391082764 1
63 29 209.766815186 1
63 29 210.838745117 1
63 29 211.425811768 1
63 29 212.855834961 1
63 29 213.251205444 1
63 29 213.408401489 1
63 29 214.796203613 1
63 29 215.100845337 1
63 29 215.4506073 1
63 29 216.326339722 1
63 29 218.439865112 1
63 29 219.420516968 1
63 29 219.980041504 1
63 29 221.702545166 1
63 29 226.437393188 1
63 29 227.376678467 1
63 29 227.614624023 1
63 29 229.888397217 1
63 29 229.99105835 1
63 29 230.205291748 1
63 29 232.055252075 1
63 29 235.054153442 1
63 29 235.202835083 1
63 29 236.507766724 1
63 29 239.882598877 1
63 29 241.826583862 1
63 29 242.132949829 1
63 29 243.217910767 1
63 29 244.786636353 1
63 29 249.365646362 1
63 29 253.435699463 1
63 29 253.650238037 1
63 29 253.908004761 1
63 29 256.154846191 1
63 29 260.270172119 1
63 29 260.719390869 1
63 29 262.089294434 1
63 29 262.587127686 1
63 29 262.649475098 1
63 29 264.448638916 1
63 29 265.238220215 1
63 29 267.866882324 1
63 29 269.736755371 1
63 29 280.505493164 1
63 29 284.267028809 1
63 29 287.135864258 1
63 29 289.410583496 1
63 29 290.45223999 1
63 29 291.566131592 1
63 29 293.266479492 1
63 29 294.358276367 1
63 29 306.918884277 1
63 29 307.055084229 1
63 29 312.519561768 1
63 29 313.477203369 1
63 29 317.090057373 1
63 29 317.413635254 1
63 29 320.44128418 1
63 29 322.259033203 1
63 29 322.412841797 1
63 29 326.619262695 1
63 29 328.014007568 1
63 29 328.423461914 1
63 29 341.944458008 1
63 29 345.301330566 1
63 29 347.719329834 1
63 29 350.505004883 1
63 29 351.53225708 1
63 29 356.979370117 1
63 29 357.156860352 1
63 29 362.318908691 1
63 29 364.136962891 1
63 29 364.801086426 1
63 29 367.930236816 1
63 29 372.464050293 1
63 29 375.714172363 1
63 29 383.125793457 1
63 29 383.877258301 1
63 29 385.876190186 1
63 29 387.361236572 1
63 29 388.392669678 1
63 29 394.622711182 1
63 29 408.681427002 1
63 29 412.353118896 1
63 29 415.85345459 1
63 29 424.360687256 1
63 29 427.724731445 1
63 29 428.285644531 1
63 29 431.382904053 1
63 29 433.33996582 1
63 29 438.933197021 1
63 29 447.132904053 1
63 29 451.332672119 1
63 29 455.558074951 1
63 29 460.673339844 1
63 29 461.381469727 1
63 29 472.067718506 1
63 29 480.41583252 1
63 29 481.239196777 1
63 29 490.83505249 1
63 29 500.403259277 1
63 29 500.596923828 1
63 29 503.852996826 1
63 29 505.982299805 1
63 29 506.056304932 1
63 29 506.704833984 1
63 29 512.378173828 1
63 29 531.124328613 1
63 29 532.862609863 1
63 29 537.488891602 1
63 29 538.132629395 1
63 29 547.206054688 1
63 29 557.726501465 1
63 29 560.161071777 1
63 29 570.183532715 1
63 29 592.205932617 1
63 29 606.310974121 1
63 29 619.226989746 1
63 29 636.401916504 1
63 29 642.819763184 1
63 29 676.865783691 1
63 29 727.059753418 1
63 29 727.665893555 1
63 29 728.112182617 1
63 29 749.463256836 1
63 29 814.580688477 1
63 29 866.91986084 1
63 29 874.954040527 1
63 29 876.315673828 1
63 29 903.183532715 1
63 29 909.031494141 1
63 29 914.141784668 1
63 29 977.361328125 1
63 29 1037.59472656 1
63 29 1073.25793457 1
63 29 1142.22851562 1
63 29 1228.60498047 1
63 29 1289.58752441 1
63 29 1518.36767578 1
63 29 1726.69042969 1
63 29 2549.48901367 1
63 31 90.9605941772 1
63 31 97.9529037476 1
63 31 97.9738922119 1
63 31 100.207122803 1
63 31 100.942329407 1
63 31 101.787574768 1
63 31 102.317932129 1
63 31 102.920783997 1
63 31 106.148521423 1
63 31 107.862083435 1
63 31 109.741210938 1
63 31 110.700202942 1
63 31 111.946083069 1
63 31 113.304656982 1
63 31 113.699356079 1
63 31 114.851005554 1
63 31 115.656646729 1
63 31 116.361129761 1
63 31 117.049873352 1
63 31 117.444023132 1
63 31 117.58846283 1
63 31 118.041473389 1
63 31 119.509300232 1
63 31 119.544006348 1
63 31 119.67817688 1
63 31 119.906173706 1
63 31 121.096878052 1
63 31 121.129074097 1
63 31 122.48903656 1
63 31 122.908706665 1
63 31 124.052734375 1
63 31 124.488182068 1
63 31 124.797889709 1
63 31 124.983299255 1
63 31 125.053077698 1
63 31 125.465774536 1
63 31 126.774795532 1
63 31 126.849891663 1
63 31 128.023376465 1
63 31 128.270965576 1
63 31 128.448791504 1
63 31 129.334442139 1
63 31 132.90713501 1
63 31 133.582168579 1
63 31 134.077545166 1
63 31 134.630325317 1
63 31 135.23916626 1
63 31 136.788223267 1
63 31 137.575164795 1
63 31 138.205993652 1
63 31 138.410339355 1
63 31 144.931732178 1
63 31 144.948730469 1
63 31 145.499816895 1
63 31 148.5756073 1
63 31 149.979400635 1
63 31 150.279067993 1
63 31 153.678329468 1
63 31 154.664550781 1
63 31 155.970855713 1
63 31 156.144897461 1
63 31 156.479522705 1
63 31 158.582626343 1
63 31 159.903259277 1
63 31 161.21673584 1
63 31 161.498092651 1
63 31 162.435241699 1
63 31 164.125839233 1
63 31 166.153961182 1
63 31 167.195800781 1
63 31 168.417053223 1
63 31 168.453216553 1
63 31 169.879440308 1
63 31 172.563598633 1
63 31 173.879592896 1
63 31 174.457504272 1
63 31 174.855026245 1
63 31 178.215530396 1
63 31 178.408920288 1
63 31 178.978713989 1
63 31 179.087661743 1
63 31 179.089935303 1
63 31 179.568099976 1
63 31 182.660110474 1
63 31 184.900634766 1
63 31 185.073104858 1
63 31 187.718399048 1
63 31 188.239700317 1
63 31 201.433334351 1
63 31 202.157424927 1
63 31 206.905441284 1
63 31 207.144897461 1
63 31 207.783630371 1
63 31 209.193725586 1
63 31 210.360122681 1
63 31 210.586105347 1
63 31 213.249511719 1
63 31 214.664749146 1
63 31 217.171508789 1
63 31 217.510452271 1
63 31 219.182678223 1
63 31 220.977096558 1
63 31 225.996826172 1
63 31 226.563400269 1
63 31 230.342224121 1
63 31 232.015304565 1
63 31 232.701553345 1
63 31 233.493484497 1
63 31 239.22718811 1
63 31 239.232543945 1
63 31 240.452087402 1
63 31 245.768356323 1
63 31 247.208114624 1
63 31 252.343383789 1
63 31 256.56149292 1
63 31 256.580566406 1
63 31 257.075134277 1
63 31 259.547332764 1
63 31 267.282226562 1
63 31 268.882415771 1
63 31 269.641326904 1
63 31 272.639862061 1
63 31 275.629272461 1
63 31 279.99621582 1
63 31 280.634765625 1
63 31 282.605804443 1
63 31 282.984130859 1
63 31 283.893280029 1
63 31 284.527893066 1
63 31 287.32220459 1
63 31 289.691467285 1
63 31 290.124633789 1
63 31 292.360076904 1
63 31 293.413848877 1
63 31 295.98449707 1
63 31 299.722442627 1
63 31 300.633636475 1
63 31 302.231781006 1
63 31 304.173522949 1
63 31 309.300079346 1
63 31 310.068054199 1
63 31 317.036407471 1
63 31 317.462585449 1
63 31 318.787231445 1
63 31 321.581268311 1
63 31 328.045227051 1
63 31 329.444274902 1
63 31 337.384643555 1
63 31 338.635681152 1
63 31 341.191650391 1
63 31 341.95916748 1
63 31 344.225799561 1
63 31 349.260650635 1
63 31 358.919372559 1
63 31 359.675109863 1
63 31 360.24899292 1
63 31 362.835510254 1
63 31 363.056365967 1
63 31 365.779876709 1
63 31 368.965545654 1
63 31 370.137634277 1
63 31 372.81036377 1
63 31 381.360321045 1
63 31 388.036010742 1
63 31 396.198730469 1
63 31 398.701019287 1
63 31 400.718139648 1
63 31 400.772613525 1
63 31 408.375823975 1
63 31 409.257110596 1
63 31 414.051513672 1
63 31 414.159759521 1
63 31 420.961578369 1
63 31 423.236602783 1
63 31 423.400268555 1
63 31 428.944335938 1
63 31 431.807403564 1
63 31 435.599914551 1
63 31 438.640228271 1
63 31 445.610076904 1
63 31 447.081420898 1
63 31 450.460205078 1
63 31 451.323944092 1
63 31 452.072235107 1
63 31 455.149291992 1
63 31 464.246429443 1
63 31 465.134063721 1
63 31 483.304840088 1
63 31 489.983764648 1
63 31 494.998657227 1
63 31 495.702362061 1
63 31 505.714874268 1
63 31 529.22857666 1
63 31 529.624145508 1
63 31 535.155090332 1
63 31 540.527099609 1
63 31 599.42364502 1
63 31 665.552185059 1
63 31 684.555664062 1
63 31 693.810424805 1
63 31 782.41229248 1
63 31 801.109558105 1
63 31 935.655517578 1
63 31 979.932556152 1
63 31 1008.33044434 1
63 32 213.450332642 1
63 32 233.41746521 1
63 32 234.769775391 1
63 32 254.970092773 1
63 32 255.187286377 1
63 32 261.667114258 1
63 32 269.668060303 1
63 32 276.305419922 1
63 32 282.835601807 1
63 32 285.420349121 1
63 32 290.3621521 1
63 32 295.7315979 1
63 32 295.798919678 1
63 32 297.7421875 1
63 32 299.931732178 1
63 32 309.055725098 1
63 32 309.804595947 1
63 32 310.937103271 1
63 32 320.724121094 1
63 32 320.896728516 1
63 32 324.307525635 1
63 32 324.806091309 1
63 32 331.918579102 1
63 32 337.878479004 1
63 32 338.400482178 1
63 32 340.718811035 1
63 32 371.610046387 1
63 32 372.703948975 1
63 32 382.841827393 1
63 32 386.212677002 1
63 32 386.970001221 1
63 32 387.023345947 1
63 32 399.444244385 1
63 32 401.520172119 1
63 32 401.800689697 1
63 32 407.61706543 1
63 32 408.353363037 1
63 32 412.771331787 1
63 32 414.425140381 1
63 32 420.666046143 1
63 32 431.526092529 1
63 32 437.156036377 1
63 32 452.877319336 1
63 32 472.031036377 1
63 32 474.7315979 1
63 32 505.753723145 1
63 32 514.278076172 1
63 32 551.320617676 1
63 32 629.508483887 1
63 32 654.81842041 1
63 32 678.496032715 1
63 32 747.436096191 1
63 32 815.949584961 1
63 32 845.106384277 1
63 32 964.055114746 1
63 32 965.184570312 1
63 32 987.097473145 1
63 32 1001.57147217 1
63 32 1211.76525879 1
63 33 378.102874756 1
63 33 416.502563477 1
63 33 470.20111084 1
63 33 493.530761719 1
63 33 530.050231934 1
63 33 822.724304199 1
63 33 895.059814453 1
63 33 1342.97998047 1
63 34 454.199157715 1
63 34 704.316101074 1
63 34 829.67010498 1
63 34 912.34375 1
64 21 2104.81469727 1
64 25 1501.97216797 1
64 26 845.267150879 1
64 26 1104.99389648 1
64 26 1238.81567383 1
64 27 950.944580078 1
64 27 1582.12841797 1
64 28 823.498168945 1
64 28 842.056884766 1
64 28 895.709655762 1
64 28 900.939941406 1
64 28 954.655273438 1
64 28 974.22442627 1
64 28 998.481079102 1
64 28 1188.00036621 1
64 29 760.146850586 1
64 29 909.036254883 1
64 29 917.261413574 1
64 29 925.059936523 1
64 29 1188.16101074 1
64 29 1242.1048584 1
64 30 739.65222168 1
64 30 740.107971191 1
64 30 797.313781738 1
64 30 848.273986816 1
64 30 889.260620117 1
64 30 1150.79443359 1
64 30 1604.73937988 1
64 31 647.400085449 1
64 31 705.13659668 1
64 31 729.107421875 1
64 31 741.885437012 1
64 31 929.06829834 1
64 31 1196.0345459 1
64 31 1446.08789062 1
64 31 1628.47424316 1
64 32 700.02166748 1
64 32 744.004943848 1
64 32 832.130187988 1
64 32 962.066711426 1
64 32 1158.17785645 1
64 32 1674.94042969 1
64 33 859.429626465 1
65 27 2295.06201172 1
69 25 1744.64782715 1
69 25 2162.0859375 1
70 20 1346.7779541 1
70 20 2206.18139648 1
70 22 2360.85522461 1
70 23 1034.98400879 1
70 24 1039.69677734 1
70 24 2215.78100586 1
70 25 1045.96362305 1
70 25 1805.13476562 1
70 26 914.276733398 1
70 26 1152.54821777 1
70 26 1459.13977051 1
70 27 718.855224609 1
70 27 775.465637207 1
70 27 934.767150879 1
70 27 1258.43139648 1
70 28 778.761413574 1
70 28 783.093078613 1
70 28 847.70501709 1
70 28 851.751586914 1
70 28 888.53918457 1
70 28 890.283691406 1
70 28 946.611083984 1
70 28 1091.2677002 1
70 28 1096.99206543 1
70 28 1863.42602539 1
70 28 2020.52746582 1
70 29 687.788208008 1
70 29 705.998413086 1
70 29 756.307373047 1
70 29 805.054199219 1
70 29 858.864135742 1
70 29 915.765991211 1
70 29 1101.27514648 1
70 29 1517.64916992 1
70 30 896.639831543 1
70 30 901.617797852 1
70 31 1491.30700684 1
71 18 1389.12597656 1
71 26 793.167053223 1
71 26 805.68939209 1
71 26 836.151977539 1
71 26 883.233093262 1
71 26 998.630187988 1
71 26 1067.81616211 1
71 26 1148.31433105 1
71 27 736.122741699 1
71 27 778.134460449 1
71 27 992.632202148 1
71 27 1249.81335449 1
71 27 1439.58776855 1
71 27 1620.17504883 1
71 27 2256.7746582 1
71 28 683.724365234 1
71 28 863.08190918 1
71 28 902.250488281 1
71 28 905.440490723 1
71 28 961.171264648 1
71 28 1025.16333008 1
71 29 637.510437012 1
71 29 703.425842285 1
71 29 852.254089355 1
71 29 917.134765625 1
71 29 1076.26953125 1
71 29 1232.47790527 1
71 29 1259.18078613 1
71 30 916.691833496 1
71 30 1849.33654785 1
71 31 810.347229004 1
72 32 1522.69641113 1
77 27 2510.71508789 1
77 28 2206.23852539 1
78 27 2106.30078125 1
81 7 2258.49291992 1
