string dom time hits
45 24 2039.73864746 1
52 29 2533.68823242 1
53 24 1924.88232422 1
53 28 1811.90466309 1
54 19 2144.34570312 1
54 22 1671.66149902 1
54 23 1478.13012695 1
54 24 928.025939941 1
54 24 943.876159668 1
54 25 828.198364258 1
54 25 892.721496582 1
54 25 1133.45397949 1
54 25 1462.2064209 1
54 25 1971.83508301 1
54 26 898.559204102 1
54 26 1350.04760742 1
54 26 1588.3112793 1
54 26 2020.25708008 1
54 27 668.857971191 1
54 27 755.453430176 1
54 27 758.662536621 1
54 27 1093.39331055 1
54 27 1197.76403809 1
54 27 1347.52685547 1
54 27 2646.45532227 1
54 28 672.90612793 1
54 28 703.229919434 1
54 28 720.237182617 1
54 28 734.059631348 1
54 28 755.359008789 1
54 28 835.617248535 1
54 28 937.255310059 1
54 28 949.214599609 1
54 28 1095.44299316 1
54 28 1142.61767578 1
54 28 1232.11962891 1
54 28 2176.34985352 1
54 29 739.344238281 1
54 29 789.675476074 1
54 29 869.133300781 1
54 29 903.047729492 1
54 29 1200.37927246 1
54 29 1939.78271484 1
54 29 2698.67114258 1
54 30 793.040161133 1
54 30 823.578918457 1
54 30 834.18371582 1
54 30 977.222839355 1
54 30 1009.53564453 1
54 30 1119.78210449 1
54 30 1159.9296875 1
54 30 1163.828125 1
54 31 946.760681152 1
54 31 960.562866211 1
54 31 1835.73461914 1
54 32 899.671630859 1
54 32 999.692504883 1
54 32 1556.05639648 1
55 20 1359.43701172 1
55 20 3072.28173828 1
55 21 1585.96337891 1
55 24 1811.58740234 1
55 25 862.374694824 1
55 25 882.721618652 1
55 25 1950.35437012 1
55 25 1969.30908203 1
55 26 738.096313477 1
55 26 800.272338867 1
55 26 1055.72558594 1
55 26 1132.31103516 1
55 26 1144.22192383 1
55 27 760.724609375 1
55 27 771.204040527 1
55 27 890.745544434 1
55 27 1122.25073242 1
55 27 1250.59472656 1
55 27 1439.45898438 1
55 27 1696.64587402 1
55 28 700.216308594 1
55 28 726.557739258 1
55 28 797.652038574 1
55 28 863.878234863 1
55 28 875.897583008 1
55 28 877.399108887 1
55 28 1039.27282715 1
55 28 1088.8795166 1
55 28 1154.32971191 1
55 28 1197.32409668 1
55 28 1289.32006836 1
55 28 1424.68078613 1
55 28 1480.85571289 1
55 29 957.415344238 1
55 29 1059.37976074 1
55 29 1084.66821289 1
55 29 1140.70568848 1
55 29 1172.62207031 1
55 29 1208.96643066 1
55 29 1226.01098633 1
55 29 1276.11816406 1
55 29 1361.63598633 1
55 30 709.706298828 1
55 30 719.172546387 1
55 30 764.106323242 1
55 30 995.028991699 1
55 30 1035.43457031 1
55 30 1066.68737793 1
55 30 1663.72106934 1
55 30 1902.10168457 1
55 31 1462.19519043 1
55 32 833.418945312 1
55 32 1821.63415527 1
56 30 1940.46850586 1
61 21 1996.9909668 1
61 28 2070.5378418 1
62 23 1011.37371826 1
62 24 803.48638916 1
62 24 1000.64733887 1
62 24 1269.77868652 1
62 24 1368.00817871 1
62 25 868.813110352 1
62 25 893.594421387 1
62 25 1045.75854492 1
62 25 1050.29614258 1
62 25 1073.64343262 1
62 25 1093.23498535 1
62 26 757.551635742 1
62 26 870.318115234 1
62 26 936.346923828 1
62 26 1013.79284668 1
62 26 1144.54431152 1
62 27 716.532165527 1
62 27 763.646179199 1
62 27 812.434387207 1
62 27 1145.34997559 1
62 28 736.47857666 1
62 28 777.725830078 1
62 28 809.206481934 1
62 28 863.964111328 1
62 28 929.145324707 1
62 28 963.046081543 1
62 28 988.222839355 1
62 28 1011.06536865 1
62 28 1013.89300537 1
62 28 1018.30999756 1
62 28 1185.25646973 1
62 29 658.190002441 1
62 29 702.359436035 1
62 29 900.110351562 1
62 29 911.028808594 1
62 29 930.469970703 1
62 29 949.071350098 1
62 29 949.46661377 1
62 29 1117.87390137 1
62 30 807.49230957 1
62 30 838.420959473 1
62 30 849.048828125 1
62 30 899.804870605 1
62 30 971.078491211 1
62 30 1451.96435547 1
62 30 1460.60400391 1
62 31 1115.75744629 1
63 16 1700.24255371 1
63 19 1466.62194824 1
63 20 1220.16381836 1
63 20 1450.89331055 1
63 21 792.358398438 1
63 21 999.325256348 1
63 21 1228.04919434 1
63 22 789.85736084 1
63 23 682.381774902 1
63 23 700.174133301 1
63 23 710.943237305 1
63 23 738.815429688 1
63 23 744.125793457 1
63 23 1197.0526123 1
63 23 1245.64038086 1
63 23 2165.27319336 1
63 24 502.082427979 1
63 24 556.364685059 1
63 24 567.024658203 1
63 24 592.911132812 1
63 24 629.865234375 1
63 24 659.323425293 1
63 24 709.860229492 1
63 24 712.603149414 1
63 24 767.128967285 1
63 24 770.591369629 1
63 24 797.543884277 1
63 24 1078.28076172 1
63 24 1752.41784668 1
63 25 427.206085205 1
63 25 428.666778564 1
63 25 435.733551025 1
63 25 445.633575439 1
63 25 448.014190674 1
63 25 450.989685059 1
63 25 456.851531982 1
63 25 462.619018555 1
63 25 463.027923584 1
63 25 471.134094238 1
63 25 472.153167725 1
63 25 473.571075439 1
63 25 487.943450928 1
63 25 497.636566162 1
63 25 506.719573975 1
63 25 511.964141846 1
63 25 535.389709473 1
63 25 536.539916992 1
63 25 562.238891602 1
63 25 566.543334961 1
63 25 569.418212891 1
63 25 571.322937012 1
63 25 584.774108887 1
63 25 585.280456543 1
63 25 599.085327148 1
63 25 619.206726074 1
63 25 647.016723633 1
63 25 648.774353027 1
63 25 657.597106934 1
63 25 685.291748047 1
63 25 685.31854248 1
63 25 720.993835449 1
63 25 739.187561035 1
63 25 792.93371582 1
63 25 837.303833008 1
63 25 850.085388184 1
63 25 886.380981445 1
63 25 966.557189941 1
63 25 1224.05957031 1
63 25 1409.94665527 1
63 26 326.461303711 1
63 26 327.353668213 1
63 26 329.170715332 1
63 26 333.424835205 1
63 26 336.138793945 1
63 26 337.786437988 1
63 26 338.929840088 1
63 26 341.974151611 1
63 26 344.646087646 1
63 26 347.372558594 1
63 26 347.69720459 1
63 26 347.9921875 1
63 26 348.421020508 1
63 26 349.11138916 1
63 26 349.29119873 1
63 26 353.788665771 1
63 26 354.369140625 1
63 26 355.322540283 1
63 26 356.492980957 1
63 26 356.614990234 1
63 26 356.660827637 1
63 26 358.674255371 1
63 26 359.076873779 1
63 26 359.132354736 1
63 26 360.757629395 1
63 26 361.801940918 1
63 26 362.931335449 1
63 26 364.943969727 1
63 26 365.355133057 1
63 26 368.435150146 1
63 26 369.519592285 1
63 26 370.501586914 1
63 26 370.751922607 1
63 26 371.559692383 1
63 26 373.170471191 1
63 26 373.326019287 1
63 26 374.257141113 1
63 26 375.10534668 1
63 26 375.147155762 1
63 26 375.204986572 1
63 26 375.916900635 1
63 26 378.793426514 1
63 26 380.444152832 1
63 26 380.66809082 1
63 26 381.320159912 1
63 26 381.753204346 1
63 26 382.178955078 1
63 26 383.139312744 1
63 26 384.156829834 1
63 26 384.975128174 1
63 26 387.37878418 1
63 26 389.485656738 1
63 26 392.451507568 1
63 26 396.527526855 1
63 26 396.555969238 1
63 26 397.244506836 1
63 26 398.479248047 1
63 26 399.785217285 1
63 26 401.933837891 1
63 26 403.348846436 1
63 26 409.597259521 1
63 26 410.328155518 1
63 26 410.694519043 1
63 26 411.690063477 1
63 26 412.962982178 1
63 26 414.221862793 1
63 26 416.377655029 1
63 26 419.543701172 1
63 26 421.55682373 1
63 26 423.825378418 1
63 26 424.563781738 1
63 26 426.618164062 1
63 26 430.125274658 1
63 26 431.273620605 1
63 26 432.009613037 1
63 26 433.383911133 1
63 26 436.874206543 1
63 26 441.503387451 1
63 26 441.717956543 1
63 26 445.168182373 1
63 26 445.391998291 1
63 26 452.299804688 1
63 26 461.400756836 1
63 26 467.04598999 1
63 26 469.998474121 1
63 26 470.075378418 1
63 26 471.360168457 1
63 26 472.086791992 1
63 26 472.517242432 1
63 26 475.76651001 1
63 26 478.281768799 1
63 26 478.584564209 1
63 26 479.840423584 1
63 26 483.282226562 1
63 26 485.738494873 1
63 26 489.05355835 1
63 26 498.517364502 1
63 26 505.855865479 1
63 26 511.343841553 1
63 26 516.568969727 1
63 26 522.438171387 1
63 26 523.616821289 1
63 26 526.87890625 1
63 26 527.268615723 1
63 26 534.44708252 1
63 26 534.702697754 1
63 26 538.71685791 1
63 26 558.256408691 1
63 26 562.885192871 1
63 26 564.664916992 1
63 26 564.798156738 1
63 26 565.406860352 1
63 26 566.604675293 1
63 26 584.258117676 1
63 26 588.459411621 1
63 26 590.619506836 1
63 26 597.181152344 1
63 26 609.622619629 1
63 26 610.873657227 1
63 26 642.953979492 1
63 26 648.345397949 1
63 26 654.483764648 1
63 26 710.197998047 1
63 26 729.450134277 1
63 26 758.390380859 1
63 26 773.390380859 1
63 26 785.81060791 1
63 26 792.537353516 1
63 26 849.644226074 1
63 26 850.955688477 1
63 26 868.731811523 1
63 26 873.742431641 1
63 26 878.394714355 1
63 26 887.057373047 1
63 26 920.149658203 1
63 26 1094.0357666 1
63 26 1287.94836426 1
63 26 1484.65209961 1
63 26 1826.75463867 1
63 27 237.75642395 1
63 27 240.435760498 1
63 27 243.616821289 1
63 27 244.006576538 1
63 27 246.022476196 1
63 27 246.830795288 1
63 27 247.953063965 1
63 27 248.689102173 1
63 27 248.828842163 1
63 27 249.138916016 1
63 27 249.302246094 1
63 27 249.709350586 1
63 27 249.738357544 1
63 27 250.190628052 1
63 27 250.346633911 1
63 27 250.618377686 1
63 27 250.877487183 1
63 27 250.902954102 1
63 27 251.026779175 1
63 27 251.056442261 1
63 27 251.228607178 1
63 27 251.460571289 1
63 27 251.719955444 1
63 27 252.324111938 1
63 27 252.338119507 1
63 27 252.42364502 1
63 27 252.445373535 1
63 27 252.462005615 1
63 27 252.623336792 1
63 27 252.761550903 1
63 27 252.989044189 1
63 27 253.296554565 1
63 27 253.409301758 1
63 27 253.623794556 1
63 27 254.078918457 1
63 27 254.171890259 1
63 27 254.618469238 1
63 27 254.673736572 1
63 27 254.684677124 1
63 27 255.086517334 1
63 27 255.667068481 1
63 27 255.702026367 1
63 27 255.831375122 1
63 27 256.227416992 1
63 27 256.548553467 1
63 27 256.803741455 1
63 27 256.843688965 1
63 27 256.8722229 1
63 27 257.918884277 1
63 27 257.955688477 1
63 27 258.355865479 1
63 27 258.859191895 1
63 27 258.90447998 1
63 27 259.462738037 1
63 27 259.546691895 1
63 27 259.598999023 1
63 27 259.610931396 1
63 27 259.912139893 1
63 27 259.929779053 1
63 27 260.110473633 1
63 27 260.22467041 1
63 27 260.505584717 1
63 27 260.720703125 1
63 27 260.89453125 1
63 27 261.336395264 1
63 27 261.55557251 1
63 27 262.03692627 1
63 27 262.164764404 1
63 27 262.363952637 1
63 27 262.601165771 1
63 27 263.297973633 1
63 27 263.494903564 1
63 27 263.520996094 1
63 27 263.72479248 1
63 27 264.067047119 1
63 27 264.596160889 1
63 27 264.664733887 1
63 27 265.106811523 1
63 27 265.622528076 1
63 27 265.837219238 1
63 27 266.132324219 1
63 27 266.186828613 1
63 27 266.350982666 1
63 27 266.397521973 1
63 27 266.502990723 1
63 27 267.283752441 1
63 27 267.300354004 1
63 27 267.822753906 1
63 27 268.225372314 1
63 27 268.639282227 1
63 27 268.954162598 1
63 27 268.971435547 1
63 27 269.310577393 1
63 27 269.311218262 1
63 27 269.905914307 1
63 27 269.972808838 1
63 27 270.075927734 1
63 27 270.247375488 1
63 27 270.378326416 1
63 27 270.575439453 1
63 27 270.733001709 1
63 27 271.17590332 1
63 27 271.494842529 1
63 27 271.710327148 1
63 27 271.914154053 1
63 27 272.023193359 1
63 27 272.140838623 1
63 27 272.162750244 1
63 27 273.009857178 1
63 27 273.254608154 1
63 27 273.327270508 1
63 27 274.023803711 1
63 27 274.106201172 1
63 27 274.261169434 1
63 27 274.359680176 1
63 27 274.436309814 1
63 27 274.485595703 1
63 27 274.528137207 1
63 27 274.884490967 1
63 27 275.800018311 1
63 27 275.944732666 1
63 27 276.222595215 1
63 27 276.248565674 1
63 27 277.514373779 1
63 27 277.614593506 1
63 27 277.684692383 1
63 27 278.050567627 1
63 27 278.264892578 1
63 27 278.568328857 1
63 27 278.787109375 1
63 27 279.158752441 1
63 27 279.262786865 1
63 27 279.342346191 1
63 27 279.381408691 1
63 27 279.999389648 1
63 27 280.017456055 1
63 27 280.06652832 1
63 27 281.202758789 1
63 27 281.39276123 1
63 27 282.057647705 1
63 27 282.376251221 1
63 27 282.429168701 1
63 27 282.431976318 1
63 27 282.594421387 1
63 27 282.635162354 1
63 27 282.661865234 1
63 27 282.671081543 1
63 27 282.70501709 1
63 27 282.829833984 1
63 27 282.833953857 1
63 27 283.18572998 1
63 27 283.687957764 1
63 27 284.027526855 1
63 27 284.555725098 1
63 27 285.469451904 1
63 27 285.618743896 1
63 27 285.738464355 1
63 27 286.334899902 1
63 27 286.688049316 1
63 27 286.739135742 1
63 27 286.900787354 1
63 27 288.487548828 1
63 27 288.79006958 1
63 27 288.99407959 1
63 27 289.293273926 1
63 27 289.296875 1
63 27 289.435089111 1
63 27 289.994262695 1
63 27 290.467987061 1
63 27 290.482147217 1
63 27 291.036102295 1
63 27 291.156829834 1
63 27 291.488464355 1
63 27 291.742706299 1
63 27 292.086151123 1
63 27 292.376373291 1
63 27 293.120178223 1
63 27 293.212402344 1
63 27 294.365478516 1
63 27 294.497253418 1
63 27 294.522705078 1
63 27 294.586700439 1
63 27 294.983032227 1
63 27 295.144775391 1
63 27 295.540802002 1
63 27 296.301879883 1
63 27 296.616821289 1
63 27 296.651916504 1
63 27 296.80166626 1
63 27 297.241119385 1
63 27 297.243133545 1
63 27 297.275695801 1
63 27 297.294677734 1
63 27 297.374084473 1
63 27 301.487823486 1
63 27 301.543792725 1
63 27 301.77154541 1
63 27 301.840209961 1
63 27 302.122467041 1
63 27 303.309265137 1
63 27 303.346374512 1
63 27 303.55569458 1
63 27 304.061218262 1
63 27 304.640625 1
63 27 305.117584229 1
63 27 305.259521484 1
63 27 305.606628418 1
63 27 306.342987061 1
63 27 307.017242432 1
63 27 307.813995361 1
63 27 308.601715088 1
63 27 308.889709473 1
63 27 309.505126953 1
63 27 310.439666748 1
63 27 310.50680542 1
63 27 310.576049805 1
63 27 310.686065674 1
63 27 310.961791992 1
63 27 311.603057861 1
63 27 311.742706299 1
63 27 312.326812744 1
63 27 312.828979492 1
63 27 313.49407959 1
63 27 313.818786621 1
63 27 313.834991455 1
63 27 313.991760254 1
63 27 314.045593262 1
63 27 315.455413818 1
63 27 316.854370117 1
63 27 317.526611328 1
63 27 318.017059326 1
63 27 318.782409668 1
63 27 320.149902344 1
63 27 320.364349365 1
63 27 320.593048096 1
63 27 320.820648193 1
63 27 321.742675781 1
63 27 322.592956543 1
63 27 322.803100586 1
63 27 322.813354492 1
63 27 323.316101074 1
63 27 323.392333984 1
63 27 325.17779541 1
63 27 325.313446045 1
63 27 326.752380371 1
63 27 327.305877686 1
63 27 327.489776611 1
63 27 327.771697998 1
63 27 328.579742432 1
63 27 328.885681152 1
63 27 330.67590332 1
63 27 331.091430664 1
63 27 331.380096436 1
63 27 331.423706055 1
63 27 332.364349365 1
63 27 332.48135376 1
63 27 334.83605957 1
63 27 335.501861572 1
63 27 336.650054932 1
63 27 336.836639404 1
63 27 338.006286621 1
63 27 342.239715576 1
63 27 342.477752686 1
63 27 344.688964844 1
63 27 346.782745361 1
63 27 346.884155273 1
63 27 347.036682129 1
63 27 348.595550537 1
63 27 348.879455566 1
63 27 350.789215088 1
63 27 351.505554199 1
63 27 352.892700195 1
63 27 353.167297363 1
63 27 354.24786377 1
63 27 354.453033447 1
63 27 355.479980469 1
63 27 356.248962402 1
63 27 356.795471191 1
63 27 358.109222412 1
63 27 359.132080078 1
63 27 360.329956055 1
63 27 362.690643311 1
63 27 363.042419434 1
63 27 364.968597412 1
63 27 365.026977539 1
63 27 365.66973877 1
63 27 366.276947021 1
63 27 367.026000977 1
63 27 368.438598633 1
63 27 369.830505371 1
63 27 370.484954834 1
63 27 372.552825928 1
63 27 372.662994385 1
63 27 372.804962158 1
63 27 373.448699951 1
63 27 373.808868408 1
63 27 376.311737061 1
63 27 378.679321289 1
63 27 379.419128418 1
63 27 380.691223145 1
63 27 383.025024414 1
63 27 383.30770874 1
63 27 386.007415771 1
63 27 386.938781738 1
63 27 387.321166992 1
63 27 392.192871094 1
63 27 394.295501709 1
63 27 394.837585449 1
63 27 395.446380615 1
63 27 398.922027588 1
63 27 405.653656006 1
63 27 409.182098389 1
63 27 412.576507568 1
63 27 412.62600708 1
63 27 415.642456055 1
63 27 419.592590332 1
63 27 420.20791626 1
63 27 420.352142334 1
63 27 426.903930664 1
63 27 427.302947998 1
63 27 428.70880127 1
63 27 430.385467529 1
63 27 433.154754639 1
63 27 435.66583252 1
63 27 437.200317383 1
63 27 440.558624268 1
63 27 443.00213623 1
63 27 448.638702393 1
63 27 454.103271484 1
63 27 457.095153809 1
63 27 465.612060547 1
63 27 465.724334717 1
63 27 467.526519775 1
63 27 472.055725098 1
63 27 472.3387146 1
63 27 476.466827393 1
63 27 483.719238281 1
63 27 490.597229004 1
63 27 492.079040527 1
63 27 494.685760498 1
63 27 495.817108154 1
63 27 497.394805908 1
63 27 500.266540527 1
63 27 504.885131836 1
63 27 508.545013428 1
63 27 509.035919189 1
63 27 515.84185791 1
63 27 532.004821777 1
63 27 536.612243652 1
63 27 543.691162109 1
63 27 566.401123047 1
63 27 567.226928711 1
63 27 574.887207031 1
63 27 575.527709961 1
63 27 584.917114258 1
63 27 586.210998535 1
63 27 586.66229248 1
63 27 594.182250977 1
63 27 605.545227051 1
63 27 622.07208252 1
63 27 624.188415527 1
63 27 643.502685547 1
63 27 652.350891113 1
63 27 671.830200195 1
63 27 678.310180664 1
63 27 678.475402832 1
63 27 694.081848145 1
63 27 697.109375 1
63 27 745.080871582 1
63 27 770.781433105 1
63 27 773.711120605 1
63 27 780.129638672 1
63 27 792.444824219 1
63 27 816.102905273 1
63 27 823.618713379 1
63 27 849.109619141 1
63 27 946.984558105 1
63 27 963.333190918 1
63 27 1003.27520752 1
63 27 1018.16931152 1
63 27 1028.54626465 1
63 27 1029.57324219 1
63 27 1359.81542969 1
63 27 1379.04162598 1
63 27 1418.14807129 1
63 28 159.97253418 1
63 28 161.189025879 1
63 28 161.46812439 1
63 28 162.177078247 1
63 28 162.453414917 1
63 28 162.84173584 1
63 28 162.920028687 1
63 28 163.09437561 1
63 28 163.303161621 1
63 28 163.565002441 1
63 28 163.597229004 1
63 28 163.976867676 1
63 28 164.056762695 1
63 28 164.408370972 1
63 28 164.517349243 1
63 28 164.740997314 1
63 28 164.784866333 1
63 28 164.833602905 1
63 28 164.872589111 1
63 28 164.93862915 1
63 28 165.018096924 1
63 28 165.070144653 1
63 28 165.15802002 1
63 28 165.301681519 1
63 28 165.647689819 1
63 28 165.801177979 1
63 28 166.028945923 1
63 28 166.057312012 1
63 28 166.226699829 1
63 28 166.279953003 1
63 28 166.315841675 1
63 28 166.580459595 1
63 28 166.741363525 1
63 28 166.927062988 1
63 28 167.001815796 1
63 28 167.043121338 1
63 28 167.056610107 1
63 28 167.081787109 1
63 28 167.152420044 1
63 28 167.22618103 1
63 28 167.336257935 1
63 28 167.393569946 1
63 28 167.420471191 1
63 28 167.438293457 1
63 28 167.562850952 1
63 28 167.580810547 1
63 28 167.761550903 1
63 28 167.831771851 1
63 28 167.972885132 1
63 28 167.992126465 1
63 28 168.189407349 1
63 28 168.195541382 1
63 28 168.332611084 1
63 28 168.581970215 1
63 28 168.808547974 1
63 28 168.829421997 1
63 28 168.930328369 1
63 28 168.953125 1
63 28 169.036407471 1
63 28 169.058670044 1
63 28 169.111724854 1
63 28 169.159606934 1
63 28 169.252929688 1
63 28 169.254669189 1
63 28 169.295288086 1
63 28 169.428009033 1
63 28 169.520736694 1
63 28 169.63458252 1
63 28 169.754348755 1
63 28 169.795471191 1
63 28 169.80708313 1
63 28 169.836273193 1
63 28 169.856552124 1
63 28 169.952102661 1
63 28 170.05519104 1
63 28 170.055786133 1
63 28 170.057434082 1
63 28 170.106384277 1
63 28 170.158691406 1
63 28 170.186889648 1
63 28 170.281082153 1
63 28 170.328796387 1
63 28 170.414520264 1
63 28 170.479064941 1
63 28 170.51612854 1
63 28 170.836044312 1
63 28 170.848434448 1
63 28 170.876876831 1
63 28 170.968200684 1
63 28 171.019958496 1
63 28 171.043228149 1
63 28 171.052459717 1
63 28 171.097702026 1
63 28 171.115142822 1
63 28 171.170776367 1
63 28 171.173904419 1
63 28 171.174972534 1
63 28 171.226272583 1
63 28 171.238586426 1
63 28 171.324249268 1
63 28 171.392822266 1
63 28 171.393295288 1
63 28 171.403900146 1
63 28 171.433532715 1
63 28 171.478347778 1
63 28 171.485626221 1
63 28 171.522720337 1
63 28 171.587875366 1
63 28 171.943618774 1
63 28 172.001571655 1
63 28 172.093612671 1
63 28 172.155426025 1
63 28 172.184585571 1
63 28 172.187698364 1
63 28 172.232223511 1
63 28 172.387069702 1
63 28 172.524047852 1
63 28 172.675231934 1
63 28 172.696182251 1
63 28 172.701171875 1
63 28 172.752197266 1
63 28 172.772109985 1
63 28 172.783706665 1
63 28 172.793319702 1
63 28 172.847366333 1
63 28 172.915008545 1
63 28 173.069976807 1
63 28 173.088531494 1
63 28 173.29927063 1
63 28 173.338058472 1
63 28 173.380004883 1
63 28 173.431335449 1
63 28 173.497314453 1
63 28 173.516723633 1
63 28 173.539489746 1
63 28 173.549484253 1
63 28 173.562744141 1
63 28 173.607330322 1
63 28 173.635192871 1
63 28 173.688812256 1
63 28 173.847854614 1
63 28 173.876586914 1
63 28 173.889328003 1
63 28 173.910934448 1
63 28 173.989501953 1
63 28 174.168411255 1
63 28 174.272583008 1
63 28 174.324081421 1
63 28 174.372375488 1
63 28 174.41293335 1
63 28 174.488128662 1
63 28 174.521179199 1
63 28 174.538009644 1
63 28 174.542663574 1
63 28 174.547363281 1
63 28 174.551681519 1
63 28 174.553924561 1
63 28 174.658630371 1
63 28 174.660797119 1
63 28 174.742294312 1
63 28 174.76348877 1
63 28 174.907424927 1
63 28 174.995788574 1
63 28 175.000961304 1
63 28 175.007629395 1
63 28 175.050445557 1
63 28 175.108032227 1
63 28 175.206817627 1
63 28 175.225524902 1
63 28 175.280792236 1
63 28 175.361984253 1
63 28 175.44140625 1
63 28 175.53793335 1
63 28 175.550262451 1
63 28 175.642578125 1
63 28 175.659118652 1
63 28 175.753738403 1
63 28 175.798828125 1
63 28 175.816558838 1
63 28 175.897521973 1
63 28 175.898147583 1
63 28 175.915496826 1
63 28 175.943771362 1
63 28 175.950088501 1
63 28 176.048568726 1
63 28 176.06590271 1
63 28 176.100189209 1
63 28 176.202728271 1
63 28 176.286178589 1
63 28 176.352127075 1
63 28 176.418869019 1
63 28 176.454620361 1
63 28 176.479476929 1
63 28 176.570281982 1
63 28 176.668212891 1
63 28 176.695861816 1
63 28 176.784362793 1
63 28 176.833343506 1
63 28 176.863967896 1
63 28 176.864089966 1
63 28 176.897506714 1
63 28 177.016647339 1
63 28 177.076171875 1
63 28 177.175765991 1
63 28 177.216125488 1
63 28 177.235183716 1
63 28 177.262023926 1
63 28 177.369842529 1
63 28 177.480697632 1
63 28 177.566467285 1
63 28 177.631149292 1
63 28 177.675567627 1
63 28 177.679916382 1
63 28 177.703125 1
63 28 177.728103638 1
63 28 177.846847534 1
63 28 177.901916504 1
63 28 177.987808228 1
63 28 177.995223999 1
63 28 178.039489746 1
63 28 178.116485596 1
63 28 178.131637573 1
63 28 178.194412231 1
63 28 178.250701904 1
63 28 178.253677368 1
63 28 178.433914185 1
63 28 178.436630249 1
63 28 178.548400879 1
63 28 178.650634766 1
63 28 178.671600342 1
63 28 178.780578613 1
63 28 178.8565979 1
63 28 178.892059326 1
63 28 179.084457397 1
63 28 179.252655029 1
63 28 179.330444336 1
63 28 179.571136475 1
63 28 179.661346436 1
63 28 179.673934937 1
63 28 179.859375 1
63 28 180.223190308 1
63 28 180.26222229 1
63 28 180.493057251 1
63 28 180.546859741 1
63 28 180.575775146 1
63 28 180.618118286 1
63 28 180.787902832 1
63 28 180.860809326 1
63 28 180.99710083 1
63 28 181.025665283 1
63 28 181.075942993 1
63 28 181.14781189 1
63 28 181.257995605 1
63 28 181.288864136 1
63 28 181.319412231 1
63 28 181.404464722 1
63 28 181.492767334 1
63 28 181.556671143 1
63 28 181.637863159 1
63 28 181.663574219 1
63 28 181.735305786 1
63 28 181.736816406 1
63 28 181.744567871 1
63 28 181.829467773 1
63 28 181.941680908 1
63 28 181.943664551 1
63 28 181.96156311 1
63 28 181.969177246 1
63 28 182.134765625 1
63 28 182.140609741 1
63 28 182.154006958 1
63 28 182.162841797 1
63 28 182.214691162 1
63 28 182.269393921 1
63 28 182.29637146 1
63 28 182.319213867 1
63 28 182.334823608 1
63 28 182.340133667 1
63 28 182.385131836 1
63 28 182.424743652 1
63 28 182.474090576 1
63 28 182.51260376 1
63 28 182.528701782 1
63 28 182.533065796 1
63 28 182.619750977 1
63 28 182.655456543 1
63 28 182.684051514 1
63 28 182.753173828 1
63 28 182.764877319 1
63 28 182.774673462 1
63 28 182.805297852 1
63 28 182.867294312 1
63 28 182.872390747 1
63 28 182.973190308 1
63 28 183.202407837 1
63 28 183.239547729 1
63 28 183.247314453 1
63 28 183.277069092 1
63 28 183.3334198 1
63 28 183.509246826 1
63 28 183.716888428 1
63 28 183.827590942 1
63 28 183.833633423 1
63 28 184.225234985 1
63 28 184.431442261 1
63 28 184.479232788 1
63 28 184.493118286 1
63 28 184.512954712 1
63 28 184.524185181 1
63 28 184.570587158 1
63 28 184.672714233 1
63 28 184.674987793 1
63 28 184.737243652 1
63 28 184.82220459 1
63 28 184.902542114 1
63 28 184.960128784 1
63 28 184.9712677 1
63 28 184.994628906 1
63 28 185.022232056 1
63 28 185.036468506 1
63 28 185.06652832 1
63 28 185.093429565 1
63 28 185.115188599 1
63 28 185.366134644 1
63 28 185.369796753 1
63 28 185.379684448 1
63 28 185.420532227 1
63 28 185.429962158 1
63 28 185.487854004 1
63 28 185.552474976 1
63 28 185.593002319 1
63 28 185.71546936 1
63 28 185.721343994 1
63 28 185.800949097 1
63 28 185.871124268 1
63 28 185.975662231 1
63 28 186.054458618 1
63 28 186.062271118 1
63 28 186.290939331 1
63 28 186.33821106 1
63 28 186.619918823 1
63 28 186.68850708 1
63 28 186.770004272 1
63 28 186.822860718 1
63 28 186.84677124 1
63 28 186.869018555 1
63 28 186.949951172 1
63 28 186.983200073 1
63 28 187.02746582 1
63 28 187.130828857 1
63 28 187.256484985 1
63 28 187.404937744 1
63 28 187.607147217 1
63 28 187.676330566 1
63 28 187.74609375 1
63 28 187.821563721 1
63 28 187.834320068 1
63 28 187.906356812 1
63 28 187.910598755 1
63 28 187.910888672 1
63 28 187.925689697 1
63 28 188.05531311 1
63 28 188.275924683 1
63 28 188.400497437 1
63 28 188.419204712 1
63 28 188.552749634 1
63 28 188.768707275 1
63 28 188.939453125 1
63 28 189.057296753 1
63 28 189.214065552 1
63 28 189.302261353 1
63 28 189.410827637 1
63 28 189.446151733 1
63 28 189.459884644 1
63 28 189.552154541 1
63 28 189.748840332 1
63 28 189.802368164 1
63 28 189.878952026 1
63 28 189.974761963 1
63 28 190.06803894 1
63 28 190.076980591 1
63 28 190.224258423 1
63 28 190.357086182 1
63 28 190.40713501 1
63 28 190.49017334 1
63 28 190.63772583 1
63 28 190.714889526 1
63 28 190.760910034 1
63 28 190.919921875 1
63 28 190.925857544 1
63 28 191.029724121 1
63 28 191.284835815 1
63 28 191.465301514 1
63 28 191.530136108 1
63 28 191.558242798 1
63 28 191.934295654 1
63 28 191.936904907 1
63 28 191.961227417 1
63 28 191.97706604 1
63 28 192.054428101 1
63 28 192.157089233 1
63 28 192.170425415 1
63 28 192.243392944 1
63 28 192.331314087 1
63 28 192.362823486 1
63 28 192.368835449 1
63 28 192.574752808 1
63 28 192.632003784 1
63 28 192.779678345 1
63 28 192.867172241 1
63 28 192.88684082 1
63 28 192.905059814 1
63 28 192.974822998 1
63 28 192.977294922 1
63 28 193.009475708 1
63 28 193.057128906 1
63 28 193.080963135 1
63 28 193.265472412 1
63 28 193.27142334 1
63 28 193.458084106 1
63 28 193.478607178 1
63 28 193.484680176 1
63 28 193.504974365 1
63 28 194.012390137 1
63 28 194.023071289 1
63 28 194.047348022 1
63 28 194.113952637 1
63 28 194.262023926 1
63 28 194.512451172 1
63 28 194.617538452 1
63 28 195.099197388 1
63 28 195.110107422 1
63 28 195.191513062 1
63 28 195.194061279 1
63 28 195.22479248 1
63 28 195.280731201 1
63 28 195.298690796 1
63 28 195.356170654 1
63 28 195.361541748 1
63 28 195.364761353 1
63 28 195.378570557 1
63 28 195.533035278 1
63 28 195.667373657 1
63 28 195.741424561 1
63 28 195.841339111 1
63 28 195.942733765 1
63 28 196.187271118 1
63 28 196.224365234 1
63 28 196.230407715 1
63 28 196.271331787 1
63 28 196.359329224 1
63 28 196.606765747 1
63 28 196.663635254 1
63 28 196.717987061 1
63 28 196.943786621 1
63 28 196.953521729 1
63 28 196.959442139 1
63 28 197.09387207 1
63 28 197.112319946 1
63 28 197.182067871 1
63 28 197.216751099 1
63 28 197.216812134 1
63 28 197.266555786 1
63 28 197.427261353 1
63 28 197.593887329 1
63 28 197.645965576 1
63 28 197.652496338 1
63 28 197.831710815 1
63 28 198.092773438 1
63 28 198.33215332 1
63 28 198.460586548 1
63 28 198.47442627 1
63 28 198.737869263 1
63 28 198.991241455 1
63 28 199.086273193 1
63 28 199.182479858 1
63 28 199.414169312 1
63 28 199.52885437 1
63 28 200.52381897 1
63 28 201.245834351 1
63 28 201.309906006 1
63 28 201.328109741 1
63 28 201.462692261 1
63 28 201.519500732 1
63 28 201.819198608 1
63 28 201.833023071 1
63 28 202.038345337 1
63 28 202.175582886 1
63 28 202.183486938 1
63 28 202.22227478 1
63 28 202.227203369 1
63 28 202.448501587 1
63 28 202.532226562 1
63 28 202.713150024 1
63 28 202.779800415 1
63 28 202.971679688 1
63 28 203.153076172 1
63 28 203.260620117 1
63 28 203.755081177 1
63 28 203.79095459 1
63 28 204.099731445 1
63 28 204.394302368 1
63 28 204.436126709 1
63 28 204.586608887 1
63 28 204.637298584 1
63 28 204.675918579 1
63 28 204.760910034 1
63 28 204.869812012 1
63 28 205.170410156 1
63 28 205.252700806 1
63 28 205.396453857 1
63 28 205.531112671 1
63 28 205.936447144 1
63 28 206.007293701 1
63 28 206.034576416 1
63 28 206.152664185 1
63 28 206.271499634 1
63 28 206.330749512 1
63 28 206.768249512 1
63 28 206.801208496 1
63 28 206.870758057 1
63 28 207.162261963 1
63 28 207.578903198 1
63 28 207.707168579 1
63 28 208.003387451 1
63 28 208.133880615 1
63 28 208.489807129 1
63 28 208.518264771 1
63 28 208.587844849 1
63 28 208.793518066 1
63 28 209.428192139 1
63 28 209.610092163 1
63 28 210.660247803 1
63 28 210.67980957 1
63 28 211.346710205 1
63 28 211.464035034 1
63 28 211.627731323 1
63 28 211.643814087 1
63 28 211.683914185 1
63 28 211.758499146 1
63 28 211.879211426 1
63 28 212.672332764 1
63 28 212.694625854 1
63 28 212.969314575 1
63 28 213.089569092 1
63 28 213.200210571 1
63 28 213.223648071 1
63 28 213.499008179 1
63 28 213.635299683 1
63 28 213.810531616 1
63 28 214.282531738 1
63 28 214.313369751 1
63 28 214.338668823 1
63 28 214.739608765 1
63 28 214.832550049 1
63 28 214.835266113 1
63 28 214.929458618 1
63 28 214.980987549 1
63 28 215.374206543 1
63 28 215.471282959 1
63 28 215.866714478 1
63 28 215.93548584 1
63 28 216.008148193 1
63 28 216.259124756 1
63 28 216.34916687 1
63 28 216.478805542 1
63 28 216.816085815 1
63 28 216.886932373 1
63 28 216.969345093 1
63 28 217.581481934 1
63 28 218.036056519 1
63 28 218.690475464 1
63 28 219.037094116 1
63 28 219.153579712 1
63 28 219.760543823 1
63 28 220.848892212 1
63 28 221.114700317 1
63 28 221.265701294 1
63 28 221.271728516 1
63 28 222.538543701 1
63 28 222.654296875 1
63 28 222.963150024 1
63 28 223.379562378 1
63 28 224.26008606 1
63 28 224.299316406 1
63 28 224.491424561 1
63 28 225.001663208 1
63 28 225.209487915 1
63 28 225.756866455 1
63 28 226.05696106 1
63 28 226.31791687 1
63 28 226.3802948 1
63 28 226.47442627 1
63 28 226.620254517 1
63 28 226.979507446 1
63 28 227.113510132 1
63 28 227.207672119 1
63 28 227.289901733 1
63 28 228.226455688 1
63 28 229.55039978 1
63 28 229.826873779 1
63 28 230.143447876 1
63 28 230.256729126 1
63 28 230.268814087 1
63 28 230.979919434 1
63 28 231.264099121 1
63 28 231.311233521 1
63 28 231.443008423 1
63 28 232.16998291 1
63 28 232.238098145 1
63 28 232.836212158 1
63 28 233.173477173 1
63 28 233.232147217 1
63 28 233.482498169 1
63 28 233.545501709 1
63 28 233.929611206 1
63 28 234.322052002 1
63 28 234.597229004 1
63 28 234.996765137 1
63 28 235.376708984 1
63 28 235.576202393 1
63 28 236.093261719 1
63 28 236.71647644 1
63 28 236.814788818 1
63 28 237.343429565 1
63 28 237.560012817 1
63 28 238.457138062 1
63 28 238.912796021 1
63 28 239.754699707 1
63 28 239.789047241 1
63 28 239.828765869 1
63 28 239.908981323 1
63 28 240.090270996 1
63 28 240.342559814 1
63 28 240.535705566 1
63 28 240.549514771 1
63 28 241.119567871 1
63 28 241.192047119 1
63 28 241.796310425 1
63 28 241.930236816 1
63 28 242.427749634 1
63 28 243.874160767 1
63 28 243.903457642 1
63 28 244.010528564 1
63 28 244.067138672 1
63 28 244.12902832 1
63 28 244.992416382 1
63 28 245.506561279 1
63 28 246.66204834 1
63 28 246.818450928 1
63 28 246.940353394 1
63 28 247.509796143 1
63 28 247.723724365 1
63 28 248.101516724 1
63 28 248.816894531 1
63 28 248.950897217 1
63 28 251.03515625 1
63 28 253.492126465 1
63 28 253.604904175 1
63 28 253.913238525 1
63 28 257.561309814 1
63 28 257.844055176 1
63 28 259.742004395 1
63 28 259.813995361 1
63 28 260.130004883 1
63 28 261.592529297 1
63 28 261.667938232 1
63 28 262.222015381 1
63 28 262.87020874 1
63 28 263.582366943 1
63 28 263.838165283 1
63 28 264.120697021 1
63 28 264.757354736 1
63 28 265.669708252 1
63 28 269.179901123 1
63 28 269.768859863 1
63 28 269.834472656 1
63 28 269.902252197 1
63 28 269.984832764 1
63 28 271.488464355 1
63 28 271.5078125 1
63 28 272.053283691 1
63 28 272.077636719 1
63 28 272.089447021 1
63 28 276.27911377 1
63 28 277.080047607 1
63 28 277.295135498 1
63 28 277.430877686 1
63 28 277.705169678 1
63 28 280.008728027 1
63 28 280.055511475 1
63 28 280.460449219 1
63 28 280.52935791 1
63 28 280.587493896 1
63 28 283.706359863 1
63 28 283.728363037 1
63 28 284.282196045 1
63 28 284.475769043 1
63 28 286.932037354 1
63 28 288.146240234 1
63 28 291.020294189 1
63 28 292.137542725 1
63 28 292.277832031 1
63 28 292.909515381 1
63 28 293.606994629 1
63 28 294.055297852 1
63 28 302.213348389 1
63 28 303.313720703 1
63 28 303.510345459 1
63 28 304.490783691 1
63 28 305.295257568 1
63 28 309.195526123 1
63 28 315.538909912 1
63 28 316.4480896 1
63 28 317.084411621 1
63 28 319.474060059 1
63 28 321.326538086 1
63 28 324.557434082 1
63 28 325.768096924 1
63 28 328.887481689 1
63 28 335.332794189 1
63 28 336.596160889 1
63 28 337.998504639 1
63 28 339.825164795 1
63 28 342.95010376 1
63 28 344.171417236 1
63 28 344.796295166 1
63 28 345.487915039 1
63 28 348.669952393 1
63 28 349.897857666 1
63 28 356.601806641 1
63 28 357.562194824 1
63 28 361.007843018 1
63 28 361.705078125 1
63 28 369.587921143 1
63 28 369.775390625 1
63 28 374.25881958 1
63 28 376.515686035 1
63 28 378.386352539 1
63 28 380.714660645 1
63 28 387.250091553 1
63 28 389.01550293 1
63 28 389.781707764 1
63 28 390.037353516 1
63 28 392.336303711 1
63 28 400.294281006 1
63 28 403.460083008 1
63 28 408.769897461 1
63 28 416.325744629 1
63 28 416.409393311 1
63 28 417.430206299 1
63 28 422.21496582 1
63 28 423.970733643 1
63 28 426.645385742 1
63 28 436.320220947 1
63 28 443.398895264 1
63 28 448.628967285 1
63 28 452.44241333 1
63 28 457.883605957 1
63 28 471.80078125 1
63 28 474.364379883 1
63 28 481.033599854 1
63 28 482.28805542 1
63 28 490.710205078 1
63 28 496.593780518 1
63 28 531.356140137 1
63 28 535.149047852 1
63 28 541.277893066 1
63 28 546.272216797 1
63 28 546.824707031 1
63 28 551.563903809 1
63 28 552.539855957 1
63 28 556.134521484 1
63 28 560.213562012 1
63 28 564.929626465 1
63 28 572.422973633 1
63 28 573.556152344 1
63 28 589.282714844 1
63 28 597.603149414 1
63 28 598.707763672 1
63 28 598.889709473 1
63 28 606.410461426 1
63 28 609.164306641 1
63 28 614.050598145 1
63 28 638.541259766 1
63 28 648.141418457 1
63 28 656.321044922 1
63 28 670.820678711 1
63 28 673.552062988 1
63 28 706.665893555 1
63 28 711.85723877 1
63 28 713.84161377 1
63 28 735.24822998 1
63 28 771.653442383 1
63 28 784.122741699 1
63 28 846.085449219 1
63 28 885.946838379 1
63 28 925.324157715 1
63 28 951.856750488 1
63 28 960.531433105 1
63 28 996.09564209 1
63 28 1097.2479248 1
63 28 1117.75292969 1
63 28 1176.34765625 1
63 28 1343.7010498 1
63 29 76.2224960327 1
63 29 79.0796279907 1
63 29 79.870513916 1
63 29 80.0456390381 1
63 29 80.1077651978 1
63 29 80.4850845337 1
63 29 80.561126709 1
63 29 80.6006774902 1
63 29 80.9939804077 1
63 29 81.1040039062 1
63 29 81.1553726196 1
63 29 81.2031402588 1
63 29 81.2665939331 1
63 29 81.2825012207 1
63 29 81.3880310059 1
63 29 81.6537857056 1
63 29 81.6560211182 1
63 29 81.7503356934 1
63 29 81.7986297607 1
63 29 81.8053741455 1
63 29 81.8825149536 1
63 29 81.9540328979 1
63 29 81.9869613647 1
63 29 82.0399169922 1
63 29 82.0561981201 1
63 29 82.0611495972 1
63 29 82.2408370972 1
63 29 82.2814865112 1
63 29 82.3089904785 1
63 29 82.3964920044 1
63 29 82.6661376953 1
63 29 82.8358459473 1
63 29 82.9004669189 1
63 29 82.9477081299 1
63 29 83.0232315063 1
63 29 83.0874099731 1
63 29 83.2598724365 1
63 29 83.3749237061 1
63 29 83.4064865112 1
63 29 83.4522018433 1
63 29 83.4559020996 1
63 29 83.539352417 1
63 29 83.5861053467 1
63 29 83.6423950195 1
63 29 83.6632843018 1
63 29 83.6852798462 1
63 29 83.7315597534 1
63 29 83.8838882446 1
63 29 83.9137878418 1
63 29 83.9536514282 1
63 29 83.9721984863 1
63 29 83.9861297607 1
63 29 84.0114517212 1
63 29 84.0219268799 1
63 29 84.1232299805 1
63 29 84.1409225464 1
63 29 84.1486587524 1
63 29 84.2108917236 1
63 29 84.2459487915 1
63 29 84.3073425293 1
63 29 84.3324279785 1
63 29 84.361000061 1
63 29 84.3958053589 1
63 29 84.4368438721 1
63 29 84.4550704956 1
63 29 84.5334777832 1
63 29 84.569732666 1
63 29 84.5931777954 1
63 29 84.6301345825 1
63 29 84.6347198486 1
63 29 84.7024002075 1
63 29 84.7219619751 1
63 29 84.727355957 1
63 29 84.7464294434 1
63 29 84.7519760132 1
63 29 84.7963638306 1
63 29 84.804977417 1
63 29 84.8520736694 1
63 29 84.8708648682 1
63 29 84.9117660522 1
63 29 84.9255218506 1
63 29 84.9316940308 1
63 29 84.9320373535 1
63 29 84.9409637451 1
63 29 84.9496688843 1
63 29 84.9662094116 1
63 29 85.0100326538 1
63 29 85.0428924561 1
63 29 85.0634460449 1
63 29 85.08228302 1
63 29 85.1589508057 1
63 29 85.1642684937 1
63 29 85.1882324219 1
63 29 85.1882629395 1
63 29 85.2412643433 1
63 29 85.2448959351 1
63 29 85.2699203491 1
63 29 85.3028030396 1
63 29 85.3229980469 1
63 29 85.339805603 1
63 29 85.3502578735 1
63 29 85.3938217163 1
63 29 85.4071807861 1
63 29 85.4115142822 1
63 29 85.413734436 1
63 29 85.4617614746 1
63 29 85.4645614624 1
63 29 85.4769744873 1
63 29 85.5030517578 1
63 29 85.5411224365 1
63 29 85.552947998 1
63 29 85.5677108765 1
63 29 85.5943450928 1
63 29 85.6000595093 1
63 29 85.64894104 1
63 29 85.6630477905 1
63 29 85.6785125732 1
63 29 85.6906738281 1
63 29 85.6958465576 1
63 29 85.705696106 1
63 29 85.7108383179 1
63 29 85.716293335 1
63 29 85.7378997803 1
63 29 85.7435531616 1
63 29 85.7761383057 1
63 29 85.7842025757 1
63 29 85.7961730957 1
63 29 85.8209838867 1
63 29 85.8438262939 1
63 29 85.8991699219 1
63 29 85.9133148193 1
63 29 85.9157104492 1
63 29 85.9167175293 1
63 29 85.9420318604 1
63 29 86.0036621094 1
63 29 86.0171432495 1
63 29 86.0378036499 1
63 29 86.0458297729 1
63 29 86.0830612183 1
63 29 86.0883255005 1
63 29 86.1371154785 1
63 29 86.1541824341 1
63 29 86.1713027954 1
63 29 86.1776351929 1
63 29 86.179649353 1
63 29 86.1956634521 1
63 29 86.208732605 1
63 29 86.2433547974 1
63 29 86.2576599121 1
63 29 86.3145599365 1
63 29 86.3317184448 1
63 29 86.3740997314 1
63 29 86.3888015747 1
63 29 86.4085006714 1
63 29 86.4085159302 1
63 29 86.4148788452 1
63 29 86.4173736572 1
63 29 86.4196243286 1
63 29 86.4248962402 1
63 29 86.42993927 1
63 29 86.4360580444 1
63 29 86.4432373047 1
63 29 86.4785995483 1
63 29 86.4799423218 1
63 29 86.4830322266 1
63 29 86.5166473389 1
63 29 86.5307769775 1
63 29 86.5418777466 1
63 29 86.6044540405 1
63 29 86.6495285034 1
63 29 86.6506118774 1
63 29 86.6518630981 1
63 29 86.6774978638 1
63 29 86.6917724609 1
63 29 86.6968841553 1
63 29 86.6994552612 1
63 29 86.7201156616 1
63 29 86.7235183716 1
63 29 86.7377243042 1
63 29 86.7519454956 1
63 29 86.7639083862 1
63 29 86.7727813721 1
63 29 86.7929916382 1
63 29 86.8071746826 1
63 29 86.8109741211 1
63 29 86.8184280396 1
63 29 86.8260803223 1
63 29 86.8297958374 1
63 29 86.830696106 1
63 29 86.8661651611 1
63 29 86.8962936401 1
63 29 86.9387435913 1
63 29 86.9411849976 1
63 29 86.9722747803 1
63 29 86.9932174683 1
63 29 87.0124588013 1
63 29 87.0563964844 1
63 29 87.0570526123 1
63 29 87.0688705444 1
63 29 87.0721435547 1
63 29 87.0767593384 1
63 29 87.0794525146 1
63 29 87.0813903809 1
63 29 87.1690063477 1
63 29 87.1742095947 1
63 29 87.1748962402 1
63 29 87.194480896 1
63 29 87.2607269287 1
63 29 87.2784957886 1
63 29 87.2959747314 1
63 29 87.3127593994 1
63 29 87.3196563721 1
63 29 87.3320770264 1
63 29 87.3433990479 1
63 29 87.3505249023 1
63 29 87.3644790649 1
63 29 87.4360656738 1
63 29 87.4383544922 1
63 29 87.4437942505 1
63 29 87.4556045532 1
63 29 87.4628295898 1
63 29 87.4652252197 1
63 29 87.4655456543 1
63 29 87.470916748 1
63 29 87.4849777222 1
63 29 87.4892959595 1
63 29 87.4968643188 1
63 29 87.528717041 1
63 29 87.5335159302 1
63 29 87.5335617065 1
63 29 87.5456848145 1
63 29 87.5612792969 1
63 29 87.5622940063 1
63 29 87.5807495117 1
63 29 87.5942306519 1
63 29 87.5979232788 1
63 29 87.6354751587 1
63 29 87.650642395 1
63 29 87.7232055664 1
63 29 87.7294387817 1
63 29 87.7434692383 1
63 29 87.7540588379 1
63 29 87.7580337524 1
63 29 87.7723770142 1
63 29 87.7807693481 1
63 29 87.8089370728 1
63 29 87.8190460205 1
63 29 87.8213882446 1
63 29 87.8365707397 1
63 29 87.8394241333 1
63 29 87.8447341919 1
63 29 87.8495178223 1
63 29 87.85572052 1
63 29 87.8583068848 1
63 29 87.8757400513 1
63 29 87.8788986206 1
63 29 87.8966140747 1
63 29 87.9005279541 1
63 29 87.9411392212 1
63 29 87.9461593628 1
63 29 87.9819488525 1
63 29 87.991859436 1
63 29 87.9968643188 1
63 29 88.0076217651 1
63 29 88.0103759766 1
63 29 88.0438308716 1
63 29 88.0665283203 1
63 29 88.0740203857 1
63 29 88.0960769653 1
63 29 88.1040267944 1
63 29 88.108291626 1
63 29 88.1235809326 1
63 29 88.1476898193 1
63 29 88.1686706543 1
63 29 88.1845092773 1
63 29 88.2119903564 1
63 29 88.2195129395 1
63 29 88.2525024414 1
63 29 88.2860641479 1
63 29 88.2939071655 1
63 29 88.2989501953 1
63 29 88.3137283325 1
63 29 88.3246841431 1
63 29 88.3261947632 1
63 29 88.3754119873 1
63 29 88.3836212158 1
63 29 88.3923034668 1
63 29 88.4021072388 1
63 29 88.4403305054 1
63 29 88.4598922729 1
63 29 88.4662017822 1
63 29 88.4735794067 1
63 29 88.4909591675 1
63 29 88.5056610107 1
63 29 88.5088729858 1
63 29 88.5132522583 1
63 29 88.5135116577 1
63 29 88.5165710449 1
63 29 88.5166549683 1
63 29 88.5201644897 1
63 29 88.5314865112 1
63 29 88.5422821045 1
63 29 88.5463867188 1
63 29 88.5479888916 1
63 29 88.5488357544 1
63 29 88.5780563354 1
63 29 88.6149902344 1
63 29 88.6302108765 1
63 29 88.6344451904 1
63 29 88.6522216797 1
63 29 88.6557922363 1
63 29 88.6579208374 1
63 29 88.6622924805 1
63 29 88.6638259888 1
63 29 88.6977081299 1
63 29 88.7502822876 1
63 29 88.7547149658 1
63 29 88.7573776245 1
63 29 88.7583694458 1
63 29 88.7802276611 1
63 29 88.7866821289 1
63 29 88.7908782959 1
63 29 88.7972488403 1
63 29 88.821434021 1
63 29 88.8228988647 1
63 29 88.8239135742 1
63 29 88.832824707 1
63 29 88.854927063 1
63 29 88.8592605591 1
63 29 88.8645553589 1
63 29 88.8844604492 1
63 29 88.8959121704 1
63 29 88.8985595703 1
63 29 88.9190826416 1
63 29 88.9573516846 1
63 29 88.9581985474 1
63 29 89.0149459839 1
63 29 89.0341796875 1
63 29 89.0351486206 1
63 29 89.0381240845 1
63 29 89.0576095581 1
63 29 89.0751495361 1
63 29 89.1321334839 1
63 29 89.1646957397 1
63 29 89.1798171997 1
63 29 89.19190979 1
63 29 89.1933670044 1
63 29 89.2570724487 1
63 29 89.2740020752 1
63 29 89.2782897949 1
63 29 89.2829284668 1
63 29 89.2850418091 1
63 29 89.2939987183 1
63 29 89.3157958984 1
63 29 89.3170852661 1
63 29 89.3192825317 1
63 29 89.3287658691 1
63 29 89.3288345337 1
63 29 89.348739624 1
63 29 89.353263855 1
63 29 89.3686599731 1
63 29 89.3825454712 1
63 29 89.4088363647 1
63 29 89.4121627808 1
63 29 89.4177780151 1
63 29 89.4265441895 1
63 29 89.4451370239 1
63 29 89.4721374512 1
63 29 89.4935836792 1
63 29 89.5036773682 1
63 29 89.5254516602 1
63 29 89.5305328369 1
63 29 89.5373001099 1
63 29 89.5394668579 1
63 29 89.5475234985 1
63 29 89.5596389771 1
63 29 89.5711593628 1
63 29 89.593963623 1
63 29 89.6159667969 1
63 29 89.6241149902 1
63 29 89.6355895996 1
63 29 89.6575088501 1
63 29 89.6631164551 1
63 29 89.6704864502 1
63 29 89.6957931519 1
63 29 89.6962280273 1
63 29 89.6962509155 1
63 29 89.7083053589 1
63 29 89.7220077515 1
63 29 89.7296676636 1
63 29 89.7319335938 1
63 29 89.7363510132 1
63 29 89.7470169067 1
63 29 89.7599029541 1
63 29 89.7757034302 1
63 29 89.7890014648 1
63 29 89.7902069092 1
63 29 89.8034057617 1
63 29 89.8153991699 1
63 29 89.8205413818 1
63 29 89.8228302002 1
63 29 89.8471984863 1
63 29 89.8688583374 1
63 29 89.9232788086 1
63 29 89.950553894 1
63 29 89.952331543 1
63 29 89.9609527588 1
63 29 89.97605896 1
63 29 90.0031585693 1
63 29 90.0087280273 1
63 29 90.0276412964 1
63 29 90.0285263062 1
63 29 90.0406570435 1
63 29 90.0478591919 1
63 29 90.0511322021 1
63 29 90.0608901978 1
63 29 90.0615997314 1
63 29 90.0677642822 1
63 29 90.073425293 1
63 29 90.0739212036 1
63 29 90.0803146362 1
63 29 90.1262283325 1
63 29 90.140953064 1
63 29 90.1603317261 1
63 29 90.1619262695 1
63 29 90.1916885376 1
63 29 90.1961364746 1
63 29 90.2083816528 1
63 29 90.209564209 1
63 29 90.2119140625 1
63 29 90.2129592896 1
63 29 90.2498321533 1
63 29 90.2607345581 1
63 29 90.2636489868 1
63 29 90.2656555176 1
63 29 90.2705764771 1
63 29 90.2717514038 1
63 29 90.2878036499 1
63 29 90.2908172607 1
63 29 90.3158569336 1
63 29 90.3199005127 1
63 29 90.3378295898 1
63 29 90.347442627 1
63 29 90.348236084 1
63 29 90.3484191895 1
63 29 90.3497772217 1
63 29 90.359375 1
63 29 90.3602600098 1
63 29 90.3849105835 1
63 29 90.392036438 1
63 29 90.4085388184 1
63 29 90.4100189209 1
63 29 90.4127960205 1
63 29 90.4204864502 1
63 29 90.4214019775 1
63 29 90.4251251221 1
63 29 90.4255981445 1
63 29 90.4273834229 1
63 29 90.4291305542 1
63 29 90.4373321533 1
63 29 90.4544296265 1
63 29 90.4552383423 1
63 29 90.4821548462 1
63 29 90.4883651733 1
63 29 90.489616394 1
63 29 90.4928970337 1
63 29 90.4959716797 1
63 29 90.5039901733 1
63 29 90.5197677612 1
63 29 90.5313720703 1
63 29 90.5339508057 1
63 29 90.5419616699 1
63 29 90.5433273315 1
63 29 90.547744751 1
63 29 90.5609817505 1
63 29 90.5887832642 1
63 29 90.6143875122 1
63 29 90.6590194702 1
63 29 90.674331665 1
63 29 90.6812667847 1
63 29 90.6892700195 1
63 29 90.7200698853 1
63 29 90.7202987671 1
63 29 90.7395095825 1
63 29 90.7529296875 1
63 29 90.7615509033 1
63 29 90.7616882324 1
63 29 90.7637023926 1
63 29 90.7674942017 1
63 29 90.7762680054 1
63 29 90.7871170044 1
63 29 90.7922821045 1
63 29 90.8032302856 1
63 29 90.8044204712 1
63 29 90.8194274902 1
63 29 90.8216400146 1
63 29 90.8365783691 1
63 29 90.8370895386 1
63 29 90.8449859619 1
63 29 90.849937439 1
63 29 90.8500976562 1
63 29 90.8534317017 1
63 29 90.8562774658 1
63 29 90.8758087158 1
63 29 90.8783035278 1
63 29 90.8850860596 1
63 29 90.8942184448 1
63 29 90.9106140137 1
63 29 90.9112854004 1
63 29 90.914642334 1
63 29 90.9192504883 1
63 29 90.9443359375 1
63 29 90.9528656006 1
63 29 90.9549942017 1
63 29 90.9671707153 1
63 29 90.9906158447 1
63 29 90.9973983765 1
63 29 91.003692627 1
63 29 91.0252075195 1
63 29 91.0330581665 1
63 29 91.037109375 1
63 29 91.0477752686 1
63 29 91.0531539917 1
63 29 91.0627365112 1
63 29 91.0711135864 1
63 29 91.0838546753 1
63 29 91.0848617554 1
63 29 91.0990142822 1
63 29 91.1000289917 1
63 29 91.1222000122 1
63 29 91.147857666 1
63 29 91.1572341919 1
63 29 91.2038345337 1
63 29 91.2261962891 1
63 29 91.2411880493 1
63 29 91.2758636475 1
63 29 91.3208618164 1
63 29 91.339553833 1
63 29 91.3421096802 1
63 29 91.3486938477 1
63 29 91.3552856445 1
63 29 91.3842849731 1
63 29 91.4036712646 1
63 29 91.4069137573 1
63 29 91.432258606 1
63 29 91.438949585 1
63 29 91.4517211914 1
63 29 91.4539489746 1
63 29 91.4893188477 1
63 29 91.548614502 1
63 29 91.5525588989 1
63 29 91.5526657104 1
63 29 91.5567245483 1
63 29 91.5681152344 1
63 29 91.5705795288 1
63 29 91.5986022949 1
63 29 91.6011810303 1
63 29 91.6095275879 1
63 29 91.6226501465 1
63 29 91.6291809082 1
63 29 91.6368103027 1
63 29 91.6489028931 1
63 29 91.6533813477 1
63 29 91.6601715088 1
63 29 91.6691513062 1
63 29 91.6729202271 1
63 29 91.6850128174 1
63 29 91.6994476318 1
63 29 91.7134857178 1
63 29 91.7240371704 1
63 29 91.7260055542 1
63 29 91.7293624878 1
63 29 91.7298126221 1
63 29 91.7441482544 1
63 29 91.7566986084 1
63 29 91.7940979004 1
63 29 91.7943649292 1
63 29 91.799659729 1
63 29 91.8021621704 1
63 29 91.8436737061 1
63 29 91.854095459 1
63 29 91.8542327881 1
63 29 91.8714294434 1
63 29 91.8723907471 1
63 29 91.8736343384 1
63 29 91.9082489014 1
63 29 91.9132080078 1
63 29 91.9298553467 1
63 29 91.9339294434 1
63 29 91.9404220581 1
63 29 91.954788208 1
63 29 91.9699859619 1
63 29 91.9807128906 1
63 29 92.0043487549 1
63 29 92.022644043 1
63 29 92.0282440186 1
63 29 92.032371521 1
63 29 92.0413742065 1
63 29 92.0530166626 1
63 29 92.0541000366 1
63 29 92.0584411621 1
63 29 92.0669326782 1
63 29 92.0731735229 1
63 29 92.0908966064 1
63 29 92.0986785889 1
63 29 92.1095123291 1
63 29 92.1158370972 1
63 29 92.1192932129 1
63 29 92.1491775513 1
63 29 92.1517105103 1
63 29 92.1611709595 1
63 29 92.1645812988 1
63 29 92.1691894531 1
63 29 92.1773147583 1
63 29 92.1787872314 1
63 29 92.1812973022 1
63 29 92.1920166016 1
63 29 92.1951751709 1
63 29 92.2007751465 1
63 29 92.2076797485 1
63 29 92.2133712769 1
63 29 92.2314758301 1
63 29 92.2498703003 1
63 29 92.2652893066 1
63 29 92.2735443115 1
63 29 92.2785186768 1
63 29 92.2788848877 1
63 29 92.2979354858 1
63 29 92.3070144653 1
63 29 92.3154525757 1
63 29 92.3172225952 1
63 29 92.3413162231 1
63 29 92.3547897339 1
63 29 92.3621444702 1
63 29 92.3696136475 1
63 29 92.3701019287 1
63 29 92.3786773682 1
63 29 92.3840026855 1
63 29 92.3921813965 1
63 29 92.4056549072 1
63 29 92.4250869751 1
63 29 92.4443054199 1
63 29 92.454536438 1
63 29 92.4609527588 1
63 29 92.4650802612 1
63 29 92.4743804932 1
63 29 92.4777755737 1
63 29 92.5015640259 1
63 29 92.5043258667 1
63 29 92.5250778198 1
63 29 92.5272521973 1
63 29 92.5395889282 1
63 29 92.5820159912 1
63 29 92.5870361328 1
63 29 92.5880050659 1
63 29 92.6041946411 1
63 29 92.6098327637 1
63 29 92.6138458252 1
63 29 92.6360778809 1
63 29 92.6368103027 1
63 29 92.6443481445 1
63 29 92.645072937 1
63 29 92.6688308716 1
63 29 92.6838912964 1
63 29 92.6906051636 1
63 29 92.7261657715 1
63 29 92.7263717651 1
63 29 92.7503051758 1
63 29 92.7660980225 1
63 29 92.778465271 1
63 29 92.8025894165 1
63 29 92.8135070801 1
63 29 92.8138504028 1
63 29 92.8181991577 1
63 29 92.8197250366 1
63 29 92.8242721558 1
63 29 92.825920105 1
63 29 92.8296585083 1
63 29 92.8373641968 1
63 29 92.848526001 1
63 29 92.8499145508 1
63 29 92.867980957 1
63 29 92.8947067261 1
63 29 92.9076538086 1
63 29 92.9125747681 1
63 29 92.9343109131 1
63 29 92.9409103394 1
63 29 92.9617614746 1
63 29 92.9755401611 1
63 29 92.9877853394 1
63 29 93.0244369507 1
63 29 93.0323181152 1
63 29 93.0418167114 1
63 29 93.046661377 1
63 29 93.0770874023 1
63 29 93.0921325684 1
63 29 93.0973510742 1
63 29 93.0987319946 1
63 29 93.0992355347 1
63 29 93.1074066162 1
63 29 93.1185760498 1
63 29 93.1351470947 1
63 29 93.1378555298 1
63 29 93.1410064697 1
63 29 93.1514434814 1
63 29 93.1529006958 1
63 29 93.1602020264 1
63 29 93.1784896851 1
63 29 93.195526123 1
63 29 93.2010574341 1
63 29 93.206817627 1
63 29 93.2089309692 1
63 29 93.2107925415 1
63 29 93.2115325928 1
63 29 93.2196502686 1
63 29 93.2376556396 1
63 29 93.2397613525 1
63 29 93.2469329834 1
63 29 93.2497558594 1
63 29 93.2690353394 1
63 29 93.2828826904 1
63 29 93.3155288696 1
63 29 93.3158187866 1
63 29 93.3325042725 1
63 29 93.3459014893 1
63 29 93.3464508057 1
63 29 93.3503952026 1
63 29 93.3528823853 1
63 29 93.3566055298 1
63 29 93.3843231201 1
63 29 93.3860626221 1
63 29 93.4121780396 1
63 29 93.4268417358 1
63 29 93.4282608032 1
63 29 93.4307556152 1
63 29 93.4541168213 1
63 29 93.458114624 1
63 29 93.4628982544 1
63 29 93.4684829712 1
63 29 93.48046875 1
63 29 93.4997177124 1
63 29 93.503112793 1
63 29 93.5058746338 1
63 29 93.521736145 1
63 29 93.5596008301 1
63 29 93.5624694824 1
63 29 93.5956802368 1
63 29 93.6077804565 1
63 29 93.6162033081 1
63 29 93.6228485107 1
63 29 93.6239242554 1
63 29 93.6245956421 1
63 29 93.6382141113 1
63 29 93.6428909302 1
63 29 93.6505584717 1
63 29 93.6565628052 1
63 29 93.657409668 1
63 29 93.6953964233 1
63 29 93.6996536255 1
63 29 93.7225799561 1
63 29 93.7388076782 1
63 29 93.7413101196 1
63 29 93.7785415649 1
63 29 93.7814788818 1
63 29 93.7918548584 1
63 29 93.794708252 1
63 29 93.7989578247 1
63 29 93.8197479248 1
63 29 93.8296051025 1
63 29 93.837310791 1
63 29 93.8409729004 1
63 29 93.8703613281 1
63 29 93.877822876 1
63 29 93.8857955933 1
63 29 93.8876037598 1
63 29 93.8991546631 1
63 29 93.9015579224 1
63 29 93.9032821655 1
63 29 93.9036026001 1
63 29 93.9094467163 1
63 29 93.9444885254 1
63 29 93.9468154907 1
63 29 93.9483184814 1
63 29 93.9491729736 1
63 29 93.9527359009 1
63 29 93.9546661377 1
63 29 93.9918670654 1
63 29 93.9922561646 1
63 29 94.0260009766 1
63 29 94.0469741821 1
63 29 94.0545196533 1
63 29 94.0576629639 1
63 29 94.0619659424 1
63 29 94.0670166016 1
63 29 94.0761184692 1
63 29 94.0925064087 1
63 29 94.0963821411 1
63 29 94.0968780518 1
63 29 94.1060333252 1
63 29 94.1066360474 1
63 29 94.120300293 1
63 29 94.1221389771 1
63 29 94.1319961548 1
63 29 94.1649780273 1
63 29 94.1667785645 1
63 29 94.1715774536 1
63 29 94.1885604858 1
63 29 94.2054214478 1
63 29 94.2108383179 1
63 29 94.2322692871 1
63 29 94.2485122681 1
63 29 94.2697067261 1
63 29 94.2730255127 1
63 29 94.2933731079 1
63 29 94.3016662598 1
63 29 94.3057479858 1
63 29 94.3227767944 1
63 29 94.349899292 1
63 29 94.3544921875 1
63 29 94.3560333252 1
63 29 94.3611373901 1
63 29 94.3632125854 1
63 29 94.3655090332 1
63 29 94.3660736084 1
63 29 94.3716583252 1
63 29 94.3812103271 1
63 29 94.3976669312 1
63 29 94.4063110352 1
63 29 94.4166793823 1
63 29 94.4210968018 1
63 29 94.4229507446 1
63 29 94.4253997803 1
63 29 94.4386138916 1
63 29 94.4418716431 1
63 29 94.4579162598 1
63 29 94.4869003296 1
63 29 94.5009231567 1
63 29 94.5049972534 1
63 29 94.5081100464 1
63 29 94.5184173584 1
63 29 94.5216217041 1
63 29 94.5259933472 1
63 29 94.5292129517 1
63 29 94.5349884033 1
63 29 94.536026001 1
63 29 94.5451431274 1
63 29 94.5591812134 1
63 29 94.5864944458 1
63 29 94.5972747803 1
63 29 94.6233978271 1
63 29 94.6267776489 1
63 29 94.6320953369 1
63 29 94.6573257446 1
63 29 94.6792831421 1
63 29 94.6907272339 1
63 29 94.7491836548 1
63 29 94.7517089844 1
63 29 94.7727890015 1
63 29 94.7744598389 1
63 29 94.7764816284 1
63 29 94.7819595337 1
63 29 94.8061676025 1
63 29 94.814994812 1
63 29 94.8323287964 1
63 29 94.8480529785 1
63 29 94.8593826294 1
63 29 94.8755111694 1
63 29 94.8763275146 1
63 29 94.8768386841 1
63 29 94.8848953247 1
63 29 94.8869934082 1
63 29 94.8936080933 1
63 29 94.8936920166 1
63 29 94.8977966309 1
63 29 94.9110412598 1
63 29 94.9215087891 1
63 29 94.9335632324 1
63 29 94.9535369873 1
63 29 94.9575576782 1
63 29 94.9689559937 1
63 29 94.9963684082 1
63 29 95.0099258423 1
63 29 95.0139770508 1
63 29 95.0470123291 1
63 29 95.0532150269 1
63 29 95.0679702759 1
63 29 95.0782318115 1
63 29 95.0883026123 1
63 29 95.0894393921 1
63 29 95.1080627441 1
63 29 95.1081085205 1
63 29 95.1091308594 1
63 29 95.1227493286 1
63 29 95.1409683228 1
63 29 95.1491851807 1
63 29 95.1497268677 1
63 29 95.1592330933 1
63 29 95.1611328125 1
63 29 95.1664733887 1
63 29 95.1685180664 1
63 29 95.2303771973 1
63 29 95.2375946045 1
63 29 95.2692489624 1
63 29 95.2727890015 1
63 29 95.2893447876 1
63 29 95.2942504883 1
63 29 95.2974472046 1
63 29 95.306854248 1
63 29 95.3075714111 1
63 29 95.3165893555 1
63 29 95.3232650757 1
63 29 95.3405075073 1
63 29 95.3426971436 1
63 29 95.3529586792 1
63 29 95.3971405029 1
63 29 95.4055938721 1
63 29 95.4287109375 1
63 29 95.4397354126 1
63 29 95.4512405396 1
63 29 95.483833313 1
63 29 95.4908447266 1
63 29 95.4980239868 1
63 29 95.4985351562 1
63 29 95.5074081421 1
63 29 95.5293426514 1
63 29 95.5297775269 1
63 29 95.5477905273 1
63 29 95.5625228882 1
63 29 95.5705718994 1
63 29 95.5730895996 1
63 29 95.5746383667 1
63 29 95.5809860229 1
63 29 95.58543396 1
63 29 95.620262146 1
63 29 95.6467285156 1
63 29 95.6475601196 1
63 29 95.6532058716 1
63 29 95.6862792969 1
63 29 95.6903762817 1
63 29 95.69506073 1
63 29 95.7146224976 1
63 29 95.7205963135 1
63 29 95.7239379883 1
63 29 95.7460250854 1
63 29 95.759262085 1
63 29 95.7607955933 1
63 29 95.7735671997 1
63 29 95.7922821045 1
63 29 95.7956771851 1
63 29 95.8060836792 1
63 29 95.8236694336 1
63 29 95.8366699219 1
63 29 95.8421096802 1
63 29 95.8467254639 1
63 29 95.8495254517 1
63 29 95.8865585327 1
63 29 95.8912506104 1
63 29 95.8955230713 1
63 29 95.9030609131 1
63 29 95.9049606323 1
63 29 95.9077377319 1
63 29 95.9233551025 1
63 29 95.9267120361 1
63 29 95.9286804199 1
63 29 95.9365615845 1
63 29 95.9487075806 1
63 29 95.9565429688 1
63 29 95.9708862305 1
63 29 95.9851379395 1
63 29 95.9873657227 1
63 29 96.0104446411 1
63 29 96.0165710449 1
63 29 96.0417251587 1
63 29 96.0632019043 1
63 29 96.0720291138 1
63 29 96.0780944824 1
63 29 96.0969009399 1
63 29 96.097869873 1
63 29 96.1547164917 1
63 29 96.1681900024 1
63 29 96.1849822998 1
63 29 96.1884613037 1
63 29 96.1930541992 1
63 29 96.2098236084 1
63 29 96.2133407593 1
63 29 96.2247085571 1
63 29 96.2380981445 1
63 29 96.2506942749 1
63 29 96.2539901733 1
63 29 96.2568664551 1
63 29 96.2677001953 1
63 29 96.2859039307 1
63 29 96.309387207 1
63 29 96.3117904663 1
63 29 96.3238601685 1
63 29 96.3325958252 1
63 29 96.3362884521 1
63 29 96.3441314697 1
63 29 96.3447799683 1
63 29 96.3581542969 1
63 29 96.3596115112 1
63 29 96.3612747192 1
63 29 96.3747558594 1
63 29 96.3790893555 1
63 29 96.3894958496 1
63 29 96.3988113403 1
63 29 96.4001235962 1
63 29 96.4049835205 1
63 29 96.4129867554 1
63 29 96.4157943726 1
63 29 96.4162826538 1
63 29 96.4333648682 1
63 29 96.4345321655 1
63 29 96.4360656738 1
63 29 96.4526062012 1
63 29 96.4531097412 1
63 29 96.4647979736 1
63 29 96.4693222046 1
63 29 96.4778137207 1
63 29 96.4814071655 1
63 29 96.4894790649 1
63 29 96.5020523071 1
63 29 96.5082473755 1
63 29 96.5091323853 1
63 29 96.5284881592 1
63 29 96.5340805054 1
63 29 96.5356063843 1
63 29 96.5366821289 1
63 29 96.557510376 1
63 29 96.5722198486 1
63 29 96.5768051147 1
63 29 96.5871658325 1
63 29 96.5939178467 1
63 29 96.6109848022 1
63 29 96.6114349365 1
63 29 96.6292648315 1
63 29 96.6533813477 1
63 29 96.7250213623 1
63 29 96.7306671143 1
63 29 96.7520523071 1
63 29 96.7570953369 1
63 29 96.7623519897 1
63 29 96.7649230957 1
63 29 96.7667922974 1
63 29 96.7744598389 1
63 29 96.7828292847 1
63 29 96.7887573242 1
63 29 96.7905349731 1
63 29 96.7912597656 1
63 29 96.7962341309 1
63 29 96.7981796265 1
63 29 96.8115234375 1
63 29 96.8133926392 1
63 29 96.8302459717 1
63 29 96.8514175415 1
63 29 96.8643798828 1
63 29 96.879737854 1
63 29 96.8840713501 1
63 29 96.9019546509 1
63 29 96.9081573486 1
63 29 96.9111251831 1
63 29 96.9130859375 1
63 29 96.9146957397 1
63 29 96.927444458 1
63 29 96.9288101196 1
63 29 96.9305038452 1
63 29 96.9399490356 1
63 29 96.9671020508 1
63 29 96.9860305786 1
63 29 96.9876708984 1
63 29 97.0036239624 1
63 29 97.0340576172 1
63 29 97.0454177856 1
63 29 97.0539474487 1
63 29 97.0576171875 1
63 29 97.0582275391 1
63 29 97.0752639771 1
63 29 97.0938644409 1
63 29 97.1116943359 1
63 29 97.1123886108 1
63 29 97.1307296753 1
63 29 97.167098999 1
63 29 97.1802597046 1
63 29 97.2003631592 1
63 29 97.2194213867 1
63 29 97.2395172119 1
63 29 97.2416381836 1
63 29 97.252204895 1
63 29 97.2560958862 1
63 29 97.2603530884 1
63 29 97.2755889893 1
63 29 97.277381897 1
63 29 97.2789611816 1
63 29 97.2950897217 1
63 29 97.3165435791 1
63 29 97.3591766357 1
63 29 97.3610458374 1
63 29 97.3725738525 1
63 29 97.3803405762 1
63 29 97.3953018188 1
63 29 97.3996810913 1
63 29 97.4254760742 1
63 29 97.4507064819 1
63 29 97.4508743286 1
63 29 97.4711608887 1
63 29 97.5122756958 1
63 29 97.5319671631 1
63 29 97.5345687866 1
63 29 97.5389328003 1
63 29 97.5502929688 1
63 29 97.5529022217 1
63 29 97.5581665039 1
63 29 97.5636978149 1
63 29 97.5893554688 1
63 29 97.5939254761 1
63 29 97.5940856934 1
63 29 97.5941619873 1
63 29 97.59740448 1
63 29 97.6035614014 1
63 29 97.6113128662 1
63 29 97.6115570068 1
63 29 97.6156311035 1
63 29 97.6222686768 1
63 29 97.629486084 1
63 29 97.6339263916 1
63 29 97.6361999512 1
63 29 97.6494750977 1
63 29 97.6693344116 1
63 29 97.671005249 1
63 29 97.678276062 1
63 29 97.6869049072 1
63 29 97.6983108521 1
63 29 97.698348999 1
63 29 97.6987686157 1
63 29 97.7309799194 1
63 29 97.7349319458 1
63 29 97.7356109619 1
63 29 97.7761077881 1
63 29 97.7843933105 1
63 29 97.8353500366 1
63 29 97.8468704224 1
63 29 97.8706436157 1
63 29 97.8719558716 1
63 29 97.8779373169 1
63 29 97.880241394 1
63 29 97.9141387939 1
63 29 97.9147491455 1
63 29 97.9217910767 1
63 29 97.9247741699 1
63 29 97.931060791 1
63 29 97.9376831055 1
63 29 97.9587631226 1
63 29 97.9783401489 1
63 29 97.9805908203 1
63 29 98.008140564 1
63 29 98.0175094604 1
63 29 98.0220565796 1
63 29 98.0276565552 1
63 29 98.033203125 1
63 29 98.0391769409 1
63 29 98.045753479 1
63 29 98.0512924194 1
63 29 98.059425354 1
63 29 98.0674972534 1
63 29 98.0723266602 1
63 29 98.0820922852 1
63 29 98.0927581787 1
63 29 98.1023330688 1
63 29 98.1126098633 1
63 29 98.1462631226 1
63 29 98.1941375732 1
63 29 98.1981964111 1
63 29 98.2305526733 1
63 29 98.2314224243 1
63 29 98.2527618408 1
63 29 98.2609558105 1
63 29 98.2633895874 1
63 29 98.2661361694 1
63 29 98.2773895264 1
63 29 98.2941055298 1
63 29 98.2961959839 1
63 29 98.2978439331 1
63 29 98.3214874268 1
63 29 98.3272399902 1
63 29 98.3299865723 1
63 29 98.3336486816 1
63 29 98.3673324585 1
63 29 98.3832550049 1
63 29 98.3950653076 1
63 29 98.4026641846 1
63 29 98.4155960083 1
63 29 98.4272384644 1
63 29 98.4570159912 1
63 29 98.4682235718 1
63 29 98.4741516113 1
63 29 98.4845123291 1
63 29 98.500617981 1
63 29 98.508682251 1
63 29 98.510925293 1
63 29 98.5142822266 1
63 29 98.5263061523 1
63 29 98.5525817871 1
63 29 98.5543899536 1
63 29 98.5642929077 1
63 29 98.5666351318 1
63 29 98.5781860352 1
63 29 98.5783843994 1
63 29 98.5929489136 1
63 29 98.594329834 1
63 29 98.6011657715 1
63 29 98.6165847778 1
63 29 98.6291351318 1
63 29 98.6387023926 1
63 29 98.6540908813 1
63 29 98.654335022 1
63 29 98.6903610229 1
63 29 98.6927719116 1
63 29 98.7076644897 1
63 29 98.712562561 1
63 29 98.7157211304 1
63 29 98.7197952271 1
63 29 98.7202606201 1
63 29 98.7420196533 1
63 29 98.743347168 1
63 29 98.7522735596 1
63 29 98.7542877197 1
63 29 98.7825698853 1
63 29 98.7835159302 1
63 29 98.789894104 1
63 29 98.7960205078 1
63 29 98.8605270386 1
63 29 98.8762435913 1
63 29 98.8777389526 1
63 29 98.8824005127 1
63 29 98.8980865479 1
63 29 98.909286499 1
63 29 98.9252319336 1
63 29 98.9396896362 1
63 29 98.9477386475 1
63 29 98.955078125 1
63 29 98.9668655396 1
63 29 98.976600647 1
63 29 98.9824905396 1
63 29 98.9880371094 1
63 29 99.03465271 1
63 29 99.0347137451 1
63 29 99.0394134521 1
63 29 99.0488891602 1
63 29 99.0493240356 1
63 29 99.0730667114 1
63 29 99.0971755981 1
63 29 99.106338501 1
63 29 99.1091079712 1
63 29 99.1483078003 1
63 29 99.1485366821 1
63 29 99.1776428223 1
63 29 99.1838302612 1
63 29 99.2117996216 1
63 29 99.2232437134 1
63 29 99.2319793701 1
63 29 99.2448043823 1
63 29 99.252243042 1
63 29 99.2692718506 1
63 29 99.2740325928 1
63 29 99.2790222168 1
63 29 99.2886962891 1
63 29 99.2980575562 1
63 29 99.3048477173 1
63 29 99.3131332397 1
63 29 99.3150558472 1
63 29 99.3393783569 1
63 29 99.3409576416 1
63 29 99.3432159424 1
63 29 99.3457641602 1
63 29 99.3579330444 1
63 29 99.3684844971 1
63 29 99.3702163696 1
63 29 99.371925354 1
63 29 99.3729705811 1
63 29 99.3748855591 1
63 29 99.3918533325 1
63 29 99.3964080811 1
63 29 99.4128799438 1
63 29 99.4214248657 1
63 29 99.4289779663 1
63 29 99.4350128174 1
63 29 99.4509887695 1
63 29 99.466835022 1
63 29 99.4673309326 1
63 29 99.4752426147 1
63 29 99.4888687134 1
63 29 99.5125198364 1
63 29 99.5220336914 1
63 29 99.6133651733 1
63 29 99.6221084595 1
63 29 99.6436462402 1
63 29 99.6563339233 1
63 29 99.6853027344 1
63 29 99.7220687866 1
63 29 99.7532958984 1
63 29 99.7664413452 1
63 29 99.7923660278 1
63 29 99.8014984131 1
63 29 99.8301620483 1
63 29 99.8344726562 1
63 29 99.852973938 1
63 29 99.8764572144 1
63 29 99.8774719238 1
63 29 99.8804168701 1
63 29 99.8908996582 1
63 29 99.9315414429 1
63 29 99.9325637817 1
63 29 99.9430007935 1
63 29 99.9496765137 1
63 29 99.9634246826 1
63 29 99.9658432007 1
63 29 99.9836578369 1
63 29 99.9979400635 1
63 29 100.010688782 1
63 29 100.01423645 1
63 29 100.02192688 1
63 29 100.027397156 1
63 29 100.061470032 1
63 29 100.099945068 1
63 29 100.106788635 1
63 29 100.119247437 1
63 29 100.123802185 1
63 29 100.140769958 1
63 29 100.142326355 1
63 29 100.151054382 1
63 29 100.173957825 1
63 29 100.189872742 1
63 29 100.195053101 1
63 29 100.218055725 1
63 29 100.228538513 1
63 29 100.23298645 1
63 29 100.244117737 1
63 29 100.276496887 1
63 29 100.297714233 1
63 29 100.306793213 1
63 29 100.308532715 1
63 29 100.381469727 1
63 29 100.401298523 1
63 29 100.402351379 1
63 29 100.418548584 1
63 29 100.459579468 1
63 29 100.467857361 1
63 29 100.473617554 1
63 29 100.483207703 1
63 29 100.498886108 1
63 29 100.523422241 1
63 29 100.524978638 1
63 29 100.537521362 1
63 29 100.540496826 1
63 29 100.541351318 1
63 29 100.545097351 1
63 29 100.552757263 1
63 29 100.563705444 1
63 29 100.569549561 1
63 29 100.593238831 1
63 29 100.605728149 1
63 29 100.611869812 1
63 29 100.634140015 1
63 29 100.638343811 1
63 29 100.651344299 1
63 29 100.654388428 1
63 29 100.655380249 1
63 29 100.706237793 1
63 29 100.725250244 1
63 29 100.728462219 1
63 29 100.741333008 1
63 29 100.776130676 1
63 29 100.789344788 1
63 29 100.794494629 1
63 29 100.805618286 1
63 29 100.861808777 1
63 29 100.875183105 1
63 29 100.875747681 1
63 29 100.880386353 1
63 29 100.899200439 1
63 29 100.900550842 1
63 29 100.911804199 1
63 29 100.939483643 1
63 29 100.972633362 1
63 29 100.979598999 1
63 29 100.981506348 1
63 29 100.982284546 1
63 29 100.983070374 1
63 29 100.988670349 1
63 29 100.992370605 1
63 29 101.092338562 1
63 29 101.109580994 1
63 29 101.118782043 1
63 29 101.170539856 1
63 29 101.1824646 1
63 29 101.207366943 1
63 29 101.213172913 1
63 29 101.224014282 1
63 29 101.243095398 1
63 29 101.252044678 1
63 29 101.252349854 1
63 29 101.259689331 1
63 29 101.278808594 1
63 29 101.292648315 1
63 29 101.297958374 1
63 29 101.29989624 1
63 29 101.320556641 1
63 29 101.339790344 1
63 29 101.409042358 1
63 29 101.42829895 1
63 29 101.438835144 1
63 29 101.460144043 1
63 29 101.472091675 1
63 29 101.491134644 1
63 29 101.492828369 1
63 29 101.494827271 1
63 29 101.496452332 1
63 29 101.500778198 1
63 29 101.501327515 1
63 29 101.501358032 1
63 29 101.50151062 1
63 29 101.502075195 1
63 29 101.506149292 1
63 29 101.540130615 1
63 29 101.542327881 1
63 29 101.555770874 1
63 29 101.574562073 1
63 29 101.575271606 1
63 29 101.585319519 1
63 29 101.587547302 1
63 29 101.613365173 1
63 29 101.62071228 1
63 29 101.632797241 1
63 29 101.641235352 1
63 29 101.670394897 1
63 29 101.675445557 1
63 29 101.677131653 1
63 29 101.683128357 1
63 29 101.698554993 1
63 29 101.747329712 1
63 29 101.787994385 1
63 29 101.789863586 1
63 29 101.791816711 1
63 29 101.798171997 1
63 29 101.801849365 1
63 29 101.811698914 1
63 29 101.821746826 1
63 29 101.831192017 1
63 29 101.837127686 1
63 29 101.849884033 1
63 29 101.850196838 1
63 29 101.851135254 1
63 29 101.85962677 1
63 29 101.873939514 1
63 29 101.891983032 1
63 29 101.896537781 1
63 29 101.907920837 1
63 29 101.924308777 1
63 29 102.039482117 1
63 29 102.065063477 1
63 29 102.066558838 1
63 29 102.082847595 1
63 29 102.119117737 1
63 29 102.149520874 1
63 29 102.158149719 1
63 29 102.163200378 1
63 29 102.223022461 1
63 29 102.246932983 1
63 29 102.271492004 1
63 29 102.274482727 1
63 29 102.275611877 1
63 29 102.278434753 1
63 29 102.308372498 1
63 29 102.318359375 1
63 29 102.332641602 1
63 29 102.336990356 1
63 29 102.379714966 1
63 29 102.39705658 1
63 29 102.400192261 1
63 29 102.417411804 1
63 29 102.4818573 1
63 29 102.499404907 1
63 29 102.511268616 1
63 29 102.516670227 1
63 29 102.527397156 1
63 29 102.528312683 1
63 29 102.544235229 1
63 29 102.576423645 1
63 29 102.617897034 1
63 29 102.627845764 1
63 29 102.632850647 1
63 29 102.639663696 1
63 29 102.672088623 1
63 29 102.724067688 1
63 29 102.726051331 1
63 29 102.726539612 1
63 29 102.777732849 1
63 29 102.784446716 1
63 29 102.811515808 1
63 29 102.811943054 1
63 29 102.816505432 1
63 29 102.830726624 1
63 29 102.845985413 1
63 29 102.85736084 1
63 29 102.868225098 1
63 29 102.898269653 1
63 29 102.93334198 1
63 29 102.968307495 1
63 29 102.976860046 1
63 29 102.988098145 1
63 29 102.992004395 1
63 29 103.022521973 1
63 29 103.02368927 1
63 29 103.02747345 1
63 29 103.041320801 1
63 29 103.051353455 1
63 29 103.073287964 1
63 29 103.118370056 1
63 29 103.123497009 1
63 29 103.129722595 1
63 29 103.138801575 1
63 29 103.144607544 1
63 29 103.200752258 1
63 29 103.208908081 1
63 29 103.228889465 1
63 29 103.282569885 1
63 29 103.312385559 1
63 29 103.349830627 1
63 29 103.357963562 1
63 29 103.36378479 1
63 29 103.379730225 1
63 29 103.394386292 1
63 29 103.394462585 1
63 29 103.419822693 1
63 29 103.431488037 1
63 29 103.432029724 1
63 29 103.437705994 1
63 29 103.444343567 1
63 29 103.484420776 1
63 29 103.531158447 1
63 29 103.534049988 1
63 29 103.551528931 1
63 29 103.576347351 1
63 29 103.614707947 1
63 29 103.653198242 1
63 29 103.66532135 1
63 29 103.704231262 1
63 29 103.723655701 1
63 29 103.76423645 1
63 29 103.79511261 1
63 29 103.850082397 1
63 29 103.865318298 1
63 29 103.869529724 1
63 29 103.875061035 1
63 29 103.893569946 1
63 29 103.896308899 1
63 29 103.904251099 1
63 29 103.934913635 1
63 29 103.98223877 1
63 29 103.992904663 1
63 29 103.997550964 1
63 29 104.03188324 1
63 29 104.061668396 1
63 29 104.146469116 1
63 29 104.160125732 1
63 29 104.177246094 1
63 29 104.17754364 1
63 29 104.191757202 1
63 29 104.199501038 1
63 29 104.243530273 1
63 29 104.285934448 1
63 29 104.28742218 1
63 29 104.320098877 1
63 29 104.350143433 1
63 29 104.35975647 1
63 29 104.361183167 1
63 29 104.39453125 1
63 29 104.40171814 1
63 29 104.41985321 1
63 29 104.442382812 1
63 29 104.445030212 1
63 29 104.453826904 1
63 29 104.481063843 1
63 29 104.493804932 1
63 29 104.546104431 1
63 29 104.558753967 1
63 29 104.605323792 1
63 29 104.623687744 1
63 29 104.661392212 1
63 29 104.707328796 1
63 29 104.715774536 1
63 29 104.720329285 1
63 29 104.731925964 1
63 29 104.742599487 1
63 29 104.755714417 1
63 29 104.769538879 1
63 29 104.792442322 1
63 29 104.810646057 1
63 29 104.813491821 1
63 29 104.822807312 1
63 29 104.823043823 1
63 29 104.82383728 1
63 29 104.833480835 1
63 29 104.850601196 1
63 29 104.873336792 1
63 29 104.89415741 1
63 29 104.899841309 1
63 29 104.905487061 1
63 29 104.908409119 1
63 29 104.914886475 1
63 29 104.921485901 1
63 29 104.932388306 1
63 29 104.933898926 1
63 29 104.936271667 1
63 29 104.956077576 1
63 29 104.965278625 1
63 29 104.967674255 1
63 29 104.995819092 1
63 29 105.005203247 1
63 29 105.039047241 1
63 29 105.051948547 1
63 29 105.064239502 1
63 29 105.098472595 1
63 29 105.099578857 1
63 29 105.140289307 1
63 29 105.164466858 1
63 29 105.197158813 1
63 29 105.200935364 1
63 29 105.274353027 1
63 29 105.285415649 1
63 29 105.336753845 1
63 29 105.339347839 1
63 29 105.422767639 1
63 29 105.457962036 1
63 29 105.473937988 1
63 29 105.4764328 1
63 29 105.485641479 1
63 29 105.510253906 1
63 29 105.542617798 1
63 29 105.545394897 1
63 29 105.569374084 1
63 29 105.58605957 1
63 29 105.635505676 1
63 29 105.703941345 1
63 29 105.735122681 1
63 29 105.789825439 1
63 29 105.810203552 1
63 29 105.817321777 1
63 29 105.852058411 1
63 29 105.877403259 1
63 29 105.888404846 1
63 29 105.898971558 1
63 29 105.921958923 1
63 29 105.95236969 1
63 29 105.962913513 1
63 29 105.9634552 1
63 29 106.056236267 1
63 29 106.095726013 1
63 29 106.107223511 1
63 29 106.112426758 1
63 29 106.184898376 1
63 29 106.190979004 1
63 29 106.193153381 1
63 29 106.202735901 1
63 29 106.209594727 1
63 29 106.211654663 1
63 29 106.238243103 1
63 29 106.260543823 1
63 29 106.302474976 1
63 29 106.303924561 1
63 29 106.323898315 1
63 29 106.341278076 1
63 29 106.363441467 1
63 29 106.389419556 1
63 29 106.462394714 1
63 29 106.49962616 1
63 29 106.551612854 1
63 29 106.555343628 1
63 29 106.559631348 1
63 29 106.585746765 1
63 29 106.59602356 1
63 29 106.601875305 1
63 29 106.620529175 1
63 29 106.643257141 1
63 29 106.648353577 1
63 29 106.668273926 1
63 29 106.729278564 1
63 29 106.798194885 1
63 29 106.831764221 1
63 29 106.874275208 1
63 29 106.892822266 1
63 29 106.976036072 1
63 29 107.069900513 1
63 29 107.099945068 1
63 29 107.106391907 1
63 29 107.112785339 1
63 29 107.163719177 1
63 29 107.176979065 1
63 29 107.209159851 1
63 29 107.280525208 1
63 29 107.305084229 1
63 29 107.344909668 1
63 29 107.361572266 1
63 29 107.396774292 1
63 29 107.471313477 1
63 29 107.501907349 1
63 29 107.509147644 1
63 29 107.568641663 1
63 29 107.578269958 1
63 29 107.610664368 1
63 29 107.623031616 1
63 29 107.684829712 1
63 29 107.720123291 1
63 29 107.741455078 1
63 29 107.744308472 1
63 29 107.750343323 1
63 29 107.806228638 1
63 29 107.82169342 1
63 29 107.822616577 1
63 29 107.881515503 1
63 29 107.903442383 1
63 29 107.936988831 1
63 29 107.971916199 1
63 29 108.048690796 1
63 29 108.105705261 1
63 29 108.141792297 1
63 29 108.16028595 1
63 29 108.16468811 1
63 29 108.168373108 1
63 29 108.170043945 1
63 29 108.177330017 1
63 29 108.212112427 1
63 29 108.238258362 1
63 29 108.361763 1
63 29 108.448501587 1
63 29 108.496276855 1
63 29 108.507453918 1
63 29 108.546951294 1
63 29 108.553390503 1
63 29 108.553817749 1
63 29 108.561882019 1
63 29 108.567939758 1
63 29 108.575401306 1
63 29 108.576263428 1
63 29 108.583503723 1
63 29 108.644851685 1
63 29 108.64730835 1
63 29 108.675415039 1
63 29 108.678344727 1
63 29 108.723548889 1
63 29 108.739204407 1
63 29 108.77986145 1
63 29 108.801254272 1
63 29 108.82219696 1
63 29 108.88860321 1
63 29 108.921974182 1
63 29 108.931541443 1
63 29 109.038238525 1
63 29 109.082054138 1
63 29 109.099586487 1
63 29 109.117332458 1
63 29 109.174301147 1
63 29 109.223182678 1
63 29 109.262901306 1
63 29 109.273132324 1
63 29 109.321411133 1
63 29 109.34198761 1
63 29 109.366394043 1
63 29 109.406471252 1
63 29 109.432731628 1
63 29 109.433021545 1
63 29 109.502235413 1
63 29 109.503890991 1
63 29 109.504890442 1
63 29 109.583061218 1
63 29 109.594703674 1
63 29 109.61895752 1
63 29 109.655281067 1
63 29 109.67137146 1
63 29 109.724464417 1
63 29 109.768821716 1
63 29 109.782012939 1
63 29 109.809127808 1
63 29 109.828155518 1
63 29 109.888175964 1
63 29 109.900177002 1
63 29 109.944747925 1
63 29 110.031822205 1
63 29 110.096984863 1
63 29 110.138442993 1
63 29 110.173934937 1
63 29 110.192581177 1
63 29 110.215484619 1
63 29 110.273506165 1
63 29 110.274475098 1
63 29 110.294662476 1
63 29 110.334465027 1
63 29 110.369865417 1
63 29 110.37071991 1
63 29 110.421577454 1
63 29 110.451011658 1
63 29 110.522171021 1
63 29 110.541641235 1
63 29 110.54864502 1
63 29 110.552185059 1
63 29 110.562927246 1
63 29 110.608268738 1
63 29 110.661056519 1
63 29 110.79888916 1
63 29 110.813941956 1
63 29 110.845977783 1
63 29 110.91129303 1
63 29 110.922920227 1
63 29 110.942878723 1
63 29 111.013237 1
63 29 111.030296326 1
63 29 111.035003662 1
63 29 111.104324341 1
63 29 111.107299805 1
63 29 111.229988098 1
63 29 111.249061584 1
63 29 111.263427734 1
63 29 111.330810547 1
63 29 111.377372742 1
63 29 111.418144226 1
63 29 111.420707703 1
63 29 111.42427063 1
63 29 111.441078186 1
63 29 111.448883057 1
63 29 111.455833435 1
63 29 111.493415833 1
63 29 111.532424927 1
63 29 111.533042908 1
63 29 111.541542053 1
63 29 111.549491882 1
63 29 111.552635193 1
63 29 111.721420288 1
63 29 111.727828979 1
63 29 111.771873474 1
63 29 111.821479797 1
63 29 111.851165771 1
63 29 111.861053467 1
63 29 111.924705505 1
63 29 111.948143005 1
63 29 111.972084045 1
63 29 111.990684509 1
63 29 112.080444336 1
63 29 112.124961853 1
63 29 112.14125824 1
63 29 112.141281128 1
63 29 112.208351135 1
63 29 112.20841217 1
63 29 112.223503113 1
63 29 112.240013123 1
63 29 112.287872314 1
63 29 112.292953491 1
63 29 112.503791809 1
63 29 112.528457642 1
63 29 112.641807556 1
63 29 112.665840149 1
63 29 112.685661316 1
63 29 112.775054932 1
63 29 112.780860901 1
63 29 112.825714111 1
63 29 112.914161682 1
63 29 112.930274963 1
63 29 113.076507568 1
63 29 113.093597412 1
63 29 113.126945496 1
63 29 113.154197693 1
63 29 113.247123718 1
63 29 113.298927307 1
63 29 113.305198669 1
63 29 113.338310242 1
63 29 113.341293335 1
63 29 113.367584229 1
63 29 113.41608429 1
63 29 113.57434082 1
63 29 113.643081665 1
63 29 113.654541016 1
63 29 113.693733215 1
63 29 113.763320923 1
63 29 113.774215698 1
63 29 113.857574463 1
63 29 113.858543396 1
63 29 113.895507812 1
63 29 113.895523071 1
63 29 113.896476746 1
63 29 113.93258667 1
63 29 114.047462463 1
63 29 114.050849915 1
63 29 114.056739807 1
63 29 114.096405029 1
63 29 114.11542511 1
63 29 114.132202148 1
63 29 114.181533813 1
63 29 114.230583191 1
63 29 114.291931152 1
63 29 114.373573303 1
63 29 114.397605896 1
63 29 114.436172485 1
63 29 114.450057983 1
63 29 114.477516174 1
63 29 114.498519897 1
63 29 114.522209167 1
63 29 114.527442932 1
63 29 114.573097229 1
63 29 114.583984375 1
63 29 114.609390259 1
63 29 114.665786743 1
63 29 114.688774109 1
63 29 115.026252747 1
63 29 115.073471069 1
63 29 115.096260071 1
63 29 115.157524109 1
63 29 115.318908691 1
63 29 115.333137512 1
63 29 115.355964661 1
63 29 115.368080139 1
63 29 115.374855042 1
63 29 115.436569214 1
63 29 115.517463684 1
63 29 115.564949036 1
63 29 115.655960083 1
63 29 115.830184937 1
63 29 115.847091675 1
63 29 115.854667664 1
63 29 115.866516113 1
63 29 116.064720154 1
63 29 116.113838196 1
63 29 116.128036499 1
63 29 116.169258118 1
63 29 116.212722778 1
63 29 116.23651886 1
63 29 116.264175415 1
63 29 116.27973175 1
63 29 116.282234192 1
63 29 116.32648468 1
63 29 116.349311829 1
63 29 116.517333984 1
63 29 116.590858459 1
63 29 116.707046509 1
63 29 116.781166077 1
63 29 116.900550842 1
63 29 116.92212677 1
63 29 116.987556458 1
63 29 117.062919617 1
63 29 117.068244934 1
63 29 117.072273254 1
63 29 117.101669312 1
63 29 117.178970337 1
63 29 117.194793701 1
63 29 117.238555908 1
63 29 117.254890442 1
63 29 117.272544861 1
63 29 117.313819885 1
63 29 117.378425598 1
63 29 117.394943237 1
63 29 117.441772461 1
63 29 117.45942688 1
63 29 117.460945129 1
63 29 117.522521973 1
63 29 117.536933899 1
63 29 117.614257812 1
63 29 117.687965393 1
63 29 117.833145142 1
63 29 117.838127136 1
63 29 118.017700195 1
63 29 118.055000305 1
63 29 118.063140869 1
63 29 118.092781067 1
63 29 118.114830017 1
63 29 118.194396973 1
63 29 118.227294922 1
63 29 118.29826355 1
63 29 118.34715271 1
63 29 118.375602722 1
63 29 118.376464844 1
63 29 118.388023376 1
63 29 118.401855469 1
63 29 118.612220764 1
63 29 118.870773315 1
63 29 118.871170044 1
63 29 118.946342468 1
63 29 118.994827271 1
63 29 119.136550903 1
63 29 119.290138245 1
63 29 119.32888031 1
63 29 119.367111206 1
63 29 119.377479553 1
63 29 119.537734985 1
63 29 119.547210693 1
63 29 119.5676651 1
63 29 119.664253235 1
63 29 119.713981628 1
63 29 119.774688721 1
63 29 119.807243347 1
63 29 119.810379028 1
63 29 119.895149231 1
63 29 119.94984436 1
63 29 119.963478088 1
63 29 120.024047852 1
63 29 120.029220581 1
63 29 120.04094696 1
63 29 120.168640137 1
63 29 120.231147766 1
63 29 120.244598389 1
63 29 120.289710999 1
63 29 120.386238098 1
63 29 120.429367065 1
63 29 120.439407349 1
63 29 120.471862793 1
63 29 120.493133545 1
63 29 120.649726868 1
63 29 120.656723022 1
63 29 120.677841187 1
63 29 120.682640076 1
63 29 120.722610474 1
63 29 120.830871582 1
63 29 121.136169434 1
63 29 121.161994934 1
63 29 121.254318237 1
63 29 121.397323608 1
63 29 121.413871765 1
63 29 121.451797485 1
63 29 121.569229126 1
63 29 121.572860718 1
63 29 121.584602356 1
63 29 121.650634766 1
63 29 121.755180359 1
63 29 121.999465942 1
63 29 122.025314331 1
63 29 122.133934021 1
63 29 122.271614075 1
63 29 122.49798584 1
63 29 122.545135498 1
63 29 122.580238342 1
63 29 122.609436035 1
63 29 122.621871948 1
63 29 122.655258179 1
63 29 122.749961853 1
63 29 122.888343811 1
63 29 122.952331543 1
63 29 122.968231201 1
63 29 122.981323242 1
63 29 123.005073547 1
63 29 123.128898621 1
63 29 123.192054749 1
63 29 123.381462097 1
63 29 123.434944153 1
63 29 123.504096985 1
63 29 123.602706909 1
63 29 123.730239868 1
63 29 123.901985168 1
63 29 124.030570984 1
63 29 124.077560425 1
63 29 124.254669189 1
63 29 124.320106506 1
63 29 124.365966797 1
63 29 124.409217834 1
63 29 124.648452759 1
63 29 124.748664856 1
63 29 124.766426086 1
63 29 124.86605072 1
63 29 124.890388489 1
63 29 125.100631714 1
63 29 125.195114136 1
63 29 125.532913208 1
63 29 125.656448364 1
63 29 125.681098938 1
63 29 125.692817688 1
63 29 125.941108704 1
63 29 125.958366394 1
63 29 126.100135803 1
63 29 126.150482178 1
63 29 126.240692139 1
63 29 126.423751831 1
63 29 126.430213928 1
63 29 126.430541992 1
63 29 126.446060181 1
63 29 126.536346436 1
63 29 126.576705933 1
63 29 126.773223877 1
63 29 126.808494568 1
63 29 126.846969604 1
63 29 126.912528992 1
63 29 127.092391968 1
63 29 127.18309021 1
63 29 127.208679199 1
63 29 127.28704834 1
63 29 127.49723053 1
63 29 127.702346802 1
63 29 127.815811157 1
63 29 128.466110229 1
63 29 128.467666626 1
63 29 128.493423462 1
63 29 128.767883301 1
63 29 128.806106567 1
63 29 128.880722046 1
63 29 128.966949463 1
63 29 129.030639648 1
63 29 129.069732666 1
63 29 129.192184448 1
63 29 129.680389404 1
63 29 129.891067505 1
63 29 129.921264648 1
63 29 129.945053101 1
63 29 130.13494873 1
63 29 130.248565674 1
63 29 130.316772461 1
63 29 130.32144165 1
63 29 130.368286133 1
63 29 130.604507446 1
63 29 130.718841553 1
63 29 131.033279419 1
63 29 131.293930054 1
63 29 131.315490723 1
63 29 131.35484314 1
63 29 131.402008057 1
63 29 131.518447876 1
63 29 131.716888428 1
63 29 131.763702393 1
63 29 131.908279419 1
63 29 132.045822144 1
63 29 132.289794922 1
63 29 132.292785645 1
63 29 132.303329468 1
63 29 132.675979614 1
63 29 132.843109131 1
63 29 132.844619751 1
63 29 132.88067627 1
63 29 132.925308228 1
63 29 133.026092529 1
63 29 133.326965332 1
63 29 133.353607178 1
63 29 133.393692017 1
63 29 133.396881104 1
63 29 133.455871582 1
63 29 133.456130981 1
63 29 133.546310425 1
63 29 133.79335022 1
63 29 133.877838135 1
63 29 133.893341064 1
63 29 134.076095581 1
63 29 134.185684204 1
63 29 134.193130493 1
63 29 134.511398315 1
63 29 134.598739624 1
63 29 134.755264282 1
63 29 134.825775146 1
63 29 134.900802612 1
63 29 135.155883789 1
63 29 135.272720337 1
63 29 135.315246582 1
63 29 135.765686035 1
63 29 135.857223511 1
63 29 136.349304199 1
63 29 136.675247192 1
63 29 136.714660645 1
63 29 136.925308228 1
63 29 137.023788452 1
63 29 137.48387146 1
63 29 137.5340271 1
63 29 137.559829712 1
63 29 137.752166748 1
63 29 138.085510254 1
63 29 138.34564209 1
63 29 138.554382324 1
63 29 139.626617432 1
63 29 139.637542725 1
63 29 139.944839478 1
63 29 140.01335144 1
63 29 140.099639893 1
63 29 140.210876465 1
63 29 140.280014038 1
63 29 140.417633057 1
63 29 140.529830933 1
63 29 140.66368103 1
63 29 140.880706787 1
63 29 141.262390137 1
63 29 141.27180481 1
63 29 141.614227295 1
63 29 142.043212891 1
63 29 142.400848389 1
63 29 142.403289795 1
63 29 142.504486084 1
63 29 142.54977417 1
63 29 143.166992188 1
63 29 143.362442017 1
63 29 143.684158325 1
63 29 143.792678833 1
63 29 143.96105957 1
63 29 144.321395874 1
63 29 144.466491699 1
63 29 144.561737061 1
63 29 144.799926758 1
63 29 145.561477661 1
63 29 145.842132568 1
63 29 146.417449951 1
63 29 147.021652222 1
63 29 147.606277466 1
63 29 148.406326294 1
63 29 149.888305664 1
63 29 150.363952637 1
63 29 151.027191162 1
63 29 151.48274231 1
63 29 151.510284424 1
63 29 151.966796875 1
63 29 152.059234619 1
63 29 152.71395874 1
63 29 153.292556763 1
63 29 153.517074585 1
63 29 153.854522705 1
63 29 154.153091431 1
63 29 154.221405029 1
63 29 154.33203125 1
63 29 154.480133057 1
63 29 154.55418396 1
63 29 154.655426025 1
63 29 154.873657227 1
63 29 155.524505615 1
63 29 155.960830688 1
63 29 156.00491333 1
63 29 156.055145264 1
63 29 157.557006836 1
63 29 157.603530884 1
63 29 158.345214844 1
63 29 158.825332642 1
63 29 159.270385742 1
63 29 159.408798218 1
63 29 159.81980896 1
63 29 160.346084595 1
63 29 160.680618286 1
63 29 160.728012085 1
63 29 161.232574463 1
63 29 161.280151367 1
63 29 161.680435181 1
63 29 161.935577393 1
63 29 162.0753479 1
63 29 162.109664917 1
63 29 162.257949829 1
63 29 162.662643433 1
63 29 162.81300354 1
63 29 164.368286133 1
63 29 164.455978394 1
63 29 165.608642578 1
63 29 166.09777832 1
63 29 167.29510498 1
63 29 167.736877441 1
63 29 168.403396606 1
63 29 168.745544434 1
63 29 169.78477478 1
63 29 170.50390625 1
63 29 171.011505127 1
63 29 171.691223145 1
63 29 172.125549316 1
63 29 172.13848877 1
63 29 172.517700195 1
63 29 172.695861816 1
63 29 173.112426758 1
63 29 173.126602173 1
63 29 173.247238159 1
63 29 173.911468506 1
63 29 174.129730225 1
63 29 174.419692993 1
63 29 174.709793091 1
63 29 177.257583618 1
63 29 178.877319336 1
63 29 181.119094849 1
63 29 181.593078613 1
63 29 182.475006104 1
63 29 182.493041992 1
63 29 182.732955933 1
63 29 182.755310059 1
63 29 182.867782593 1
63 29 183.740402222 1
63 29 184.173248291 1
63 29 186.353179932 1
63 29 186.565246582 1
63 29 187.075698853 1
63 29 189.500473022 1
63 29 190.833007812 1
63 29 191.496444702 1
63 29 191.590591431 1
63 29 193.387161255 1
63 29 193.558380127 1
63 29 199.633499146 1
63 29 200.331619263 1
63 29 201.035476685 1
63 29 201.432312012 1
63 29 203.407180786 1
63 29 203.607894897 1
63 29 204.582794189 1
63 29 204.85218811 1
63 29 205.317825317 1
63 29 206.376876831 1
63 29 206.61390686 1
63 29 207.730941772 1
63 29 208.124832153 1
63 29 208.176315308 1
63 29 208.782714844 1
63 29 209.481002808 1
63 29 210.277374268 1
63 29 211.432998657 1
63 29 211.809783936 1
63 29 212.08732605 1
63 29 214.379760742 1
63 29 216.433151245 1
63 29 219.164108276 1
63 29 219.172286987 1
63 29 219.574050903 1
63 29 220.290161133 1
63 29 221.108734131 1
63 29 221.452713013 1
63 29 225.162918091 1
63 29 225.53125 1
63 29 225.678955078 1
63 29 225.843231201 1
63 29 227.925170898 1
63 29 228.26020813 1
63 29 229.777511597 1
63 29 229.782394409 1
63 29 230.320358276 1
63 29 230.846969604 1
63 29 231.310516357 1
63 29 231.36177063 1
63 29 232.513534546 1
63 29 234.513076782 1
63 29 234.645233154 1
63 29 236.245223999 1
63 29 237.763000488 1
63 29 238.003677368 1
63 29 238.566482544 1
63 29 239.502471924 1
63 29 239.62020874 1
63 29 240.657348633 1
63 29 242.476501465 1
63 29 242.723175049 1
63 29 245.285644531 1
63 29 246.610321045 1
63 29 247.12286377 1
63 29 247.419570923 1
63 29 247.460449219 1
63 29 248.780059814 1
63 29 248.996582031 1
63 29 250.673187256 1
63 29 250.833786011 1
63 29 251.247116089 1
63 29 252.0831604 1
63 29 253.332901001 1
63 29 256.601837158 1
63 29 259.268859863 1
63 29 259.69732666 1
63 29 266.966156006 1
63 29 269.750854492 1
63 29 270.618103027 1
63 29 272.826538086 1
63 29 273.387939453 1
63 29 273.728546143 1
63 29 273.876464844 1
63 29 275.599578857 1
63 29 275.830688477 1
63 29 280.854431152 1
63 29 286.1534729 1
63 29 287.335174561 1
63 29 290.482116699 1
63 29 291.40814209 1
63 29 299.479431152 1
63 29 308.986480713 1
63 29 314.732543945 1
63 29 315.692016602 1
63 29 317.779174805 1
63 29 319.051208496 1
63 29 321.049804688 1
63 29 321.822875977 1
63 29 321.939910889 1
63 29 322.148986816 1
63 29 326.386413574 1
63 29 332.141204834 1
63 29 334.520202637 1
63 29 336.229064941 1
63 29 339.458099365 1
63 29 341.938598633 1
63 29 346.579711914 1
63 29 348.047088623 1
63 29 352.034179688 1
63 29 357.681152344 1
63 29 358.499816895 1
63 29 364.788208008 1
63 29 365.376373291 1
63 29 366.104095459 1
63 29 368.95211792 1
63 29 371.482177734 1
63 29 372.437896729 1
63 29 375.572875977 1
63 29 376.589324951 1
63 29 378.632751465 1
63 29 379.62322998 1
63 29 380.272766113 1
63 29 383.013916016 1
63 29 388.380828857 1
63 29 393.599304199 1
63 29 394.694091797 1
63 29 396.764984131 1
63 29 402.457702637 1
63 29 410.003479004 1
63 29 414.317749023 1
63 29 420.573181152 1
63 29 421.0675354 1
63 29 434.37121582 1
63 29 445.150482178 1
63 29 453.559234619 1
63 29 460.618469238 1
63 29 460.962127686 1
63 29 476.440155029 1
63 29 477.854125977 1
63 29 480.703704834 1
63 29 486.517059326 1
63 29 491.095581055 1
63 29 493.782348633 1
63 29 498.893737793 1
63 29 506.797546387 1
63 29 547.241394043 1
63 29 556.504699707 1
63 29 557.763122559 1
63 29 568.166931152 1
63 29 581.461303711 1
63 29 581.735595703 1
63 29 583.644775391 1
63 29 591.289733887 1
63 29 599.008728027 1
63 29 637.777770996 1
63 29 643.07623291 1
63 29 647.937561035 1
63 29 652.313659668 1
63 29 660.493896484 1
63 29 662.389709473 1
63 29 663.797119141 1
63 29 725.792175293 1
63 29 725.946472168 1
63 29 735.044311523 1
63 29 766.593505859 1
63 29 767.168029785 1
63 29 1026.57946777 1
63 29 1080.5402832 1
63 29 1177.72790527 1
63 29 1203.49755859 1
63 29 1318.17773438 1
63 29 1413.88037109 1
63 29 1517.05090332 1
63 29 1705.59802246 1
63 29 2028.09082031 1
63 29 3002.80541992 1
63 31 102.568832397 1
63 31 110.148406982 1
63 31 113.833221436 1
63 31 119.517776489 1
63 31 121.433494568 1
63 31 122.166038513 1
63 31 124.786781311 1
63 31 125.152084351 1
63 31 125.771972656 1
63 31 128.393936157 1
63 31 128.806838989 1
63 31 129.23147583 1
63 31 131.443191528 1
63 31 131.919845581 1
63 31 132.681411743 1
63 31 134.050582886 1
63 31 135.422637939 1
63 31 136.868881226 1
63 31 138.123382568 1
63 31 138.207443237 1
63 31 139.727142334 1
63 31 142.817062378 1
63 31 144.858093262 1
63 31 145.014343262 1
63 31 145.358322144 1
63 31 145.808059692 1
63 31 146.824905396 1
63 31 146.912887573 1
63 31 146.935409546 1
63 31 147.571853638 1
63 31 148.125152588 1
63 31 148.262710571 1
63 31 148.918395996 1
63 31 149.439559937 1
63 31 149.588104248 1
63 31 152.953323364 1
63 31 153.254425049 1
63 31 154.149505615 1
63 31 154.188064575 1
63 31 156.350097656 1
63 31 157.268966675 1
63 31 157.485015869 1
63 31 157.570709229 1
63 31 158.231292725 1
63 31 158.515151978 1
63 31 159.823364258 1
63 31 161.555419922 1
63 31 162.365142822 1
63 31 163.140625 1
63 31 163.95954895 1
63 31 165.489028931 1
63 31 166.440292358 1
63 31 169.233825684 1
63 31 171.14503479 1
63 31 173.582397461 1
63 31 173.947784424 1
63 31 173.95249939 1
63 31 175.436080933 1
63 31 176.611160278 1
63 31 178.186218262 1
63 31 179.882598877 1
63 31 181.326202393 1
63 31 182.95916748 1
63 31 183.6431427 1
63 31 189.420089722 1
63 31 190.38508606 1
63 31 192.21270752 1
63 31 193.925216675 1
63 31 196.760574341 1
63 31 196.9425354 1
63 31 196.944549561 1
63 31 197.858215332 1
63 31 198.966873169 1
63 31 199.935287476 1
63 31 201.936141968 1
63 31 204.838348389 1
63 31 210.583755493 1
63 31 210.606445312 1
63 31 211.320205688 1
63 31 212.987014771 1
63 31 213.779724121 1
63 31 214.464035034 1
63 31 215.032440186 1
63 31 215.296432495 1
63 31 217.542098999 1
63 31 219.611373901 1
63 31 219.963684082 1
63 31 222.321060181 1
63 31 223.788726807 1
63 31 226.847564697 1
63 31 229.30506897 1
63 31 232.523696899 1
63 31 232.726654053 1
63 31 233.523071289 1
63 31 233.530273438 1
63 31 234.089096069 1
63 31 234.382659912 1
63 31 235.547729492 1
63 31 236.370666504 1
63 31 236.953613281 1
63 31 237.435424805 1
63 31 237.730453491 1
63 31 238.394714355 1
63 31 242.422348022 1
63 31 242.625442505 1
63 31 242.853973389 1
63 31 246.483917236 1
63 31 247.536743164 1
63 31 249.267272949 1
63 31 250.36328125 1
63 31 252.067108154 1
63 31 255.242034912 1
63 31 257.317108154 1
63 31 259.384094238 1
63 31 261.645111084 1
63 31 263.144439697 1
63 31 264.586853027 1
63 31 268.278533936 1
63 31 273.756225586 1
63 31 274.875183105 1
63 31 282.003417969 1
63 31 284.409179688 1
63 31 288.342773438 1
63 31 291.945037842 1
63 31 295.46295166 1
63 31 299.07244873 1
63 31 305.626800537 1
63 31 305.82434082 1
63 31 306.296905518 1
63 31 320.598022461 1
63 31 325.503875732 1
63 31 327.291564941 1
63 31 330.734771729 1
63 31 332.778259277 1
63 31 334.503204346 1
63 31 336.811035156 1
63 31 337.482513428 1
63 31 338.000976562 1
63 31 339.532562256 1
63 31 347.506652832 1
63 31 349.803741455 1
63 31 351.575195312 1
63 31 365.305999756 1
63 31 368.089050293 1
63 31 375.826202393 1
63 31 376.356872559 1
63 31 377.15838623 1
63 31 377.63458252 1
63 31 382.708984375 1
63 31 383.621398926 1
63 31 384.635223389 1
63 31 385.89050293 1
63 31 398.042175293 1
63 31 398.694030762 1
63 31 401.62008667 1
63 31 432.037597656 1
63 31 432.926879883 1
63 31 438.168945312 1
63 31 443.530303955 1
63 31 450.661529541 1
63 31 456.749267578 1
63 31 462.458282471 1
63 31 492.319519043 1
63 31 494.016143799 1
63 31 528.500305176 1
63 31 534.211914062 1
63 31 534.73626709 1
63 31 538.231994629 1
63 31 552.307739258 1
63 31 584.652893066 1
63 31 609.277404785 1
63 31 646.213500977 1
63 31 649.36730957 1
63 31 655.131225586 1
63 31 668.879516602 1
63 31 717.167297363 1
63 31 723.899353027 1
63 31 767.865905762 1
63 31 825.870605469 1
63 31 832.378112793 1
63 31 851.290039062 1
63 31 933.764892578 1
63 31 934.129943848 1
63 31 934.680419922 1
63 31 1003.80688477 1
63 31 1035.01538086 1
63 31 1062.77038574 1
63 31 1923.20336914 1
63 32 190.44519043 1
63 32 191.120223999 1
63 32 208.429962158 1
63 32 218.251937866 1
63 32 218.72303772 1
63 32 220.267959595 1
63 32 249.598190308 1
63 32 249.610046387 1
63 32 251.622695923 1
63 32 254.662628174 1
63 32 254.777511597 1
63 32 276.420715332 1
63 32 277.130065918 1
63 32 279.588745117 1
63 32 281.708007812 1
63 32 282.892211914 1
63 32 288.085632324 1
63 32 288.54598999 1
63 32 289.754425049 1
63 32 290.054931641 1
63 32 292.774810791 1
63 32 294.168518066 1
63 32 295.221374512 1
63 32 297.820678711 1
63 32 311.337493896 1
63 32 336.541442871 1
63 32 341.872589111 1
63 32 342.305999756 1
63 32 348.816314697 1
63 32 371.291107178 1
63 32 379.159454346 1
63 32 392.653747559 1
63 32 393.441467285 1
63 32 397.708526611 1
63 32 404.316497803 1
63 32 408.185577393 1
63 32 413.790588379 1
63 32 414.255584717 1
63 32 418.206085205 1
63 32 424.605102539 1
63 32 431.610473633 1
63 32 437.952850342 1
63 32 442.860717773 1
63 32 455.106719971 1
63 32 467.444641113 1
63 32 474.119537354 1
63 32 510.921447754 1
63 32 517.717285156 1
63 32 543.827758789 1
63 32 551.856445312 1
63 32 576.226135254 1
63 32 584.289733887 1
63 32 604.587585449 1
63 32 659.314941406 1
63 32 670.846557617 1
63 32 768.525939941 1
63 32 777.354980469 1
63 32 1083.640625 1
63 32 1425.52331543 1
63 33 308.678771973 1
63 33 343.215362549 1
63 33 405.894927979 1
63 33 415.187713623 1
63 33 451.973846436 1
63 33 483.613586426 1
63 33 511.90145874 1
63 33 813.728942871 1
63 33 844.937805176 1
63 34 637.327514648 1
63 34 986.770263672 1
64 24 1902.92456055 1
64 25 1135.40515137 1
64 26 1561.28771973 1
64 26 1639.2244873 1
64 27 811.068237305 1
64 27 831.882080078 1
64 27 865.93762207 1
64 28 744.658447266 1
64 28 750.934265137 1
64 28 765.969299316 1
64 28 793.80456543 1
64 28 843.143188477 1
64 28 852.846008301 1
64 28 927.991699219 1
64 28 1068.9510498 1
64 28 1085.55712891 1
64 28 1114.72851562 1
64 29 703.25378418 1
64 29 731.967590332 1
64 29 779.621032715 1
64 29 783.803039551 1
64 29 786.741516113 1
64 29 833.514587402 1
64 29 921.079589844 1
64 29 924.767822266 1
64 29 986.901916504 1
64 29 993.880615234 1
64 29 1031.17724609 1
64 29 1033.33056641 1
64 29 1124.86401367 1
64 29 1396.97717285 1
64 29 1683.39013672 1
64 30 601.465576172 1
64 30 679.998901367 1
64 30 821.83001709 1
64 30 1074.66381836 1
64 30 1189.71289062 1
64 30 1311.46459961 1
64 30 1505.04492188 1
64 30 1677.10949707 1
64 30 1774.85571289 1
64 31 648.405456543 1
64 31 690.968383789 1
64 31 803.162597656 1
64 31 835.18927002 1
64 31 914.616455078 1
64 31 973.388427734 1
64 31 1166.25708008 1
64 31 1323.56408691 1
64 32 693.210388184 1
64 32 713.77746582 1
64 32 784.994445801 1
64 32 872.348205566 1
64 32 981.810302734 1
64 32 1055.15307617 1
64 35 1118.02124023 1
65 25 1878.06469727 1
69 26 1795.57983398 1
69 27 1379.5657959 1
69 28 1394.82519531 1
69 30 2056.65234375 1
70 18 1994.54003906 1
70 21 1891.74902344 1
70 21 2443.6887207 1
70 25 1114.078125 1
70 26 853.167297363 1
70 26 933.254150391 1
70 26 953.962341309 1
70 26 1420.74951172 1
70 26 2808.83984375 1
70 27 690.338317871 1
70 27 776.733215332 1
70 27 777.963012695 1
70 27 936.951965332 1
70 27 1383.97119141 1
70 27 1725.93151855 1
70 28 646.004516602 1
70 28 689.823547363 1
70 28 739.785766602 1
70 28 741.028625488 1
70 28 757.108703613 1
70 28 787.813171387 1
70 28 791.838195801 1
70 28 860.770507812 1
70 28 1188.65869141 1
70 28 1641.12207031 1
70 29 635.437744141 1
70 29 669.653137207 1
70 29 733.647460938 1
70 29 756.625488281 1
70 29 871.134887695 1
70 29 961.426940918 1
70 29 1134.33837891 1
70 29 1525.52404785 1
70 29 1700.02990723 1
70 29 1734.4276123 1
70 29 2506.62475586 1
70 30 647.576538086 1
70 30 660.62689209 1
70 30 1306.98217773 1
70 31 1268.74731445 1
70 31 1754.09790039 1
70 32 1216.97961426 1
71 22 1407.05358887 1
71 23 1346.10009766 1
71 25 1026.49475098 1
71 26 720.709655762 1
71 26 742.985595703 1
71 26 786.926818848 1
71 26 902.375061035 1
71 26 983.717346191 1
71 26 1741.97692871 1
71 27 712.76550293 1
71 27 725.424255371 1
71 27 784.928344727 1
71 27 1055.06018066 1
71 27 1100.06884766 1
71 27 1138.61230469 1
71 27 1355.26672363 1
71 27 3053.54296875 1
71 28 683.309570312 1
71 28 749.196166992 1
71 28 833.824707031 1
71 28 1310.43334961 1
71 28 1337.48278809 1
71 29 648.394775391 1
71 29 685.073852539 1
71 29 780.217407227 1
71 29 950.771850586 1
71 29 1099.57116699 1
71 29 2553.24194336 1
71 30 932.522644043 1
71 30 936.251464844 1
71 30 1078.15222168 1
71 30 1102.25524902 1
71 30 1345.02026367 1
71 31 914.257629395 1
71 31 981.20892334 1
71 31 1042.41967773 1
71 31 1610.84802246 1
72 27 1653.50537109 1
72 29 1563.56518555 1
72 31 2712.82250977 1
76 27 1732.37353516 1
77 27 1538.39221191 1
77 28 1319.77172852 1
77 28 1573.33325195 1
78 27 1711.6418457 1
