string dom time hits
45 25 2535.01708984 1
45 27 1743.5579834 1
45 28 1244.35131836 1
45 28 1292.27124023 1
47 28 1861.2442627 1
53 27 1863.08105469 1
53 29 1419.93518066 1
54 20 1497.21838379 1
54 23 1555.7902832 1
54 24 940.04864502 1
54 25 907.08001709 1
54 25 1125.59143066 1
54 26 829.926879883 1
54 26 869.620361328 1
54 26 1048.59460449 1
54 26 1494.48803711 1
54 27 745.569702148 1
54 27 838.78314209 1
54 27 1030.61987305 1
54 27 1123.35900879 1
54 27 1482.68493652 1
54 27 1492.19384766 1
54 27 1976.34509277 1
54 28 750.256103516 1
54 28 778.488647461 1
54 28 799.08996582 1
54 28 870.367370605 1
54 28 1157.13208008 1
54 28 1443.8215332 1
54 29 660.80847168 1
54 29 676.730102539 1
54 29 724.330688477 1
54 29 784.60534668 1
54 29 807.798095703 1
54 29 885.910583496 1
54 29 910.261230469 1
54 29 1201.90820312 1
54 30 700.240722656 1
54 30 739.709594727 1
54 30 772.012878418 1
54 30 819.922363281 1
54 30 900.352478027 1
54 30 1006.68530273 1
54 30 1061.57250977 1
54 30 1426.42150879 1
54 30 1697.08862305 1
54 31 740.680664062 1
54 31 813.261108398 1
54 31 813.308288574 1
54 31 998.641967773 1
54 31 1035.58886719 1
54 31 1211.00549316 1
54 31 2037.79467773 1
55 22 1500.53259277 1
55 24 1329.51794434 1
55 25 915.405700684 1
55 25 1069.38024902 1
55 25 2049.42871094 1
55 26 1258.52783203 1
55 26 1300.8380127 1
55 27 783.874206543 1
55 27 802.984741211 1
55 27 926.794372559 1
55 27 940.327087402 1
55 28 690.105224609 1
55 28 711.531005859 1
55 28 726.038757324 1
55 28 763.535949707 1
55 28 813.864013672 1
55 28 857.34197998 1
55 28 939.648925781 1
55 28 1147.16906738 1
55 28 1190.91052246 1
55 28 1364.2644043 1
55 28 1371.61523438 1
55 28 1602.56506348 1
55 28 1653.28845215 1
55 29 727.556884766 1
55 29 754.576721191 1
55 29 810.342224121 1
55 29 1011.10845947 1
55 30 731.572998047 1
55 30 773.484985352 1
55 30 906.234741211 1
55 30 1002.39892578 1
55 30 1583.3770752 1
55 30 2140.03369141 1
55 31 838.008178711 1
55 31 965.491760254 1
55 32 864.279907227 1
55 32 880.684082031 1
55 33 1252.65087891 1
56 24 1750.27233887 1
56 29 2494.33862305 1
62 21 1442.36120605 1
62 24 976.871398926 1
62 25 885.024291992 1
62 26 849.201538086 1
62 26 939.657714844 1
62 26 1094.07043457 1
62 26 1462.65087891 1
62 27 725.248291016 1
62 27 754.985717773 1
62 27 791.585388184 1
62 27 877.036071777 1
62 27 917.396606445 1
62 27 959.051025391 1
62 27 1043.80957031 1
62 27 1089.23547363 1
62 27 1090.14746094 1
62 27 1107.33642578 1
62 27 1161.37145996 1
62 27 1175.92456055 1
62 27 1288.85595703 1
62 27 1363.95812988 1
62 28 795.644470215 1
62 28 842.85546875 1
62 28 998.86114502 1
62 28 1025.51416016 1
62 28 1032.11816406 1
62 28 1037.22351074 1
62 28 1038.00146484 1
62 28 1051.14001465 1
62 28 1663.16601562 1
62 29 662.912780762 1
62 29 683.488647461 1
62 29 686.769042969 1
62 29 725.053894043 1
62 29 734.550598145 1
62 29 770.323730469 1
62 29 775.694030762 1
62 29 826.260986328 1
62 29 879.001586914 1
62 29 903.746154785 1
62 29 963.495361328 1
62 29 1047.1184082 1
62 29 1272.44018555 1
62 29 1330.08496094 1
62 30 687.07043457 1
62 30 820.092712402 1
62 30 978.863220215 1
62 31 716.546569824 1
62 31 999.059326172 1
62 32 1372.70202637 1
62 33 959.152832031 1
62 34 1948.66882324 1
63 17 1331.81860352 1
63 19 2068.67358398 1
63 20 1061.4206543 1
63 20 1644.14379883 1
63 21 825.495178223 1
63 21 1300.30981445 1
63 21 1323.88879395 1
63 22 870.181274414 1
63 22 1010.70050049 1
63 22 1156.25158691 1
63 23 745.470275879 1
63 23 757.013122559 1
63 23 819.936401367 1
63 23 930.533752441 1
63 23 1190.23339844 1
63 24 547.80456543 1
63 24 554.539794922 1
63 24 589.258178711 1
63 24 622.285583496 1
63 24 644.533874512 1
63 24 649.093688965 1
63 24 750.809265137 1
63 24 750.971374512 1
63 24 866.129882812 1
63 24 891.499328613 1
63 24 923.843811035 1
63 24 1022.53411865 1
63 24 1119.46447754 1
63 24 1159.53234863 1
63 24 1257.14477539 1
63 24 1350.65905762 1
63 25 420.483886719 1
63 25 424.518005371 1
63 25 443.257415771 1
63 25 451.03616333 1
63 25 453.887298584 1
63 25 467.067596436 1
63 25 492.944000244 1
63 25 500.663238525 1
63 25 501.747680664 1
63 25 509.16998291 1
63 25 521.563720703 1
63 25 526.401306152 1
63 25 535.011901855 1
63 25 549.75769043 1
63 25 579.082824707 1
63 25 582.51348877 1
63 25 582.552307129 1
63 25 591.527038574 1
63 25 594.627624512 1
63 25 598.552978516 1
63 25 630.660461426 1
63 25 680.36517334 1
63 25 701.934265137 1
63 25 702.861328125 1
63 25 747.032348633 1
63 25 761.91394043 1
63 25 762.162597656 1
63 25 768.940490723 1
63 25 801.984802246 1
63 25 825.756103516 1
63 25 887.695068359 1
63 25 960.247192383 1
63 25 1054.61730957 1
63 25 1074.45202637 1
63 25 1674.31799316 1
63 25 1993.72290039 1
63 25 2557.27709961 1
63 26 322.462097168 1
63 26 331.134185791 1
63 26 337.225372314 1
63 26 337.399597168 1
63 26 338.830871582 1
63 26 340.348968506 1
63 26 343.038726807 1
63 26 343.067108154 1
63 26 353.959442139 1
63 26 354.809997559 1
63 26 362.737579346 1
63 26 365.865539551 1
63 26 366.261322021 1
63 26 367.563476562 1
63 26 371.933044434 1
63 26 376.024902344 1
63 26 377.15536499 1
63 26 377.600738525 1
63 26 378.991851807 1
63 26 381.442840576 1
63 26 383.012695312 1
63 26 384.885040283 1
63 26 386.272613525 1
63 26 394.384307861 1
63 26 395.518829346 1
63 26 402.378601074 1
63 26 402.551391602 1
63 26 407.211791992 1
63 26 409.729064941 1
63 26 410.154998779 1
63 26 410.653961182 1
63 26 415.413574219 1
63 26 415.927185059 1
63 26 420.527008057 1
63 26 421.273620605 1
63 26 421.349517822 1
63 26 425.839080811 1
63 26 427.246154785 1
63 26 441.123199463 1
63 26 442.522460938 1
63 26 443.858154297 1
63 26 460.884094238 1
63 26 461.370330811 1
63 26 462.132415771 1
63 26 464.40536499 1
63 26 465.503753662 1
63 26 468.830474854 1
63 26 472.054931641 1
63 26 477.02923584 1
63 26 478.271331787 1
63 26 483.030090332 1
63 26 483.13381958 1
63 26 494.44644165 1
63 26 495.386474609 1
63 26 521.422424316 1
63 26 521.692443848 1
63 26 522.682250977 1
63 26 530.150817871 1
63 26 536.321411133 1
63 26 548.194824219 1
63 26 549.776062012 1
63 26 554.059082031 1
63 26 555.948852539 1
63 26 569.129760742 1
63 26 573.185668945 1
63 26 580.902404785 1
63 26 588.903137207 1
63 26 590.295410156 1
63 26 599.233825684 1
63 26 615.908447266 1
63 26 619.138793945 1
63 26 641.002258301 1
63 26 664.101501465 1
63 26 670.940490723 1
63 26 677.915344238 1
63 26 683.688659668 1
63 26 689.723571777 1
63 26 721.738464355 1
63 26 774.913818359 1
63 26 811.245361328 1
63 26 831.366638184 1
63 26 831.973815918 1
63 26 840.338928223 1
63 26 1005.58117676 1
63 26 1334.2286377 1
63 27 243.828964233 1
63 27 244.735244751 1
63 27 244.990509033 1
63 27 246.774978638 1
63 27 247.509185791 1
63 27 247.779220581 1
63 27 248.029098511 1
63 27 248.155471802 1
63 27 249.126754761 1
63 27 250.360702515 1
63 27 251.403060913 1
63 27 252.374160767 1
63 27 252.640594482 1
63 27 254.294677734 1
63 27 255.158660889 1
63 27 255.599533081 1
63 27 256.255767822 1
63 27 258.994750977 1
63 27 259.676055908 1
63 27 260.26260376 1
63 27 261.093505859 1
63 27 261.541290283 1
63 27 261.614318848 1
63 27 261.739898682 1
63 27 261.749816895 1
63 27 262.109710693 1
63 27 262.71282959 1
63 27 262.735107422 1
63 27 262.979003906 1
63 27 263.456481934 1
63 27 263.688476562 1
63 27 263.917510986 1
63 27 265.68951416 1
63 27 265.895721436 1
63 27 266.007965088 1
63 27 266.180145264 1
63 27 268.688354492 1
63 27 268.737792969 1
63 27 269.005828857 1
63 27 270.071929932 1
63 27 270.499603271 1
63 27 271.444091797 1
63 27 272.583709717 1
63 27 272.748413086 1
63 27 273.061004639 1
63 27 273.148132324 1
63 27 273.637084961 1
63 27 274.090698242 1
63 27 274.85168457 1
63 27 275.760498047 1
63 27 277.67199707 1
63 27 278.163970947 1
63 27 278.405151367 1
63 27 278.528320312 1
63 27 278.893005371 1
63 27 279.834503174 1
63 27 280.641052246 1
63 27 281.551971436 1
63 27 282.24987793 1
63 27 282.693847656 1
63 27 282.698486328 1
63 27 282.982086182 1
63 27 283.037658691 1
63 27 283.53527832 1
63 27 283.582855225 1
63 27 283.724609375 1
63 27 284.069671631 1
63 27 284.116149902 1
63 27 284.41293335 1
63 27 285.181549072 1
63 27 285.812408447 1
63 27 285.855377197 1
63 27 286.787597656 1
63 27 286.988800049 1
63 27 287.153106689 1
63 27 287.160003662 1
63 27 287.967468262 1
63 27 288.332733154 1
63 27 289.386260986 1
63 27 290.714752197 1
63 27 290.745147705 1
63 27 292.33215332 1
63 27 293.068939209 1
63 27 293.329589844 1
63 27 293.357299805 1
63 27 294.24432373 1
63 27 296.417449951 1
63 27 297.932617188 1
63 27 300.722900391 1
63 27 302.315551758 1
63 27 302.360778809 1
63 27 302.724182129 1
63 27 305.944091797 1
63 27 306.5105896 1
63 27 307.009857178 1
63 27 308.866882324 1
63 27 309.675872803 1
63 27 309.971740723 1
63 27 310.308746338 1
63 27 310.710205078 1
63 27 312.181304932 1
63 27 312.552703857 1
63 27 312.846099854 1
63 27 316.01272583 1
63 27 316.195678711 1
63 27 317.510040283 1
63 27 318.426818848 1
63 27 318.447937012 1
63 27 318.763000488 1
63 27 319.168334961 1
63 27 319.408294678 1
63 27 320.131103516 1
63 27 323.103820801 1
63 27 325.211853027 1
63 27 325.510894775 1
63 27 326.516906738 1
63 27 327.263824463 1
63 27 327.324127197 1
63 27 327.851135254 1
63 27 328.445281982 1
63 27 328.874664307 1
63 27 329.800018311 1
63 27 331.213439941 1
63 27 331.606170654 1
63 27 334.454986572 1
63 27 335.148345947 1
63 27 337.420959473 1
63 27 338.13760376 1
63 27 339.232757568 1
63 27 344.228240967 1
63 27 345.163787842 1
63 27 346.551605225 1
63 27 346.984680176 1
63 27 350.505950928 1
63 27 354.902557373 1
63 27 355.669677734 1
63 27 358.370697021 1
63 27 360.072296143 1
63 27 362.262634277 1
63 27 363.763244629 1
63 27 367.297241211 1
63 27 367.740478516 1
63 27 373.002960205 1
63 27 374.364013672 1
63 27 376.321929932 1
63 27 379.321685791 1
63 27 379.456665039 1
63 27 380.236541748 1
63 27 380.42376709 1
63 27 381.919891357 1
63 27 385.549407959 1
63 27 387.351043701 1
63 27 397.155548096 1
63 27 403.181365967 1
63 27 407.466430664 1
63 27 411.241485596 1
63 27 411.888092041 1
63 27 412.132965088 1
63 27 414.534606934 1
63 27 415.939910889 1
63 27 416.234741211 1
63 27 429.274291992 1
63 27 430.162841797 1
63 27 435.946594238 1
63 27 441.805999756 1
63 27 442.726806641 1
63 27 442.881652832 1
63 27 445.698577881 1
63 27 447.170959473 1
63 27 451.744903564 1
63 27 452.108612061 1
63 27 456.322387695 1
63 27 456.727325439 1
63 27 467.320953369 1
63 27 473.612792969 1
63 27 479.223999023 1
63 27 489.186584473 1
63 27 504.312408447 1
63 27 504.581726074 1
63 27 509.780609131 1
63 27 518.683410645 1
63 27 561.629089355 1
63 27 563.848266602 1
63 27 590.031677246 1
63 27 594.501831055 1
63 27 598.69152832 1
63 27 600.594177246 1
63 27 604.406982422 1
63 27 617.271240234 1
63 27 618.602539062 1
63 27 622.728210449 1
63 27 623.902099609 1
63 27 628.848022461 1
63 27 637.214172363 1
63 27 638.943481445 1
63 27 656.317749023 1
63 27 670.638183594 1
63 27 671.922119141 1
63 27 676.473449707 1
63 27 682.096557617 1
63 27 700.252502441 1
63 27 743.800720215 1
63 27 771.790649414 1
63 27 782.368469238 1
63 27 792.766845703 1
63 27 865.009338379 1
63 27 869.761901855 1
63 27 871.300537109 1
63 27 1075.66320801 1
63 27 1187.07861328 1
63 27 1335.75646973 1
63 27 1663.32568359 1
63 28 164.633499146 1
63 28 166.50994873 1
63 28 168.172836304 1
63 28 168.604797363 1
63 28 169.202346802 1
63 28 169.468170166 1
63 28 170.961273193 1
63 28 171.078765869 1
63 28 171.18586731 1
63 28 171.278167725 1
63 28 171.502243042 1
63 28 171.859207153 1
63 28 171.897186279 1
63 28 172.03956604 1
63 28 172.123779297 1
63 28 172.386505127 1
63 28 172.443099976 1
63 28 172.445495605 1
63 28 172.549560547 1
63 28 172.656005859 1
63 28 172.707489014 1
63 28 173.137466431 1
63 28 173.795898438 1
63 28 174.180541992 1
63 28 174.206375122 1
63 28 174.223693848 1
63 28 174.549362183 1
63 28 174.776977539 1
63 28 174.777404785 1
63 28 174.877029419 1
63 28 175.06842041 1
63 28 175.090576172 1
63 28 175.342132568 1
63 28 175.845748901 1
63 28 176.357009888 1
63 28 176.469390869 1
63 28 176.587158203 1
63 28 176.817001343 1
63 28 176.959564209 1
63 28 176.972488403 1
63 28 177.107254028 1
63 28 177.290893555 1
63 28 177.297012329 1
63 28 177.307876587 1
63 28 177.329376221 1
63 28 177.518737793 1
63 28 177.593002319 1
63 28 177.836746216 1
63 28 178.119232178 1
63 28 178.338729858 1
63 28 178.5340271 1
63 28 178.638687134 1
63 28 178.641769409 1
63 28 178.787750244 1
63 28 178.906860352 1
63 28 178.954650879 1
63 28 178.983718872 1
63 28 179.046463013 1
63 28 179.050476074 1
63 28 179.065643311 1
63 28 179.209472656 1
63 28 179.280960083 1
63 28 179.680206299 1
63 28 179.733398438 1
63 28 179.98815918 1
63 28 180.084213257 1
63 28 180.106430054 1
63 28 180.17755127 1
63 28 180.194656372 1
63 28 180.200897217 1
63 28 180.409698486 1
63 28 181.08833313 1
63 28 181.124389648 1
63 28 181.442825317 1
63 28 181.542480469 1
63 28 181.580413818 1
63 28 182.028823853 1
63 28 182.386413574 1
63 28 182.490585327 1
63 28 182.628738403 1
63 28 182.642364502 1
63 28 182.794006348 1
63 28 182.80708313 1
63 28 182.902313232 1
63 28 182.973403931 1
63 28 183.135360718 1
63 28 183.46434021 1
63 28 183.573410034 1
63 28 183.7315979 1
63 28 183.882659912 1
63 28 183.969619751 1
63 28 184.424484253 1
63 28 184.45098877 1
63 28 184.552886963 1
63 28 184.735244751 1
63 28 184.819503784 1
63 28 184.823532104 1
63 28 184.956771851 1
63 28 185.061737061 1
63 28 185.288818359 1
63 28 185.673675537 1
63 28 185.892166138 1
63 28 186.235366821 1
63 28 186.496963501 1
63 28 186.68270874 1
63 28 186.702011108 1
63 28 186.955276489 1
63 28 187.263198853 1
63 28 187.569793701 1
63 28 187.707199097 1
63 28 187.975234985 1
63 28 188.417861938 1
63 28 188.421829224 1
63 28 188.651535034 1
63 28 188.98588562 1
63 28 189.423431396 1
63 28 189.976959229 1
63 28 190.006027222 1
63 28 190.543655396 1
63 28 190.69303894 1
63 28 191.428344727 1
63 28 191.589385986 1
63 28 191.681869507 1
63 28 191.79864502 1
63 28 192.104629517 1
63 28 192.555267334 1
63 28 192.638565063 1
63 28 192.857208252 1
63 28 192.940109253 1
63 28 193.420181274 1
63 28 193.863143921 1
63 28 193.880645752 1
63 28 194.012268066 1
63 28 194.041900635 1
63 28 194.071090698 1
63 28 194.193725586 1
63 28 194.291305542 1
63 28 194.413391113 1
63 28 194.555404663 1
63 28 194.690322876 1
63 28 194.977218628 1
63 28 194.990829468 1
63 28 195.002746582 1
63 28 195.144882202 1
63 28 195.414627075 1
63 28 195.540359497 1
63 28 195.792098999 1
63 28 195.833648682 1
63 28 196.169036865 1
63 28 196.37828064 1
63 28 196.412017822 1
63 28 196.515274048 1
63 28 197.16595459 1
63 28 197.173828125 1
63 28 197.405166626 1
63 28 197.568435669 1
63 28 197.716781616 1
63 28 198.018737793 1
63 28 198.022598267 1
63 28 198.178039551 1
63 28 198.181121826 1
63 28 198.318374634 1
63 28 198.72454834 1
63 28 198.766876221 1
63 28 198.964385986 1
63 28 199.23815918 1
63 28 199.517715454 1
63 28 199.656600952 1
63 28 200.083023071 1
63 28 200.097167969 1
63 28 200.111846924 1
63 28 200.131103516 1
63 28 200.141967773 1
63 28 200.278274536 1
63 28 200.647293091 1
63 28 201.216445923 1
63 28 201.525009155 1
63 28 201.799072266 1
63 28 202.227386475 1
63 28 202.409683228 1
63 28 202.527313232 1
63 28 203.007034302 1
63 28 203.212677002 1
63 28 203.630050659 1
63 28 203.804412842 1
63 28 204.344680786 1
63 28 204.409729004 1
63 28 204.940002441 1
63 28 205.0909729 1
63 28 205.174285889 1
63 28 205.212738037 1
63 28 206.065643311 1
63 28 206.447601318 1
63 28 206.4581604 1
63 28 207.314437866 1
63 28 207.35269165 1
63 28 207.403411865 1
63 28 207.720367432 1
63 28 207.829345703 1
63 28 207.984008789 1
63 28 208.307540894 1
63 28 208.827056885 1
63 28 208.87852478 1
63 28 209.340103149 1
63 28 209.550460815 1
63 28 209.758163452 1
63 28 210.527603149 1
63 28 210.535400391 1
63 28 210.704681396 1
63 28 211.168655396 1
63 28 211.234359741 1
63 28 211.317672729 1
63 28 211.421936035 1
63 28 211.55065918 1
63 28 211.676757812 1
63 28 212.214477539 1
63 28 212.347824097 1
63 28 212.617477417 1
63 28 212.646057129 1
63 28 212.809799194 1
63 28 213.092910767 1
63 28 213.357421875 1
63 28 213.688461304 1
63 28 214.54788208 1
63 28 215.654067993 1
63 28 215.961853027 1
63 28 216.017074585 1
63 28 216.022201538 1
63 28 216.135269165 1
63 28 216.304763794 1
63 28 216.463684082 1
63 28 216.700653076 1
63 28 217.439300537 1
63 28 217.522674561 1
63 28 217.555343628 1
63 28 217.720046997 1
63 28 217.970809937 1
63 28 218.063613892 1
63 28 218.23374939 1
63 28 218.41583252 1
63 28 218.895248413 1
63 28 218.970046997 1
63 28 220.080307007 1
63 28 220.531494141 1
63 28 220.929290771 1
63 28 221.422149658 1
63 28 221.644332886 1
63 28 222.704177856 1
63 28 223.02041626 1
63 28 223.700454712 1
63 28 225.255462646 1
63 28 225.305709839 1
63 28 225.400650024 1
63 28 225.47442627 1
63 28 226.64239502 1
63 28 226.835998535 1
63 28 227.310928345 1
63 28 227.433929443 1
63 28 227.458129883 1
63 28 227.538986206 1
63 28 228.02015686 1
63 28 228.02633667 1
63 28 228.557052612 1
63 28 228.720397949 1
63 28 232.95539856 1
63 28 233.545471191 1
63 28 234.663162231 1
63 28 235.608062744 1
63 28 236.388458252 1
63 28 236.68649292 1
63 28 236.7137146 1
63 28 237.21232605 1
63 28 237.476348877 1
63 28 237.494445801 1
63 28 237.806793213 1
63 28 238.848480225 1
63 28 239.660354614 1
63 28 240.261199951 1
63 28 241.004867554 1
63 28 241.234603882 1
63 28 244.033706665 1
63 28 244.273468018 1
63 28 244.735137939 1
63 28 245.606079102 1
63 28 245.650161743 1
63 28 245.927001953 1
63 28 246.423217773 1
63 28 247.595565796 1
63 28 247.982315063 1
63 28 249.238464355 1
63 28 249.423599243 1
63 28 250.23034668 1
63 28 250.996810913 1
63 28 251.355438232 1
63 28 252.42578125 1
63 28 254.036224365 1
63 28 255.61630249 1
63 28 256.11920166 1
63 28 256.681640625 1
63 28 256.921722412 1
63 28 258.090423584 1
63 28 258.148529053 1
63 28 258.883575439 1
63 28 259.557739258 1
63 28 260.17578125 1
63 28 260.537902832 1
63 28 261.310058594 1
63 28 264.70022583 1
63 28 269.974517822 1
63 28 270.614318848 1
63 28 271.001922607 1
63 28 276.069213867 1
63 28 276.538238525 1
63 28 278.359680176 1
63 28 278.740081787 1
63 28 280.753967285 1
63 28 281.153411865 1
63 28 281.188446045 1
63 28 284.476745605 1
63 28 285.823699951 1
63 28 289.457122803 1
63 28 289.563903809 1
63 28 290.444335938 1
63 28 290.920227051 1
63 28 292.983734131 1
63 28 293.390411377 1
63 28 294.819122314 1
63 28 300.218597412 1
63 28 300.483093262 1
63 28 300.930908203 1
63 28 301.916534424 1
63 28 302.279022217 1
63 28 302.80355835 1
63 28 303.89263916 1
63 28 310.29486084 1
63 28 310.445861816 1
63 28 310.653198242 1
63 28 311.377441406 1
63 28 311.938201904 1
63 28 314.094390869 1
63 28 316.265899658 1
63 28 318.275634766 1
63 28 321.161499023 1
63 28 322.12979126 1
63 28 325.070159912 1
63 28 327.9402771 1
63 28 328.378967285 1
63 28 330.468017578 1
63 28 331.369995117 1
63 28 331.504455566 1
63 28 334.069549561 1
63 28 337.306884766 1
63 28 338.017059326 1
63 28 338.37600708 1
63 28 341.8855896 1
63 28 342.730010986 1
63 28 344.120788574 1
63 28 350.754608154 1
63 28 351.02355957 1
63 28 351.903320312 1
63 28 359.146942139 1
63 28 364.087646484 1
63 28 374.676513672 1
63 28 380.912658691 1
63 28 388.378723145 1
63 28 388.893035889 1
63 28 397.067260742 1
63 28 397.41973877 1
63 28 400.395080566 1
63 28 401.843505859 1
63 28 407.856140137 1
63 28 408.315093994 1
63 28 409.051544189 1
63 28 410.469085693 1
63 28 412.025299072 1
63 28 413.536529541 1
63 28 419.751068115 1
63 28 434.286834717 1
63 28 435.828979492 1
63 28 441.007873535 1
63 28 445.248748779 1
63 28 447.135498047 1
63 28 449.187866211 1
63 28 452.814208984 1
63 28 465.107971191 1
63 28 478.504180908 1
63 28 479.61529541 1
63 28 482.547393799 1
63 28 488.665039062 1
63 28 503.025848389 1
63 28 505.589813232 1
63 28 525.051574707 1
63 28 529.535583496 1
63 28 532.343566895 1
63 28 534.821594238 1
63 28 535.745849609 1
63 28 542.471557617 1
63 28 552.614013672 1
63 28 552.706420898 1
63 28 560.68371582 1
63 28 561.362670898 1
63 28 561.561889648 1
63 28 563.852539062 1
63 28 564.456848145 1
63 28 575.45324707 1
63 28 576.010925293 1
63 28 592.312927246 1
63 28 604.600952148 1
63 28 612.600830078 1
63 28 625.338562012 1
63 28 634.647766113 1
63 28 672.757751465 1
63 28 683.347167969 1
63 28 683.638305664 1
63 28 686.005554199 1
63 28 690.989929199 1
63 28 733.706420898 1
63 28 747.465576172 1
63 28 772.905212402 1
63 28 815.530883789 1
63 28 857.399658203 1
63 28 923.637695312 1
63 28 937.551757812 1
63 28 961.148803711 1
63 28 1017.08673096 1
63 28 1036.00952148 1
63 28 1272.11767578 1
63 28 1998.71142578 1
63 29 80.5981826782 1
63 29 81.7274780273 1
63 29 82.1122283936 1
63 29 82.4277191162 1
63 29 82.5043334961 1
63 29 82.9818725586 1
63 29 83.4122161865 1
63 29 84.23853302 1
63 29 84.3181838989 1
63 29 84.5497360229 1
63 29 84.6237487793 1
63 29 85.0477981567 1
63 29 85.4717330933 1
63 29 85.6186599731 1
63 29 85.6510848999 1
63 29 85.7246017456 1
63 29 85.8602676392 1
63 29 85.8640975952 1
63 29 85.9617080688 1
63 29 86.0085296631 1
63 29 86.0465927124 1
63 29 86.0526885986 1
63 29 86.1580047607 1
63 29 86.2367935181 1
63 29 86.300491333 1
63 29 86.3590698242 1
63 29 86.3964691162 1
63 29 86.5573730469 1
63 29 86.6259002686 1
63 29 86.6808624268 1
63 29 86.7208633423 1
63 29 86.8646011353 1
63 29 86.9404067993 1
63 29 87.0794448853 1
63 29 87.1333389282 1
63 29 87.2297973633 1
63 29 87.2510452271 1
63 29 87.3673706055 1
63 29 87.4386520386 1
63 29 87.7361907959 1
63 29 87.7897872925 1
63 29 87.8068847656 1
63 29 87.8499832153 1
63 29 87.9196090698 1
63 29 87.9558258057 1
63 29 87.9736175537 1
63 29 88.134185791 1
63 29 88.2004776001 1
63 29 88.2473068237 1
63 29 88.2821731567 1
63 29 88.2969741821 1
63 29 88.3176803589 1
63 29 88.3853683472 1
63 29 88.7728500366 1
63 29 88.7875061035 1
63 29 88.8964385986 1
63 29 88.9113769531 1
63 29 88.9251251221 1
63 29 89.0121841431 1
63 29 89.0657119751 1
63 29 89.1269760132 1
63 29 89.1551742554 1
63 29 89.2087173462 1
63 29 89.3022537231 1
63 29 89.3206100464 1
63 29 89.3345489502 1
63 29 89.3645706177 1
63 29 89.46534729 1
63 29 89.5043106079 1
63 29 89.5273590088 1
63 29 89.5918197632 1
63 29 89.6419143677 1
63 29 89.71875 1
63 29 89.77293396 1
63 29 89.7872467041 1
63 29 89.7987670898 1
63 29 89.8218154907 1
63 29 89.8360824585 1
63 29 89.902381897 1
63 29 89.9754867554 1
63 29 89.9927978516 1
63 29 90.0346603394 1
63 29 90.0549468994 1
63 29 90.1975479126 1
63 29 90.3556289673 1
63 29 90.4760437012 1
63 29 90.490852356 1
63 29 90.5020675659 1
63 29 90.5135269165 1
63 29 90.5264816284 1
63 29 90.5285568237 1
63 29 90.5404968262 1
63 29 90.5979156494 1
63 29 90.7884597778 1
63 29 90.7994689941 1
63 29 90.8525848389 1
63 29 90.8553161621 1
63 29 90.8558502197 1
63 29 90.9042358398 1
63 29 90.9246292114 1
63 29 90.9671096802 1
63 29 91.0080337524 1
63 29 91.0331497192 1
63 29 91.0882263184 1
63 29 91.1715164185 1
63 29 91.184173584 1
63 29 91.1856918335 1
63 29 91.2342529297 1
63 29 91.2402801514 1
63 29 91.2989578247 1
63 29 91.3425216675 1
63 29 91.414932251 1
63 29 91.4439620972 1
63 29 91.5094604492 1
63 29 91.5160217285 1
63 29 91.521774292 1
63 29 91.6350708008 1
63 29 91.6658172607 1
63 29 91.6893692017 1
63 29 91.740486145 1
63 29 91.8119812012 1
63 29 91.8728256226 1
63 29 91.8863830566 1
63 29 92.1360855103 1
63 29 92.1451950073 1
63 29 92.1478729248 1
63 29 92.181968689 1
63 29 92.2074813843 1
63 29 92.2788009644 1
63 29 92.3883590698 1
63 29 92.4757537842 1
63 29 92.5176620483 1
63 29 92.6376037598 1
63 29 92.6616897583 1
63 29 92.6865081787 1
63 29 92.6949310303 1
63 29 92.76587677 1
63 29 92.8216171265 1
63 29 92.9106750488 1
63 29 92.9580535889 1
63 29 92.9773406982 1
63 29 92.9885253906 1
63 29 92.9893035889 1
63 29 93.0320358276 1
63 29 93.0529098511 1
63 29 93.1261138916 1
63 29 93.1395568848 1
63 29 93.1409378052 1
63 29 93.1602478027 1
63 29 93.1622619629 1
63 29 93.1819381714 1
63 29 93.2879180908 1
63 29 93.3449554443 1
63 29 93.353767395 1
63 29 93.354385376 1
63 29 93.3782730103 1
63 29 93.3925476074 1
63 29 93.4656448364 1
63 29 93.4725189209 1
63 29 93.5757522583 1
63 29 93.6169281006 1
63 29 93.7683944702 1
63 29 93.8306732178 1
63 29 93.8899307251 1
63 29 93.9332427979 1
63 29 93.9570617676 1
63 29 93.9957199097 1
63 29 94.0448150635 1
63 29 94.1014251709 1
63 29 94.2229385376 1
63 29 94.2797546387 1
63 29 94.2868347168 1
63 29 94.3049163818 1
63 29 94.3256225586 1
63 29 94.3937225342 1
63 29 94.3963851929 1
63 29 94.4260253906 1
63 29 94.4482040405 1
63 29 94.4767532349 1
63 29 94.6443710327 1
63 29 94.7208251953 1
63 29 94.7570571899 1
63 29 94.7582015991 1
63 29 94.8121490479 1
63 29 94.8662338257 1
63 29 94.9320602417 1
63 29 95.067855835 1
63 29 95.1151275635 1
63 29 95.1173095703 1
63 29 95.1861572266 1
63 29 95.1871261597 1
63 29 95.2589111328 1
63 29 95.3170547485 1
63 29 95.360748291 1
63 29 95.3738479614 1
63 29 95.3817062378 1
63 29 95.403175354 1
63 29 95.4061889648 1
63 29 95.4139328003 1
63 29 95.4455490112 1
63 29 95.4889907837 1
63 29 95.5649642944 1
63 29 95.5769119263 1
63 29 95.6263046265 1
63 29 95.6343078613 1
63 29 95.661819458 1
63 29 95.6643218994 1
63 29 95.7090377808 1
63 29 95.7324829102 1
63 29 95.7904586792 1
63 29 95.8168106079 1
63 29 95.82056427 1
63 29 95.876411438 1
63 29 95.8907928467 1
63 29 95.891998291 1
63 29 95.8946609497 1
63 29 95.9839096069 1
63 29 96.0021286011 1
63 29 96.0088653564 1
63 29 96.0116043091 1
63 29 96.0684661865 1
63 29 96.0847854614 1
63 29 96.1107635498 1
63 29 96.2208175659 1
63 29 96.2244338989 1
63 29 96.2557296753 1
63 29 96.2921142578 1
63 29 96.324798584 1
63 29 96.4163970947 1
63 29 96.4261474609 1
63 29 96.4936447144 1
63 29 96.5299072266 1
63 29 96.5524749756 1
63 29 96.6270980835 1
63 29 96.6664962769 1
63 29 96.708442688 1
63 29 96.7108230591 1
63 29 96.7138290405 1
63 29 96.8201065063 1
63 29 96.8656082153 1
63 29 96.8765106201 1
63 29 96.9052505493 1
63 29 96.9343414307 1
63 29 96.9562988281 1
63 29 97.0006256104 1
63 29 97.0080413818 1
63 29 97.0282974243 1
63 29 97.0284576416 1
63 29 97.0955047607 1
63 29 97.0979232788 1
63 29 97.1060714722 1
63 29 97.1132507324 1
63 29 97.1296005249 1
63 29 97.1511611938 1
63 29 97.1840362549 1
63 29 97.1867218018 1
63 29 97.213508606 1
63 29 97.2182769775 1
63 29 97.2577362061 1
63 29 97.3212203979 1
63 29 97.3447265625 1
63 29 97.384727478 1
63 29 97.3914794922 1
63 29 97.4438018799 1
63 29 97.4515457153 1
63 29 97.4813079834 1
63 29 97.4903030396 1
63 29 97.5439300537 1
63 29 97.5598602295 1
63 29 97.619430542 1
63 29 97.6346969604 1
63 29 97.6630630493 1
63 29 97.6908493042 1
63 29 97.7460784912 1
63 29 97.7540054321 1
63 29 97.7570724487 1
63 29 97.7597351074 1
63 29 97.8386917114 1
63 29 97.8544311523 1
63 29 97.8612823486 1
63 29 97.8687591553 1
63 29 97.9032821655 1
63 29 97.9293136597 1
63 29 98.0147247314 1
63 29 98.0325927734 1
63 29 98.0924758911 1
63 29 98.1397094727 1
63 29 98.1807022095 1
63 29 98.2083587646 1
63 29 98.2140884399 1
63 29 98.2530517578 1
63 29 98.2727508545 1
63 29 98.2839660645 1
63 29 98.3073730469 1
63 29 98.377494812 1
63 29 98.4453964233 1
63 29 98.4558181763 1
63 29 98.47315979 1
63 29 98.4970321655 1
63 29 98.5271224976 1
63 29 98.5888595581 1
63 29 98.6716537476 1
63 29 98.7309265137 1
63 29 98.7366027832 1
63 29 98.7434921265 1
63 29 98.7792510986 1
63 29 98.8270263672 1
63 29 98.8417282104 1
63 29 98.8667297363 1
63 29 99.0512390137 1
63 29 99.0559768677 1
63 29 99.1743469238 1
63 29 99.1851348877 1
63 29 99.2239761353 1
63 29 99.2246780396 1
63 29 99.2694168091 1
63 29 99.3663330078 1
63 29 99.3720245361 1
63 29 99.4696960449 1
63 29 99.4776229858 1
63 29 99.4884567261 1
63 29 99.5640716553 1
63 29 99.5893478394 1
63 29 99.6177062988 1
63 29 99.6182403564 1
63 29 99.6197967529 1
63 29 99.631362915 1
63 29 99.7262573242 1
63 29 99.7287521362 1
63 29 99.7672958374 1
63 29 99.9116134644 1
63 29 99.9531173706 1
63 29 99.9696502686 1
63 29 99.98021698 1
63 29 99.982749939 1
63 29 100.034645081 1
63 29 100.055557251 1
63 29 100.121490479 1
63 29 100.208709717 1
63 29 100.422370911 1
63 29 100.462677002 1
63 29 100.531936646 1
63 29 100.564590454 1
63 29 100.573295593 1
63 29 100.579345703 1
63 29 100.604537964 1
63 29 100.612915039 1
63 29 100.675613403 1
63 29 100.738815308 1
63 29 100.75617981 1
63 29 100.768676758 1
63 29 100.83000946 1
63 29 100.84500885 1
63 29 101.005599976 1
63 29 101.067817688 1
63 29 101.075141907 1
63 29 101.099723816 1
63 29 101.134162903 1
63 29 101.145812988 1
63 29 101.147735596 1
63 29 101.206687927 1
63 29 101.29524231 1
63 29 101.348655701 1
63 29 101.482902527 1
63 29 101.544586182 1
63 29 101.583320618 1
63 29 101.605445862 1
63 29 101.608665466 1
63 29 101.636962891 1
63 29 101.653015137 1
63 29 101.708068848 1
63 29 101.741020203 1
63 29 101.852157593 1
63 29 101.863624573 1
63 29 101.975204468 1
63 29 101.990959167 1
63 29 101.992973328 1
63 29 102.124389648 1
63 29 102.268875122 1
63 29 102.309738159 1
63 29 102.312744141 1
63 29 102.33039093 1
63 29 102.361961365 1
63 29 102.45022583 1
63 29 102.451721191 1
63 29 102.456497192 1
63 29 102.486839294 1
63 29 102.497337341 1
63 29 102.502288818 1
63 29 102.508506775 1
63 29 102.567085266 1
63 29 102.57220459 1
63 29 102.583564758 1
63 29 102.606155396 1
63 29 102.677818298 1
63 29 102.702911377 1
63 29 102.72719574 1
63 29 102.756736755 1
63 29 102.805473328 1
63 29 102.895935059 1
63 29 102.926971436 1
63 29 102.958145142 1
63 29 102.978927612 1
63 29 103.266433716 1
63 29 103.296913147 1
63 29 103.35219574 1
63 29 103.399993896 1
63 29 103.437698364 1
63 29 103.557556152 1
63 29 103.557754517 1
63 29 103.590324402 1
63 29 103.619285583 1
63 29 103.623512268 1
63 29 103.624473572 1
63 29 103.701339722 1
63 29 103.713798523 1
63 29 103.826644897 1
63 29 103.882606506 1
63 29 104.023864746 1
63 29 104.096092224 1
63 29 104.13621521 1
63 29 104.144065857 1
63 29 104.176231384 1
63 29 104.190948486 1
63 29 104.231719971 1
63 29 104.420913696 1
63 29 104.503181458 1
63 29 104.558876038 1
63 29 104.56187439 1
63 29 104.61794281 1
63 29 104.649497986 1
63 29 104.706695557 1
63 29 104.746238708 1
63 29 104.871864319 1
63 29 104.89957428 1
63 29 105.068084717 1
63 29 105.091697693 1
63 29 105.112121582 1
63 29 105.138916016 1
63 29 105.238517761 1
63 29 105.410430908 1
63 29 105.439735413 1
63 29 105.569755554 1
63 29 105.584312439 1
63 29 105.685760498 1
63 29 105.743095398 1
63 29 105.831710815 1
63 29 105.884933472 1
63 29 105.92666626 1
63 29 106.007148743 1
63 29 106.042236328 1
63 29 106.066261292 1
63 29 106.097618103 1
63 29 106.189308167 1
63 29 106.309036255 1
63 29 106.328361511 1
63 29 106.41619873 1
63 29 106.53817749 1
63 29 106.559158325 1
63 29 106.580131531 1
63 29 106.609642029 1
63 29 106.642860413 1
63 29 106.65045166 1
63 29 106.681526184 1
63 29 106.749732971 1
63 29 106.852096558 1
63 29 106.908096313 1
63 29 106.943389893 1
63 29 106.945663452 1
63 29 106.9529953 1
63 29 107.030471802 1
63 29 107.159461975 1
63 29 107.229827881 1
63 29 107.239746094 1
63 29 107.245315552 1
63 29 107.358459473 1
63 29 107.471824646 1
63 29 107.607894897 1
63 29 107.673446655 1
63 29 107.708267212 1
63 29 107.752296448 1
63 29 107.768867493 1
63 29 107.777229309 1
63 29 107.831962585 1
63 29 107.967056274 1
63 29 108.007347107 1
63 29 108.024536133 1
63 29 108.152458191 1
63 29 108.224960327 1
63 29 108.489830017 1
63 29 108.49684906 1
63 29 108.673561096 1
63 29 108.744537354 1
63 29 108.844192505 1
63 29 108.92048645 1
63 29 109.159683228 1
63 29 109.263458252 1
63 29 109.356536865 1
63 29 109.680885315 1
63 29 109.698707581 1
63 29 109.701820374 1
63 29 109.721382141 1
63 29 109.842498779 1
63 29 109.876060486 1
63 29 109.939582825 1
63 29 109.960739136 1
63 29 109.994850159 1
63 29 110.050849915 1
63 29 110.066833496 1
63 29 110.071983337 1
63 29 110.082519531 1
63 29 110.119277954 1
63 29 110.165771484 1
63 29 110.302688599 1
63 29 110.374267578 1
63 29 110.432281494 1
63 29 110.562721252 1
63 29 110.570495605 1
63 29 110.642990112 1
63 29 110.730957031 1
63 29 110.749588013 1
63 29 110.880813599 1
63 29 110.888244629 1
63 29 110.902114868 1
63 29 110.921607971 1
63 29 111.167373657 1
63 29 111.187652588 1
63 29 111.22114563 1
63 29 111.41003418 1
63 29 111.589988708 1
63 29 111.705543518 1
63 29 111.71685791 1
63 29 111.799430847 1
63 29 112.15385437 1
63 29 112.183609009 1
63 29 112.259246826 1
63 29 112.374984741 1
63 29 112.501174927 1
63 29 112.504989624 1
63 29 112.543708801 1
63 29 112.604026794 1
63 29 112.714073181 1
63 29 112.810188293 1
63 29 112.898262024 1
63 29 112.933815002 1
63 29 113.118782043 1
63 29 113.195640564 1
63 29 113.359443665 1
63 29 113.380859375 1
63 29 113.419075012 1
63 29 113.438453674 1
63 29 113.519767761 1
63 29 113.582145691 1
63 29 113.640388489 1
63 29 113.69707489 1
63 29 113.817947388 1
63 29 113.931655884 1
63 29 113.944351196 1
63 29 114.019599915 1
63 29 114.078887939 1
63 29 114.101951599 1
63 29 114.102622986 1
63 29 114.125038147 1
63 29 114.295883179 1
63 29 114.31388855 1
63 29 114.43094635 1
63 29 114.567474365 1
63 29 114.809280396 1
63 29 114.845314026 1
63 29 115.010688782 1
63 29 115.067970276 1
63 29 115.085212708 1
63 29 115.145568848 1
63 29 115.148246765 1
63 29 115.14944458 1
63 29 115.188316345 1
63 29 115.202461243 1
63 29 115.274986267 1
63 29 115.431312561 1
63 29 115.625930786 1
63 29 115.716827393 1
63 29 115.99471283 1
63 29 116.028022766 1
63 29 116.140037537 1
63 29 116.300231934 1
63 29 116.451782227 1
63 29 116.482879639 1
63 29 116.542526245 1
63 29 116.667053223 1
63 29 116.84299469 1
63 29 117.049980164 1
63 29 117.364990234 1
63 29 117.502288818 1
63 29 117.625358582 1
63 29 117.739059448 1
63 29 117.909683228 1
63 29 117.925689697 1
63 29 117.975883484 1
63 29 118.091423035 1
63 29 118.180175781 1
63 29 118.232254028 1
63 29 118.529907227 1
63 29 118.635475159 1
63 29 118.813781738 1
63 29 118.925109863 1
63 29 119.057434082 1
63 29 119.438529968 1
63 29 119.535507202 1
63 29 119.710105896 1
63 29 120.010391235 1
63 29 120.152023315 1
63 29 120.428108215 1
63 29 120.512969971 1
63 29 121.238845825 1
63 29 121.262321472 1
63 29 121.312217712 1
63 29 121.393241882 1
63 29 121.490066528 1
63 29 121.566200256 1
63 29 121.616401672 1
63 29 121.928565979 1
63 29 121.936660767 1
63 29 122.113853455 1
63 29 122.11995697 1
63 29 122.193367004 1
63 29 122.300315857 1
63 29 122.418052673 1
63 29 122.576812744 1
63 29 123.025512695 1
63 29 123.140296936 1
63 29 123.234565735 1
63 29 123.261978149 1
63 29 123.34147644 1
63 29 123.939529419 1
63 29 124.269454956 1
63 29 124.298530579 1
63 29 124.324829102 1
63 29 124.412597656 1
63 29 124.521385193 1
63 29 124.591552734 1
63 29 124.754364014 1
63 29 124.756790161 1
63 29 124.804862976 1
63 29 124.923027039 1
63 29 124.946395874 1
63 29 125.032798767 1
63 29 125.103378296 1
63 29 125.699432373 1
63 29 125.700149536 1
63 29 125.813453674 1
63 29 125.834526062 1
63 29 125.989746094 1
63 29 126.142494202 1
63 29 126.144515991 1
63 29 126.317230225 1
63 29 126.700523376 1
63 29 126.99269104 1
63 29 127.275177002 1
63 29 127.323791504 1
63 29 127.344421387 1
63 29 127.35458374 1
63 29 127.54863739 1
63 29 127.624160767 1
63 29 127.669273376 1
63 29 127.740257263 1
63 29 127.902267456 1
63 29 127.947029114 1
63 29 127.965408325 1
63 29 128.044815063 1
63 29 128.38949585 1
63 29 128.797058105 1
63 29 128.889678955 1
63 29 129.038909912 1
63 29 129.124633789 1
63 29 129.124893188 1
63 29 129.588470459 1
63 29 129.60987854 1
63 29 129.813644409 1
63 29 129.843811035 1
63 29 129.939834595 1
63 29 129.959945679 1
63 29 130.037918091 1
63 29 130.065795898 1
63 29 130.209854126 1
63 29 130.586349487 1
63 29 130.685653687 1
63 29 130.948272705 1
63 29 130.993286133 1
63 29 131.219573975 1
63 29 131.471923828 1
63 29 131.560379028 1
63 29 131.581375122 1
63 29 131.674957275 1
63 29 131.721343994 1
63 29 132.307128906 1
63 29 132.386993408 1
63 29 132.628982544 1
63 29 132.858840942 1
63 29 133.000778198 1
63 29 133.085327148 1
63 29 133.512664795 1
63 29 133.536819458 1
63 29 133.990631104 1
63 29 134.095108032 1
63 29 134.178375244 1
63 29 134.246047974 1
63 29 134.436386108 1
63 29 134.754089355 1
63 29 134.876113892 1
63 29 135.166992188 1
63 29 135.36630249 1
63 29 135.535263062 1
63 29 135.864593506 1
63 29 136.051986694 1
63 29 136.277297974 1
63 29 136.497695923 1
63 29 136.575500488 1
63 29 136.882263184 1
63 29 137.416854858 1
63 29 137.4503479 1
63 29 137.531326294 1
63 29 137.574447632 1
63 29 137.748306274 1
63 29 138.147247314 1
63 29 138.293838501 1
63 29 138.35369873 1
63 29 138.450927734 1
63 29 138.633865356 1
63 29 138.667709351 1
63 29 138.864746094 1
63 29 139.110855103 1
63 29 139.626159668 1
63 29 139.948303223 1
63 29 140.065612793 1
63 29 140.162094116 1
63 29 140.186019897 1
63 29 140.315658569 1
63 29 140.827392578 1
63 29 140.877685547 1
63 29 141.099197388 1
63 29 141.118011475 1
63 29 141.493469238 1
63 29 141.80267334 1
63 29 141.997085571 1
63 29 142.223648071 1
63 29 142.24331665 1
63 29 142.876663208 1
63 29 143.637268066 1
63 29 144.182037354 1
63 29 144.199478149 1
63 29 144.323577881 1
63 29 144.350784302 1
63 29 144.490478516 1
63 29 144.862808228 1
63 29 144.898162842 1
63 29 145.339294434 1
63 29 145.44758606 1
63 29 145.520278931 1
63 29 145.638809204 1
63 29 145.828598022 1
63 29 146.135467529 1
63 29 146.644546509 1
63 29 146.743774414 1
63 29 146.961807251 1
63 29 148.060272217 1
63 29 148.182876587 1
63 29 148.425643921 1
63 29 148.510757446 1
63 29 149.101104736 1
63 29 149.175537109 1
63 29 150.08215332 1
63 29 150.50440979 1
63 29 150.524765015 1
63 29 150.627655029 1
63 29 150.754714966 1
63 29 150.822906494 1
63 29 151.200485229 1
63 29 151.810897827 1
63 29 151.858901978 1
63 29 152.122512817 1
63 29 152.336624146 1
63 29 152.655258179 1
63 29 153.122787476 1
63 29 153.389587402 1
63 29 153.432189941 1
63 29 153.722335815 1
63 29 154.508972168 1
63 29 155.082519531 1
63 29 155.428268433 1
63 29 155.627182007 1
63 29 156.070236206 1
63 29 156.123382568 1
63 29 156.945907593 1
63 29 157.283630371 1
63 29 157.410964966 1
63 29 157.890319824 1
63 29 158.223876953 1
63 29 158.818786621 1
63 29 159.992340088 1
63 29 160.020431519 1
63 29 160.168380737 1
63 29 160.517868042 1
63 29 160.765899658 1
63 29 160.995376587 1
63 29 161.046722412 1
63 29 161.067642212 1
63 29 161.146011353 1
63 29 161.268508911 1
63 29 161.713043213 1
63 29 162.344680786 1
63 29 163.182037354 1
63 29 163.408416748 1
63 29 163.509872437 1
63 29 163.944351196 1
63 29 164.766738892 1
63 29 165.096191406 1
63 29 165.680374146 1
63 29 166.98336792 1
63 29 167.296630859 1
63 29 167.757049561 1
63 29 168.198654175 1
63 29 168.236312866 1
63 29 168.810302734 1
63 29 168.8984375 1
63 29 168.959075928 1
63 29 169.194900513 1
63 29 169.367523193 1
63 29 169.546722412 1
63 29 169.757888794 1
63 29 169.797332764 1
63 29 169.96421814 1
63 29 170.383270264 1
63 29 170.440628052 1
63 29 170.644958496 1
63 29 170.646499634 1
63 29 170.675552368 1
63 29 171.472045898 1
63 29 172.233459473 1
63 29 174.082946777 1
63 29 174.780456543 1
63 29 174.808334351 1
63 29 175.299987793 1
63 29 175.438674927 1
63 29 175.833877563 1
63 29 176.511245728 1
63 29 177.432144165 1
63 29 177.727935791 1
63 29 178.060791016 1
63 29 180.082183838 1
63 29 180.750930786 1
63 29 181.553466797 1
63 29 182.482833862 1
63 29 182.667053223 1
63 29 183.215255737 1
63 29 183.991363525 1
63 29 184.444122314 1
63 29 184.684783936 1
63 29 186.652084351 1
63 29 186.785140991 1
63 29 186.962524414 1
63 29 187.333755493 1
63 29 188.336746216 1
63 29 188.984954834 1
63 29 189.112335205 1
63 29 189.969329834 1
63 29 190.255279541 1
63 29 190.814804077 1
63 29 191.381057739 1
63 29 192.587905884 1
63 29 192.71484375 1
63 29 194.485321045 1
63 29 195.411758423 1
63 29 196.574996948 1
63 29 196.871124268 1
63 29 196.89831543 1
63 29 198.157791138 1
63 29 199.046829224 1
63 29 199.495330811 1
63 29 199.615447998 1
63 29 199.691223145 1
63 29 199.754516602 1
63 29 200.820510864 1
63 29 201.256607056 1
63 29 202.074874878 1
63 29 206.501037598 1
63 29 206.975311279 1
63 29 207.025024414 1
63 29 207.557571411 1
63 29 208.113708496 1
63 29 208.725204468 1
63 29 211.68800354 1
63 29 212.91293335 1
63 29 213.174880981 1
63 29 214.431350708 1
63 29 216.128097534 1
63 29 216.237457275 1
63 29 217.885025024 1
63 29 218.744445801 1
63 29 221.601119995 1
63 29 222.525695801 1
63 29 223.50769043 1
63 29 227.190536499 1
63 29 229.771057129 1
63 29 231.266433716 1
63 29 232.940643311 1
63 29 233.973953247 1
63 29 234.667358398 1
63 29 234.781967163 1
63 29 235.342483521 1
63 29 239.178115845 1
63 29 241.784866333 1
63 29 244.850006104 1
63 29 247.151367188 1
63 29 250.986480713 1
63 29 255.954345703 1
63 29 256.780426025 1
63 29 257.473205566 1
63 29 260.871643066 1
63 29 261.136016846 1
63 29 261.201538086 1
63 29 261.251708984 1
63 29 262.270263672 1
63 29 264.998779297 1
63 29 265.743255615 1
63 29 268.747680664 1
63 29 269.506744385 1
63 29 274.062561035 1
63 29 274.494567871 1
63 29 276.149169922 1
63 29 282.519683838 1
63 29 285.508666992 1
63 29 287.231079102 1
63 29 291.500610352 1
63 29 293.621551514 1
63 29 296.852722168 1
63 29 299.760498047 1
63 29 301.504577637 1
63 29 308.106933594 1
63 29 312.739898682 1
63 29 313.317016602 1
63 29 314.439239502 1
63 29 316.724212646 1
63 29 320.225219727 1
63 29 320.747650146 1
63 29 321.347259521 1
63 29 326.386993408 1
63 29 328.511383057 1
63 29 336.468444824 1
63 29 341.921966553 1
63 29 343.9425354 1
63 29 349.89239502 1
63 29 353.984069824 1
63 29 357.165557861 1
63 29 357.812652588 1
63 29 362.044281006 1
63 29 362.335571289 1
63 29 370.172912598 1
63 29 370.673339844 1
63 29 377.3487854 1
63 29 380.497344971 1
63 29 381.202087402 1
63 29 383.288513184 1
63 29 385.446014404 1
63 29 401.424407959 1
63 29 409.009368896 1
63 29 411.950134277 1
63 29 417.277679443 1
63 29 422.974273682 1
63 29 429.22555542 1
63 29 432.851074219 1
63 29 442.186767578 1
63 29 450.060668945 1
63 29 452.181213379 1
63 29 460.902679443 1
63 29 468.451171875 1
63 29 469.926147461 1
63 29 471.461639404 1
63 29 487.546875 1
63 29 494.956756592 1
63 29 497.581451416 1
63 29 510.018707275 1
63 29 512.976928711 1
63 29 521.394470215 1
63 29 522.489624023 1
63 29 527.057006836 1
63 29 557.005371094 1
63 29 588.71685791 1
63 29 596.646484375 1
63 29 608.071838379 1
63 29 625.219177246 1
63 29 631.061828613 1
63 29 644.52947998 1
63 29 664.793212891 1
63 29 760.124145508 1
63 29 904.204101562 1
63 29 911.56439209 1
63 29 927.539855957 1
63 29 929.429931641 1
63 29 943.734924316 1
63 29 960.823242188 1
63 29 962.858886719 1
63 29 969.940979004 1
63 29 1081.25915527 1
63 29 1199.5802002 1
63 29 1550.22180176 1
63 31 89.4206924438 1
63 31 90.5474472046 1
63 31 92.1211013794 1
63 31 93.6526565552 1
63 31 95.2342834473 1
63 31 95.3217697144 1
63 31 97.1379852295 1
63 31 98.456199646 1
63 31 99.7112426758 1
63 31 100.609558105 1
63 31 100.633712769 1
63 31 100.671096802 1
63 31 102.563957214 1
63 31 102.786315918 1
63 31 103.092964172 1
63 31 103.216941833 1
63 31 103.46043396 1
63 31 104.076538086 1
63 31 104.363021851 1
63 31 104.529602051 1
63 31 104.632087708 1
63 31 104.872421265 1
63 31 105.308776855 1
63 31 105.922050476 1
63 31 105.930259705 1
63 31 105.99949646 1
63 31 106.660720825 1
63 31 106.751823425 1
63 31 107.403923035 1
63 31 107.685630798 1
63 31 107.691757202 1
63 31 107.865249634 1
63 31 108.325942993 1
63 31 109.352653503 1
63 31 109.420051575 1
63 31 109.511047363 1
63 31 110.297363281 1
63 31 110.344230652 1
63 31 110.517555237 1
63 31 111.526229858 1
63 31 112.036186218 1
63 31 113.130638123 1
63 31 113.373855591 1
63 31 113.432762146 1
63 31 113.850914001 1
63 31 114.115356445 1
63 31 114.347167969 1
63 31 114.507957458 1
63 31 114.609741211 1
63 31 114.752952576 1
63 31 115.604736328 1
63 31 116.298065186 1
63 31 116.609642029 1
63 31 116.950119019 1
63 31 117.217979431 1
63 31 117.666122437 1
63 31 118.069732666 1
63 31 119.039299011 1
63 31 119.113639832 1
63 31 119.116958618 1
63 31 119.293121338 1
63 31 119.320907593 1
63 31 119.96723938 1
63 31 120.357345581 1
63 31 120.577079773 1
63 31 120.676223755 1
63 31 121.712051392 1
63 31 123.47807312 1
63 31 123.50693512 1
63 31 123.561599731 1
63 31 123.676094055 1
63 31 124.356201172 1
63 31 124.750549316 1
63 31 125.324295044 1
63 31 125.554702759 1
63 31 126.032516479 1
63 31 126.244033813 1
63 31 126.90838623 1
63 31 126.96598053 1
63 31 127.054222107 1
63 31 127.211975098 1
63 31 127.550468445 1
63 31 128.944335938 1
63 31 129.075942993 1
63 31 129.623260498 1
63 31 130.807662964 1
63 31 130.988494873 1
63 31 131.331497192 1
63 31 132.107452393 1
63 31 132.242477417 1
63 31 132.473114014 1
63 31 132.610244751 1
63 31 133.473022461 1
63 31 134.530822754 1
63 31 134.767883301 1
63 31 134.879119873 1
63 31 135.365097046 1
63 31 135.861160278 1
63 31 135.965805054 1
63 31 137.514556885 1
63 31 137.802398682 1
63 31 138.09387207 1
63 31 138.385681152 1
63 31 138.949783325 1
63 31 139.319702148 1
63 31 139.577316284 1
63 31 140.162246704 1
63 31 141.696594238 1
63 31 142.665756226 1
63 31 142.703567505 1
63 31 142.843765259 1
63 31 143.176849365 1
63 31 143.984008789 1
63 31 144.057693481 1
63 31 145.325973511 1
63 31 145.532165527 1
63 31 145.99029541 1
63 31 149.044433594 1
63 31 150.751403809 1
63 31 151.550674438 1
63 31 152.454879761 1
63 31 153.619308472 1
63 31 153.976593018 1
63 31 154.719909668 1
63 31 155.39024353 1
63 31 156.758804321 1
63 31 156.81086731 1
63 31 156.966491699 1
63 31 157.318222046 1
63 31 157.318344116 1
63 31 157.428115845 1
63 31 158.148284912 1
63 31 158.603820801 1
63 31 158.958358765 1
63 31 159.723754883 1
63 31 159.875488281 1
63 31 162.051025391 1
63 31 162.912094116 1
63 31 162.947021484 1
63 31 163.554367065 1
63 31 163.972946167 1
63 31 164.976013184 1
63 31 166.101715088 1
63 31 166.293609619 1
63 31 167.150024414 1
63 31 168.462921143 1
63 31 168.558120728 1
63 31 169.0859375 1
63 31 169.116760254 1
63 31 169.162750244 1
63 31 169.294830322 1
63 31 171.084838867 1
63 31 171.395431519 1
63 31 171.748733521 1
63 31 172.967605591 1
63 31 173.623092651 1
63 31 173.989654541 1
63 31 174.280136108 1
63 31 174.464233398 1
63 31 174.676849365 1
63 31 175.588668823 1
63 31 176.189376831 1
63 31 177.768569946 1
63 31 178.681716919 1
63 31 179.412460327 1
63 31 182.322784424 1
63 31 182.566314697 1
63 31 182.964828491 1
63 31 183.490600586 1
63 31 184.315124512 1
63 31 184.988128662 1
63 31 185.033691406 1
63 31 185.220001221 1
63 31 186.137115479 1
63 31 186.409667969 1
63 31 187.80770874 1
63 31 188.003356934 1
63 31 189.13520813 1
63 31 189.447158813 1
63 31 190.359176636 1
63 31 190.838577271 1
63 31 190.899841309 1
63 31 193.74307251 1
63 31 193.873809814 1
63 31 195.82901001 1
63 31 196.47038269 1
63 31 198.648391724 1
63 31 199.395095825 1
63 31 199.595794678 1
63 31 200.350662231 1
63 31 200.883377075 1
63 31 202.495574951 1
63 31 203.710372925 1
63 31 204.790939331 1
63 31 205.575759888 1
63 31 207.038925171 1
63 31 207.114807129 1
63 31 207.950881958 1
63 31 209.10458374 1
63 31 212.294082642 1
63 31 212.893310547 1
63 31 213.384506226 1
63 31 213.68081665 1
63 31 215.447311401 1
63 31 215.763381958 1
63 31 216.089767456 1
63 31 218.468338013 1
63 31 219.821762085 1
63 31 219.848510742 1
63 31 220.93687439 1
63 31 222.046127319 1
63 31 223.302978516 1
63 31 224.069747925 1
63 31 228.723342896 1
63 31 229.03112793 1
63 31 229.775924683 1
63 31 233.430496216 1
63 31 234.001403809 1
63 31 236.279998779 1
63 31 236.66595459 1
63 31 236.674194336 1
63 31 237.037979126 1
63 31 237.688156128 1
63 31 240.105392456 1
63 31 242.143203735 1
63 31 242.808746338 1
63 31 244.903823853 1
63 31 248.733764648 1
63 31 249.228485107 1
63 31 252.770523071 1
63 31 253.617431641 1
63 31 253.863723755 1
63 31 258.609680176 1
63 31 258.633483887 1
63 31 259.102111816 1
63 31 260.967651367 1
63 31 261.625488281 1
63 31 263.297637939 1
63 31 265.426727295 1
63 31 267.155212402 1
63 31 269.558746338 1
63 31 276.302703857 1
63 31 277.484130859 1
63 31 278.059844971 1
63 31 280.672668457 1
63 31 280.781982422 1
63 31 283.925079346 1
63 31 285.025085449 1
63 31 290.213623047 1
63 31 291.635131836 1
63 31 292.257293701 1
63 31 292.737670898 1
63 31 294.428222656 1
63 31 301.077453613 1
63 31 301.176391602 1
63 31 301.770355225 1
63 31 305.073028564 1
63 31 311.935699463 1
63 31 315.516235352 1
63 31 317.303283691 1
63 31 318.201904297 1
63 31 318.234863281 1
63 31 318.241607666 1
63 31 318.38659668 1
63 31 321.865905762 1
63 31 323.997619629 1
63 31 333.738067627 1
63 31 338.457366943 1
63 31 343.101104736 1
63 31 346.486114502 1
63 31 352.697753906 1
63 31 360.54208374 1
63 31 367.276245117 1
63 31 367.62677002 1
63 31 368.235015869 1
63 31 371.02722168 1
63 31 371.819030762 1
63 31 373.030426025 1
63 31 373.961120605 1
63 31 381.534576416 1
63 31 382.457763672 1
63 31 387.342681885 1
63 31 394.719726562 1
63 31 402.891998291 1
63 31 424.118255615 1
63 31 427.0625 1
63 31 432.975006104 1
63 31 435.083282471 1
63 31 446.611541748 1
63 31 451.063873291 1
63 31 463.569061279 1
63 31 476.972229004 1
63 31 485.467285156 1
63 31 491.588195801 1
63 31 492.273529053 1
63 31 493.186584473 1
63 31 495.62210083 1
63 31 499.876373291 1
63 31 506.78994751 1
63 31 535.145996094 1
63 31 538.99609375 1
63 31 539.381347656 1
63 31 546.702514648 1
63 31 552.273498535 1
63 31 552.706054688 1
63 31 567.34979248 1
63 31 574.966430664 1
63 31 621.481994629 1
63 31 625.311767578 1
63 31 711.531066895 1
63 31 717.097229004 1
63 31 719.315307617 1
63 31 756.09185791 1
63 31 832.467468262 1
63 31 836.921386719 1
63 31 865.881286621 1
63 31 867.567687988 1
63 31 883.123474121 1
63 31 928.715759277 1
63 31 973.421936035 1
63 31 1074.70141602 1
63 31 1716.55053711 1
63 32 181.373199463 1
63 32 192.598403931 1
63 32 202.090652466 1
63 32 208.902923584 1
63 32 211.927261353 1
63 32 215.324508667 1
63 32 215.758453369 1
63 32 218.025421143 1
63 32 218.859680176 1
63 32 223.753997803 1
63 32 232.303329468 1
63 32 233.109466553 1
63 32 234.038467407 1
63 32 236.765899658 1
63 32 242.326309204 1
63 32 244.106445312 1
63 32 255.853607178 1
63 32 259.004364014 1
63 32 260.621551514 1
63 32 264.281280518 1
63 32 264.399505615 1
63 32 266.485168457 1
63 32 269.582275391 1
63 32 272.447113037 1
63 32 275.257324219 1
63 32 276.948303223 1
63 32 277.344177246 1
63 32 279.372924805 1
63 32 286.638031006 1
63 32 286.991668701 1
63 32 293.084136963 1
63 32 297.208862305 1
63 32 297.394348145 1
63 32 305.359771729 1
63 32 311.916717529 1
63 32 314.295013428 1
63 32 315.118408203 1
63 32 317.755889893 1
63 32 319.810974121 1
63 32 326.495635986 1
63 32 329.380645752 1
63 32 337.284301758 1
63 32 341.112182617 1
63 32 341.756591797 1
63 32 346.722381592 1
63 32 360.395629883 1
63 32 362.990234375 1
63 32 365.724975586 1
63 32 367.317138672 1
63 32 372.691497803 1
63 32 375.134887695 1
63 32 376.967010498 1
63 32 382.705810547 1
63 32 385.940673828 1
63 32 392.870788574 1
63 32 408.735931396 1
63 32 427.504272461 1
63 32 460.817901611 1
63 32 461.662963867 1
63 32 478.110473633 1
63 32 479.89440918 1
63 32 483.261199951 1
63 32 490.736694336 1
63 32 491.199310303 1
63 32 492.586120605 1
63 32 515.770812988 1
63 32 548.672424316 1
63 32 565.102355957 1
63 32 584.127380371 1
63 32 589.876708984 1
63 32 601.595336914 1
63 32 602.498474121 1
63 32 604.439575195 1
63 32 609.959777832 1
63 32 614.456115723 1
63 32 617.388671875 1
63 32 639.498718262 1
63 32 644.728088379 1
63 32 655.922912598 1
63 32 657.33013916 1
63 32 668.729980469 1
63 32 774.725097656 1
63 32 807.712585449 1
63 32 879.750793457 1
63 32 1146.99694824 1
63 33 318.188995361 1
63 33 370.409454346 1
63 33 396.209411621 1
63 33 417.536010742 1
63 33 459.409393311 1
63 33 468.976715088 1
63 33 469.250030518 1
63 33 488.799163818 1
63 33 512.781311035 1
63 33 529.671630859 1
63 33 567.682495117 1
63 33 669.165771484 1
63 33 782.207763672 1
63 33 1354.13195801 1
63 34 468.646148682 1
63 34 471.824432373 1
63 34 508.176300049 1
63 34 634.793823242 1
63 34 792.635131836 1
63 34 832.838562012 1
63 34 994.712402344 1
64 24 2173.35302734 1
64 26 1276.73840332 1
64 27 1557.75708008 1
64 27 1838.5447998 1
64 28 723.415161133 1
64 28 759.656799316 1
64 28 808.27935791 1
64 28 882.432495117 1
64 28 897.961425781 1
64 28 1125.24121094 1
64 28 1978.16674805 1
64 29 708.802978516 1
64 29 738.077026367 1
64 29 750.650634766 1
64 29 916.495300293 1
64 29 1464.29614258 1
64 29 1603.38537598 1
64 30 811.859191895 1
64 30 811.971069336 1
64 30 817.641540527 1
64 30 833.421203613 1
64 30 1053.05456543 1
64 30 1070.10498047 1
64 30 1124.13208008 1
64 30 1144.55432129 1
64 30 1330.7265625 1
64 31 657.966674805 1
64 31 773.828979492 1
64 31 1086.84350586 1
64 31 1123.20788574 1
64 31 1320.1751709 1
64 32 892.920776367 1
64 32 999.636352539 1
64 32 1098.18188477 1
64 32 1830.3548584 1
64 34 1316.18347168 1
68 29 2515.96801758 1
69 27 1264.66931152 1
69 29 1266.39929199 1
70 24 938.630981445 1
70 24 1207.88745117 1
70 24 1907.25769043 1
70 25 1981.53808594 1
70 26 839.937072754 1
70 26 949.755371094 1
70 26 950.919128418 1
70 26 1049.86022949 1
70 26 1083.1541748 1
70 26 1089.6574707 1
70 26 1641.70581055 1
70 27 737.863342285 1
70 27 769.91015625 1
70 27 772.53692627 1
70 27 773.608032227 1
70 27 879.451660156 1
70 27 1454.72424316 1
70 27 1637.97302246 1
70 28 662.721923828 1
70 28 704.413085938 1
70 28 767.455383301 1
70 28 912.460205078 1
70 28 1218.38366699 1
70 29 666.942321777 1
70 29 668.473937988 1
70 29 684.901672363 1
70 29 784.858947754 1
70 29 1669.96496582 1
70 29 1866.09936523 1
70 30 750.734375 1
70 30 774.090820312 1
70 30 921.109069824 1
70 30 1107.54968262 1
70 31 758.650634766 1
70 31 787.25567627 1
70 31 831.857727051 1
70 31 927.409118652 1
70 31 955.645690918 1
70 31 1156.50805664 1
70 31 1236.24084473 1
70 31 1280.03491211 1
70 32 1068.57983398 1
70 32 1347.26379395 1
70 33 1245.66418457 1
70 34 1990.74816895 1
71 23 1111.48181152 1
71 25 1018.47259521 1
71 25 1548.19091797 1
71 25 1551.27941895 1
71 26 898.709533691 1
71 26 1142.85864258 1
71 27 830.113525391 1
71 27 896.14831543 1
71 27 919.668518066 1
71 27 1099.90100098 1
71 27 1298.81848145 1
71 28 632.565307617 1
71 28 673.787231445 1
71 28 765.39276123 1
71 28 804.99810791 1
71 28 807.026000977 1
71 28 1000.76159668 1
71 28 1070.9074707 1
71 28 1245.28808594 1
71 29 729.576538086 1
71 29 744.23828125 1
71 29 1312.79077148 1
71 30 694.969726562 1
71 30 754.816955566 1
71 30 1031.14428711 1
71 30 1490.92602539 1
71 31 890.209594727 1
71 31 1646.79858398 1
72 23 1973.20788574 1
77 26 3655.81762695 1
77 29 1174.88378906 1
77 30 1668.70251465 1
78 26 1387.83581543 1
78 28 1420.10180664 1
