000 1510.0 0.0 1000000.0
010 997.0 0.0 1000000.0
020 1185.0 0.0 1000000.0
030 1508.0 0.0 1000000.0
040 1744.0 0.0 1000000.0
050 2062.0 0.0 1000000.0
060 2106.0 0.0 1000000.0
070 1953.0 0.0 1000000.0
090 1547.0 0.0 1000000.0
120 785.0 0.0 1000000.0
140 430.0 0.0 1000000.0
150 295.0 0.0 1000000.0
160 177.0 0.0 1000000.0
170 99.0 0.0 1000000.0
190 106.0 0.0 1000000.0
200 188.0 0.0 1000000.0
210 257.0 0.0 1000000.0
220 380.0 0.0 1000000.0
240 821.0 0.0 1000000.0
260 1419.0 0.0 1000000.0
270 1768.0 0.0 1000000.0
290 2519.0 0.0 1000000.0
300 2846.0 0.0 1000000.0
310 3165.0 0.0 1000000.0
320 3280.0 0.0 1000000.0
330 3019.0 0.0 1000000.0
340 2244.0 0.0 1000000.0
350 1498.0 0.0 1000000.0
