000 386.0 0.0 1000000.0
008 351.0 0.0 1000000.0
009 353.0 0.0 1000000.0
010 327.0 0.0 1000000.0
011 347.0 0.0 1000000.0
013 320.0 0.0 1000000.0
016 326.0 0.0 1000000.0
022 327.0 0.0 1000000.0
027 339.0 0.0 1000000.0
034 301.0 0.0 1000000.0
045 259.0 0.0 1000000.0
063 246.0 0.0 1000000.0
090 135.0 0.0 1000000.0
117 75.0 0.0 1000000.0
135 38.0 0.0 1000000.0
146 30.0 0.0 1000000.0
153 23.0 0.0 1000000.0
158 20.0 0.0 1000000.0
162 17.0 0.0 1000000.0
164 14.0 0.0 1000000.0
166 14.0 0.0 1000000.0
167 21.0 0.0 1000000.0
169 19.0 0.0 1000000.0
171 13.0 0.0 1000000.0
172 18.0 0.0 1000000.0
180 11.0 0.0 1000000.0
