string dom time hits
44 17 2736.17285156 1
44 28 2205.10253906 1
44 30 2514.66088867 1
45 28 1388.62390137 1
45 28 1420.55725098 1
45 29 1841.3137207 1
52 29 2513.83447266 1
54 21 1488.01159668 1
54 23 1200.23400879 1
54 24 1307.4753418 1
54 26 1099.67321777 1
54 26 1269.35009766 1
54 26 1279.25012207 1
54 27 743.3515625 1
54 27 811.507873535 1
54 27 854.907470703 1
54 27 859.944213867 1
54 27 876.194396973 1
54 27 907.941894531 1
54 27 1078.01831055 1
54 27 1187.2578125 1
54 27 1479.11108398 1
54 28 769.775390625 1
54 28 845.775024414 1
54 28 864.613220215 1
54 28 982.187194824 1
54 28 1165.29943848 1
54 28 1368.16906738 1
54 28 1466.81091309 1
54 28 1491.34606934 1
54 28 1899.7890625 1
54 29 708.124267578 1
54 29 716.875 1
54 29 758.301513672 1
54 29 822.593017578 1
54 29 945.870605469 1
54 29 1133.5534668 1
54 29 1559.62353516 1
54 29 1623.04101562 1
54 30 643.655334473 1
54 30 681.569274902 1
54 30 741.842102051 1
54 30 757.247741699 1
54 30 785.484619141 1
54 30 950.224914551 1
54 30 1050.25598145 1
54 30 1205.77600098 1
54 30 2335.73071289 1
55 22 1370.88476562 1
55 22 1383.15063477 1
55 25 1167.82104492 1
55 25 1206.33850098 1
55 26 748.952758789 1
55 26 791.761413574 1
55 26 809.796203613 1
55 26 851.39050293 1
55 26 853.656005859 1
55 26 913.506469727 1
55 26 967.196960449 1
55 26 1104.95703125 1
55 26 1489.81518555 1
55 26 1583.22705078 1
55 26 1592.57788086 1
55 27 820.411437988 1
55 27 917.786254883 1
55 27 1073.78015137 1
55 27 1091.97937012 1
55 27 1533.69885254 1
55 27 1765.41601562 1
55 28 699.371765137 1
55 28 701.579956055 1
55 28 754.061706543 1
55 28 794.351379395 1
55 28 874.376525879 1
55 28 985.768127441 1
55 28 1057.85083008 1
55 28 1492.89562988 1
55 28 1639.31652832 1
55 29 636.022460938 1
55 29 706.153015137 1
55 29 844.768676758 1
55 29 844.776123047 1
55 29 975.863586426 1
55 29 1081.61376953 1
55 29 1180.52770996 1
55 30 920.48840332 1
55 30 981.011474609 1
55 30 1479.078125 1
55 31 1380.98193359 1
55 31 1611.70568848 1
55 32 750.080322266 1
55 32 784.001831055 1
55 32 807.526062012 1
55 32 1020.61743164 1
55 32 1048.36462402 1
56 20 1646.56567383 1
61 29 2190.51342773 1
62 19 2668.54638672 1
62 24 1026.29162598 1
62 24 1091.12365723 1
62 24 1279.45495605 1
62 24 1447.86865234 1
62 25 1191.11767578 1
62 26 752.633300781 1
62 26 835.382385254 1
62 26 845.249633789 1
62 26 877.470092773 1
62 26 915.574707031 1
62 26 987.402038574 1
62 26 1005.2822876 1
62 26 1031.3125 1
62 26 1056.60681152 1
62 26 1137.87609863 1
62 26 1365.92785645 1
62 27 733.269042969 1
62 27 789.998779297 1
62 27 802.708374023 1
62 27 837.730041504 1
62 27 853.149597168 1
62 27 1134.19335938 1
62 27 1194.49975586 1
62 27 1203.13989258 1
62 27 1908.8079834 1
62 28 692.219055176 1
62 28 698.170471191 1
62 28 711.402404785 1
62 28 734.202392578 1
62 28 772.945800781 1
62 28 808.97076416 1
62 28 1013.25183105 1
62 28 1129.02722168 1
62 28 1262.74523926 1
62 28 1454.99365234 1
62 28 1771.3092041 1
62 29 691.657226562 1
62 29 806.960632324 1
62 29 836.115661621 1
62 29 889.158813477 1
62 29 912.84197998 1
62 29 1036.01904297 1
62 29 1135.86901855 1
62 29 1155.5032959 1
62 29 1232.05981445 1
62 29 1801.91394043 1
62 30 757.18536377 1
62 30 798.705627441 1
62 30 873.329467773 1
62 30 904.2890625 1
62 30 1071.44152832 1
62 30 1075.7565918 1
62 30 1134.57189941 1
62 30 1146.26611328 1
62 30 1275.38537598 1
62 31 708.224731445 1
62 31 832.571533203 1
62 31 924.853942871 1
62 31 1111.33081055 1
62 31 1209.94470215 1
62 32 1086.92114258 1
63 20 1151.00402832 1
63 21 1836.69677734 1
63 21 1904.39453125 1
63 22 750.69354248 1
63 22 754.021240234 1
63 22 823.768310547 1
63 22 1208.2635498 1
63 22 1247.15869141 1
63 22 1264.12011719 1
63 22 1340.20043945 1
63 23 616.505981445 1
63 23 639.853515625 1
63 23 648.723571777 1
63 23 665.050415039 1
63 23 685.619262695 1
63 23 799.153076172 1
63 23 913.642700195 1
63 23 974.397705078 1
63 23 1465.92736816 1
63 24 515.111938477 1
63 24 552.428894043 1
63 24 556.01373291 1
63 24 560.537780762 1
63 24 565.430847168 1
63 24 576.681213379 1
63 24 581.928283691 1
63 24 587.564697266 1
63 24 601.87487793 1
63 24 605.040466309 1
63 24 607.881896973 1
63 24 608.030700684 1
63 24 610.48828125 1
63 24 627.053955078 1
63 24 635.66003418 1
63 24 638.547912598 1
63 24 648.432495117 1
63 24 668.302429199 1
63 24 669.882385254 1
63 24 731.140258789 1
63 24 746.165649414 1
63 24 757.044128418 1
63 24 857.900634766 1
63 24 964.932739258 1
63 24 1058.72009277 1
63 24 1159.90307617 1
63 24 1447.25158691 1
63 24 2583.95361328 1
63 25 423.560119629 1
63 25 423.833953857 1
63 25 440.208740234 1
63 25 443.443847656 1
63 25 447.355865479 1
63 25 447.740570068 1
63 25 453.952941895 1
63 25 457.11315918 1
63 25 458.131591797 1
63 25 465.004211426 1
63 25 465.217559814 1
63 25 476.152282715 1
63 25 480.612609863 1
63 25 486.028015137 1
63 25 489.736846924 1
63 25 494.946502686 1
63 25 497.700866699 1
63 25 505.708709717 1
63 25 512.975830078 1
63 25 527.709411621 1
63 25 544.049560547 1
63 25 561.541870117 1
63 25 569.194641113 1
63 25 571.454040527 1
63 25 572.512817383 1
63 25 576.716125488 1
63 25 578.46484375 1
63 25 588.71685791 1
63 25 594.431945801 1
63 25 604.103027344 1
63 25 605.263671875 1
63 25 761.763916016 1
63 25 762.609619141 1
63 25 769.973266602 1
63 25 775.48449707 1
63 25 776.33416748 1
63 25 792.762329102 1
63 25 796.474975586 1
63 25 822.415588379 1
63 25 928.801574707 1
63 25 973.311767578 1
63 25 974.629699707 1
63 25 991.44744873 1
63 25 1118.19030762 1
63 25 1159.76025391 1
63 25 1238.08056641 1
63 25 1343.13439941 1
63 25 1372.88183594 1
63 25 1463.61877441 1
63 26 329.969085693 1
63 26 330.53994751 1
63 26 332.429931641 1
63 26 332.480926514 1
63 26 332.681854248 1
63 26 333.650360107 1
63 26 335.896911621 1
63 26 337.525878906 1
63 26 338.823059082 1
63 26 340.629364014 1
63 26 344.947418213 1
63 26 347.227844238 1
63 26 349.820465088 1
63 26 351.817108154 1
63 26 351.925018311 1
63 26 352.949401855 1
63 26 353.184112549 1
63 26 353.205505371 1
63 26 353.36605835 1
63 26 357.714935303 1
63 26 358.181396484 1
63 26 358.487640381 1
63 26 359.148864746 1
63 26 366.073669434 1
63 26 366.906341553 1
63 26 367.091491699 1
63 26 367.870605469 1
63 26 368.460876465 1
63 26 369.277740479 1
63 26 370.391052246 1
63 26 372.930725098 1
63 26 373.210296631 1
63 26 373.335174561 1
63 26 373.401184082 1
63 26 374.503173828 1
63 26 376.368774414 1
63 26 377.062042236 1
63 26 378.15914917 1
63 26 378.381774902 1
63 26 378.521942139 1
63 26 381.091125488 1
63 26 381.391052246 1
63 26 382.000091553 1
63 26 382.196929932 1
63 26 382.571228027 1
63 26 382.6300354 1
63 26 383.812805176 1
63 26 384.143951416 1
63 26 384.916351318 1
63 26 386.184112549 1
63 26 386.411224365 1
63 26 387.895935059 1
63 26 388.358795166 1
63 26 390.22442627 1
63 26 393.05279541 1
63 26 393.182373047 1
63 26 393.449432373 1
63 26 394.8253479 1
63 26 395.476013184 1
63 26 395.709381104 1
63 26 396.077331543 1
63 26 396.102233887 1
63 26 400.85244751 1
63 26 401.598937988 1
63 26 406.225463867 1
63 26 406.420471191 1
63 26 411.665893555 1
63 26 412.562347412 1
63 26 414.343017578 1
63 26 416.207763672 1
63 26 416.28125 1
63 26 421.872680664 1
63 26 422.021270752 1
63 26 426.857940674 1
63 26 427.364898682 1
63 26 429.071777344 1
63 26 430.509521484 1
63 26 431.448516846 1
63 26 433.560699463 1
63 26 435.779266357 1
63 26 437.894958496 1
63 26 445.457275391 1
63 26 445.813293457 1
63 26 446.884765625 1
63 26 448.48324585 1
63 26 452.416625977 1
63 26 454.064025879 1
63 26 454.102172852 1
63 26 455.302276611 1
63 26 459.851623535 1
63 26 463.382232666 1
63 26 473.210388184 1
63 26 474.470550537 1
63 26 483.233612061 1
63 26 490.426605225 1
63 26 499.889129639 1
63 26 504.654205322 1
63 26 506.353149414 1
63 26 516.407531738 1
63 26 529.378479004 1
63 26 537.091064453 1
63 26 545.420227051 1
63 26 546.327453613 1
63 26 549.602355957 1
63 26 550.41003418 1
63 26 579.793273926 1
63 26 584.314941406 1
63 26 588.916381836 1
63 26 592.332275391 1
63 26 592.602783203 1
63 26 594.936828613 1
63 26 607.881225586 1
63 26 610.908996582 1
63 26 618.375549316 1
63 26 620.487060547 1
63 26 639.001464844 1
63 26 660.735839844 1
63 26 670.487670898 1
63 26 674.095153809 1
63 26 679.562561035 1
63 26 698.925231934 1
63 26 708.231750488 1
63 26 725.916564941 1
63 26 738.271850586 1
63 26 780.13293457 1
63 26 780.313293457 1
63 26 800.023376465 1
63 26 807.051208496 1
63 26 865.108947754 1
63 26 942.387634277 1
63 26 956.916381836 1
63 26 1020.11730957 1
63 26 1202.78955078 1
63 26 1238.94299316 1
63 26 1390.90917969 1
63 26 1529.44665527 1
63 26 1561.10241699 1
63 26 1571.48181152 1
63 26 1672.08850098 1
63 27 235.864196777 1
63 27 238.727661133 1
63 27 238.895065308 1
63 27 242.327713013 1
63 27 242.583938599 1
63 27 242.633773804 1
63 27 242.835479736 1
63 27 244.035049438 1
63 27 246.065460205 1
63 27 247.116851807 1
63 27 248.018981934 1
63 27 248.613082886 1
63 27 248.795776367 1
63 27 248.913894653 1
63 27 249.1355896 1
63 27 249.876281738 1
63 27 250.228485107 1
63 27 250.604431152 1
63 27 250.844787598 1
63 27 251.780609131 1
63 27 252.326644897 1
63 27 252.564437866 1
63 27 252.699264526 1
63 27 252.820068359 1
63 27 253.160705566 1
63 27 253.185287476 1
63 27 253.220672607 1
63 27 253.405456543 1
63 27 253.478164673 1
63 27 253.564758301 1
63 27 253.778488159 1
63 27 254.271820068 1
63 27 254.29119873 1
63 27 254.698974609 1
63 27 255.110443115 1
63 27 255.312210083 1
63 27 255.935699463 1
63 27 256.003631592 1
63 27 256.342224121 1
63 27 256.570373535 1
63 27 256.977203369 1
63 27 257.087402344 1
63 27 257.263427734 1
63 27 257.431213379 1
63 27 257.50769043 1
63 27 257.989227295 1
63 27 258.438446045 1
63 27 258.491271973 1
63 27 258.89944458 1
63 27 258.961517334 1
63 27 259.190582275 1
63 27 259.781616211 1
63 27 260.035217285 1
63 27 260.048980713 1
63 27 260.063446045 1
63 27 260.272064209 1
63 27 260.458526611 1
63 27 260.468811035 1
63 27 260.664031982 1
63 27 261.294952393 1
63 27 261.556030273 1
63 27 262.524719238 1
63 27 262.974578857 1
63 27 263.049224854 1
63 27 263.336181641 1
63 27 263.541412354 1
63 27 263.93359375 1
63 27 263.962524414 1
63 27 264.029632568 1
63 27 264.072296143 1
63 27 264.304107666 1
63 27 264.356658936 1
63 27 264.848937988 1
63 27 265.117279053 1
63 27 265.390716553 1
63 27 265.463592529 1
63 27 265.564971924 1
63 27 265.610961914 1
63 27 265.632598877 1
63 27 265.73626709 1
63 27 265.801544189 1
63 27 265.969024658 1
63 27 266.38571167 1
63 27 266.708404541 1
63 27 266.830047607 1
63 27 266.883453369 1
63 27 268.269836426 1
63 27 268.801208496 1
63 27 269.141815186 1
63 27 269.276184082 1
63 27 269.529998779 1
63 27 269.869415283 1
63 27 270.352813721 1
63 27 271.128753662 1
63 27 271.391326904 1
63 27 271.494293213 1
63 27 272.678894043 1
63 27 272.839996338 1
63 27 272.978759766 1
63 27 273.672607422 1
63 27 274.383270264 1
63 27 274.637298584 1
63 27 274.673095703 1
63 27 274.872741699 1
63 27 274.970550537 1
63 27 275.21081543 1
63 27 275.649871826 1
63 27 276.262664795 1
63 27 276.498504639 1
63 27 276.646148682 1
63 27 277.013122559 1
63 27 277.11517334 1
63 27 277.339538574 1
63 27 277.490905762 1
63 27 278.144805908 1
63 27 279.359008789 1
63 27 279.50994873 1
63 27 279.586517334 1
63 27 279.639099121 1
63 27 280.158447266 1
63 27 280.206420898 1
63 27 280.318572998 1
63 27 280.354431152 1
63 27 280.763092041 1
63 27 280.944610596 1
63 27 281.755249023 1
63 27 282.157104492 1
63 27 282.366546631 1
63 27 282.493011475 1
63 27 282.604705811 1
63 27 282.74822998 1
63 27 282.990325928 1
63 27 283.218292236 1
63 27 283.476654053 1
63 27 283.693664551 1
63 27 283.82019043 1
63 27 284.277313232 1
63 27 284.376403809 1
63 27 284.395141602 1
63 27 284.66317749 1
63 27 284.725372314 1
63 27 284.764251709 1
63 27 284.923034668 1
63 27 285.75390625 1
63 27 286.101074219 1
63 27 286.34072876 1
63 27 286.400634766 1
63 27 286.441894531 1
63 27 286.547424316 1
63 27 286.725769043 1
63 27 286.747833252 1
63 27 286.808258057 1
63 27 287.273376465 1
63 27 287.399230957 1
63 27 287.50100708 1
63 27 287.52230835 1
63 27 287.754516602 1
63 27 288.133392334 1
63 27 288.664581299 1
63 27 289.189697266 1
63 27 289.240234375 1
63 27 289.46282959 1
63 27 289.478149414 1
63 27 289.515533447 1
63 27 289.934692383 1
63 27 290.627746582 1
63 27 290.939910889 1
63 27 291.45324707 1
63 27 293.467224121 1
63 27 293.89541626 1
63 27 294.044677734 1
63 27 294.859710693 1
63 27 294.941802979 1
63 27 295.054962158 1
63 27 295.972869873 1
63 27 296.332733154 1
63 27 297.107177734 1
63 27 297.492401123 1
63 27 298.222869873 1
63 27 298.227508545 1
63 27 298.291229248 1
63 27 298.340606689 1
63 27 298.66116333 1
63 27 300.033813477 1
63 27 300.115478516 1
63 27 300.554351807 1
63 27 300.94317627 1
63 27 301.736877441 1
63 27 301.909606934 1
63 27 302.756439209 1
63 27 302.804168701 1
63 27 303.141784668 1
63 27 304.508850098 1
63 27 304.694396973 1
63 27 305.487121582 1
63 27 307.272369385 1
63 27 307.605438232 1
63 27 308.710266113 1
63 27 309.679443359 1
63 27 309.808441162 1
63 27 310.942565918 1
63 27 311.03012085 1
63 27 312.339080811 1
63 27 313.361785889 1
63 27 314.13381958 1
63 27 314.44921875 1
63 27 314.831604004 1
63 27 317.79699707 1
63 27 318.280944824 1
63 27 318.513305664 1
63 27 320.134643555 1
63 27 320.86026001 1
63 27 320.915740967 1
63 27 321.525146484 1
63 27 322.121612549 1
63 27 322.35836792 1
63 27 324.093505859 1
63 27 324.184082031 1
63 27 324.472229004 1
63 27 324.61416626 1
63 27 325.85836792 1
63 27 326.151123047 1
63 27 326.171447754 1
63 27 326.980957031 1
63 27 328.4871521 1
63 27 330.096801758 1
63 27 331.112365723 1
63 27 331.576171875 1
63 27 331.863433838 1
63 27 332.437652588 1
63 27 333.721588135 1
63 27 334.736053467 1
63 27 335.642364502 1
63 27 335.782531738 1
63 27 337.445159912 1
63 27 337.508392334 1
63 27 338.700622559 1
63 27 339.945343018 1
63 27 340.686462402 1
63 27 342.391265869 1
63 27 343.273162842 1
63 27 344.279296875 1
63 27 344.391326904 1
63 27 345.289337158 1
63 27 346.526519775 1
63 27 347.46661377 1
63 27 349.509857178 1
63 27 349.879394531 1
63 27 350.864807129 1
63 27 351.479431152 1
63 27 353.023864746 1
63 27 353.481140137 1
63 27 353.656280518 1
63 27 353.747375488 1
63 27 354.617431641 1
63 27 355.028900146 1
63 27 356.102508545 1
63 27 360.217559814 1
63 27 362.062469482 1
63 27 365.565734863 1
63 27 369.303283691 1
63 27 371.626251221 1
63 27 372.876708984 1
63 27 374.973999023 1
63 27 375.144714355 1
63 27 375.433685303 1
63 27 377.19430542 1
63 27 377.643249512 1
63 27 377.848052979 1
63 27 380.920166016 1
63 27 382.313140869 1
63 27 385.196716309 1
63 27 391.348083496 1
63 27 392.041900635 1
63 27 397.905426025 1
63 27 398.966430664 1
63 27 403.465576172 1
63 27 405.805419922 1
63 27 406.957824707 1
63 27 407.952636719 1
63 27 411.581542969 1
63 27 414.795349121 1
63 27 423.200592041 1
63 27 423.62487793 1
63 27 426.874572754 1
63 27 434.528503418 1
63 27 434.59274292 1
63 27 444.674743652 1
63 27 444.781829834 1
63 27 447.153503418 1
63 27 459.815460205 1
63 27 464.328582764 1
63 27 479.265258789 1
63 27 481.391326904 1
63 27 484.263061523 1
63 27 492.388580322 1
63 27 502.765869141 1
63 27 503.402404785 1
63 27 505.081420898 1
63 27 506.726867676 1
63 27 508.414245605 1
63 27 523.646789551 1
63 27 526.19329834 1
63 27 529.090209961 1
63 27 541.182434082 1
63 27 544.217712402 1
63 27 561.208251953 1
63 27 563.78692627 1
63 27 569.112182617 1
63 27 585.675170898 1
63 27 597.603027344 1
63 27 623.212097168 1
63 27 638.760742188 1
63 27 639.77545166 1
63 27 652.456359863 1
63 27 664.264648438 1
63 27 664.305114746 1
63 27 671.953918457 1
63 27 676.025817871 1
63 27 695.32244873 1
63 27 729.533752441 1
63 27 735.227294922 1
63 27 774.716125488 1
63 27 800.718383789 1
63 27 828.490783691 1
63 27 843.662475586 1
63 27 851.770263672 1
63 27 860.47467041 1
63 27 952.399047852 1
63 27 982.543334961 1
63 27 1121.46203613 1
63 27 1350.16333008 1
63 27 1506.82727051 1
63 27 1555.10876465 1
63 27 1580.24279785 1
63 27 1689.17785645 1
63 28 159.683486938 1
63 28 161.768066406 1
63 28 161.798706055 1
63 28 162.23614502 1
63 28 164.266403198 1
63 28 164.583465576 1
63 28 164.725326538 1
63 28 164.831100464 1
63 28 164.943267822 1
63 28 164.997787476 1
63 28 165.192306519 1
63 28 165.213821411 1
63 28 165.242019653 1
63 28 165.274963379 1
63 28 165.308395386 1
63 28 165.356155396 1
63 28 165.51550293 1
63 28 165.595748901 1
63 28 165.862121582 1
63 28 166.001296997 1
63 28 166.094512939 1
63 28 166.541931152 1
63 28 166.576141357 1
63 28 166.606811523 1
63 28 166.615951538 1
63 28 166.636917114 1
63 28 166.677719116 1
63 28 166.789611816 1
63 28 167.118225098 1
63 28 167.162445068 1
63 28 167.286941528 1
63 28 167.362518311 1
63 28 167.469619751 1
63 28 167.555511475 1
63 28 167.745254517 1
63 28 167.775466919 1
63 28 167.8646698 1
63 28 167.905319214 1
63 28 168.070602417 1
63 28 168.131820679 1
63 28 168.262420654 1
63 28 168.286270142 1
63 28 168.328292847 1
63 28 168.538253784 1
63 28 168.564163208 1
63 28 168.923660278 1
63 28 169.020233154 1
63 28 169.142440796 1
63 28 169.230010986 1
63 28 169.27684021 1
63 28 169.284240723 1
63 28 169.35836792 1
63 28 169.419235229 1
63 28 169.584396362 1
63 28 169.62651062 1
63 28 169.690139771 1
63 28 169.756027222 1
63 28 169.787216187 1
63 28 169.78805542 1
63 28 169.811676025 1
63 28 170.27204895 1
63 28 170.310028076 1
63 28 170.544784546 1
63 28 170.728317261 1
63 28 170.806625366 1
63 28 170.860702515 1
63 28 170.868026733 1
63 28 170.884475708 1
63 28 170.917770386 1
63 28 170.956085205 1
63 28 170.958511353 1
63 28 170.980407715 1
63 28 171.017883301 1
63 28 171.040481567 1
63 28 171.082672119 1
63 28 171.092132568 1
63 28 171.100738525 1
63 28 171.111709595 1
63 28 171.122314453 1
63 28 171.134506226 1
63 28 171.215164185 1
63 28 171.270462036 1
63 28 171.44128418 1
63 28 171.456420898 1
63 28 171.463851929 1
63 28 171.491195679 1
63 28 171.506484985 1
63 28 171.521621704 1
63 28 171.532150269 1
63 28 171.70753479 1
63 28 171.827896118 1
63 28 171.855361938 1
63 28 171.912216187 1
63 28 171.999664307 1
63 28 172.052963257 1
63 28 172.05368042 1
63 28 172.103942871 1
63 28 172.145584106 1
63 28 172.335800171 1
63 28 172.345413208 1
63 28 172.419174194 1
63 28 172.468063354 1
63 28 172.505691528 1
63 28 172.520812988 1
63 28 172.553726196 1
63 28 172.595092773 1
63 28 172.615722656 1
63 28 172.618759155 1
63 28 172.700042725 1
63 28 172.782089233 1
63 28 172.814361572 1
63 28 172.977737427 1
63 28 172.984909058 1
63 28 172.999710083 1
63 28 173.003540039 1
63 28 173.010986328 1
63 28 173.083297729 1
63 28 173.092529297 1
63 28 173.118331909 1
63 28 173.136856079 1
63 28 173.201263428 1
63 28 173.21875 1
63 28 173.274551392 1
63 28 173.293670654 1
63 28 173.328369141 1
63 28 173.348693848 1
63 28 173.402404785 1
63 28 173.486968994 1
63 28 173.606750488 1
63 28 173.819503784 1
63 28 173.974822998 1
63 28 174.017501831 1
63 28 174.121932983 1
63 28 174.152542114 1
63 28 174.234909058 1
63 28 174.250808716 1
63 28 174.361297607 1
63 28 174.381256104 1
63 28 174.44732666 1
63 28 174.498092651 1
63 28 174.548171997 1
63 28 174.593322754 1
63 28 174.603561401 1
63 28 174.667953491 1
63 28 174.704711914 1
63 28 174.74130249 1
63 28 174.783889771 1
63 28 174.796966553 1
63 28 174.880371094 1
63 28 175.022827148 1
63 28 175.089736938 1
63 28 175.124664307 1
63 28 175.339569092 1
63 28 175.351531982 1
63 28 175.389785767 1
63 28 175.47052002 1
63 28 175.545211792 1
63 28 175.555252075 1
63 28 175.571807861 1
63 28 175.686401367 1
63 28 175.775848389 1
63 28 175.805786133 1
63 28 175.817184448 1
63 28 175.86680603 1
63 28 175.880432129 1
63 28 175.884460449 1
63 28 175.952392578 1
63 28 175.972091675 1
63 28 176.113006592 1
63 28 176.175689697 1
63 28 176.229629517 1
63 28 176.32850647 1
63 28 176.408569336 1
63 28 176.592636108 1
63 28 176.63230896 1
63 28 176.701705933 1
63 28 176.733718872 1
63 28 176.782699585 1
63 28 176.80859375 1
63 28 176.819381714 1
63 28 176.838195801 1
63 28 176.852111816 1
63 28 176.934005737 1
63 28 176.938476562 1
63 28 176.942184448 1
63 28 176.968688965 1
63 28 177.013961792 1
63 28 177.01763916 1
63 28 177.153579712 1
63 28 177.188903809 1
63 28 177.20942688 1
63 28 177.214126587 1
63 28 177.289276123 1
63 28 177.423171997 1
63 28 177.469787598 1
63 28 177.576293945 1
63 28 177.654251099 1
63 28 177.66885376 1
63 28 177.702026367 1
63 28 177.741119385 1
63 28 177.890304565 1
63 28 177.894714355 1
63 28 177.928741455 1
63 28 177.969573975 1
63 28 177.977386475 1
63 28 178.173171997 1
63 28 178.200317383 1
63 28 178.306793213 1
63 28 178.383895874 1
63 28 178.41494751 1
63 28 178.524093628 1
63 28 178.684066772 1
63 28 178.718536377 1
63 28 178.765045166 1
63 28 178.878417969 1
63 28 178.969894409 1
63 28 179.01701355 1
63 28 179.149765015 1
63 28 179.167938232 1
63 28 179.178924561 1
63 28 179.222473145 1
63 28 179.263397217 1
63 28 179.320007324 1
63 28 179.391876221 1
63 28 179.423339844 1
63 28 179.471237183 1
63 28 179.486282349 1
63 28 179.514770508 1
63 28 179.517486572 1
63 28 179.605117798 1
63 28 179.661834717 1
63 28 179.675720215 1
63 28 179.71421814 1
63 28 179.733520508 1
63 28 179.742111206 1
63 28 179.769012451 1
63 28 179.824203491 1
63 28 179.849517822 1
63 28 179.901107788 1
63 28 179.938659668 1
63 28 179.95211792 1
63 28 180.075790405 1
63 28 180.087875366 1
63 28 180.179885864 1
63 28 180.275878906 1
63 28 180.490615845 1
63 28 180.574462891 1
63 28 180.61390686 1
63 28 180.640426636 1
63 28 180.801239014 1
63 28 180.835952759 1
63 28 180.954086304 1
63 28 181.117904663 1
63 28 181.173797607 1
63 28 181.194839478 1
63 28 181.204559326 1
63 28 181.402252197 1
63 28 181.538894653 1
63 28 181.610610962 1
63 28 181.631851196 1
63 28 181.639648438 1
63 28 181.644485474 1
63 28 181.769485474 1
63 28 181.85534668 1
63 28 181.869644165 1
63 28 181.889694214 1
63 28 182.014526367 1
63 28 182.053985596 1
63 28 182.17048645 1
63 28 182.213363647 1
63 28 182.355789185 1
63 28 182.398132324 1
63 28 182.542449951 1
63 28 182.607452393 1
63 28 182.696136475 1
63 28 182.753204346 1
63 28 182.852096558 1
63 28 182.921783447 1
63 28 182.968307495 1
63 28 182.983047485 1
63 28 183.033950806 1
63 28 183.058074951 1
63 28 183.080841064 1
63 28 183.171264648 1
63 28 183.189529419 1
63 28 183.229492188 1
63 28 183.267807007 1
63 28 183.371841431 1
63 28 183.391708374 1
63 28 183.397964478 1
63 28 183.435302734 1
63 28 183.851043701 1
63 28 184.113632202 1
63 28 184.117630005 1
63 28 184.12046814 1
63 28 184.157531738 1
63 28 184.282913208 1
63 28 184.319152832 1
63 28 184.367477417 1
63 28 184.38130188 1
63 28 184.424728394 1
63 28 184.473632812 1
63 28 184.543319702 1
63 28 184.643814087 1
63 28 184.698226929 1
63 28 184.89503479 1
63 28 185.041244507 1
63 28 185.086959839 1
63 28 185.172088623 1
63 28 185.194473267 1
63 28 185.301513672 1
63 28 185.310043335 1
63 28 185.349609375 1
63 28 185.367858887 1
63 28 185.463745117 1
63 28 185.503555298 1
63 28 185.668365479 1
63 28 185.723937988 1
63 28 185.806884766 1
63 28 185.834182739 1
63 28 186.079574585 1
63 28 186.119949341 1
63 28 186.126296997 1
63 28 186.130142212 1
63 28 186.210357666 1
63 28 186.242050171 1
63 28 186.449630737 1
63 28 186.478012085 1
63 28 186.503860474 1
63 28 186.590927124 1
63 28 186.610656738 1
63 28 186.626052856 1
63 28 186.738494873 1
63 28 186.877349854 1
63 28 187.012374878 1
63 28 187.025390625 1
63 28 187.047729492 1
63 28 187.052398682 1
63 28 187.207931519 1
63 28 187.214553833 1
63 28 187.218566895 1
63 28 187.300674438 1
63 28 187.324203491 1
63 28 187.400802612 1
63 28 187.44821167 1
63 28 187.552963257 1
63 28 187.600021362 1
63 28 187.641830444 1
63 28 187.664749146 1
63 28 187.748001099 1
63 28 187.877029419 1
63 28 187.976165771 1
63 28 188.050689697 1
63 28 188.175506592 1
63 28 188.22833252 1
63 28 188.320220947 1
63 28 188.421188354 1
63 28 188.507232666 1
63 28 188.615524292 1
63 28 188.685791016 1
63 28 188.811035156 1
63 28 188.89302063 1
63 28 189.021636963 1
63 28 189.061569214 1
63 28 189.110244751 1
63 28 189.18611145 1
63 28 189.20753479 1
63 28 189.284423828 1
63 28 189.318161011 1
63 28 189.452835083 1
63 28 189.948486328 1
63 28 190.174255371 1
63 28 190.331100464 1
63 28 190.382568359 1
63 28 190.519470215 1
63 28 190.697906494 1
63 28 190.851593018 1
63 28 190.947219849 1
63 28 190.963760376 1
63 28 190.986480713 1
63 28 191.045974731 1
63 28 191.111907959 1
63 28 191.302536011 1
63 28 191.576873779 1
63 28 191.653335571 1
63 28 191.686508179 1
63 28 191.727279663 1
63 28 191.821243286 1
63 28 191.85269165 1
63 28 191.968688965 1
63 28 191.980422974 1
63 28 192.037963867 1
63 28 192.261581421 1
63 28 192.37890625 1
63 28 192.429260254 1
63 28 192.434326172 1
63 28 192.532012939 1
63 28 192.649459839 1
63 28 192.871582031 1
63 28 192.89289856 1
63 28 193.17024231 1
63 28 193.354644775 1
63 28 193.446350098 1
63 28 193.668365479 1
63 28 193.72164917 1
63 28 193.799026489 1
63 28 194.10848999 1
63 28 194.179077148 1
63 28 194.25352478 1
63 28 194.269134521 1
63 28 194.271392822 1
63 28 194.701141357 1
63 28 194.733886719 1
63 28 194.765884399 1
63 28 194.841583252 1
63 28 195.104766846 1
63 28 195.300033569 1
63 28 195.463256836 1
63 28 195.931259155 1
63 28 196.219100952 1
63 28 196.287979126 1
63 28 196.299026489 1
63 28 196.352386475 1
63 28 196.493682861 1
63 28 196.567123413 1
63 28 196.870697021 1
63 28 196.959091187 1
63 28 197.007888794 1
63 28 197.111129761 1
63 28 197.175262451 1
63 28 197.176452637 1
63 28 197.199386597 1
63 28 197.277679443 1
63 28 197.359436035 1
63 28 197.429199219 1
63 28 197.452835083 1
63 28 197.578735352 1
63 28 197.809814453 1
63 28 197.859436035 1
63 28 198.361434937 1
63 28 198.449829102 1
63 28 198.629547119 1
63 28 198.633071899 1
63 28 198.838607788 1
63 28 198.928588867 1
63 28 198.975875854 1
63 28 199.341217041 1
63 28 199.345489502 1
63 28 199.490264893 1
63 28 199.672485352 1
63 28 199.934158325 1
63 28 199.965332031 1
63 28 200.010192871 1
63 28 200.138397217 1
63 28 200.619750977 1
63 28 200.778579712 1
63 28 200.808898926 1
63 28 201.000518799 1
63 28 201.001922607 1
63 28 201.029129028 1
63 28 201.060974121 1
63 28 201.109832764 1
63 28 201.133728027 1
63 28 201.351409912 1
63 28 201.423492432 1
63 28 201.848434448 1
63 28 201.968017578 1
63 28 201.970291138 1
63 28 202.10269165 1
63 28 202.270599365 1
63 28 203.153305054 1
63 28 203.262405396 1
63 28 203.536254883 1
63 28 203.641082764 1
63 28 204.326721191 1
63 28 204.757171631 1
63 28 204.911972046 1
63 28 205.368515015 1
63 28 205.592391968 1
63 28 205.651077271 1
63 28 206.065353394 1
63 28 206.090957642 1
63 28 206.212509155 1
63 28 206.67401123 1
63 28 206.706726074 1
63 28 206.8543396 1
63 28 206.884277344 1
63 28 206.896499634 1
63 28 207.180297852 1
63 28 207.494216919 1
63 28 208.057250977 1
63 28 208.398849487 1
63 28 208.455734253 1
63 28 208.672912598 1
63 28 208.962860107 1
63 28 208.972290039 1
63 28 209.004257202 1
63 28 209.041244507 1
63 28 209.531860352 1
63 28 209.84375 1
63 28 209.889526367 1
63 28 210.744491577 1
63 28 210.945281982 1
63 28 211.034805298 1
63 28 211.447052002 1
63 28 211.718093872 1
63 28 212.145019531 1
63 28 212.167037964 1
63 28 212.280807495 1
63 28 212.370559692 1
63 28 212.949142456 1
63 28 213.204193115 1
63 28 213.465576172 1
63 28 213.849090576 1
63 28 214.483718872 1
63 28 214.496459961 1
63 28 215.009277344 1
63 28 215.168716431 1
63 28 215.749755859 1
63 28 216.079284668 1
63 28 216.321640015 1
63 28 216.54776001 1
63 28 216.802474976 1
63 28 216.818161011 1
63 28 217.046310425 1
63 28 217.161758423 1
63 28 217.58291626 1
63 28 217.591217041 1
63 28 218.224319458 1
63 28 218.262893677 1
63 28 218.48399353 1
63 28 218.891876221 1
63 28 219.075469971 1
63 28 219.221221924 1
63 28 219.463790894 1
63 28 220.267089844 1
63 28 220.321105957 1
63 28 220.557815552 1
63 28 221.535324097 1
63 28 222.199249268 1
63 28 222.531555176 1
63 28 222.784637451 1
63 28 222.82635498 1
63 28 223.462921143 1
63 28 223.751968384 1
63 28 223.807769775 1
63 28 224.222747803 1
63 28 224.276901245 1
63 28 224.470275879 1
63 28 224.598205566 1
63 28 224.629669189 1
63 28 225.057373047 1
63 28 225.219146729 1
63 28 225.51322937 1
63 28 225.601089478 1
63 28 227.019165039 1
63 28 227.205169678 1
63 28 227.222793579 1
63 28 228.071609497 1
63 28 228.291442871 1
63 28 228.46661377 1
63 28 228.705093384 1
63 28 229.408172607 1
63 28 229.83505249 1
63 28 230.925170898 1
63 28 231.290603638 1
63 28 231.326324463 1
63 28 231.632202148 1
63 28 231.856658936 1
63 28 232.185577393 1
63 28 232.204071045 1
63 28 232.542770386 1
63 28 232.753417969 1
63 28 233.314575195 1
63 28 233.860778809 1
63 28 234.004333496 1
63 28 234.020812988 1
63 28 234.091888428 1
63 28 235.025924683 1
63 28 235.256713867 1
63 28 236.313781738 1
63 28 236.338500977 1
63 28 236.380599976 1
63 28 236.650512695 1
63 28 237.75239563 1
63 28 237.943634033 1
63 28 239.196762085 1
63 28 240.715072632 1
63 28 240.988235474 1
63 28 242.811935425 1
63 28 242.874954224 1
63 28 243.66758728 1
63 28 244.351196289 1
63 28 244.716156006 1
63 28 244.74987793 1
63 28 245.320419312 1
63 28 246.022857666 1
63 28 246.290588379 1
63 28 246.892028809 1
63 28 246.927688599 1
63 28 249.060470581 1
63 28 249.664108276 1
63 28 249.766143799 1
63 28 250.136230469 1
63 28 250.383712769 1
63 28 251.536697388 1
63 28 252.983062744 1
63 28 253.24861145 1
63 28 253.495315552 1
63 28 254.41583252 1
63 28 254.85194397 1
63 28 255.768829346 1
63 28 256.140411377 1
63 28 256.577667236 1
63 28 258.097412109 1
63 28 258.475738525 1
63 28 259.039611816 1
63 28 259.517089844 1
63 28 260.30657959 1
63 28 260.922393799 1
63 28 262.839416504 1
63 28 263.910400391 1
63 28 265.558837891 1
63 28 266.442749023 1
63 28 267.489990234 1
63 28 268.772491455 1
63 28 269.60067749 1
63 28 269.628723145 1
63 28 269.777832031 1
63 28 270.145812988 1
63 28 270.914978027 1
63 28 271.427642822 1
63 28 271.462646484 1
63 28 272.682403564 1
63 28 273.641967773 1
63 28 273.966003418 1
63 28 277.12097168 1
63 28 277.543914795 1
63 28 277.902587891 1
63 28 278.564239502 1
63 28 279.511657715 1
63 28 280.739105225 1
63 28 281.272705078 1
63 28 283.536010742 1
63 28 284.89730835 1
63 28 285.491699219 1
63 28 286.193054199 1
63 28 288.656188965 1
63 28 290.264282227 1
63 28 291.803527832 1
63 28 291.977783203 1
63 28 293.366546631 1
63 28 294.095550537 1
63 28 294.176239014 1
63 28 295.750030518 1
63 28 297.095306396 1
63 28 299.901489258 1
63 28 300.009124756 1
63 28 300.437072754 1
63 28 300.585388184 1
63 28 304.504577637 1
63 28 307.417907715 1
63 28 310.219116211 1
63 28 313.873687744 1
63 28 314.006835938 1
63 28 314.841033936 1
63 28 319.003814697 1
63 28 319.567474365 1
63 28 324.574279785 1
63 28 327.416534424 1
63 28 327.577667236 1
63 28 329.001922607 1
63 28 329.075042725 1
63 28 330.913879395 1
63 28 335.050445557 1
63 28 337.428283691 1
63 28 339.9480896 1
63 28 340.665222168 1
63 28 344.52545166 1
63 28 350.361694336 1
63 28 355.472351074 1
63 28 359.813171387 1
63 28 367.831268311 1
63 28 368.063232422 1
63 28 372.518035889 1
63 28 372.520080566 1
63 28 372.554016113 1
63 28 376.415435791 1
63 28 377.335723877 1
63 28 379.83114624 1
63 28 383.687316895 1
63 28 386.249755859 1
63 28 387.303527832 1
63 28 388.096496582 1
63 28 388.989776611 1
63 28 395.414642334 1
63 28 400.137908936 1
63 28 403.645385742 1
63 28 411.652923584 1
63 28 438.184875488 1
63 28 448.145782471 1
63 28 465.877288818 1
63 28 474.6328125 1
63 28 476.281097412 1
63 28 479.555206299 1
63 28 479.663330078 1
63 28 480.841766357 1
63 28 491.42868042 1
63 28 492.387634277 1
63 28 506.815216064 1
63 28 509.394561768 1
63 28 514.859558105 1
63 28 517.659912109 1
63 28 542.952270508 1
63 28 545.42578125 1
63 28 546.655456543 1
63 28 548.65032959 1
63 28 549.680358887 1
63 28 566.023803711 1
63 28 567.164978027 1
63 28 570.995666504 1
63 28 589.932922363 1
63 28 594.670288086 1
63 28 597.404602051 1
63 28 598.030578613 1
63 28 604.298095703 1
63 28 607.317687988 1
63 28 610.532287598 1
63 28 617.379333496 1
63 28 618.007995605 1
63 28 623.511474609 1
63 28 650.38079834 1
63 28 656.200683594 1
63 28 671.069702148 1
63 28 703.744567871 1
63 28 737.73815918 1
63 28 740.706604004 1
63 28 741.959655762 1
63 28 749.676696777 1
63 28 812.123718262 1
63 28 832.388061523 1
63 28 848.57800293 1
63 28 849.988525391 1
63 28 920.535095215 1
63 28 929.09161377 1
63 28 931.008544922 1
63 28 992.717163086 1
63 28 1046.8013916 1
63 28 1514.04064941 1
63 28 1651.66491699 1
63 28 1699.91491699 1
63 28 2062.67407227 1
63 29 79.0847167969 1
63 29 79.7915344238 1
63 29 80.0277099609 1
63 29 80.3099746704 1
63 29 80.567779541 1
63 29 80.6010055542 1
63 29 80.7109146118 1
63 29 81.0436630249 1
63 29 81.1222457886 1
63 29 81.2229156494 1
63 29 81.243888855 1
63 29 81.2538146973 1
63 29 81.257232666 1
63 29 81.3880233765 1
63 29 81.4421539307 1
63 29 81.6395721436 1
63 29 81.6548614502 1
63 29 81.6691055298 1
63 29 81.8025283813 1
63 29 81.8442459106 1
63 29 81.9443893433 1
63 29 81.9626693726 1
63 29 81.9831085205 1
63 29 82.0284194946 1
63 29 82.0759124756 1
63 29 82.1173858643 1
63 29 82.1180038452 1
63 29 82.1757202148 1
63 29 82.1816482544 1
63 29 82.2505493164 1
63 29 82.2804260254 1
63 29 82.2909011841 1
63 29 82.3017120361 1
63 29 82.4416656494 1
63 29 82.4707260132 1
63 29 82.5448303223 1
63 29 82.5908508301 1
63 29 82.6156921387 1
63 29 82.6476745605 1
63 29 82.6868896484 1
63 29 82.7125396729 1
63 29 82.7616043091 1
63 29 82.873878479 1
63 29 82.8758163452 1
63 29 82.8903808594 1
63 29 83.1141586304 1
63 29 83.1745071411 1
63 29 83.1823196411 1
63 29 83.1826019287 1
63 29 83.2440719604 1
63 29 83.255241394 1
63 29 83.3042526245 1
63 29 83.3948898315 1
63 29 83.4133071899 1
63 29 83.4316864014 1
63 29 83.4406814575 1
63 29 83.4483184814 1
63 29 83.4961853027 1
63 29 83.5213775635 1
63 29 83.5341033936 1
63 29 83.5531997681 1
63 29 83.5647201538 1
63 29 83.5946578979 1
63 29 83.6134414673 1
63 29 83.6142883301 1
63 29 83.6456985474 1
63 29 83.6804199219 1
63 29 83.6887283325 1
63 29 83.6965179443 1
63 29 83.6984329224 1
63 29 83.8251800537 1
63 29 83.8698959351 1
63 29 83.9304656982 1
63 29 84.0310974121 1
63 29 84.0753250122 1
63 29 84.0858764648 1
63 29 84.1346359253 1
63 29 84.1469268799 1
63 29 84.1614685059 1
63 29 84.1647415161 1
63 29 84.208732605 1
63 29 84.2747116089 1
63 29 84.3133773804 1
63 29 84.3223266602 1
63 29 84.3511276245 1
63 29 84.3665313721 1
63 29 84.3729248047 1
63 29 84.3783340454 1
63 29 84.4320831299 1
63 29 84.4452972412 1
63 29 84.4603881836 1
63 29 84.4896011353 1
63 29 84.5709457397 1
63 29 84.6745681763 1
63 29 84.6885604858 1
63 29 84.7256393433 1
63 29 84.729057312 1
63 29 84.8215103149 1
63 29 84.843460083 1
63 29 84.9393692017 1
63 29 84.9899520874 1
63 29 85.0000610352 1
63 29 85.0009689331 1
63 29 85.0268554688 1
63 29 85.0321884155 1
63 29 85.0591812134 1
63 29 85.0941848755 1
63 29 85.1123580933 1
63 29 85.1187438965 1
63 29 85.1572341919 1
63 29 85.1572647095 1
63 29 85.171836853 1
63 29 85.21434021 1
63 29 85.2405395508 1
63 29 85.2807006836 1
63 29 85.3033065796 1
63 29 85.3306350708 1
63 29 85.4013977051 1
63 29 85.441619873 1
63 29 85.4441452026 1
63 29 85.4729766846 1
63 29 85.4948120117 1
63 29 85.5026092529 1
63 29 85.5344085693 1
63 29 85.5351715088 1
63 29 85.578994751 1
63 29 85.6006011963 1
63 29 85.6406402588 1
63 29 85.6884613037 1
63 29 85.7117614746 1
63 29 85.7589797974 1
63 29 85.7802047729 1
63 29 85.7819900513 1
63 29 85.8175964355 1
63 29 85.8257904053 1
63 29 85.8378829956 1
63 29 85.8530960083 1
63 29 85.8723526001 1
63 29 85.8756027222 1
63 29 85.9775543213 1
63 29 85.987953186 1
63 29 86.0599441528 1
63 29 86.0623779297 1
63 29 86.0639190674 1
63 29 86.0916290283 1
63 29 86.1321716309 1
63 29 86.1975250244 1
63 29 86.1982727051 1
63 29 86.2127227783 1
63 29 86.2247314453 1
63 29 86.2335510254 1
63 29 86.2354278564 1
63 29 86.2385635376 1
63 29 86.2736053467 1
63 29 86.2796401978 1
63 29 86.3034515381 1
63 29 86.3238677979 1
63 29 86.3279953003 1
63 29 86.3541259766 1
63 29 86.3587799072 1
63 29 86.3619918823 1
63 29 86.3999938965 1
63 29 86.4123306274 1
63 29 86.4468688965 1
63 29 86.4476623535 1
63 29 86.4593811035 1
63 29 86.4904785156 1
63 29 86.4957885742 1
63 29 86.5191497803 1
63 29 86.5218505859 1
63 29 86.5897140503 1
63 29 86.593421936 1
63 29 86.6274795532 1
63 29 86.6608963013 1
63 29 86.6635818481 1
63 29 86.6807937622 1
63 29 86.7392349243 1
63 29 86.7400970459 1
63 29 86.7845153809 1
63 29 86.7892379761 1
63 29 86.7916717529 1
63 29 86.8383331299 1
63 29 86.8935852051 1
63 29 86.9169616699 1
63 29 86.9229202271 1
63 29 86.9230194092 1
63 29 86.9259109497 1
63 29 86.9286880493 1
63 29 86.9301528931 1
63 29 86.9440383911 1
63 29 86.9560241699 1
63 29 86.9828414917 1
63 29 87.0091705322 1
63 29 87.0392913818 1
63 29 87.0508041382 1
63 29 87.0819168091 1
63 29 87.0888290405 1
63 29 87.0898666382 1
63 29 87.1008834839 1
63 29 87.1093139648 1
63 29 87.1109085083 1
63 29 87.1140975952 1
63 29 87.1313018799 1
63 29 87.1404190063 1
63 29 87.1558151245 1
63 29 87.1860733032 1
63 29 87.1904830933 1
63 29 87.1987304688 1
63 29 87.2193832397 1
63 29 87.2457275391 1
63 29 87.2841415405 1
63 29 87.2940368652 1
63 29 87.3193740845 1
63 29 87.3218002319 1
63 29 87.3482818604 1
63 29 87.3511505127 1
63 29 87.3524093628 1
63 29 87.3690185547 1
63 29 87.4033660889 1
63 29 87.4145965576 1
63 29 87.4304046631 1
63 29 87.4476165771 1
63 29 87.4607620239 1
63 29 87.4675979614 1
63 29 87.4694976807 1
63 29 87.48462677 1
63 29 87.4907836914 1
63 29 87.5116348267 1
63 29 87.5127944946 1
63 29 87.5266418457 1
63 29 87.5360641479 1
63 29 87.5622253418 1
63 29 87.564491272 1
63 29 87.5781478882 1
63 29 87.6054458618 1
63 29 87.6100692749 1
63 29 87.6312561035 1
63 29 87.6464004517 1
63 29 87.6476669312 1
63 29 87.6600570679 1
63 29 87.6949234009 1
63 29 87.7031478882 1
63 29 87.7478485107 1
63 29 87.7577362061 1
63 29 87.7616348267 1
63 29 87.763671875 1
63 29 87.767074585 1
63 29 87.7851486206 1
63 29 87.7896347046 1
63 29 87.8235549927 1
63 29 87.8262557983 1
63 29 87.831413269 1
63 29 87.8559112549 1
63 29 87.9090423584 1
63 29 87.9371032715 1
63 29 87.937828064 1
63 29 87.9557647705 1
63 29 87.9921722412 1
63 29 88.0404052734 1
63 29 88.0498046875 1
63 29 88.0729293823 1
63 29 88.1092910767 1
63 29 88.1124801636 1
63 29 88.1146011353 1
63 29 88.1162490845 1
63 29 88.1634521484 1
63 29 88.1774139404 1
63 29 88.1884994507 1
63 29 88.1999130249 1
63 29 88.2296524048 1
63 29 88.2322311401 1
63 29 88.2911834717 1
63 29 88.2957763672 1
63 29 88.3200302124 1
63 29 88.333404541 1
63 29 88.3500137329 1
63 29 88.3513412476 1
63 29 88.3583297729 1
63 29 88.3932800293 1
63 29 88.4013900757 1
63 29 88.4214553833 1
63 29 88.421836853 1
63 29 88.4225769043 1
63 29 88.4276885986 1
63 29 88.4295501709 1
63 29 88.439163208 1
63 29 88.4436416626 1
63 29 88.4578552246 1
63 29 88.4620361328 1
63 29 88.4713897705 1
63 29 88.4836349487 1
63 29 88.4852371216 1
63 29 88.4899139404 1
63 29 88.4904403687 1
63 29 88.5121688843 1
63 29 88.5237503052 1
63 29 88.5264587402 1
63 29 88.527015686 1
63 29 88.5513381958 1
63 29 88.5642242432 1
63 29 88.5872039795 1
63 29 88.5889968872 1
63 29 88.5940093994 1
63 29 88.6250457764 1
63 29 88.6252059937 1
63 29 88.640914917 1
63 29 88.645362854 1
63 29 88.6455078125 1
63 29 88.6598739624 1
63 29 88.6663665771 1
63 29 88.6713256836 1
63 29 88.69165802 1
63 29 88.6928710938 1
63 29 88.7254867554 1
63 29 88.7360992432 1
63 29 88.7446594238 1
63 29 88.7484741211 1
63 29 88.7586288452 1
63 29 88.8120727539 1
63 29 88.8176498413 1
63 29 88.8333358765 1
63 29 88.8374786377 1
63 29 88.8459854126 1
63 29 88.8469924927 1
63 29 88.8736572266 1
63 29 88.8762207031 1
63 29 88.879119873 1
63 29 88.8862991333 1
63 29 88.8874206543 1
63 29 88.8954925537 1
63 29 88.9167327881 1
63 29 88.9236831665 1
63 29 88.9653701782 1
63 29 88.9684448242 1
63 29 88.9713592529 1
63 29 88.9757614136 1
63 29 88.9907684326 1
63 29 88.9939193726 1
63 29 89.0019226074 1
63 29 89.0416946411 1
63 29 89.0434875488 1
63 29 89.0505599976 1
63 29 89.0510635376 1
63 29 89.0552062988 1
63 29 89.0628204346 1
63 29 89.0637512207 1
63 29 89.0995788574 1
63 29 89.1003417969 1
63 29 89.1148452759 1
63 29 89.1175918579 1
63 29 89.1272125244 1
63 29 89.1272354126 1
63 29 89.1278915405 1
63 29 89.135597229 1
63 29 89.1425018311 1
63 29 89.1558303833 1
63 29 89.1565170288 1
63 29 89.1898117065 1
63 29 89.2186050415 1
63 29 89.2425842285 1
63 29 89.2447280884 1
63 29 89.2538375854 1
63 29 89.2722167969 1
63 29 89.2757644653 1
63 29 89.2847213745 1
63 29 89.2898101807 1
63 29 89.3139190674 1
63 29 89.3399124146 1
63 29 89.3435211182 1
63 29 89.3451843262 1
63 29 89.3499221802 1
63 29 89.35496521 1
63 29 89.3569869995 1
63 29 89.3851928711 1
63 29 89.3971786499 1
63 29 89.4012832642 1
63 29 89.4122772217 1
63 29 89.4205322266 1
63 29 89.4246520996 1
63 29 89.4516830444 1
63 29 89.4574203491 1
63 29 89.4687652588 1
63 29 89.4725341797 1
63 29 89.4776229858 1
63 29 89.5285415649 1
63 29 89.5460586548 1
63 29 89.5727005005 1
63 29 89.5736312866 1
63 29 89.5802612305 1
63 29 89.5824127197 1
63 29 89.5829925537 1
63 29 89.5943756104 1
63 29 89.5964202881 1
63 29 89.5972137451 1
63 29 89.5999069214 1
63 29 89.6368560791 1
63 29 89.6483917236 1
63 29 89.6494750977 1
63 29 89.6636352539 1
63 29 89.6670379639 1
63 29 89.6840591431 1
63 29 89.6898422241 1
63 29 89.7263793945 1
63 29 89.7328186035 1
63 29 89.7389068604 1
63 29 89.7489852905 1
63 29 89.7508010864 1
63 29 89.7644042969 1
63 29 89.7780990601 1
63 29 89.7819976807 1
63 29 89.7834014893 1
63 29 89.7870178223 1
63 29 89.7942733765 1
63 29 89.8059539795 1
63 29 89.8138504028 1
63 29 89.8157348633 1
63 29 89.8396682739 1
63 29 89.842666626 1
63 29 89.8518676758 1
63 29 89.8551483154 1
63 29 89.8745269775 1
63 29 89.8778381348 1
63 29 89.8798599243 1
63 29 89.8826751709 1
63 29 89.8843460083 1
63 29 89.889213562 1
63 29 89.9356536865 1
63 29 89.9382553101 1
63 29 89.9498748779 1
63 29 89.9627685547 1
63 29 90.0079803467 1
63 29 90.0104446411 1
63 29 90.0310974121 1
63 29 90.0345611572 1
63 29 90.0438766479 1
63 29 90.0556106567 1
63 29 90.066192627 1
63 29 90.0836257935 1
63 29 90.1025390625 1
63 29 90.1026306152 1
63 29 90.1073913574 1
63 29 90.121963501 1
63 29 90.1376571655 1
63 29 90.1413421631 1
63 29 90.1428527832 1
63 29 90.144241333 1
63 29 90.1515655518 1
63 29 90.1873092651 1
63 29 90.1944198608 1
63 29 90.1949157715 1
63 29 90.2022857666 1
63 29 90.2161407471 1
63 29 90.2217407227 1
63 29 90.2256851196 1
63 29 90.2352371216 1
63 29 90.337677002 1
63 29 90.3476638794 1
63 29 90.3586425781 1
63 29 90.3764648438 1
63 29 90.3766784668 1
63 29 90.3805541992 1
63 29 90.3947296143 1
63 29 90.4136199951 1
63 29 90.4257507324 1
63 29 90.4440002441 1
63 29 90.4771118164 1
63 29 90.4775238037 1
63 29 90.4987792969 1
63 29 90.5178604126 1
63 29 90.5205078125 1
63 29 90.5308380127 1
63 29 90.5351638794 1
63 29 90.542388916 1
63 29 90.5689468384 1
63 29 90.5698623657 1
63 29 90.5760040283 1
63 29 90.5833511353 1
63 29 90.5913314819 1
63 29 90.6139221191 1
63 29 90.6222915649 1
63 29 90.6237258911 1
63 29 90.6347045898 1
63 29 90.6720352173 1
63 29 90.6757888794 1
63 29 90.6910018921 1
63 29 90.7103271484 1
63 29 90.7126464844 1
63 29 90.7314071655 1
63 29 90.7336883545 1
63 29 90.7361297607 1
63 29 90.7388534546 1
63 29 90.7518768311 1
63 29 90.7533569336 1
63 29 90.7579040527 1
63 29 90.7638778687 1
63 29 90.7763824463 1
63 29 90.7794799805 1
63 29 90.7801742554 1
63 29 90.7970504761 1
63 29 90.8116607666 1
63 29 90.8213577271 1
63 29 90.8692092896 1
63 29 90.8782730103 1
63 29 90.8822250366 1
63 29 90.888092041 1
63 29 90.8959655762 1
63 29 90.903793335 1
63 29 90.9430007935 1
63 29 90.9535598755 1
63 29 90.9643249512 1
63 29 90.9786071777 1
63 29 90.990852356 1
63 29 90.9969787598 1
63 29 90.9970932007 1
63 29 91.0458679199 1
63 29 91.0616607666 1
63 29 91.0741348267 1
63 29 91.0789260864 1
63 29 91.0869140625 1
63 29 91.0937576294 1
63 29 91.09765625 1
63 29 91.1075057983 1
63 29 91.1124572754 1
63 29 91.1158676147 1
63 29 91.1209411621 1
63 29 91.1288223267 1
63 29 91.1333007812 1
63 29 91.1502380371 1
63 29 91.1740951538 1
63 29 91.2016372681 1
63 29 91.2104568481 1
63 29 91.2136306763 1
63 29 91.245300293 1
63 29 91.2526855469 1
63 29 91.2797698975 1
63 29 91.2806396484 1
63 29 91.2820510864 1
63 29 91.2837982178 1
63 29 91.2895050049 1
63 29 91.2931900024 1
63 29 91.2978210449 1
63 29 91.3039093018 1
63 29 91.3043365479 1
63 29 91.3089752197 1
63 29 91.3115997314 1
63 29 91.3203887939 1
63 29 91.321762085 1
63 29 91.324432373 1
63 29 91.3257904053 1
63 29 91.3369598389 1
63 29 91.3404998779 1
63 29 91.359413147 1
63 29 91.3725357056 1
63 29 91.3870697021 1
63 29 91.4074783325 1
63 29 91.4115219116 1
63 29 91.4284362793 1
63 29 91.4410095215 1
63 29 91.4421615601 1
63 29 91.4434280396 1
63 29 91.445098877 1
63 29 91.4489593506 1
63 29 91.455291748 1
63 29 91.459312439 1
63 29 91.4739303589 1
63 29 91.5042648315 1
63 29 91.5108108521 1
63 29 91.5208435059 1
63 29 91.5328292847 1
63 29 91.5387268066 1
63 29 91.543762207 1
63 29 91.5570068359 1
63 29 91.5570449829 1
63 29 91.5581436157 1
63 29 91.5617752075 1
63 29 91.5687179565 1
63 29 91.5778656006 1
63 29 91.5826721191 1
63 29 91.5854110718 1
63 29 91.5931015015 1
63 29 91.5986480713 1
63 29 91.6009597778 1
63 29 91.6018981934 1
63 29 91.6037521362 1
63 29 91.6174850464 1
63 29 91.6175308228 1
63 29 91.6377182007 1
63 29 91.6383209229 1
63 29 91.6410598755 1
63 29 91.6552124023 1
63 29 91.6625213623 1
63 29 91.6662445068 1
63 29 91.6667861938 1
63 29 91.6675186157 1
63 29 91.671081543 1
63 29 91.6872940063 1
63 29 91.7007904053 1
63 29 91.702041626 1
63 29 91.7246780396 1
63 29 91.7253341675 1
63 29 91.725769043 1
63 29 91.7289352417 1
63 29 91.7412948608 1
63 29 91.7419891357 1
63 29 91.7423400879 1
63 29 91.7550430298 1
63 29 91.7613525391 1
63 29 91.7693023682 1
63 29 91.7892608643 1
63 29 91.7912979126 1
63 29 91.8043060303 1
63 29 91.8129501343 1
63 29 91.8432235718 1
63 29 91.8489761353 1
63 29 91.8524398804 1
63 29 91.8593063354 1
63 29 91.8623428345 1
63 29 91.8636245728 1
63 29 91.8823776245 1
63 29 91.8927688599 1
63 29 91.9264373779 1
63 29 91.9334335327 1
63 29 91.9419555664 1
63 29 91.9539794922 1
63 29 91.9985580444 1
63 29 91.9991455078 1
63 29 92.0020065308 1
63 29 92.0350570679 1
63 29 92.0408401489 1
63 29 92.0617370605 1
63 29 92.0629577637 1
63 29 92.0713119507 1
63 29 92.0781402588 1
63 29 92.0854797363 1
63 29 92.0861740112 1
63 29 92.0910644531 1
63 29 92.1111907959 1
63 29 92.1290435791 1
63 29 92.1355743408 1
63 29 92.1415863037 1
63 29 92.1416015625 1
63 29 92.1588592529 1
63 29 92.1786270142 1
63 29 92.1868438721 1
63 29 92.1977844238 1
63 29 92.2232208252 1
63 29 92.2545013428 1
63 29 92.2562408447 1
63 29 92.259803772 1
63 29 92.2635650635 1
63 29 92.2819976807 1
63 29 92.288444519 1
63 29 92.298034668 1
63 29 92.3201599121 1
63 29 92.3250427246 1
63 29 92.326751709 1
63 29 92.3282012939 1
63 29 92.3320236206 1
63 29 92.3638839722 1
63 29 92.3755569458 1
63 29 92.3780441284 1
63 29 92.3802719116 1
63 29 92.3884277344 1
63 29 92.3956375122 1
63 29 92.4038391113 1
63 29 92.4055252075 1
63 29 92.4186019897 1
63 29 92.4197998047 1
63 29 92.4220733643 1
63 29 92.4441299438 1
63 29 92.4473571777 1
63 29 92.4487838745 1
63 29 92.4581604004 1
63 29 92.4661178589 1
63 29 92.4708709717 1
63 29 92.4795303345 1
63 29 92.4964599609 1
63 29 92.5118179321 1
63 29 92.5119934082 1
63 29 92.5411071777 1
63 29 92.5441207886 1
63 29 92.5495452881 1
63 29 92.5507202148 1
63 29 92.5507888794 1
63 29 92.552230835 1
63 29 92.5564575195 1
63 29 92.5564804077 1
63 29 92.5700531006 1
63 29 92.5736846924 1
63 29 92.5865936279 1
63 29 92.5886230469 1
63 29 92.6063766479 1
63 29 92.6388320923 1
63 29 92.6575927734 1
63 29 92.6637496948 1
63 29 92.6774749756 1
63 29 92.6844711304 1
63 29 92.7094726562 1
63 29 92.7094802856 1
63 29 92.7182235718 1
63 29 92.7196807861 1
63 29 92.7209091187 1
63 29 92.7244949341 1
63 29 92.7388305664 1
63 29 92.740814209 1
63 29 92.7506713867 1
63 29 92.7559432983 1
63 29 92.76927948 1
63 29 92.7719726562 1
63 29 92.7756271362 1
63 29 92.7841949463 1
63 29 92.7895507812 1
63 29 92.8059921265 1
63 29 92.8446807861 1
63 29 92.8521575928 1
63 29 92.8592605591 1
63 29 92.8637924194 1
63 29 92.8746795654 1
63 29 92.8754043579 1
63 29 92.8803253174 1
63 29 92.8849411011 1
63 29 92.8972930908 1
63 29 92.8984222412 1
63 29 92.8986206055 1
63 29 92.905921936 1
63 29 92.9077987671 1
63 29 92.9121627808 1
63 29 92.9141387939 1
63 29 92.9160385132 1
63 29 92.9277572632 1
63 29 92.9323806763 1
63 29 92.9393768311 1
63 29 92.943572998 1
63 29 92.9447097778 1
63 29 92.9458084106 1
63 29 92.9490661621 1
63 29 92.9869689941 1
63 29 92.9907913208 1
63 29 92.99634552 1
63 29 92.9984054565 1
63 29 93.0058822632 1
63 29 93.0076904297 1
63 29 93.0102157593 1
63 29 93.0146560669 1
63 29 93.0291366577 1
63 29 93.0418014526 1
63 29 93.054977417 1
63 29 93.0653533936 1
63 29 93.068397522 1
63 29 93.0690078735 1
63 29 93.0735855103 1
63 29 93.0757446289 1
63 29 93.088432312 1
63 29 93.0999603271 1
63 29 93.107093811 1
63 29 93.1351470947 1
63 29 93.1427841187 1
63 29 93.1508483887 1
63 29 93.1701660156 1
63 29 93.1955490112 1
63 29 93.1985855103 1
63 29 93.1988372803 1
63 29 93.2096786499 1
63 29 93.2230529785 1
63 29 93.2247314453 1
63 29 93.2677230835 1
63 29 93.2691650391 1
63 29 93.2728042603 1
63 29 93.2743606567 1
63 29 93.3013534546 1
63 29 93.3419265747 1
63 29 93.3485412598 1
63 29 93.3547210693 1
63 29 93.3590240479 1
63 29 93.3816986084 1
63 29 93.3885726929 1
63 29 93.3918991089 1
63 29 93.398147583 1
63 29 93.3985824585 1
63 29 93.4095458984 1
63 29 93.4204101562 1
63 29 93.4234848022 1
63 29 93.4299316406 1
63 29 93.4318389893 1
63 29 93.4428482056 1
63 29 93.45362854 1
63 29 93.4536437988 1
63 29 93.4536819458 1
63 29 93.4621047974 1
63 29 93.4630508423 1
63 29 93.4683990479 1
63 29 93.4735031128 1
63 29 93.5126190186 1
63 29 93.5194625854 1
63 29 93.5373306274 1
63 29 93.5518188477 1
63 29 93.5615539551 1
63 29 93.5620574951 1
63 29 93.5670928955 1
63 29 93.5747756958 1
63 29 93.580909729 1
63 29 93.5830230713 1
63 29 93.5892105103 1
63 29 93.5978469849 1
63 29 93.601234436 1
63 29 93.6083374023 1
63 29 93.6094436646 1
63 29 93.6103134155 1
63 29 93.6157913208 1
63 29 93.6164474487 1
63 29 93.6275024414 1
63 29 93.6331558228 1
63 29 93.6419830322 1
63 29 93.6463470459 1
63 29 93.6502914429 1
63 29 93.6719436646 1
63 29 93.6795578003 1
63 29 93.6830062866 1
63 29 93.6905288696 1
63 29 93.701171875 1
63 29 93.7013778687 1
63 29 93.7159118652 1
63 29 93.7274703979 1
63 29 93.74243927 1
63 29 93.7552566528 1
63 29 93.7650985718 1
63 29 93.7682418823 1
63 29 93.768371582 1
63 29 93.7813262939 1
63 29 93.7835235596 1
63 29 93.7889328003 1
63 29 93.7941589355 1
63 29 93.7970581055 1
63 29 93.7975616455 1
63 29 93.8069076538 1
63 29 93.8121490479 1
63 29 93.8179931641 1
63 29 93.835067749 1
63 29 93.8362197876 1
63 29 93.8375244141 1
63 29 93.8466720581 1
63 29 93.8515167236 1
63 29 93.8552474976 1
63 29 93.8841629028 1
63 29 93.8897705078 1
63 29 93.8941802979 1
63 29 93.8952636719 1
63 29 93.9066772461 1
63 29 93.9149627686 1
63 29 93.9304046631 1
63 29 93.9347991943 1
63 29 93.94972229 1
63 29 93.9504394531 1
63 29 93.956703186 1
63 29 93.9728775024 1
63 29 93.9744873047 1
63 29 94.0052261353 1
63 29 94.0123443604 1
63 29 94.0178833008 1
63 29 94.0423049927 1
63 29 94.0497360229 1
63 29 94.0652923584 1
63 29 94.0743789673 1
63 29 94.0757369995 1
63 29 94.0777664185 1
63 29 94.0812835693 1
63 29 94.0882720947 1
63 29 94.0948486328 1
63 29 94.0966644287 1
63 29 94.0974807739 1
63 29 94.0986862183 1
63 29 94.1010284424 1
63 29 94.1198120117 1
63 29 94.1427230835 1
63 29 94.1431732178 1
63 29 94.1456222534 1
63 29 94.1499938965 1
63 29 94.1564941406 1
63 29 94.1824798584 1
63 29 94.1877746582 1
63 29 94.2023468018 1
63 29 94.2149200439 1
63 29 94.2210388184 1
63 29 94.2220916748 1
63 29 94.2240905762 1
63 29 94.2248687744 1
63 29 94.226234436 1
63 29 94.2295608521 1
63 29 94.2299575806 1
63 29 94.2315216064 1
63 29 94.2392654419 1
63 29 94.2564468384 1
63 29 94.264251709 1
63 29 94.2657394409 1
63 29 94.2764663696 1
63 29 94.2790527344 1
63 29 94.2793502808 1
63 29 94.3061828613 1
63 29 94.319984436 1
63 29 94.3203277588 1
63 29 94.3366622925 1
63 29 94.3459777832 1
63 29 94.3461303711 1
63 29 94.3462677002 1
63 29 94.3935623169 1
63 29 94.4047927856 1
63 29 94.4135894775 1
63 29 94.4268035889 1
63 29 94.426864624 1
63 29 94.4524917603 1
63 29 94.4545135498 1
63 29 94.4587020874 1
63 29 94.4969406128 1
63 29 94.5441665649 1
63 29 94.5484771729 1
63 29 94.5504760742 1
63 29 94.5742721558 1
63 29 94.5753479004 1
63 29 94.5755386353 1
63 29 94.5780487061 1
63 29 94.6078033447 1
63 29 94.6082763672 1
63 29 94.6155395508 1
63 29 94.6240615845 1
63 29 94.6282119751 1
63 29 94.6292419434 1
63 29 94.6408081055 1
63 29 94.6621322632 1
63 29 94.6633453369 1
63 29 94.6678771973 1
63 29 94.6722335815 1
63 29 94.6728134155 1
63 29 94.6865539551 1
63 29 94.6888809204 1
63 29 94.6904296875 1
63 29 94.6993179321 1
63 29 94.7010498047 1
63 29 94.7045288086 1
63 29 94.7320098877 1
63 29 94.7333755493 1
63 29 94.7679672241 1
63 29 94.7712554932 1
63 29 94.7884292603 1
63 29 94.8194580078 1
63 29 94.8252105713 1
63 29 94.8382110596 1
63 29 94.8578567505 1
63 29 94.862197876 1
63 29 94.8733139038 1
63 29 94.8788986206 1
63 29 94.8816299438 1
63 29 94.9059677124 1
63 29 94.9092941284 1
63 29 94.9196090698 1
63 29 94.9368209839 1
63 29 94.9389724731 1
63 29 94.9460144043 1
63 29 94.9532623291 1
63 29 94.9583129883 1
63 29 94.9649353027 1
63 29 94.9692306519 1
63 29 94.9709014893 1
63 29 94.975730896 1
63 29 94.9814834595 1
63 29 94.9945144653 1
63 29 94.995513916 1
63 29 95.0035400391 1
63 29 95.0058517456 1
63 29 95.0084991455 1
63 29 95.0129318237 1
63 29 95.0429916382 1
63 29 95.0482330322 1
63 29 95.0520248413 1
63 29 95.0598907471 1
63 29 95.071723938 1
63 29 95.0763473511 1
63 29 95.0792617798 1
63 29 95.0830841064 1
63 29 95.1219177246 1
63 29 95.1250076294 1
63 29 95.139251709 1
63 29 95.1419448853 1
63 29 95.1457366943 1
63 29 95.1478424072 1
63 29 95.1614151001 1
63 29 95.1770324707 1
63 29 95.1874237061 1
63 29 95.2071838379 1
63 29 95.2104568481 1
63 29 95.2133865356 1
63 29 95.2151412964 1
63 29 95.2490539551 1
63 29 95.273765564 1
63 29 95.2976760864 1
63 29 95.3201980591 1
63 29 95.3220367432 1
63 29 95.3250045776 1
63 29 95.3260574341 1
63 29 95.3287658691 1
63 29 95.3432388306 1
63 29 95.3510284424 1
63 29 95.352684021 1
63 29 95.3625869751 1
63 29 95.3829803467 1
63 29 95.3859939575 1
63 29 95.4002304077 1
63 29 95.4049301147 1
63 29 95.4119796753 1
63 29 95.4220733643 1
63 29 95.431312561 1
63 29 95.4341201782 1
63 29 95.4363479614 1
63 29 95.4521026611 1
63 29 95.4529571533 1
63 29 95.4591751099 1
63 29 95.4599685669 1
63 29 95.4649581909 1
63 29 95.4684066772 1
63 29 95.4866638184 1
63 29 95.4909667969 1
63 29 95.5042266846 1
63 29 95.5053710938 1
63 29 95.5123214722 1
63 29 95.5168609619 1
63 29 95.5217056274 1
63 29 95.5410232544 1
63 29 95.5452957153 1
63 29 95.5506515503 1
63 29 95.5550613403 1
63 29 95.6044464111 1
63 29 95.6190719604 1
63 29 95.6259536743 1
63 29 95.6284790039 1
63 29 95.6341781616 1
63 29 95.6357803345 1
63 29 95.6392593384 1
63 29 95.6434555054 1
63 29 95.6453475952 1
63 29 95.6569519043 1
63 29 95.6571655273 1
63 29 95.6614532471 1
63 29 95.67212677 1
63 29 95.6748809814 1
63 29 95.6763763428 1
63 29 95.6914978027 1
63 29 95.7059326172 1
63 29 95.7097244263 1
63 29 95.7224502563 1
63 29 95.7299194336 1
63 29 95.7318115234 1
63 29 95.7355270386 1
63 29 95.7619781494 1
63 29 95.7633514404 1
63 29 95.7647094727 1
63 29 95.7651138306 1
63 29 95.7665557861 1
63 29 95.7674179077 1
63 29 95.7814407349 1
63 29 95.8037033081 1
63 29 95.8039703369 1
63 29 95.819984436 1
63 29 95.8203964233 1
63 29 95.823425293 1
63 29 95.8272399902 1
63 29 95.8299560547 1
63 29 95.8349914551 1
63 29 95.8472213745 1
63 29 95.8484802246 1
63 29 95.8599243164 1
63 29 95.8732681274 1
63 29 95.8732833862 1
63 29 95.8765869141 1
63 29 95.8780212402 1
63 29 95.8893051147 1
63 29 95.9045562744 1
63 29 95.9194946289 1
63 29 95.9240341187 1
63 29 95.9320983887 1
63 29 95.9323425293 1
63 29 95.9401550293 1
63 29 95.9541244507 1
63 29 95.9668045044 1
63 29 95.9696960449 1
63 29 95.9798431396 1
63 29 95.9811782837 1
63 29 96.001411438 1
63 29 96.0232620239 1
63 29 96.0442581177 1
63 29 96.0539779663 1
63 29 96.0621109009 1
63 29 96.0642929077 1
63 29 96.0652694702 1
63 29 96.0713424683 1
63 29 96.0811462402 1
63 29 96.0841217041 1
63 29 96.0848312378 1
63 29 96.0863265991 1
63 29 96.0869598389 1
63 29 96.107460022 1
63 29 96.1077423096 1
63 29 96.1247329712 1
63 29 96.131942749 1
63 29 96.1601867676 1
63 29 96.1661224365 1
63 29 96.1684188843 1
63 29 96.1912231445 1
63 29 96.2140960693 1
63 29 96.2177124023 1
63 29 96.2223968506 1
63 29 96.2230529785 1
63 29 96.2292785645 1
63 29 96.2418060303 1
63 29 96.2502670288 1
63 29 96.260345459 1
63 29 96.2976226807 1
63 29 96.311706543 1
63 29 96.334236145 1
63 29 96.3617172241 1
63 29 96.3861618042 1
63 29 96.3992843628 1
63 29 96.4011230469 1
63 29 96.4202194214 1
63 29 96.4281005859 1
63 29 96.4474105835 1
63 29 96.4542770386 1
63 29 96.4557952881 1
63 29 96.462059021 1
63 29 96.4657440186 1
63 29 96.4677047729 1
63 29 96.476890564 1
63 29 96.4800415039 1
63 29 96.4842071533 1
63 29 96.5107040405 1
63 29 96.5132675171 1
63 29 96.524055481 1
63 29 96.5679702759 1
63 29 96.5725479126 1
63 29 96.6029815674 1
63 29 96.604385376 1
63 29 96.6160354614 1
63 29 96.6224975586 1
63 29 96.636756897 1
63 29 96.6370315552 1
63 29 96.6465911865 1
63 29 96.6700897217 1
63 29 96.6754989624 1
63 29 96.6755905151 1
63 29 96.6971817017 1
63 29 96.7092971802 1
63 29 96.7143783569 1
63 29 96.7203674316 1
63 29 96.7237014771 1
63 29 96.7258605957 1
63 29 96.7267837524 1
63 29 96.7345275879 1
63 29 96.7487869263 1
63 29 96.7501754761 1
63 29 96.7520980835 1
63 29 96.7535629272 1
63 29 96.7547302246 1
63 29 96.7882843018 1
63 29 96.7971725464 1
63 29 96.7989883423 1
63 29 96.8009719849 1
63 29 96.8019485474 1
63 29 96.8031005859 1
63 29 96.8139266968 1
63 29 96.8278198242 1
63 29 96.8435058594 1
63 29 96.8642807007 1
63 29 96.8675842285 1
63 29 96.874710083 1
63 29 96.8810272217 1
63 29 96.8812789917 1
63 29 96.8861160278 1
63 29 96.8879089355 1
63 29 96.9019088745 1
63 29 96.9080734253 1
63 29 96.9142303467 1
63 29 96.9179763794 1
63 29 96.9312591553 1
63 29 96.939704895 1
63 29 96.9431228638 1
63 29 96.9432067871 1
63 29 96.9700546265 1
63 29 96.9793167114 1
63 29 96.9798278809 1
63 29 96.9870605469 1
63 29 96.9941101074 1
63 29 96.9967193604 1
63 29 96.997756958 1
63 29 97.0072784424 1
63 29 97.0253829956 1
63 29 97.0364837646 1
63 29 97.0462112427 1
63 29 97.0505752563 1
63 29 97.0522079468 1
63 29 97.0532684326 1
63 29 97.0596389771 1
63 29 97.0713653564 1
63 29 97.0780487061 1
63 29 97.0968933105 1
63 29 97.0978546143 1
63 29 97.0985183716 1
63 29 97.105796814 1
63 29 97.1079864502 1
63 29 97.1092681885 1
63 29 97.1240997314 1
63 29 97.1284942627 1
63 29 97.1429901123 1
63 29 97.143661499 1
63 29 97.1562347412 1
63 29 97.1648101807 1
63 29 97.1700973511 1
63 29 97.1719512939 1
63 29 97.2012863159 1
63 29 97.2148590088 1
63 29 97.2209320068 1
63 29 97.2245864868 1
63 29 97.243637085 1
63 29 97.2500762939 1
63 29 97.2573318481 1
63 29 97.2666473389 1
63 29 97.2959976196 1
63 29 97.2992401123 1
63 29 97.3080825806 1
63 29 97.3459320068 1
63 29 97.3486328125 1
63 29 97.3647918701 1
63 29 97.3722991943 1
63 29 97.3774108887 1
63 29 97.3826141357 1
63 29 97.3993453979 1
63 29 97.4069976807 1
63 29 97.4073257446 1
63 29 97.411895752 1
63 29 97.4622802734 1
63 29 97.4770278931 1
63 29 97.4817123413 1
63 29 97.4862060547 1
63 29 97.5421066284 1
63 29 97.5424499512 1
63 29 97.5542449951 1
63 29 97.5685501099 1
63 29 97.5707855225 1
63 29 97.5716552734 1
63 29 97.5722122192 1
63 29 97.589012146 1
63 29 97.5912628174 1
63 29 97.6095199585 1
63 29 97.61668396 1
63 29 97.6242141724 1
63 29 97.6346740723 1
63 29 97.6601028442 1
63 29 97.6646881104 1
63 29 97.6700210571 1
63 29 97.6879653931 1
63 29 97.7003326416 1
63 29 97.7268447876 1
63 29 97.7491149902 1
63 29 97.756111145 1
63 29 97.7579040527 1
63 29 97.7691268921 1
63 29 97.7741622925 1
63 29 97.7809829712 1
63 29 97.7983703613 1
63 29 97.8310012817 1
63 29 97.8324966431 1
63 29 97.8447723389 1
63 29 97.8463821411 1
63 29 97.8490524292 1
63 29 97.8696212769 1
63 29 97.8812561035 1
63 29 97.8997192383 1
63 29 97.9121780396 1
63 29 97.9141082764 1
63 29 97.9570388794 1
63 29 97.9606781006 1
63 29 97.9655303955 1
63 29 97.9677047729 1
63 29 97.9789886475 1
63 29 97.9850006104 1
63 29 98.0357666016 1
63 29 98.0384521484 1
63 29 98.0444412231 1
63 29 98.0557250977 1
63 29 98.0610046387 1
63 29 98.0646972656 1
63 29 98.0703353882 1
63 29 98.0749359131 1
63 29 98.1041030884 1
63 29 98.1256027222 1
63 29 98.1272506714 1
63 29 98.1373138428 1
63 29 98.1428756714 1
63 29 98.1498794556 1
63 29 98.2082519531 1
63 29 98.2200393677 1
63 29 98.2259597778 1
63 29 98.2308273315 1
63 29 98.2328338623 1
63 29 98.2557525635 1
63 29 98.2747192383 1
63 29 98.2791824341 1
63 29 98.2938995361 1
63 29 98.3292999268 1
63 29 98.3375167847 1
63 29 98.3378219604 1
63 29 98.340713501 1
63 29 98.3496704102 1
63 29 98.3545761108 1
63 29 98.3652954102 1
63 29 98.3704833984 1
63 29 98.3734283447 1
63 29 98.3845825195 1
63 29 98.3924407959 1
63 29 98.3929901123 1
63 29 98.396736145 1
63 29 98.4094085693 1
63 29 98.4155960083 1
63 29 98.4188537598 1
63 29 98.4202270508 1
63 29 98.4311065674 1
63 29 98.4354019165 1
63 29 98.4547805786 1
63 29 98.4575042725 1
63 29 98.4624557495 1
63 29 98.4675750732 1
63 29 98.4876785278 1
63 29 98.4979934692 1
63 29 98.5071792603 1
63 29 98.512550354 1
63 29 98.5347747803 1
63 29 98.5444717407 1
63 29 98.5522537231 1
63 29 98.5645446777 1
63 29 98.5791931152 1
63 29 98.5899963379 1
63 29 98.6048278809 1
63 29 98.6682052612 1
63 29 98.6930160522 1
63 29 98.6941833496 1
63 29 98.7183990479 1
63 29 98.7280426025 1
63 29 98.7917022705 1
63 29 98.799446106 1
63 29 98.8222961426 1
63 29 98.8271408081 1
63 29 98.830406189 1
63 29 98.8328170776 1
63 29 98.8434906006 1
63 29 98.8480682373 1
63 29 98.849105835 1
63 29 98.8533630371 1
63 29 98.864906311 1
63 29 98.8667068481 1
63 29 98.9106674194 1
63 29 98.9199752808 1
63 29 98.9333877563 1
63 29 98.9465942383 1
63 29 98.9471054077 1
63 29 98.9488067627 1
63 29 98.9527206421 1
63 29 98.9597244263 1
63 29 98.9930343628 1
63 29 99.0024261475 1
63 29 99.0087203979 1
63 29 99.0141906738 1
63 29 99.0167770386 1
63 29 99.0449981689 1
63 29 99.0495910645 1
63 29 99.070854187 1
63 29 99.0736923218 1
63 29 99.0899658203 1
63 29 99.094909668 1
63 29 99.0952529907 1
63 29 99.1156692505 1
63 29 99.1215057373 1
63 29 99.1332550049 1
63 29 99.141242981 1
63 29 99.157913208 1
63 29 99.1652755737 1
63 29 99.1721038818 1
63 29 99.2196273804 1
63 29 99.2363815308 1
63 29 99.2364501953 1
63 29 99.2767791748 1
63 29 99.2786178589 1
63 29 99.3508682251 1
63 29 99.3606109619 1
63 29 99.3719329834 1
63 29 99.3761062622 1
63 29 99.3820037842 1
63 29 99.3822860718 1
63 29 99.3977432251 1
63 29 99.3980941772 1
63 29 99.4077682495 1
63 29 99.4143447876 1
63 29 99.4179153442 1
63 29 99.4236221313 1
63 29 99.4354019165 1
63 29 99.4414215088 1
63 29 99.4464035034 1
63 29 99.4854507446 1
63 29 99.4869766235 1
63 29 99.4909591675 1
63 29 99.501953125 1
63 29 99.5348510742 1
63 29 99.536857605 1
63 29 99.5426025391 1
63 29 99.5761184692 1
63 29 99.5922470093 1
63 29 99.5938949585 1
63 29 99.5989837646 1
63 29 99.5997619629 1
63 29 99.6895904541 1
63 29 99.6990890503 1
63 29 99.6991271973 1
63 29 99.7010803223 1
63 29 99.7019424438 1
63 29 99.7044143677 1
63 29 99.7168121338 1
63 29 99.7234191895 1
63 29 99.7426681519 1
63 29 99.8206253052 1
63 29 99.8237457275 1
63 29 99.8330917358 1
63 29 99.8507080078 1
63 29 99.8643569946 1
63 29 99.8665618896 1
63 29 99.8853759766 1
63 29 99.9072647095 1
63 29 99.9230728149 1
63 29 99.9498825073 1
63 29 99.9674835205 1
63 29 99.9913406372 1
63 29 100.002410889 1
63 29 100.025848389 1
63 29 100.028358459 1
63 29 100.046005249 1
63 29 100.119285583 1
63 29 100.137779236 1
63 29 100.178520203 1
63 29 100.182891846 1
63 29 100.188484192 1
63 29 100.196662903 1
63 29 100.203323364 1
63 29 100.207298279 1
63 29 100.215789795 1
63 29 100.220100403 1
63 29 100.248649597 1
63 29 100.257850647 1
63 29 100.268737793 1
63 29 100.301216125 1
63 29 100.320899963 1
63 29 100.322097778 1
63 29 100.34299469 1
63 29 100.351348877 1
63 29 100.351615906 1
63 29 100.357849121 1
63 29 100.372039795 1
63 29 100.375442505 1
63 29 100.39138031 1
63 29 100.395149231 1
63 29 100.422309875 1
63 29 100.422546387 1
63 29 100.437950134 1
63 29 100.444335938 1
63 29 100.471542358 1
63 29 100.498832703 1
63 29 100.50630188 1
63 29 100.511161804 1
63 29 100.516830444 1
63 29 100.527069092 1
63 29 100.530311584 1
63 29 100.549194336 1
63 29 100.564064026 1
63 29 100.57359314 1
63 29 100.586860657 1
63 29 100.616905212 1
63 29 100.631721497 1
63 29 100.635498047 1
63 29 100.636451721 1
63 29 100.636932373 1
63 29 100.640113831 1
63 29 100.646850586 1
63 29 100.656349182 1
63 29 100.676773071 1
63 29 100.706184387 1
63 29 100.72403717 1
63 29 100.726417542 1
63 29 100.748771667 1
63 29 100.763710022 1
63 29 100.76386261 1
63 29 100.767547607 1
63 29 100.768623352 1
63 29 100.825874329 1
63 29 100.85308075 1
63 29 100.869476318 1
63 29 100.881256104 1
63 29 100.882469177 1
63 29 100.909164429 1
63 29 100.915267944 1
63 29 100.937202454 1
63 29 100.943191528 1
63 29 100.94833374 1
63 29 100.979782104 1
63 29 100.987518311 1
63 29 100.992843628 1
63 29 100.997673035 1
63 29 101.001045227 1
63 29 101.006057739 1
63 29 101.006607056 1
63 29 101.067123413 1
63 29 101.084472656 1
63 29 101.092498779 1
63 29 101.149200439 1
63 29 101.163345337 1
63 29 101.201156616 1
63 29 101.244796753 1
63 29 101.270355225 1
63 29 101.273498535 1
63 29 101.278900146 1
63 29 101.354988098 1
63 29 101.367752075 1
63 29 101.370735168 1
63 29 101.372123718 1
63 29 101.382019043 1
63 29 101.40738678 1
63 29 101.413459778 1
63 29 101.415359497 1
63 29 101.416191101 1
63 29 101.420883179 1
63 29 101.461433411 1
63 29 101.471786499 1
63 29 101.479911804 1
63 29 101.502792358 1
63 29 101.510902405 1
63 29 101.533401489 1
63 29 101.535697937 1
63 29 101.537956238 1
63 29 101.555030823 1
63 29 101.55607605 1
63 29 101.56085968 1
63 29 101.597686768 1
63 29 101.598464966 1
63 29 101.653411865 1
63 29 101.661888123 1
63 29 101.672271729 1
63 29 101.672676086 1
63 29 101.67401886 1
63 29 101.67931366 1
63 29 101.690498352 1
63 29 101.692756653 1
63 29 101.706031799 1
63 29 101.723937988 1
63 29 101.737129211 1
63 29 101.742858887 1
63 29 101.84563446 1
63 29 101.864387512 1
63 29 101.895759583 1
63 29 101.899261475 1
63 29 101.899856567 1
63 29 101.90083313 1
63 29 101.906051636 1
63 29 101.953735352 1
63 29 101.959197998 1
63 29 101.966438293 1
63 29 101.971473694 1
63 29 101.981666565 1
63 29 102.000442505 1
63 29 102.023902893 1
63 29 102.03729248 1
63 29 102.037307739 1
63 29 102.048454285 1
63 29 102.067276001 1
63 29 102.081031799 1
63 29 102.085746765 1
63 29 102.126838684 1
63 29 102.152999878 1
63 29 102.173866272 1
63 29 102.228919983 1
63 29 102.245376587 1
63 29 102.258399963 1
63 29 102.258399963 1
63 29 102.327194214 1
63 29 102.359298706 1
63 29 102.378639221 1
63 29 102.41091156 1
63 29 102.422286987 1
63 29 102.445075989 1
63 29 102.44947052 1
63 29 102.45186615 1
63 29 102.464157104 1
63 29 102.464332581 1
63 29 102.506347656 1
63 29 102.512840271 1
63 29 102.513565063 1
63 29 102.554031372 1
63 29 102.573745728 1
63 29 102.603210449 1
63 29 102.614822388 1
63 29 102.625846863 1
63 29 102.676353455 1
63 29 102.732536316 1
63 29 102.733657837 1
63 29 102.753692627 1
63 29 102.776618958 1
63 29 102.789215088 1
63 29 102.808296204 1
63 29 102.867385864 1
63 29 102.935722351 1
63 29 102.952423096 1
63 29 102.973518372 1
63 29 102.985343933 1
63 29 103.006980896 1
63 29 103.034042358 1
63 29 103.041809082 1
63 29 103.07723999 1
63 29 103.123222351 1
63 29 103.144508362 1
63 29 103.168228149 1
63 29 103.171257019 1
63 29 103.196769714 1
63 29 103.199081421 1
63 29 103.201332092 1
63 29 103.217285156 1
63 29 103.229629517 1
63 29 103.233474731 1
63 29 103.240776062 1
63 29 103.242324829 1
63 29 103.257858276 1
63 29 103.269638062 1
63 29 103.285591125 1
63 29 103.303909302 1
63 29 103.323478699 1
63 29 103.360229492 1
63 29 103.40398407 1
63 29 103.411399841 1
63 29 103.423683167 1
63 29 103.425437927 1
63 29 103.458343506 1
63 29 103.488510132 1
63 29 103.500854492 1
63 29 103.506057739 1
63 29 103.535598755 1
63 29 103.545135498 1
63 29 103.545341492 1
63 29 103.553131104 1
63 29 103.55355072 1
63 29 103.56476593 1
63 29 103.592880249 1
63 29 103.602287292 1
63 29 103.613586426 1
63 29 103.617156982 1
63 29 103.621772766 1
63 29 103.632034302 1
63 29 103.654144287 1
63 29 103.655334473 1
63 29 103.667282104 1
63 29 103.683013916 1
63 29 103.70677948 1
63 29 103.732887268 1
63 29 103.734642029 1
63 29 103.747940063 1
63 29 103.761924744 1
63 29 103.820487976 1
63 29 103.833786011 1
63 29 103.851005554 1
63 29 103.853919983 1
63 29 103.866333008 1
63 29 103.903762817 1
63 29 103.9477005 1
63 29 104.014038086 1
63 29 104.024505615 1
63 29 104.048355103 1
63 29 104.04901123 1
63 29 104.055725098 1
63 29 104.058235168 1
63 29 104.077041626 1
63 29 104.092666626 1
63 29 104.108642578 1
63 29 104.113487244 1
63 29 104.138244629 1
63 29 104.164703369 1
63 29 104.172538757 1
63 29 104.193710327 1
63 29 104.196914673 1
63 29 104.197013855 1
63 29 104.220153809 1
63 29 104.230628967 1
63 29 104.286170959 1
63 29 104.296936035 1
63 29 104.329124451 1
63 29 104.342262268 1
63 29 104.357711792 1
63 29 104.363693237 1
63 29 104.372703552 1
63 29 104.374862671 1
63 29 104.403770447 1
63 29 104.411819458 1
63 29 104.471252441 1
63 29 104.487922668 1
63 29 104.493309021 1
63 29 104.525115967 1
63 29 104.582611084 1
63 29 104.643203735 1
63 29 104.660583496 1
63 29 104.661430359 1
63 29 104.694549561 1
63 29 104.706985474 1
63 29 104.709625244 1
63 29 104.723213196 1
63 29 104.740684509 1
63 29 104.743499756 1
63 29 104.780906677 1
63 29 104.78943634 1
63 29 104.815979004 1
63 29 104.822952271 1
63 29 104.86265564 1
63 29 104.867446899 1
63 29 104.899635315 1
63 29 104.915084839 1
63 29 104.989280701 1
63 29 105.002586365 1
63 29 105.02394104 1
63 29 105.052192688 1
63 29 105.092849731 1
63 29 105.098899841 1
63 29 105.121955872 1
63 29 105.213653564 1
63 29 105.222442627 1
63 29 105.267906189 1
63 29 105.294807434 1
63 29 105.296157837 1
63 29 105.302474976 1
63 29 105.309257507 1
63 29 105.351219177 1
63 29 105.374290466 1
63 29 105.380989075 1
63 29 105.394836426 1
63 29 105.421836853 1
63 29 105.487174988 1
63 29 105.496147156 1
63 29 105.527053833 1
63 29 105.533454895 1
63 29 105.609725952 1
63 29 105.630523682 1
63 29 105.645210266 1
63 29 105.656028748 1
63 29 105.727783203 1
63 29 105.764350891 1
63 29 105.786064148 1
63 29 105.833496094 1
63 29 105.855873108 1
63 29 105.896911621 1
63 29 105.898330688 1
63 29 105.97718811 1
63 29 105.979049683 1
63 29 106.000816345 1
63 29 106.029922485 1
63 29 106.039199829 1
63 29 106.1407547 1
63 29 106.221702576 1
63 29 106.261009216 1
63 29 106.321365356 1
63 29 106.324859619 1
63 29 106.364616394 1
63 29 106.36831665 1
63 29 106.515388489 1
63 29 106.518592834 1
63 29 106.550544739 1
63 29 106.626625061 1
63 29 106.677818298 1
63 29 106.737564087 1
63 29 106.773078918 1
63 29 106.776023865 1
63 29 106.777786255 1
63 29 106.806060791 1
63 29 106.813179016 1
63 29 107.003868103 1
63 29 107.058494568 1
63 29 107.063934326 1
63 29 107.084068298 1
63 29 107.091110229 1
63 29 107.096298218 1
63 29 107.153465271 1
63 29 107.160835266 1
63 29 107.163146973 1
63 29 107.172180176 1
63 29 107.190086365 1
63 29 107.199897766 1
63 29 107.301719666 1
63 29 107.311531067 1
63 29 107.341896057 1
63 29 107.373596191 1
63 29 107.41973877 1
63 29 107.459724426 1
63 29 107.468727112 1
63 29 107.477355957 1
63 29 107.538978577 1
63 29 107.553314209 1
63 29 107.622947693 1
63 29 107.657600403 1
63 29 107.663574219 1
63 29 107.6769104 1
63 29 107.718009949 1
63 29 107.729187012 1
63 29 107.759185791 1
63 29 107.764900208 1
63 29 107.788970947 1
63 29 107.792694092 1
63 29 107.837249756 1
63 29 107.853065491 1
63 29 107.86743927 1
63 29 107.868507385 1
63 29 107.893745422 1
63 29 107.903282166 1
63 29 107.913414001 1
63 29 108.127845764 1
63 29 108.132484436 1
63 29 108.201789856 1
63 29 108.20627594 1
63 29 108.232246399 1
63 29 108.238952637 1
63 29 108.265205383 1
63 29 108.268966675 1
63 29 108.294158936 1
63 29 108.376998901 1
63 29 108.385856628 1
63 29 108.468597412 1
63 29 108.487556458 1
63 29 108.502067566 1
63 29 108.517570496 1
63 29 108.573524475 1
63 29 108.57837677 1
63 29 108.585525513 1
63 29 108.625228882 1
63 29 108.631912231 1
63 29 108.681404114 1
63 29 108.775337219 1
63 29 108.839752197 1
63 29 108.861679077 1
63 29 108.952766418 1
63 29 108.986106873 1
63 29 109.01991272 1
63 29 109.071380615 1
63 29 109.203453064 1
63 29 109.245452881 1
63 29 109.27986145 1
63 29 109.294677734 1
63 29 109.338729858 1
63 29 109.343406677 1
63 29 109.348693848 1
63 29 109.542610168 1
63 29 109.609359741 1
63 29 109.610565186 1
63 29 109.660179138 1
63 29 109.71938324 1
63 29 109.732269287 1
63 29 109.765045166 1
63 29 109.812530518 1
63 29 109.898353577 1
63 29 110.01750946 1
63 29 110.078132629 1
63 29 110.087188721 1
63 29 110.112991333 1
63 29 110.140197754 1
63 29 110.215538025 1
63 29 110.234489441 1
63 29 110.249580383 1
63 29 110.257904053 1
63 29 110.294433594 1
63 29 110.30947876 1
63 29 110.420898438 1
63 29 110.444816589 1
63 29 110.463577271 1
63 29 110.571372986 1
63 29 110.609359741 1
63 29 110.65839386 1
63 29 110.701797485 1
63 29 110.720443726 1
63 29 110.797210693 1
63 29 110.906158447 1
63 29 110.955383301 1
63 29 110.965950012 1
63 29 110.969917297 1
63 29 110.976646423 1
63 29 111.022956848 1
63 29 111.032318115 1
63 29 111.081298828 1
63 29 111.127983093 1
63 29 111.138298035 1
63 29 111.196899414 1
63 29 111.338668823 1
63 29 111.346443176 1
63 29 111.366325378 1
63 29 111.366333008 1
63 29 111.386039734 1
63 29 111.39781189 1
63 29 111.429870605 1
63 29 111.448669434 1
63 29 111.517936707 1
63 29 111.592277527 1
63 29 111.610954285 1
63 29 111.633346558 1
63 29 111.645065308 1
63 29 111.665855408 1
63 29 111.678909302 1
63 29 111.71749115 1
63 29 111.71761322 1
63 29 111.807678223 1
63 29 111.819458008 1
63 29 111.848060608 1
63 29 111.850349426 1
63 29 111.853485107 1
63 29 111.894958496 1
63 29 112.009132385 1
63 29 112.047225952 1
63 29 112.051071167 1
63 29 112.168395996 1
63 29 112.211387634 1
63 29 112.212471008 1
63 29 112.285095215 1
63 29 112.351211548 1
63 29 112.380462646 1
63 29 112.466720581 1
63 29 112.474533081 1
63 29 112.528968811 1
63 29 112.601837158 1
63 29 112.603981018 1
63 29 112.645530701 1
63 29 112.68976593 1
63 29 112.822418213 1
63 29 112.846755981 1
63 29 112.852302551 1
63 29 112.983589172 1
63 29 113.030212402 1
63 29 113.082565308 1
63 29 113.110031128 1
63 29 113.121635437 1
63 29 113.168289185 1
63 29 113.208404541 1
63 29 113.304878235 1
63 29 113.343559265 1
63 29 113.427139282 1
63 29 113.52142334 1
63 29 113.598403931 1
63 29 113.616645813 1
63 29 113.66178894 1
63 29 113.685157776 1
63 29 113.692611694 1
63 29 113.693267822 1
63 29 113.717269897 1
63 29 113.790885925 1
63 29 113.818260193 1
63 29 113.894706726 1
63 29 113.933769226 1
63 29 114.044364929 1
63 29 114.056121826 1
63 29 114.080131531 1
63 29 114.087158203 1
63 29 114.104103088 1
63 29 114.143959045 1
63 29 114.205101013 1
63 29 114.293182373 1
63 29 114.309837341 1
63 29 114.36138916 1
63 29 114.441619873 1
63 29 114.448753357 1
63 29 114.452171326 1
63 29 114.508735657 1
63 29 114.643798828 1
63 29 114.647323608 1
63 29 114.659576416 1
63 29 114.759147644 1
63 29 114.893669128 1
63 29 114.899993896 1
63 29 114.985923767 1
63 29 114.991996765 1
63 29 115.176544189 1
63 29 115.290748596 1
63 29 115.2970047 1
63 29 115.340927124 1
63 29 115.580551147 1
63 29 115.628700256 1
63 29 115.637031555 1
63 29 115.665794373 1
63 29 115.701217651 1
63 29 115.720710754 1
63 29 115.728744507 1
63 29 115.776329041 1
63 29 115.837608337 1
63 29 115.920532227 1
63 29 115.995544434 1
63 29 115.998275757 1
63 29 116.012962341 1
63 29 116.082801819 1
63 29 116.097290039 1
63 29 116.234428406 1
63 29 116.249740601 1
63 29 116.252502441 1
63 29 116.272743225 1
63 29 116.307830811 1
63 29 116.359672546 1
63 29 116.372001648 1
63 29 116.504043579 1
63 29 116.61378479 1
63 29 116.702919006 1
63 29 116.929244995 1
63 29 117.082572937 1
63 29 117.222511292 1
63 29 117.226631165 1
63 29 117.227264404 1
63 29 117.339317322 1
63 29 117.359794617 1
63 29 117.377868652 1
63 29 117.390388489 1
63 29 117.423934937 1
63 29 117.437644958 1
63 29 117.546508789 1
63 29 117.650634766 1
63 29 117.713264465 1
63 29 117.733169556 1
63 29 117.743354797 1
63 29 117.794868469 1
63 29 117.824607849 1
63 29 117.919624329 1
63 29 117.975837708 1
63 29 117.989196777 1
63 29 118.022674561 1
63 29 118.0284729 1
63 29 118.156005859 1
63 29 118.16999054 1
63 29 118.205680847 1
63 29 118.269828796 1
63 29 118.274734497 1
63 29 118.289749146 1
63 29 118.594337463 1
63 29 118.605567932 1
63 29 118.655082703 1
63 29 118.707328796 1
63 29 118.76209259 1
63 29 118.773353577 1
63 29 118.807060242 1
63 29 118.818077087 1
63 29 118.920257568 1
63 29 119.067047119 1
63 29 119.287643433 1
63 29 119.315551758 1
63 29 119.347419739 1
63 29 119.376548767 1
63 29 119.464683533 1
63 29 119.490158081 1
63 29 119.53339386 1
63 29 119.556838989 1
63 29 119.558059692 1
63 29 119.570655823 1
63 29 119.617530823 1
63 29 119.730766296 1
63 29 119.774894714 1
63 29 119.80645752 1
63 29 119.886772156 1
63 29 119.961029053 1
63 29 119.992172241 1
63 29 120.049201965 1
63 29 120.183609009 1
63 29 120.222595215 1
63 29 120.252868652 1
63 29 120.437301636 1
63 29 120.478652954 1
63 29 120.504394531 1
63 29 120.507354736 1
63 29 120.53591156 1
63 29 120.539253235 1
63 29 120.540077209 1
63 29 120.559692383 1
63 29 120.839225769 1
63 29 120.854545593 1
63 29 121.018447876 1
63 29 121.13885498 1
63 29 121.196060181 1
63 29 121.197753906 1
63 29 121.222145081 1
63 29 121.247612 1
63 29 121.40120697 1
63 29 121.440368652 1
63 29 121.454017639 1
63 29 121.475662231 1
63 29 121.539657593 1
63 29 121.580276489 1
63 29 121.592147827 1
63 29 121.644386292 1
63 29 121.672393799 1
63 29 121.787162781 1
63 29 121.848579407 1
63 29 121.915016174 1
63 29 122.010101318 1
63 29 122.371955872 1
63 29 122.399642944 1
63 29 122.513000488 1
63 29 122.62197876 1
63 29 122.628356934 1
63 29 122.747322083 1
63 29 122.759078979 1
63 29 123.055084229 1
63 29 123.133262634 1
63 29 123.176147461 1
63 29 123.311386108 1
63 29 123.58291626 1
63 29 123.606285095 1
63 29 123.725074768 1
63 29 124.126487732 1
63 29 124.247459412 1
63 29 124.287849426 1
63 29 124.313560486 1
63 29 124.316612244 1
63 29 124.343482971 1
63 29 124.387504578 1
63 29 124.444572449 1
63 29 124.452697754 1
63 29 124.499008179 1
63 29 124.585899353 1
63 29 124.629638672 1
63 29 124.895004272 1
63 29 125.059394836 1
63 29 125.088554382 1
63 29 125.1665802 1
63 29 125.18927002 1
63 29 125.250457764 1
63 29 125.367958069 1
63 29 125.531105042 1
63 29 125.736885071 1
63 29 125.77532959 1
63 29 126.229515076 1
63 29 126.259124756 1
63 29 126.32497406 1
63 29 126.365745544 1
63 29 126.524688721 1
63 29 126.55090332 1
63 29 126.695678711 1
63 29 126.700958252 1
63 29 126.795722961 1
63 29 126.809516907 1
63 29 126.95098877 1
63 29 127.134971619 1
63 29 127.140602112 1
63 29 127.316078186 1
63 29 127.337341309 1
63 29 127.428688049 1
63 29 127.725654602 1
63 29 127.779792786 1
63 29 127.838134766 1
63 29 127.856033325 1
63 29 128.077102661 1
63 29 128.130569458 1
63 29 128.1980896 1
63 29 128.3125 1
63 29 128.399917603 1
63 29 128.505310059 1
63 29 128.560516357 1
63 29 128.57093811 1
63 29 128.744812012 1
63 29 128.785888672 1
63 29 128.930389404 1
63 29 129.158706665 1
63 29 129.161819458 1
63 29 129.169311523 1
63 29 129.240158081 1
63 29 129.574172974 1
63 29 129.607559204 1
63 29 129.781188965 1
63 29 129.849822998 1
63 29 130.0887146 1
63 29 130.259735107 1
63 29 130.481887817 1
63 29 130.760772705 1
63 29 130.762084961 1
63 29 130.781906128 1
63 29 131.181869507 1
63 29 131.47845459 1
63 29 131.581588745 1
63 29 131.59815979 1
63 29 131.631942749 1
63 29 131.658218384 1
63 29 131.931106567 1
63 29 132.125015259 1
63 29 132.382339478 1
63 29 132.559539795 1
63 29 132.735534668 1
63 29 132.753677368 1
63 29 132.840103149 1
63 29 133.270706177 1
63 29 133.377532959 1
63 29 133.548553467 1
63 29 133.633728027 1
63 29 133.734939575 1
63 29 133.979187012 1
63 29 134.242553711 1
63 29 134.399734497 1
63 29 134.532714844 1
63 29 134.639205933 1
63 29 135.068252563 1
63 29 135.16897583 1
63 29 135.681777954 1
63 29 135.706939697 1
63 29 135.88885498 1
63 29 136.11126709 1
63 29 136.132797241 1
63 29 136.243621826 1
63 29 136.572387695 1
63 29 136.809158325 1
63 29 137.032943726 1
63 29 137.494689941 1
63 29 137.961914062 1
63 29 137.972183228 1
63 29 138.305648804 1
63 29 138.381271362 1
63 29 138.84513855 1
63 29 138.892974854 1
63 29 138.951477051 1
63 29 139.054168701 1
63 29 139.079025269 1
63 29 139.250320435 1
63 29 139.266174316 1
63 29 139.271377563 1
63 29 139.349517822 1
63 29 139.568832397 1
63 29 139.614608765 1
63 29 139.873794556 1
63 29 140.483901978 1
63 29 140.992584229 1
63 29 141.787918091 1
63 29 141.811355591 1
63 29 141.838226318 1
63 29 141.920425415 1
63 29 142.355331421 1
63 29 142.802505493 1
63 29 143.212615967 1
63 29 143.24156189 1
63 29 143.666702271 1
63 29 143.90562439 1
63 29 143.968399048 1
63 29 143.975357056 1
63 29 144.264923096 1
63 29 144.570205688 1
63 29 144.894363403 1
63 29 145.043060303 1
63 29 145.731735229 1
63 29 145.865142822 1
63 29 146.265853882 1
63 29 146.309661865 1
63 29 146.68788147 1
63 29 146.969573975 1
63 29 147.241378784 1
63 29 147.405319214 1
63 29 147.824325562 1
63 29 148.189376831 1
63 29 149.287963867 1
63 29 150.299316406 1
63 29 150.89491272 1
63 29 151.508056641 1
63 29 151.77583313 1
63 29 151.803833008 1
63 29 152.681152344 1
63 29 152.93800354 1
63 29 153.573608398 1
63 29 154.50920105 1
63 29 155.758743286 1
63 29 155.919662476 1
63 29 156.299697876 1
63 29 156.823120117 1
63 29 157.059936523 1
63 29 157.52456665 1
63 29 157.542037964 1
63 29 157.599731445 1
63 29 158.111312866 1
63 29 158.281585693 1
63 29 158.800994873 1
63 29 159.013671875 1
63 29 159.405212402 1
63 29 159.49319458 1
63 29 159.960769653 1
63 29 160.25579834 1
63 29 160.619064331 1
63 29 161.510101318 1
63 29 161.663726807 1
63 29 161.757659912 1
63 29 161.87411499 1
63 29 162.372329712 1
63 29 162.443496704 1
63 29 162.779830933 1
63 29 163.877731323 1
63 29 164.243728638 1
63 29 164.41368103 1
63 29 165.500595093 1
63 29 165.895095825 1
63 29 166.666809082 1
63 29 166.679534912 1
63 29 167.916854858 1
63 29 168.071685791 1
63 29 168.321350098 1
63 29 168.40423584 1
63 29 168.42880249 1
63 29 169.300170898 1
63 29 169.516448975 1
63 29 169.657699585 1
63 29 169.749801636 1
63 29 170.577926636 1
63 29 170.579391479 1
63 29 172.534408569 1
63 29 172.724639893 1
63 29 173.992416382 1
63 29 174.550598145 1
63 29 174.71987915 1
63 29 175.192337036 1
63 29 175.803649902 1
63 29 176.034515381 1
63 29 177.285568237 1
63 29 177.396789551 1
63 29 177.999221802 1
63 29 178.254074097 1
63 29 179.183837891 1
63 29 180.475372314 1
63 29 180.511001587 1
63 29 180.76423645 1
63 29 180.827331543 1
63 29 182.509765625 1
63 29 184.063705444 1
63 29 184.086090088 1
63 29 184.627365112 1
63 29 184.972839355 1
63 29 185.07510376 1
63 29 185.689041138 1
63 29 186.020217896 1
63 29 186.385192871 1
63 29 187.349700928 1
63 29 187.46862793 1
63 29 188.291015625 1
63 29 188.877304077 1
63 29 189.083312988 1
63 29 189.209915161 1
63 29 189.47567749 1
63 29 190.552658081 1
63 29 190.657119751 1
63 29 191.588058472 1
63 29 192.252731323 1
63 29 193.108444214 1
63 29 193.177307129 1
63 29 193.623291016 1
63 29 194.843765259 1
63 29 197.391113281 1
63 29 197.456726074 1
63 29 198.430007935 1
63 29 198.626159668 1
63 29 200.911453247 1
63 29 201.153610229 1
63 29 201.248947144 1
63 29 201.910705566 1
63 29 202.090255737 1
63 29 202.243041992 1
63 29 203.792068481 1
63 29 205.10697937 1
63 29 206.419494629 1
63 29 207.070465088 1
63 29 209.917831421 1
63 29 210.431549072 1
63 29 210.432479858 1
63 29 211.93586731 1
63 29 213.116943359 1
63 29 214.092834473 1
63 29 215.195053101 1
63 29 215.647018433 1
63 29 216.133575439 1
63 29 216.268920898 1
63 29 217.174560547 1
63 29 217.825378418 1
63 29 220.188568115 1
63 29 223.190063477 1
63 29 223.208435059 1
63 29 225.122909546 1
63 29 226.406112671 1
63 29 229.848739624 1
63 29 230.974899292 1
63 29 235.155014038 1
63 29 235.198760986 1
63 29 235.931808472 1
63 29 236.159988403 1
63 29 236.252807617 1
63 29 237.744537354 1
63 29 238.032684326 1
63 29 238.170120239 1
63 29 239.185409546 1
63 29 242.231369019 1
63 29 244.109634399 1
63 29 247.170379639 1
63 29 253.385238647 1
63 29 253.896865845 1
63 29 256.320220947 1
63 29 257.263885498 1
63 29 258.439575195 1
63 29 258.84866333 1
63 29 259.309692383 1
63 29 259.856048584 1
63 29 260.318786621 1
63 29 267.044464111 1
63 29 269.098602295 1
63 29 276.690002441 1
63 29 279.560668945 1
63 29 281.348266602 1
63 29 286.434020996 1
63 29 287.029724121 1
63 29 287.946044922 1
63 29 292.226531982 1
63 29 292.308013916 1
63 29 294.992767334 1
63 29 298.808074951 1
63 29 300.999206543 1
63 29 304.227020264 1
63 29 306.400115967 1
63 29 306.737792969 1
63 29 312.090881348 1
63 29 320.375396729 1
63 29 320.392608643 1
63 29 321.322814941 1
63 29 323.143737793 1
63 29 325.411376953 1
63 29 328.618713379 1
63 29 330.072937012 1
63 29 330.611328125 1
63 29 332.841369629 1
63 29 335.853424072 1
63 29 336.646972656 1
63 29 352.878692627 1
63 29 358.697265625 1
63 29 364.553497314 1
63 29 367.36328125 1
63 29 370.141571045 1
63 29 374.619842529 1
63 29 376.67086792 1
63 29 378.742279053 1
63 29 388.137512207 1
63 29 391.038665771 1
63 29 395.545837402 1
63 29 395.961486816 1
63 29 396.650543213 1
63 29 416.074066162 1
63 29 417.091339111 1
63 29 421.010162354 1
63 29 424.46496582 1
63 29 424.54486084 1
63 29 426.082397461 1
63 29 429.233612061 1
63 29 435.785461426 1
63 29 437.082946777 1
63 29 440.795196533 1
63 29 441.4715271 1
63 29 451.590087891 1
63 29 452.394927979 1
63 29 452.902709961 1
63 29 453.622161865 1
63 29 458.643035889 1
63 29 469.484313965 1
63 29 474.704345703 1
63 29 475.12713623 1
63 29 491.390197754 1
63 29 503.305053711 1
63 29 505.956695557 1
63 29 514.786193848 1
63 29 516.729919434 1
63 29 522.647521973 1
63 29 533.649963379 1
63 29 534.254760742 1
63 29 535.404846191 1
63 29 543.610046387 1
63 29 574.39251709 1
63 29 589.848205566 1
63 29 593.814453125 1
63 29 618.166625977 1
63 29 620.66796875 1
63 29 621.063354492 1
63 29 623.001281738 1
63 29 632.496826172 1
63 29 633.297546387 1
63 29 692.722595215 1
63 29 700.999755859 1
63 29 723.58984375 1
63 29 726.362365723 1
63 29 795.627380371 1
63 29 802.896179199 1
63 29 871.676879883 1
63 29 879.592468262 1
63 29 887.327148438 1
63 29 930.516784668 1
63 29 952.959106445 1
63 29 981.802062988 1
63 29 986.627929688 1
63 29 1000.41943359 1
63 29 1108.26391602 1
63 29 1211.54785156 1
63 29 1223.06079102 1
63 29 1239.07177734 1
63 29 1273.0411377 1
63 29 1553.78100586 1
63 29 1686.55493164 1
63 31 93.1204605103 1
63 31 98.3556518555 1
63 31 108.599784851 1
63 31 109.651626587 1
63 31 114.254043579 1
63 31 116.033294678 1
63 31 117.023300171 1
63 31 119.191520691 1
63 31 124.223648071 1
63 31 124.458724976 1
63 31 124.520896912 1
63 31 127.719848633 1
63 31 128.192581177 1
63 31 130.141815186 1
63 31 130.333770752 1
63 31 130.629013062 1
63 31 131.885406494 1
63 31 132.036972046 1
63 31 132.949020386 1
63 31 134.622055054 1
63 31 137.779296875 1
63 31 140.776016235 1
63 31 142.273162842 1
63 31 143.686141968 1
63 31 144.838867188 1
63 31 146.277313232 1
63 31 147.940734863 1
63 31 149.517150879 1
63 31 151.775970459 1
63 31 155.510513306 1
63 31 155.759048462 1
63 31 156.152420044 1
63 31 159.893783569 1
63 31 160.519393921 1
63 31 162.456695557 1
63 31 163.368637085 1
63 31 164.464523315 1
63 31 165.015060425 1
63 31 166.291366577 1
63 31 166.460083008 1
63 31 170.39491272 1
63 31 170.67036438 1
63 31 174.154754639 1
63 31 175.781616211 1
63 31 176.032424927 1
63 31 176.559158325 1
63 31 176.609558105 1
63 31 177.236083984 1
63 31 178.371688843 1
63 31 179.60949707 1
63 31 181.281234741 1
63 31 182.604232788 1
63 31 183.671310425 1
63 31 184.189529419 1
63 31 185.760162354 1
63 31 185.865081787 1
63 31 187.645385742 1
63 31 190.739273071 1
63 31 190.836685181 1
63 31 191.178695679 1
63 31 192.252334595 1
63 31 193.699951172 1
63 31 194.236679077 1
63 31 197.545166016 1
63 31 197.955947876 1
63 31 199.109069824 1
63 31 199.723510742 1
63 31 200.687942505 1
63 31 201.580673218 1
63 31 203.610778809 1
63 31 210.395172119 1
63 31 212.143051147 1
63 31 212.548660278 1
63 31 213.575714111 1
63 31 215.790893555 1
63 31 217.092971802 1
63 31 220.845840454 1
63 31 223.558441162 1
63 31 224.366333008 1
63 31 224.90788269 1
63 31 225.311264038 1
63 31 225.866485596 1
63 31 226.334457397 1
63 31 227.048568726 1
63 31 228.337539673 1
63 31 229.488327026 1
63 31 231.288635254 1
63 31 232.337783813 1
63 31 232.617599487 1
63 31 233.370635986 1
63 31 233.492294312 1
63 31 235.711929321 1
63 31 237.276275635 1
63 31 239.204452515 1
63 31 241.532730103 1
63 31 243.714065552 1
63 31 248.815078735 1
63 31 252.831573486 1
63 31 259.044921875 1
63 31 260.469085693 1
63 31 266.180755615 1
63 31 268.536468506 1
63 31 270.871002197 1
63 31 272.915161133 1
63 31 273.049743652 1
63 31 274.143615723 1
63 31 275.461883545 1
63 31 276.376525879 1
63 31 278.731567383 1
63 31 279.502990723 1
63 31 279.744018555 1
63 31 281.36126709 1
63 31 282.136169434 1
63 31 283.401184082 1
63 31 283.582000732 1
63 31 283.769500732 1
63 31 285.328521729 1
63 31 288.500701904 1
63 31 289.158630371 1
63 31 303.63671875 1
63 31 305.053741455 1
63 31 309.72769165 1
63 31 310.915161133 1
63 31 311.777954102 1
63 31 312.018096924 1
63 31 317.366424561 1
63 31 318.508056641 1
63 31 322.07925415 1
63 31 327.519439697 1
63 31 333.443878174 1
63 31 336.527587891 1
63 31 342.26083374 1
63 31 355.666412354 1
63 31 362.422302246 1
63 31 364.376251221 1
63 31 370.320343018 1
63 31 375.820983887 1
63 31 378.014709473 1
63 31 379.817779541 1
63 31 381.305328369 1
63 31 389.026000977 1
63 31 395.218688965 1
63 31 401.05947876 1
63 31 403.343414307 1
63 31 405.485809326 1
63 31 411.270812988 1
63 31 424.264801025 1
63 31 431.436523438 1
63 31 439.502960205 1
63 31 445.242828369 1
63 31 452.894683838 1
63 31 454.466674805 1
63 31 455.985290527 1
63 31 461.346710205 1
63 31 465.289978027 1
63 31 471.438140869 1
63 31 480.712768555 1
63 31 482.850250244 1
63 31 497.81854248 1
63 31 504.311767578 1
63 31 505.795257568 1
63 31 506.74017334 1
63 31 520.88067627 1
63 31 521.274353027 1
63 31 522.535766602 1
63 31 525.053833008 1
63 31 538.516296387 1
63 31 556.02532959 1
63 31 572.445007324 1
63 31 615.553833008 1
63 31 634.44128418 1
63 31 663.286315918 1
63 31 673.627380371 1
63 31 714.573608398 1
63 31 740.395324707 1
63 31 769.531921387 1
63 31 797.874084473 1
63 31 804.184143066 1
63 31 809.618591309 1
63 31 824.022949219 1
63 31 1720.23583984 1
63 32 202.050872803 1
63 32 207.746414185 1
63 32 210.259460449 1
63 32 211.845535278 1
63 32 217.416748047 1
63 32 220.297393799 1
63 32 223.494934082 1
63 32 234.930236816 1
63 32 237.517379761 1
63 32 240.41027832 1
63 32 248.072265625 1
63 32 252.42237854 1
63 32 260.052032471 1
63 32 267.206451416 1
63 32 267.2449646 1
63 32 267.602172852 1
63 32 268.018005371 1
63 32 271.196136475 1
63 32 279.78326416 1
63 32 283.723052979 1
63 32 294.869598389 1
63 32 300.301483154 1
63 32 300.45916748 1
63 32 302.795135498 1
63 32 310.625671387 1
63 32 311.88394165 1
63 32 327.941711426 1
63 32 331.14831543 1
63 32 331.27822876 1
63 32 333.174438477 1
63 32 362.469177246 1
63 32 367.212127686 1
63 32 367.708404541 1
63 32 381.355194092 1
63 32 394.305786133 1
63 32 398.375244141 1
63 32 403.640045166 1
63 32 411.650695801 1
63 32 429.687683105 1
63 32 432.114959717 1
63 32 444.943359375 1
63 32 459.1590271 1
63 32 462.397613525 1
63 32 466.523895264 1
63 32 495.689605713 1
63 32 497.259063721 1
63 32 498.905059814 1
63 32 503.525146484 1
63 32 503.717163086 1
63 32 542.34185791 1
63 32 544.072631836 1
63 32 544.131774902 1
63 32 547.077270508 1
63 32 547.797363281 1
63 32 550.985717773 1
63 32 587.126281738 1
63 32 621.866638184 1
63 32 657.203857422 1
63 32 708.553466797 1
63 32 807.856994629 1
63 32 961.555725098 1
63 32 967.56854248 1
63 32 1188.1114502 1
63 33 356.201538086 1
63 33 389.771453857 1
63 33 431.742431641 1
63 33 441.787750244 1
63 33 455.279876709 1
63 33 477.580627441 1
63 33 497.592956543 1
63 33 500.959960938 1
63 33 559.02355957 1
63 33 607.485778809 1
63 33 669.462524414 1
63 33 726.191040039 1
63 33 1005.3939209 1
63 34 1054.1418457 1
63 35 1238.87988281 1
64 23 956.127929688 1
64 23 1614.4486084 1
64 24 1089.76135254 1
64 25 1020.87805176 1
64 25 2504.89013672 1
64 26 1013.46594238 1
64 26 1443.8717041 1
64 27 879.853637695 1
64 27 1560.18762207 1
64 28 792.406005859 1
64 28 856.216369629 1
64 28 970.06842041 1
64 28 1011.62976074 1
64 28 1062.34753418 1
64 28 1085.28173828 1
64 28 1138.52941895 1
64 29 653.440734863 1
64 29 683.48626709 1
64 29 709.682189941 1
64 29 775.158630371 1
64 29 780.889587402 1
64 29 783.444091797 1
64 29 790.189453125 1
64 29 1962.01977539 1
64 30 651.776062012 1
64 30 653.340454102 1
64 30 665.511535645 1
64 30 669.206298828 1
64 30 678.343933105 1
64 30 692.995361328 1
64 30 698.479125977 1
64 30 711.850524902 1
64 30 763.903686523 1
64 30 766.863586426 1
64 30 775.17791748 1
64 30 796.79309082 1
64 30 825.732971191 1
64 30 1024.80065918 1
64 30 1140.33740234 1
64 31 729.916442871 1
64 31 752.49987793 1
64 31 816.186950684 1
64 31 961.029846191 1
64 31 1036.09692383 1
64 31 1111.01843262 1
64 31 1198.98266602 1
64 31 1892.84387207 1
64 32 727.461547852 1
64 32 901.348632812 1
64 32 1317.77075195 1
64 34 1576.21789551 1
70 22 2068.56518555 1
70 24 1064.2052002 1
70 25 2006.33105469 1
70 26 744.731506348 1
70 26 820.925109863 1
70 26 1124.64855957 1
70 26 1549.64892578 1
70 26 1767.81164551 1
70 27 716.838806152 1
70 27 743.460998535 1
70 27 859.739807129 1
70 27 1030.78369141 1
70 27 1119.11425781 1
70 27 1505.00219727 1
70 27 3294.23046875 1
70 28 692.377258301 1
70 28 704.487915039 1
70 28 708.644348145 1
70 28 728.731079102 1
70 28 797.326293945 1
70 28 800.728881836 1
70 28 855.666442871 1
70 28 897.141845703 1
70 28 1109.45788574 1
70 29 697.334289551 1
70 29 724.951965332 1
70 29 885.250244141 1
70 29 921.111022949 1
70 29 929.747741699 1
70 30 783.408813477 1
70 31 782.865234375 1
70 31 948.081298828 1
70 31 2409.45556641 1
70 32 998.116699219 1
70 33 1673.44055176 1
71 16 2253.07617188 1
71 21 1950.54931641 1
71 22 1472.1282959 1
71 23 1330.71447754 1
71 23 1738.73046875 1
71 24 1506.08911133 1
71 24 1602.75219727 1
71 24 1728.55834961 1
71 25 1077.74780273 1
71 25 1114.05273438 1
71 26 761.692810059 1
71 26 806.590820312 1
71 26 846.425476074 1
71 26 865.058898926 1
71 26 1074.46838379 1
71 27 789.680969238 1
71 27 819.02947998 1
71 27 874.917358398 1
71 27 930.004760742 1
71 27 964.981689453 1
71 27 975.557739258 1
71 28 656.622497559 1
71 28 716.879455566 1
71 28 723.972839355 1
71 28 769.798522949 1
71 28 1053.15246582 1
71 28 1232.04467773 1
71 28 1261.58886719 1
71 28 1912.95959473 1
71 29 722.67590332 1
71 29 765.354675293 1
71 29 891.895751953 1
71 29 1428.97167969 1
71 29 1438.13195801 1
71 29 1584.60412598 1
71 29 1760.03393555 1
71 29 1838.09265137 1
71 30 788.033813477 1
71 30 913.892578125 1
71 30 1089.9666748 1
71 30 1914.81359863 1
71 31 747.054382324 1
71 31 1020.3916626 1
71 31 2346.19970703 1
71 32 1083.62011719 1
71 32 1096.27478027 1
71 32 1278.82580566 1
72 28 1468.92529297 1
72 30 2014.47045898 1
76 28 1440.17663574 1
77 29 1846.60388184 1
77 33 1775.55883789 1
78 29 1961.82275391 1
