string dom time hits
53 26 2643.77514648 1
53 27 2586.44384766 1
53 28 1507.11730957 1
54 21 1449.65625 1
54 24 983.19543457 1
54 25 1031.91882324 1
54 25 1236.17126465 1
54 25 1274.86364746 1
54 26 813.805664062 1
54 26 885.970825195 1
54 26 966.489624023 1
54 26 999.312072754 1
54 26 1011.27502441 1
54 26 1312.56274414 1
54 26 2098.8371582 1
54 27 787.245544434 1
54 27 797.206848145 1
54 27 846.730834961 1
54 27 863.557617188 1
54 27 905.199584961 1
54 27 939.87121582 1
54 27 963.217529297 1
54 27 1190.03894043 1
54 27 1598.58251953 1
54 28 680.783325195 1
54 28 756.727111816 1
54 28 758.885803223 1
54 28 797.256774902 1
54 28 810.860229492 1
54 28 947.555969238 1
54 28 981.526550293 1
54 28 1027.77636719 1
54 28 1031.8560791 1
54 28 1064.74304199 1
54 28 1069.3182373 1
54 28 1161.44372559 1
54 28 1205.30383301 1
54 28 1315.88769531 1
54 28 1399.46716309 1
54 28 1491.25756836 1
54 28 1750.95202637 1
54 28 2742.65478516 1
54 29 674.338439941 1
54 29 738.270629883 1
54 29 739.326049805 1
54 29 755.633850098 1
54 29 961.398803711 1
54 29 1011.45166016 1
54 29 1012.53466797 1
54 29 1281.36730957 1
54 29 1762.49230957 1
54 30 733.787902832 1
54 30 748.704284668 1
54 30 824.75579834 1
54 30 973.054077148 1
54 30 1126.27514648 1
54 30 1247.04785156 1
54 30 1253.56921387 1
54 30 1479.19213867 1
54 31 848.690917969 1
54 31 1322.37585449 1
54 31 1365.60986328 1
54 31 1543.19226074 1
54 32 1051.52648926 1
54 32 1504.55236816 1
54 32 1612.09069824 1
54 33 1400.98718262 1
55 20 1551.0612793 1
55 24 1036.44445801 1
55 24 1336.11120605 1
55 25 896.774780273 1
55 25 1075.21191406 1
55 25 1209.3939209 1
55 25 1831.05639648 1
55 26 1042.15661621 1
55 26 1155.02148438 1
55 26 1319.69702148 1
55 26 1548.03356934 1
55 27 1009.66149902 1
55 27 1034.81994629 1
55 27 1056.55554199 1
55 27 1171.93200684 1
55 27 1290.85998535 1
55 27 1453.71875 1
55 28 728.996643066 1
55 28 783.672363281 1
55 28 855.511291504 1
55 28 908.829162598 1
55 28 1075.4206543 1
55 28 1098.73242188 1
55 28 1126.73181152 1
55 28 1440.52502441 1
55 28 1933.80273438 1
55 29 693.460205078 1
55 29 721.903259277 1
55 29 744.812011719 1
55 29 755.462463379 1
55 29 765.372314453 1
55 29 770.401489258 1
55 29 793.844421387 1
55 29 849.719543457 1
55 29 884.674926758 1
55 29 908.471984863 1
55 29 925.018432617 1
55 29 964.524658203 1
55 29 1108.29089355 1
55 29 1134.57763672 1
55 29 1434.98681641 1
55 29 2254.68457031 1
55 30 704.699157715 1
55 30 739.119873047 1
55 30 750.637023926 1
55 30 776.332519531 1
55 30 800.644287109 1
55 30 803.315795898 1
55 30 1121.61035156 1
55 30 1186.69799805 1
55 30 1325.59082031 1
55 30 1432.33300781 1
55 30 1464.18920898 1
55 30 1524.61047363 1
55 30 1911.58374023 1
55 31 769.999511719 1
55 31 918.622131348 1
55 31 959.626037598 1
55 31 1017.38140869 1
55 31 1189.47973633 1
55 31 1213.24658203 1
55 31 1251.8404541 1
55 31 1293.05737305 1
55 32 787.011230469 1
55 32 1074.01330566 1
56 22 3214.96582031 1
56 26 1772.58654785 1
56 28 2201.8762207 1
56 30 1480.47473145 1
61 27 2295.56152344 1
62 20 2296.86962891 1
62 21 1422.53515625 1
62 23 1210.19836426 1
62 23 1224.63977051 1
62 23 1281.69750977 1
62 23 1911.33886719 1
62 24 1428.49938965 1
62 24 1521.17468262 1
62 24 1709.65441895 1
62 26 944.326843262 1
62 26 1022.33093262 1
62 26 1406.49230957 1
62 26 1443.07043457 1
62 27 760.964111328 1
62 27 774.423095703 1
62 27 882.857055664 1
62 27 903.464050293 1
62 27 907.981628418 1
62 27 998.822387695 1
62 27 1010.53112793 1
62 27 1023.78607178 1
62 27 1093.86962891 1
62 27 1117.04418945 1
62 27 1147.53515625 1
62 27 1318.76428223 1
62 27 2814.20629883 1
62 28 637.431884766 1
62 28 702.206420898 1
62 28 792.593139648 1
62 28 979.663269043 1
62 28 1292.40844727 1
62 28 1397.51831055 1
62 29 695.721374512 1
62 29 758.182312012 1
62 29 783.809326172 1
62 29 880.748779297 1
62 29 901.456787109 1
62 29 915.397583008 1
62 29 958.273681641 1
62 29 972.955383301 1
62 29 1005.50152588 1
62 29 1271.61047363 1
62 29 1345.99182129 1
62 29 1578.67993164 1
62 30 676.181945801 1
62 30 718.273925781 1
62 30 748.158630371 1
62 30 836.601989746 1
62 30 964.570861816 1
62 30 1042.87475586 1
62 30 1180.58703613 1
62 30 1501.2878418 1
62 30 1510.22521973 1
62 30 1825.32885742 1
62 30 1869.58642578 1
62 31 1005.46759033 1
62 31 1385.33520508 1
62 31 1697.11206055 1
62 31 1932.09924316 1
62 32 1164.54968262 1
62 32 1410.99450684 1
63 18 1408.79138184 1
63 18 1498.54785156 1
63 19 1468.88500977 1
63 20 1092.40661621 1
63 21 1961.73510742 1
63 22 1034.41137695 1
63 22 1039.36767578 1
63 22 1367.21240234 1
63 22 1669.91479492 1
63 23 728.563598633 1
63 23 794.515808105 1
63 23 879.719909668 1
63 23 888.11541748 1
63 23 912.067260742 1
63 23 954.429748535 1
63 23 1553.16162109 1
63 23 2630.78100586 1
63 24 663.258178711 1
63 24 664.141235352 1
63 24 707.018432617 1
63 24 723.184692383 1
63 24 742.158508301 1
63 24 749.143859863 1
63 24 758.641540527 1
63 24 810.692016602 1
63 24 822.151611328 1
63 24 882.618835449 1
63 24 888.968017578 1
63 24 905.032348633 1
63 24 919.109741211 1
63 24 983.590698242 1
63 24 1024.11328125 1
63 24 1043.53344727 1
63 24 1566.19885254 1
63 24 1585.88708496 1
63 25 450.199371338 1
63 25 478.08026123 1
63 25 519.986206055 1
63 25 522.813659668 1
63 25 546.345031738 1
63 25 554.365905762 1
63 25 561.666320801 1
63 25 561.937011719 1
63 25 572.480712891 1
63 25 577.878662109 1
63 25 578.461608887 1
63 25 580.075256348 1
63 25 583.593383789 1
63 25 585.359008789 1
63 25 600.91784668 1
63 25 639.319702148 1
63 25 639.331787109 1
63 25 644.046936035 1
63 25 657.783447266 1
63 25 660.805358887 1
63 25 673.544555664 1
63 25 676.732849121 1
63 25 690.145324707 1
63 25 714.493896484 1
63 25 728.733459473 1
63 25 735.631835938 1
63 25 751.819091797 1
63 25 766.550476074 1
63 25 778.147949219 1
63 25 818.367553711 1
63 25 834.041687012 1
63 25 876.012390137 1
63 25 912.23046875 1
63 25 912.348083496 1
63 25 966.234985352 1
63 25 979.912109375 1
63 25 982.467346191 1
63 25 1028.4354248 1
63 25 1120.9119873 1
63 25 1266.46484375 1
63 25 1516.64440918 1
63 26 336.745666504 1
63 26 353.689086914 1
63 26 364.918121338 1
63 26 373.089294434 1
63 26 377.040405273 1
63 26 378.49822998 1
63 26 389.123382568 1
63 26 391.728729248 1
63 26 397.694915771 1
63 26 401.544525146 1
63 26 402.029815674 1
63 26 405.71383667 1
63 26 407.110443115 1
63 26 408.792358398 1
63 26 411.190765381 1
63 26 419.709655762 1
63 26 420.636535645 1
63 26 423.954528809 1
63 26 424.125335693 1
63 26 431.080505371 1
63 26 436.398498535 1
63 26 437.43347168 1
63 26 438.339599609 1
63 26 440.690429688 1
63 26 445.474975586 1
63 26 445.679229736 1
63 26 448.06930542 1
63 26 459.6015625 1
63 26 462.261169434 1
63 26 466.442993164 1
63 26 467.348236084 1
63 26 475.575927734 1
63 26 478.927734375 1
63 26 482.866271973 1
63 26 492.736999512 1
63 26 498.788696289 1
63 26 503.829467773 1
63 26 504.074859619 1
63 26 508.558319092 1
63 26 515.100036621 1
63 26 515.628234863 1
63 26 519.643127441 1
63 26 522.92590332 1
63 26 524.963012695 1
63 26 527.455078125 1
63 26 530.445556641 1
63 26 532.016479492 1
63 26 532.584777832 1
63 26 533.04675293 1
63 26 536.491271973 1
63 26 538.231079102 1
63 26 539.032592773 1
63 26 543.385559082 1
63 26 546.93157959 1
63 26 549.08404541 1
63 26 556.583435059 1
63 26 561.156982422 1
63 26 614.127868652 1
63 26 617.265625 1
63 26 627.186340332 1
63 26 634.842895508 1
63 26 637.149353027 1
63 26 640.870788574 1
63 26 641.480957031 1
63 26 645.780761719 1
63 26 654.984436035 1
63 26 661.348937988 1
63 26 676.036804199 1
63 26 683.826843262 1
63 26 698.428100586 1
63 26 706.539672852 1
63 26 708.457641602 1
63 26 724.800109863 1
63 26 727.039001465 1
63 26 735.565002441 1
63 26 779.258544922 1
63 26 809.602966309 1
63 26 817.165649414 1
63 26 848.952209473 1
63 26 860.467285156 1
63 26 862.996337891 1
63 26 868.135620117 1
63 26 912.33392334 1
63 26 920.480224609 1
63 26 1019.57757568 1
63 26 1036.61865234 1
63 26 1042.77270508 1
63 26 1052.49047852 1
63 26 1224.67578125 1
63 26 1327.98449707 1
63 26 1503.91711426 1
63 26 1525.2220459 1
63 26 1571.35961914 1
63 27 262.583740234 1
63 27 265.84286499 1
63 27 271.718322754 1
63 27 273.52130127 1
63 27 274.155273438 1
63 27 275.113311768 1
63 27 276.500518799 1
63 27 279.991516113 1
63 27 280.85949707 1
63 27 285.288208008 1
63 27 285.87713623 1
63 27 285.913757324 1
63 27 287.968139648 1
63 27 288.896118164 1
63 27 289.126678467 1
63 27 291.195343018 1
63 27 292.801452637 1
63 27 296.898376465 1
63 27 298.76361084 1
63 27 298.931640625 1
63 27 299.709197998 1
63 27 303.133300781 1
63 27 305.995910645 1
63 27 307.477966309 1
63 27 307.849700928 1
63 27 308.603912354 1
63 27 311.504608154 1
63 27 312.54901123 1
63 27 313.977050781 1
63 27 314.701629639 1
63 27 316.130706787 1
63 27 316.777770996 1
63 27 317.949615479 1
63 27 318.751800537 1
63 27 321.870178223 1
63 27 322.140258789 1
63 27 322.779144287 1
63 27 323.080108643 1
63 27 324.428436279 1
63 27 324.537689209 1
63 27 326.834564209 1
63 27 327.24319458 1
63 27 327.90322876 1
63 27 328.106903076 1
63 27 329.851806641 1
63 27 329.870605469 1
63 27 329.97076416 1
63 27 331.823455811 1
63 27 332.124237061 1
63 27 332.962188721 1
63 27 332.98638916 1
63 27 333.347991943 1
63 27 335.153625488 1
63 27 335.425933838 1
63 27 335.426727295 1
63 27 337.672698975 1
63 27 338.159942627 1
63 27 338.602111816 1
63 27 340.894683838 1
63 27 340.89743042 1
63 27 340.987182617 1
63 27 341.142822266 1
63 27 342.606719971 1
63 27 343.70123291 1
63 27 344.532714844 1
63 27 344.553253174 1
63 27 345.753570557 1
63 27 345.768890381 1
63 27 345.850128174 1
63 27 346.178131104 1
63 27 347.357574463 1
63 27 348.160430908 1
63 27 349.896697998 1
63 27 351.039703369 1
63 27 351.83984375 1
63 27 353.210266113 1
63 27 353.987426758 1
63 27 355.895446777 1
63 27 355.91595459 1
63 27 357.996582031 1
63 27 358.418151855 1
63 27 358.554138184 1
63 27 358.554962158 1
63 27 359.142028809 1
63 27 360.879241943 1
63 27 362.524475098 1
63 27 362.873657227 1
63 27 363.667694092 1
63 27 364.38394165 1
63 27 366.032501221 1
63 27 366.56463623 1
63 27 369.925415039 1
63 27 370.584899902 1
63 27 372.460845947 1
63 27 375.346466064 1
63 27 375.732543945 1
63 27 375.933288574 1
63 27 376.328887939 1
63 27 376.736419678 1
63 27 378.191772461 1
63 27 379.510955811 1
63 27 381.224090576 1
63 27 381.301147461 1
63 27 383.702972412 1
63 27 385.028564453 1
63 27 385.174468994 1
63 27 386.047241211 1
63 27 389.568878174 1
63 27 391.654418945 1
63 27 407.986236572 1
63 27 413.183166504 1
63 27 417.085571289 1
63 27 419.410552979 1
63 27 421.47555542 1
63 27 423.663269043 1
63 27 425.268798828 1
63 27 425.359954834 1
63 27 425.632751465 1
63 27 429.131988525 1
63 27 431.952423096 1
63 27 434.66619873 1
63 27 435.006988525 1
63 27 436.641540527 1
63 27 437.052581787 1
63 27 437.547393799 1
63 27 438.001556396 1
63 27 438.174499512 1
63 27 440.239868164 1
63 27 442.280731201 1
63 27 447.366210938 1
63 27 448.074920654 1
63 27 450.300415039 1
63 27 450.445831299 1
63 27 451.23034668 1
63 27 454.839508057 1
63 27 458.14465332 1
63 27 463.103546143 1
63 27 463.368469238 1
63 27 463.994476318 1
63 27 465.929351807 1
63 27 466.701629639 1
63 27 466.985595703 1
63 27 467.885314941 1
63 27 474.501495361 1
63 27 474.74911499 1
63 27 475.053710938 1
63 27 477.900054932 1
63 27 482.70602417 1
63 27 485.40435791 1
63 27 486.538787842 1
63 27 489.734741211 1
63 27 491.368377686 1
63 27 498.521575928 1
63 27 500.222869873 1
63 27 501.998352051 1
63 27 502.479309082 1
63 27 503.957183838 1
63 27 506.490722656 1
63 27 510.526580811 1
63 27 510.92565918 1
63 27 515.401184082 1
63 27 516.480224609 1
63 27 530.716369629 1
63 27 532.238830566 1
63 27 537.467834473 1
63 27 538.043151855 1
63 27 542.865112305 1
63 27 547.350769043 1
63 27 548.913146973 1
63 27 553.616088867 1
63 27 556.196838379 1
63 27 564.80065918 1
63 27 565.682189941 1
63 27 566.065795898 1
63 27 578.176879883 1
63 27 578.617858887 1
63 27 591.114624023 1
63 27 596.926147461 1
63 27 607.155151367 1
63 27 609.373168945 1
63 27 618.884155273 1
63 27 622.010131836 1
63 27 623.81072998 1
63 27 647.388366699 1
63 27 655.881225586 1
63 27 671.063171387 1
63 27 672.072265625 1
63 27 677.32434082 1
63 27 696.673034668 1
63 27 702.258728027 1
63 27 703.921142578 1
63 27 705.302490234 1
63 27 705.500854492 1
63 27 708.073608398 1
63 27 708.46081543 1
63 27 722.588684082 1
63 27 725.353027344 1
63 27 732.780883789 1
63 27 738.744873047 1
63 27 743.700134277 1
63 27 753.947692871 1
63 27 767.795654297 1
63 27 770.814880371 1
63 27 795.217468262 1
63 27 797.102416992 1
63 27 823.840515137 1
63 27 835.590332031 1
63 27 850.528686523 1
63 27 854.761413574 1
63 27 866.845703125 1
63 27 875.679260254 1
63 27 879.906738281 1
63 27 882.349304199 1
63 27 906.471862793 1
63 27 921.574768066 1
63 27 929.167724609 1
63 27 938.250549316 1
63 27 1053.06091309 1
63 27 1072.890625 1
63 27 1084.58850098 1
63 27 1131.25378418 1
63 27 1200.59924316 1
63 27 1204.10534668 1
63 27 1242.43444824 1
63 27 1309.21911621 1
63 27 1373.90722656 1
63 27 1498.38256836 1
63 27 1596.93249512 1
63 27 1818.14074707 1
63 28 169.230560303 1
63 28 171.997909546 1
63 28 173.671188354 1
63 28 175.70501709 1
63 28 178.907836914 1
63 28 179.53338623 1
63 28 182.925674438 1
63 28 184.334976196 1
63 28 184.719665527 1
63 28 187.411941528 1
63 28 187.52583313 1
63 28 187.762649536 1
63 28 188.191085815 1
63 28 191.231643677 1
63 28 192.165313721 1
63 28 192.315048218 1
63 28 192.902633667 1
63 28 193.788162231 1
63 28 194.070159912 1
63 28 194.150604248 1
63 28 194.644561768 1
63 28 195.221466064 1
63 28 195.249282837 1
63 28 195.398620605 1
63 28 196.426895142 1
63 28 196.889297485 1
63 28 196.910217285 1
63 28 198.458816528 1
63 28 199.115875244 1
63 28 199.140533447 1
63 28 199.624801636 1
63 28 200.137680054 1
63 28 200.391159058 1
63 28 200.622787476 1
63 28 200.940368652 1
63 28 200.95149231 1
63 28 201.462219238 1
63 28 202.126785278 1
63 28 202.414855957 1
63 28 202.514984131 1
63 28 203.54800415 1
63 28 204.091552734 1
63 28 204.996414185 1
63 28 205.748352051 1
63 28 205.821075439 1
63 28 206.049682617 1
63 28 206.626403809 1
63 28 206.867233276 1
63 28 206.968292236 1
63 28 207.375991821 1
63 28 207.814682007 1
63 28 207.836730957 1
63 28 208.335098267 1
63 28 208.355895996 1
63 28 210.85144043 1
63 28 212.638442993 1
63 28 213.005661011 1
63 28 213.94468689 1
63 28 214.219711304 1
63 28 214.314956665 1
63 28 215.259643555 1
63 28 215.955108643 1
63 28 217.635513306 1
63 28 217.85319519 1
63 28 217.884765625 1
63 28 217.888534546 1
63 28 218.103942871 1
63 28 218.441665649 1
63 28 219.294189453 1
63 28 219.53717041 1
63 28 219.813034058 1
63 28 219.820465088 1
63 28 219.96144104 1
63 28 220.682189941 1
63 28 220.842376709 1
63 28 221.554016113 1
63 28 221.868103027 1
63 28 221.93963623 1
63 28 222.045120239 1
63 28 222.075714111 1
63 28 222.098007202 1
63 28 222.605148315 1
63 28 222.777587891 1
63 28 223.502334595 1
63 28 223.567550659 1
63 28 224.397750854 1
63 28 224.76751709 1
63 28 224.84223938 1
63 28 224.987350464 1
63 28 225.000213623 1
63 28 225.425033569 1
63 28 226.010391235 1
63 28 226.760253906 1
63 28 226.866424561 1
63 28 227.077270508 1
63 28 227.139205933 1
63 28 227.296005249 1
63 28 228.509628296 1
63 28 229.323226929 1
63 28 229.571594238 1
63 28 229.878326416 1
63 28 230.293075562 1
63 28 231.220703125 1
63 28 231.953216553 1
63 28 233.035995483 1
63 28 233.145507812 1
63 28 233.600875854 1
63 28 234.368240356 1
63 28 235.211471558 1
63 28 236.183547974 1
63 28 236.226501465 1
63 28 237.193954468 1
63 28 237.685440063 1
63 28 237.838531494 1
63 28 239.059005737 1
63 28 239.059371948 1
63 28 239.23878479 1
63 28 239.515930176 1
63 28 239.81968689 1
63 28 239.828216553 1
63 28 240.846176147 1
63 28 241.301940918 1
63 28 242.837219238 1
63 28 243.49206543 1
63 28 244.199111938 1
63 28 244.508728027 1
63 28 244.535263062 1
63 28 245.220321655 1
63 28 245.779724121 1
63 28 246.257141113 1
63 28 246.367172241 1
63 28 246.674880981 1
63 28 247.109390259 1
63 28 247.962463379 1
63 28 248.134185791 1
63 28 249.171707153 1
63 28 249.904586792 1
63 28 250.065582275 1
63 28 250.139083862 1
63 28 250.86239624 1
63 28 251.451873779 1
63 28 251.640014648 1
63 28 251.754089355 1
63 28 251.95954895 1
63 28 252.466033936 1
63 28 252.990982056 1
63 28 253.294189453 1
63 28 253.325012207 1
63 28 254.05909729 1
63 28 254.101425171 1
63 28 254.795333862 1
63 28 256.88269043 1
63 28 256.919952393 1
63 28 257.676422119 1
63 28 257.732391357 1
63 28 258.009002686 1
63 28 258.833679199 1
63 28 259.569244385 1
63 28 259.822967529 1
63 28 261.001739502 1
63 28 261.5206604 1
63 28 261.843841553 1
63 28 262.024932861 1
63 28 262.555786133 1
63 28 262.788299561 1
63 28 264.065765381 1
63 28 264.118927002 1
63 28 264.146728516 1
63 28 264.321929932 1
63 28 264.344451904 1
63 28 265.375610352 1
63 28 266.937713623 1
63 28 267.287750244 1
63 28 267.709228516 1
63 28 267.99017334 1
63 28 269.226409912 1
63 28 269.393493652 1
63 28 269.466522217 1
63 28 270.087982178 1
63 28 270.125671387 1
63 28 271.182769775 1
63 28 271.608154297 1
63 28 271.955352783 1
63 28 272.702209473 1
63 28 272.742126465 1
63 28 273.62020874 1
63 28 273.824707031 1
63 28 273.988861084 1
63 28 274.378967285 1
63 28 274.970245361 1
63 28 275.426055908 1
63 28 275.965270996 1
63 28 276.219421387 1
63 28 276.83291626 1
63 28 277.600189209 1
63 28 277.753387451 1
63 28 278.962890625 1
63 28 279.207519531 1
63 28 279.273071289 1
63 28 279.589477539 1
63 28 279.628479004 1
63 28 280.358093262 1
63 28 280.517547607 1
63 28 280.946350098 1
63 28 282.417297363 1
63 28 282.834655762 1
63 28 283.109466553 1
63 28 283.132598877 1
63 28 283.742675781 1
63 28 283.99609375 1
63 28 284.014099121 1
63 28 287.0831604 1
63 28 288.050811768 1
63 28 288.573852539 1
63 28 289.612762451 1
63 28 291.17288208 1
63 28 291.232971191 1
63 28 291.462219238 1
63 28 292.013397217 1
63 28 293.903045654 1
63 28 294.142944336 1
63 28 294.616424561 1
63 28 294.683776855 1
63 28 294.726287842 1
63 28 296.411560059 1
63 28 296.596374512 1
63 28 296.719177246 1
63 28 297.389312744 1
63 28 297.55569458 1
63 28 299.219787598 1
63 28 299.379638672 1
63 28 299.498291016 1
63 28 300.519042969 1
63 28 300.519866943 1
63 28 301.011962891 1
63 28 301.477661133 1
63 28 302.17755127 1
63 28 302.228607178 1
63 28 304.222961426 1
63 28 304.410247803 1
63 28 304.600738525 1
63 28 304.666168213 1
63 28 304.715881348 1
63 28 305.11605835 1
63 28 305.521484375 1
63 28 306.13861084 1
63 28 306.87121582 1
63 28 307.815948486 1
63 28 307.835662842 1
63 28 307.869812012 1
63 28 307.876495361 1
63 28 309.138153076 1
63 28 309.242919922 1
63 28 310.39855957 1
63 28 310.752044678 1
63 28 310.89553833 1
63 28 311.947235107 1
63 28 312.353485107 1
63 28 313.25604248 1
63 28 315.9637146 1
63 28 316.006256104 1
63 28 319.318481445 1
63 28 319.401489258 1
63 28 321.49130249 1
63 28 323.256652832 1
63 28 324.654571533 1
63 28 324.825164795 1
63 28 327.35369873 1
63 28 328.113464355 1
63 28 329.38494873 1
63 28 330.931152344 1
63 28 331.258728027 1
63 28 334.057861328 1
63 28 335.006652832 1
63 28 335.210723877 1
63 28 335.806091309 1
63 28 336.969787598 1
63 28 337.788421631 1
63 28 337.876953125 1
63 28 338.508422852 1
63 28 339.818237305 1
63 28 339.847045898 1
63 28 339.965148926 1
63 28 340.611572266 1
63 28 340.858154297 1
63 28 340.917419434 1
63 28 342.01083374 1
63 28 342.347900391 1
63 28 342.93838501 1
63 28 342.989227295 1
63 28 343.216644287 1
63 28 343.38079834 1
63 28 343.693908691 1
63 28 343.77947998 1
63 28 344.828094482 1
63 28 347.577728271 1
63 28 348.528747559 1
63 28 349.537017822 1
63 28 350.015472412 1
63 28 351.398193359 1
63 28 351.407501221 1
63 28 353.830230713 1
63 28 355.347015381 1
63 28 358.506530762 1
63 28 361.027313232 1
63 28 367.233612061 1
63 28 367.563446045 1
63 28 369.072570801 1
63 28 374.72555542 1
63 28 377.06930542 1
63 28 378.585510254 1
63 28 378.988891602 1
63 28 379.40411377 1
63 28 385.826965332 1
63 28 386.476623535 1
63 28 388.574951172 1
63 28 390.575927734 1
63 28 391.024139404 1
63 28 394.759765625 1
63 28 395.573608398 1
63 28 396.253265381 1
63 28 396.837371826 1
63 28 399.989624023 1
63 28 406.671203613 1
63 28 407.797515869 1
63 28 410.203918457 1
63 28 412.971099854 1
63 28 414.889953613 1
63 28 417.101318359 1
63 28 417.984802246 1
63 28 418.667236328 1
63 28 421.975067139 1
63 28 423.589233398 1
63 28 424.402526855 1
63 28 424.820922852 1
63 28 426.85446167 1
63 28 427.936004639 1
63 28 432.652130127 1
63 28 435.53213501 1
63 28 437.427185059 1
63 28 447.468780518 1
63 28 448.569488525 1
63 28 452.051727295 1
63 28 461.985076904 1
63 28 462.364929199 1
63 28 462.739227295 1
63 28 462.757141113 1
63 28 464.281951904 1
63 28 465.577423096 1
63 28 466.347686768 1
63 28 468.174987793 1
63 28 469.02722168 1
63 28 469.712738037 1
63 28 475.031524658 1
63 28 479.002410889 1
63 28 479.681549072 1
63 28 482.844787598 1
63 28 483.132843018 1
63 28 483.756134033 1
63 28 485.616699219 1
63 28 496.606964111 1
63 28 497.031646729 1
63 28 497.559997559 1
63 28 497.594116211 1
63 28 498.748291016 1
63 28 498.758209229 1
63 28 501.935699463 1
63 28 503.541046143 1
63 28 505.944213867 1
63 28 508.32989502 1
63 28 513.930114746 1
63 28 514.492736816 1
63 28 522.82019043 1
63 28 523.570129395 1
63 28 530.969909668 1
63 28 534.820556641 1
63 28 538.421081543 1
63 28 542.567504883 1
63 28 545.813232422 1
63 28 550.778259277 1
63 28 556.321105957 1
63 28 563.873840332 1
63 28 571.21661377 1
63 28 572.816894531 1
63 28 585.529724121 1
63 28 585.802185059 1
63 28 586.247009277 1
63 28 599.520751953 1
63 28 600.676513672 1
63 28 608.688598633 1
63 28 609.878723145 1
63 28 616.412353516 1
63 28 617.278686523 1
63 28 623.205322266 1
63 28 623.508117676 1
63 28 634.786132812 1
63 28 635.085693359 1
63 28 640.411804199 1
63 28 642.112121582 1
63 28 645.147460938 1
63 28 648.873352051 1
63 28 657.001831055 1
63 28 664.088928223 1
63 28 690.902648926 1
63 28 691.879638672 1
63 28 694.191894531 1
63 28 707.00982666 1
63 28 708.979064941 1
63 28 714.710327148 1
63 28 719.736694336 1
63 28 728.025146484 1
63 28 734.833129883 1
63 28 734.980773926 1
63 28 749.055297852 1
63 28 773.662963867 1
63 28 781.124084473 1
63 28 801.825317383 1
63 28 805.973632812 1
63 28 807.115844727 1
63 28 816.421264648 1
63 28 819.180175781 1
63 28 829.864501953 1
63 28 839.748718262 1
63 28 857.486755371 1
63 28 865.063903809 1
63 28 881.434143066 1
63 28 883.404296875 1
63 28 890.980407715 1
63 28 899.557373047 1
63 28 947.239929199 1
63 28 954.390075684 1
63 28 969.355773926 1
63 28 975.047180176 1
63 28 1003.05999756 1
63 28 1010.77392578 1
63 28 1024.13232422 1
63 28 1167.45910645 1
63 28 1178.58776855 1
63 28 1188.98632812 1
63 28 1223.46130371 1
63 28 1283.47399902 1
63 28 1319.47314453 1
63 28 1368.71435547 1
63 28 1383.34777832 1
63 28 1399.73144531 1
63 29 83.3731994629 1
63 29 83.8841171265 1
63 29 86.1246871948 1
63 29 88.9669494629 1
63 29 88.9832763672 1
63 29 89.1885070801 1
63 29 89.3555984497 1
63 29 89.379234314 1
63 29 89.5330657959 1
63 29 90.0385055542 1
63 29 91.1837387085 1
63 29 91.3517456055 1
63 29 91.8069992065 1
63 29 92.2584075928 1
63 29 92.3166656494 1
63 29 92.4407577515 1
63 29 93.50365448 1
63 29 93.7593917847 1
63 29 94.5193557739 1
63 29 95.1580200195 1
63 29 95.6894607544 1
63 29 95.7041549683 1
63 29 95.8161239624 1
63 29 96.2758026123 1
63 29 96.3725128174 1
63 29 96.5757675171 1
63 29 96.862663269 1
63 29 97.0557098389 1
63 29 98.1074905396 1
63 29 98.6035766602 1
63 29 98.8750305176 1
63 29 99.0235290527 1
63 29 99.7142562866 1
63 29 100.139076233 1
63 29 100.229049683 1
63 29 100.419662476 1
63 29 101.172325134 1
63 29 101.208892822 1
63 29 101.356361389 1
63 29 101.769821167 1
63 29 101.988594055 1
63 29 102.16683197 1
63 29 103.03125 1
63 29 103.087638855 1
63 29 103.087722778 1
63 29 103.218429565 1
63 29 103.329246521 1
63 29 103.502250671 1
63 29 103.800979614 1
63 29 103.833450317 1
63 29 104.042472839 1
63 29 104.135116577 1
63 29 104.907943726 1
63 29 105.072746277 1
63 29 105.464408875 1
63 29 105.893501282 1
63 29 105.902732849 1
63 29 105.907585144 1
63 29 106.240524292 1
63 29 106.323318481 1
63 29 106.379600525 1
63 29 107.073425293 1
63 29 107.091522217 1
63 29 107.199768066 1
63 29 107.364509583 1
63 29 108.001914978 1
63 29 108.090248108 1
63 29 108.152023315 1
63 29 108.419540405 1
63 29 109.236488342 1
63 29 109.267951965 1
63 29 109.348136902 1
63 29 109.465034485 1
63 29 110.100364685 1
63 29 110.255714417 1
63 29 110.62059021 1
63 29 110.649101257 1
63 29 110.760643005 1
63 29 110.78276062 1
63 29 110.878303528 1
63 29 111.068336487 1
63 29 111.124816895 1
63 29 111.157363892 1
63 29 111.406150818 1
63 29 111.741836548 1
63 29 111.889823914 1
63 29 112.158317566 1
63 29 112.317337036 1
63 29 112.392951965 1
63 29 112.75202179 1
63 29 113.543411255 1
63 29 113.797172546 1
63 29 113.848701477 1
63 29 113.871185303 1
63 29 114.006385803 1
63 29 114.195335388 1
63 29 114.333450317 1
63 29 114.481964111 1
63 29 114.522285461 1
63 29 114.676727295 1
63 29 114.731811523 1
63 29 114.919128418 1
63 29 114.923057556 1
63 29 115.030395508 1
63 29 115.516052246 1
63 29 115.735298157 1
63 29 116.019813538 1
63 29 116.242576599 1
63 29 116.390457153 1
63 29 116.459289551 1
63 29 116.66583252 1
63 29 116.681274414 1
63 29 116.71509552 1
63 29 116.766304016 1
63 29 116.770736694 1
63 29 117.287124634 1
63 29 117.339790344 1
63 29 117.406616211 1
63 29 117.420097351 1
63 29 118.029022217 1
63 29 118.034301758 1
63 29 118.12978363 1
63 29 118.600967407 1
63 29 118.763664246 1
63 29 118.795646667 1
63 29 118.994300842 1
63 29 119.141227722 1
63 29 119.232849121 1
63 29 119.235450745 1
63 29 119.411315918 1
63 29 119.43283844 1
63 29 119.490150452 1
63 29 119.603294373 1
63 29 119.722679138 1
63 29 120.000831604 1
63 29 120.152755737 1
63 29 120.233879089 1
63 29 120.37159729 1
63 29 120.389350891 1
63 29 120.423423767 1
63 29 120.489875793 1
63 29 120.581199646 1
63 29 120.636024475 1
63 29 120.845314026 1
63 29 120.911132812 1
63 29 120.980644226 1
63 29 121.014511108 1
63 29 121.321876526 1
63 29 121.410675049 1
63 29 121.519691467 1
63 29 121.769882202 1
63 29 121.813278198 1
63 29 121.908065796 1
63 29 122.03302002 1
63 29 122.220733643 1
63 29 122.301986694 1
63 29 122.422561646 1
63 29 122.469619751 1
63 29 122.778160095 1
63 29 122.978065491 1
63 29 123.057739258 1
63 29 123.525497437 1
63 29 123.582397461 1
63 29 123.608459473 1
63 29 124.091743469 1
63 29 124.118179321 1
63 29 124.125679016 1
63 29 124.26385498 1
63 29 124.60408783 1
63 29 124.642097473 1
63 29 124.647834778 1
63 29 124.717506409 1
63 29 124.726737976 1
63 29 124.903358459 1
63 29 125.009796143 1
63 29 125.093307495 1
63 29 125.22039032 1
63 29 125.312530518 1
63 29 125.340560913 1
63 29 126.019309998 1
63 29 126.038444519 1
63 29 126.20275116 1
63 29 126.227172852 1
63 29 126.36264801 1
63 29 126.483528137 1
63 29 126.62097168 1
63 29 126.706588745 1
63 29 126.719024658 1
63 29 126.728034973 1
63 29 126.962921143 1
63 29 127.035499573 1
63 29 127.090461731 1
63 29 127.225196838 1
63 29 127.37726593 1
63 29 127.446380615 1
63 29 127.961341858 1
63 29 128.177047729 1
63 29 128.191513062 1
63 29 128.229400635 1
63 29 128.2940979 1
63 29 128.712753296 1
63 29 129.284759521 1
63 29 129.317687988 1
63 29 129.488555908 1
63 29 129.49559021 1
63 29 129.528884888 1
63 29 129.637893677 1
63 29 129.671051025 1
63 29 129.693954468 1
63 29 129.704315186 1
63 29 129.718612671 1
63 29 129.866043091 1
63 29 129.920791626 1
63 29 130.095092773 1
63 29 130.294586182 1
63 29 130.45526123 1
63 29 130.483276367 1
63 29 130.690002441 1
63 29 130.729873657 1
63 29 131.122787476 1
63 29 131.25038147 1
63 29 131.38684082 1
63 29 131.712860107 1
63 29 131.932830811 1
63 29 132.244979858 1
63 29 132.329910278 1
63 29 132.64831543 1
63 29 132.657348633 1
63 29 132.66305542 1
63 29 132.940383911 1
63 29 133.143081665 1
63 29 133.256896973 1
63 29 133.516983032 1
63 29 133.67930603 1
63 29 133.89666748 1
63 29 133.948989868 1
63 29 134.797637939 1
63 29 134.957824707 1
63 29 135.111953735 1
63 29 135.134613037 1
63 29 135.222229004 1
63 29 135.235626221 1
63 29 135.390975952 1
63 29 135.401245117 1
63 29 135.520050049 1
63 29 135.683319092 1
63 29 135.744720459 1
63 29 135.753372192 1
63 29 135.770721436 1
63 29 135.816207886 1
63 29 135.991775513 1
63 29 136.037475586 1
63 29 136.079147339 1
63 29 136.231002808 1
63 29 136.279953003 1
63 29 136.300186157 1
63 29 136.382888794 1
63 29 136.496841431 1
63 29 136.632202148 1
63 29 136.736099243 1
63 29 137.089157104 1
63 29 137.249191284 1
63 29 137.308074951 1
63 29 137.605667114 1
63 29 137.785736084 1
63 29 137.970718384 1
63 29 138.052963257 1
63 29 138.201797485 1
63 29 138.526748657 1
63 29 138.652999878 1
63 29 138.695098877 1
63 29 139.014312744 1
63 29 139.130752563 1
63 29 139.159011841 1
63 29 139.342330933 1
63 29 139.363723755 1
63 29 139.506088257 1
63 29 139.538269043 1
63 29 139.659805298 1
63 29 139.680755615 1
63 29 139.778945923 1
63 29 139.794143677 1
63 29 140.028900146 1
63 29 140.140060425 1
63 29 140.23135376 1
63 29 140.238494873 1
63 29 140.681854248 1
63 29 140.691513062 1
63 29 140.724899292 1
63 29 140.732452393 1
63 29 140.984237671 1
63 29 141.138793945 1
63 29 141.280548096 1
63 29 141.338668823 1
63 29 141.42124939 1
63 29 142.214065552 1
63 29 142.369415283 1
63 29 142.434051514 1
63 29 142.447937012 1
63 29 142.63621521 1
63 29 142.65524292 1
63 29 143.343612671 1
63 29 143.47227478 1
63 29 143.664627075 1
63 29 143.830215454 1
63 29 144.427886963 1
63 29 144.491607666 1
63 29 144.7865448 1
63 29 144.929290771 1
63 29 144.972106934 1
63 29 145.093032837 1
63 29 145.107391357 1
63 29 145.262939453 1
63 29 145.397689819 1
63 29 145.876846313 1
63 29 145.996994019 1
63 29 146.130157471 1
63 29 146.153945923 1
63 29 146.452163696 1
63 29 146.540222168 1
63 29 146.560028076 1
63 29 146.692581177 1
63 29 146.886322021 1
63 29 146.890777588 1
63 29 146.959228516 1
63 29 146.965805054 1
63 29 147.014083862 1
63 29 147.216445923 1
63 29 147.285827637 1
63 29 147.303421021 1
63 29 147.452835083 1
63 29 147.497436523 1
63 29 147.684692383 1
63 29 147.732925415 1
63 29 147.77444458 1
63 29 147.842575073 1
63 29 147.880065918 1
63 29 147.983551025 1
63 29 147.987045288 1
63 29 147.994979858 1
63 29 148.090087891 1
63 29 148.116256714 1
63 29 148.308227539 1
63 29 148.501647949 1
63 29 148.768447876 1
63 29 149.013412476 1
63 29 149.213104248 1
63 29 149.248336792 1
63 29 149.253082275 1
63 29 149.322769165 1
63 29 149.479415894 1
63 29 149.574951172 1
63 29 149.873092651 1
63 29 150.048858643 1
63 29 150.152267456 1
63 29 150.261520386 1
63 29 150.452667236 1
63 29 150.575531006 1
63 29 150.620498657 1
63 29 150.824768066 1
63 29 151.054580688 1
63 29 151.160369873 1
63 29 151.173171997 1
63 29 151.228851318 1
63 29 151.295166016 1
63 29 151.354980469 1
63 29 151.378738403 1
63 29 151.61038208 1
63 29 151.788818359 1
63 29 151.96824646 1
63 29 151.976959229 1
63 29 151.981689453 1
63 29 152.050964355 1
63 29 152.222351074 1
63 29 152.243560791 1
63 29 152.990768433 1
63 29 153.083755493 1
63 29 153.423782349 1
63 29 153.548416138 1
63 29 153.644012451 1
63 29 153.666809082 1
63 29 153.850524902 1
63 29 154.195098877 1
63 29 154.254760742 1
63 29 154.529998779 1
63 29 154.580978394 1
63 29 154.658401489 1
63 29 154.844772339 1
63 29 154.855270386 1
63 29 155.019317627 1
63 29 155.064910889 1
63 29 155.081588745 1
63 29 155.090484619 1
63 29 155.173995972 1
63 29 155.196212769 1
63 29 155.322967529 1
63 29 155.546401978 1
63 29 155.84274292 1
63 29 156.121276855 1
63 29 156.284057617 1
63 29 156.417449951 1
63 29 156.500946045 1
63 29 156.505737305 1
63 29 156.522338867 1
63 29 156.646270752 1
63 29 156.665603638 1
63 29 156.696899414 1
63 29 157.150817871 1
63 29 157.294082642 1
63 29 157.318527222 1
63 29 157.391662598 1
63 29 157.487686157 1
63 29 157.49079895 1
63 29 157.64855957 1
63 29 157.692321777 1
63 29 157.705200195 1
63 29 157.74848938 1
63 29 157.757202148 1
63 29 158.028930664 1
63 29 158.106170654 1
63 29 158.396530151 1
63 29 158.473236084 1
63 29 158.49697876 1
63 29 158.759887695 1
63 29 159.129638672 1
63 29 159.191070557 1
63 29 159.357879639 1
63 29 159.360015869 1
63 29 159.390090942 1
63 29 159.49508667 1
63 29 159.548461914 1
63 29 159.889572144 1
63 29 160.141677856 1
63 29 160.200119019 1
63 29 160.378265381 1
63 29 160.544586182 1
63 29 160.824615479 1
63 29 160.891433716 1
63 29 160.980987549 1
63 29 160.983352661 1
63 29 161.01461792 1
63 29 161.242141724 1
63 29 161.244338989 1
63 29 161.328399658 1
63 29 161.614593506 1
63 29 161.830810547 1
63 29 161.850082397 1
63 29 161.942687988 1
63 29 162.040039062 1
63 29 162.291900635 1
63 29 162.365264893 1
63 29 162.395355225 1
63 29 162.458129883 1
63 29 162.672470093 1
63 29 162.685760498 1
63 29 162.76524353 1
63 29 162.869171143 1
63 29 162.939254761 1
63 29 163.178070068 1
63 29 163.695861816 1
63 29 164.027557373 1
63 29 164.285980225 1
63 29 164.375869751 1
63 29 164.547851562 1
63 29 164.559204102 1
63 29 164.613815308 1
63 29 164.696746826 1
63 29 164.882064819 1
63 29 165.013183594 1
63 29 165.274139404 1
63 29 165.731170654 1
63 29 165.818466187 1
63 29 165.963439941 1
63 29 166.130950928 1
63 29 166.20614624 1
63 29 167.03414917 1
63 29 167.088516235 1
63 29 167.109390259 1
63 29 167.163208008 1
63 29 167.424453735 1
63 29 167.698287964 1
63 29 167.714797974 1
63 29 167.753845215 1
63 29 167.831634521 1
63 29 167.960632324 1
63 29 167.986694336 1
63 29 168.039474487 1
63 29 168.364257812 1
63 29 168.519744873 1
63 29 168.757781982 1
63 29 168.856369019 1
63 29 168.934814453 1
63 29 168.946487427 1
63 29 169.005187988 1
63 29 169.06477356 1
63 29 169.144897461 1
63 29 169.180709839 1
63 29 169.209320068 1
63 29 169.352325439 1
63 29 169.427124023 1
63 29 169.473846436 1
63 29 169.70010376 1
63 29 169.703567505 1
63 29 169.773712158 1
63 29 169.924133301 1
63 29 169.995925903 1
63 29 170.145767212 1
63 29 170.530166626 1
63 29 170.595626831 1
63 29 170.715179443 1
63 29 170.842437744 1
63 29 170.843826294 1
63 29 171.231750488 1
63 29 171.477233887 1
63 29 171.673156738 1
63 29 171.798828125 1
63 29 172.064361572 1
63 29 172.29473877 1
63 29 172.493331909 1
63 29 172.574264526 1
63 29 173.625610352 1
63 29 173.635879517 1
63 29 173.693832397 1
63 29 173.996353149 1
63 29 174.150512695 1
63 29 174.223983765 1
63 29 174.532531738 1
63 29 174.603439331 1
63 29 174.663513184 1
63 29 174.668823242 1
63 29 174.767196655 1
63 29 175.072296143 1
63 29 175.44821167 1
63 29 175.617279053 1
63 29 175.738632202 1
63 29 175.88168335 1
63 29 176.124938965 1
63 29 176.315444946 1
63 29 176.478118896 1
63 29 176.574035645 1
63 29 176.902618408 1
63 29 177.284439087 1
63 29 177.297149658 1
63 29 178.214950562 1
63 29 178.299255371 1
63 29 178.396133423 1
63 29 178.637786865 1
63 29 178.93132019 1
63 29 179.171646118 1
63 29 179.567321777 1
63 29 179.800827026 1
63 29 179.947235107 1
63 29 180.166152954 1
63 29 180.330978394 1
63 29 180.351806641 1
63 29 180.608139038 1
63 29 181.07333374 1
63 29 181.426391602 1
63 29 181.678100586 1
63 29 183.380706787 1
63 29 183.993255615 1
63 29 184.08883667 1
63 29 184.197479248 1
63 29 184.249404907 1
63 29 185.659912109 1
63 29 185.773880005 1
63 29 185.864852905 1
63 29 186.381591797 1
63 29 186.810775757 1
63 29 187.27142334 1
63 29 187.750839233 1
63 29 187.937255859 1
63 29 188.047286987 1
63 29 188.516372681 1
63 29 188.571838379 1
63 29 188.8543396 1
63 29 189.111755371 1
63 29 189.750534058 1
63 29 190.239730835 1
63 29 190.248046875 1
63 29 190.532699585 1
63 29 190.665603638 1
63 29 190.685562134 1
63 29 190.880767822 1
63 29 191.403564453 1
63 29 191.679489136 1
63 29 191.712219238 1
63 29 191.878189087 1
63 29 192.257110596 1
63 29 192.373916626 1
63 29 193.398986816 1
63 29 193.603912354 1
63 29 193.627334595 1
63 29 193.700820923 1
63 29 193.971923828 1
63 29 193.989120483 1
63 29 194.078674316 1
63 29 194.101837158 1
63 29 194.544174194 1
63 29 194.832946777 1
63 29 195.112365723 1
63 29 195.241455078 1
63 29 195.447067261 1
63 29 195.515731812 1
63 29 196.702316284 1
63 29 196.77355957 1
63 29 196.838226318 1
63 29 197.127212524 1
63 29 197.153915405 1
63 29 198.746917725 1
63 29 199.293914795 1
63 29 199.407455444 1
63 29 199.427902222 1
63 29 199.529434204 1
63 29 200.52154541 1
63 29 200.552215576 1
63 29 200.867324829 1
63 29 201.044769287 1
63 29 201.04788208 1
63 29 201.474731445 1
63 29 201.907852173 1
63 29 202.667434692 1
63 29 202.892776489 1
63 29 203.534103394 1
63 29 203.729278564 1
63 29 205.817153931 1
63 29 206.091796875 1
63 29 206.101013184 1
63 29 207.083724976 1
63 29 207.443374634 1
63 29 207.48600769 1
63 29 207.764968872 1
63 29 208.102249146 1
63 29 208.66633606 1
63 29 208.775787354 1
63 29 208.822937012 1
63 29 208.876464844 1
63 29 209.011245728 1
63 29 209.11479187 1
63 29 209.384338379 1
63 29 209.54385376 1
63 29 210.891418457 1
63 29 211.084457397 1
63 29 211.276870728 1
63 29 211.527542114 1
63 29 211.673568726 1
63 29 211.99949646 1
63 29 212.978225708 1
63 29 213.180007935 1
63 29 213.436279297 1
63 29 213.725845337 1
63 29 214.208694458 1
63 29 214.429458618 1
63 29 215.472930908 1
63 29 216.019500732 1
63 29 217.605422974 1
63 29 217.755157471 1
63 29 218.547180176 1
63 29 218.839691162 1
63 29 218.88458252 1
63 29 218.920028687 1
63 29 219.331619263 1
63 29 220.4765625 1
63 29 220.599121094 1
63 29 220.722610474 1
63 29 220.728164673 1
63 29 220.820343018 1
63 29 220.952178955 1
63 29 221.118927002 1
63 29 221.357467651 1
63 29 221.46182251 1
63 29 221.679733276 1
63 29 222.711044312 1
63 29 222.895935059 1
63 29 223.030090332 1
63 29 224.513839722 1
63 29 226.312072754 1
63 29 226.5415802 1
63 29 226.818710327 1
63 29 228.176696777 1
63 29 229.544631958 1
63 29 229.854568481 1
63 29 231.372512817 1
63 29 231.979431152 1
63 29 232.030776978 1
63 29 233.398864746 1
63 29 233.760803223 1
63 29 235.311706543 1
63 29 236.241668701 1
63 29 237.327178955 1
63 29 237.691650391 1
63 29 239.884231567 1
63 29 240.32989502 1
63 29 242.213348389 1
63 29 242.857131958 1
63 29 243.671920776 1
63 29 243.963531494 1
63 29 244.503555298 1
63 29 245.05607605 1
63 29 245.698348999 1
63 29 246.674835205 1
63 29 246.963241577 1
63 29 247.237930298 1
63 29 248.357635498 1
63 29 248.972000122 1
63 29 250.76763916 1
63 29 252.278060913 1
63 29 252.810592651 1
63 29 253.653625488 1
63 29 253.924957275 1
63 29 254.375595093 1
63 29 255.159942627 1
63 29 257.010559082 1
63 29 258.454681396 1
63 29 258.577911377 1
63 29 261.641937256 1
63 29 261.696716309 1
63 29 263.039733887 1
63 29 264.342651367 1
63 29 265.597686768 1
63 29 265.91305542 1
63 29 266.82019043 1
63 29 267.545074463 1
63 29 268.13671875 1
63 29 270.634643555 1
63 29 272.694946289 1
63 29 273.046234131 1
63 29 273.939239502 1
63 29 275.063293457 1
63 29 275.174499512 1
63 29 275.329864502 1
63 29 275.6484375 1
63 29 278.297119141 1
63 29 282.414489746 1
63 29 283.703765869 1
63 29 285.306488037 1
63 29 285.936828613 1
63 29 288.937957764 1
63 29 290.14251709 1
63 29 292.152130127 1
63 29 293.041900635 1
63 29 294.939605713 1
63 29 296.114715576 1
63 29 297.129760742 1
63 29 297.745117188 1
63 29 297.819854736 1
63 29 298.412628174 1
63 29 299.195739746 1
63 29 300.333465576 1
63 29 302.400726318 1
63 29 303.468444824 1
63 29 308.362731934 1
63 29 309.065124512 1
63 29 309.131652832 1
63 29 309.499328613 1
63 29 310.958526611 1
63 29 312.314239502 1
63 29 313.424133301 1
63 29 315.590087891 1
63 29 316.916687012 1
63 29 317.889373779 1
63 29 320.816162109 1
63 29 323.985687256 1
63 29 324.630065918 1
63 29 325.183441162 1
63 29 329.263061523 1
63 29 329.969573975 1
63 29 330.013946533 1
63 29 331.397857666 1
63 29 335.374023438 1
63 29 336.091217041 1
63 29 336.159515381 1
63 29 337.513641357 1
63 29 340.35345459 1
63 29 341.545013428 1
63 29 342.525177002 1
63 29 346.415252686 1
63 29 346.70199585 1
63 29 348.334747314 1
63 29 349.634796143 1
63 29 349.802886963 1
63 29 354.587463379 1
63 29 354.842559814 1
63 29 358.824645996 1
63 29 362.048339844 1
63 29 370.236602783 1
63 29 374.895141602 1
63 29 376.653656006 1
63 29 378.730834961 1
63 29 379.681304932 1
63 29 382.536773682 1
63 29 382.830963135 1
63 29 384.343536377 1
63 29 385.287078857 1
63 29 387.042938232 1
63 29 392.59375 1
63 29 394.967773438 1
63 29 395.230499268 1
63 29 395.259490967 1
63 29 400.246643066 1
63 29 401.11239624 1
63 29 401.350585938 1
63 29 402.547637939 1
63 29 403.429138184 1
63 29 403.597686768 1
63 29 403.946838379 1
63 29 408.347595215 1
63 29 413.183074951 1
63 29 413.667358398 1
63 29 417.031280518 1
63 29 417.482330322 1
63 29 421.863983154 1
63 29 424.93371582 1
63 29 425.835388184 1
63 29 426.57611084 1
63 29 428.191558838 1
63 29 428.506988525 1
63 29 430.088653564 1
63 29 430.273681641 1
63 29 434.383666992 1
63 29 436.288604736 1
63 29 436.36807251 1
63 29 439.055908203 1
63 29 447.446746826 1
63 29 450.457122803 1
63 29 450.983947754 1
63 29 451.269073486 1
63 29 471.262268066 1
63 29 473.920166016 1
63 29 478.163879395 1
63 29 484.584136963 1
63 29 485.182281494 1
63 29 486.588745117 1
63 29 495.718383789 1
63 29 498.392456055 1
63 29 504.081604004 1
63 29 514.069885254 1
63 29 525.209472656 1
63 29 536.691467285 1
63 29 540.530822754 1
63 29 541.712402344 1
63 29 545.771606445 1
63 29 547.540649414 1
63 29 548.522827148 1
63 29 550.035339355 1
63 29 551.964782715 1
63 29 553.399108887 1
63 29 559.08380127 1
63 29 561.473999023 1
63 29 571.588195801 1
63 29 576.833190918 1
63 29 577.409973145 1
63 29 580.605957031 1
63 29 582.895507812 1
63 29 586.584594727 1
63 29 591.870666504 1
63 29 597.845458984 1
63 29 611.47869873 1
63 29 617.016662598 1
63 29 624.692993164 1
63 29 643.245361328 1
63 29 648.896606445 1
63 29 656.375671387 1
63 29 691.361328125 1
63 29 695.153686523 1
63 29 695.886901855 1
63 29 700.727966309 1
63 29 703.060302734 1
63 29 706.008117676 1
63 29 713.178588867 1
63 29 718.128479004 1
63 29 730.394958496 1
63 29 751.032470703 1
63 29 784.425842285 1
63 29 784.995178223 1
63 29 788.909729004 1
63 29 790.552246094 1
63 29 818.218078613 1
63 29 834.164367676 1
63 29 839.068237305 1
63 29 842.721130371 1
63 29 858.424194336 1
63 29 859.21282959 1
63 29 866.092895508 1
63 29 869.801818848 1
63 29 887.360778809 1
63 29 900.119445801 1
63 29 911.112548828 1
63 29 924.190124512 1
63 29 943.890258789 1
63 29 972.346557617 1
63 29 978.827148438 1
63 29 985.795715332 1
63 29 1059.98205566 1
63 29 1116.77270508 1
63 29 1132.04992676 1
63 29 1209.16870117 1
63 29 1218.69006348 1
63 29 1281.66247559 1
63 29 1309.12158203 1
63 29 1311.94873047 1
63 29 1400.69006348 1
63 29 1416.1685791 1
63 29 1638.37365723 1
63 29 1670.81079102 1
63 29 1755.66699219 1
63 31 87.190788269 1
63 31 90.5506668091 1
63 31 93.1548538208 1
63 31 93.5192871094 1
63 31 94.4191741943 1
63 31 95.6581115723 1
63 31 97.0269241333 1
63 31 97.6614456177 1
63 31 97.6673049927 1
63 31 97.7779083252 1
63 31 98.495552063 1
63 31 99.0586242676 1
63 31 101.334724426 1
63 31 102.007553101 1
63 31 103.816459656 1
63 31 103.93057251 1
63 31 104.027999878 1
63 31 104.619842529 1
63 31 104.799209595 1
63 31 104.864395142 1
63 31 104.97769928 1
63 31 105.179595947 1
63 31 105.330238342 1
63 31 105.475799561 1
63 31 105.578567505 1
63 31 105.891113281 1
63 31 105.90096283 1
63 31 105.973304749 1
63 31 106.595817566 1
63 31 107.129547119 1
63 31 107.52973938 1
63 31 107.763237 1
63 31 108.06186676 1
63 31 108.307907104 1
63 31 108.467193604 1
63 31 108.523071289 1
63 31 108.57749176 1
63 31 109.099777222 1
63 31 109.86756897 1
63 31 110.067352295 1
63 31 110.240180969 1
63 31 110.499732971 1
63 31 110.546592712 1
63 31 110.604286194 1
63 31 110.955741882 1
63 31 110.965660095 1
63 31 110.972145081 1
63 31 111.100975037 1
63 31 111.115058899 1
63 31 111.148841858 1
63 31 111.32787323 1
63 31 111.571632385 1
63 31 111.693504333 1
63 31 112.233253479 1
63 31 112.437194824 1
63 31 112.820243835 1
63 31 113.070640564 1
63 31 113.288230896 1
63 31 113.313064575 1
63 31 113.400924683 1
63 31 113.554344177 1
63 31 113.566162109 1
63 31 113.688613892 1
63 31 113.901039124 1
63 31 113.918739319 1
63 31 114.04825592 1
63 31 114.049278259 1
63 31 114.056152344 1
63 31 114.088035583 1
63 31 114.117362976 1
63 31 114.247703552 1
63 31 114.479988098 1
63 31 115.192825317 1
63 31 115.274436951 1
63 31 115.364624023 1
63 31 115.577270508 1
63 31 115.67111969 1
63 31 115.706871033 1
63 31 116.183914185 1
63 31 116.461929321 1
63 31 116.484970093 1
63 31 116.692344666 1
63 31 116.922279358 1
63 31 117.054512024 1
63 31 117.253959656 1
63 31 117.576538086 1
63 31 117.660247803 1
63 31 117.707069397 1
63 31 117.825538635 1
63 31 117.860137939 1
63 31 117.897987366 1
63 31 118.13986969 1
63 31 118.5860672 1
63 31 118.636528015 1
63 31 118.739395142 1
63 31 118.924957275 1
63 31 119.067108154 1
63 31 119.187568665 1
63 31 119.459877014 1
63 31 119.844581604 1
63 31 120.454147339 1
63 31 120.670837402 1
63 31 120.762718201 1
63 31 121.14629364 1
63 31 121.391403198 1
63 31 121.473243713 1
63 31 121.491363525 1
63 31 121.576797485 1
63 31 121.702636719 1
63 31 121.836517334 1
63 31 122.058799744 1
63 31 122.316314697 1
63 31 122.47492218 1
63 31 122.60231781 1
63 31 122.706916809 1
63 31 122.772827148 1
63 31 122.877449036 1
63 31 123.021385193 1
63 31 123.084587097 1
63 31 123.122505188 1
63 31 123.21232605 1
63 31 123.250946045 1
63 31 124.038551331 1
63 31 124.22795105 1
63 31 124.364181519 1
63 31 124.383369446 1
63 31 124.396430969 1
63 31 124.470046997 1
63 31 124.80682373 1
63 31 124.839355469 1
63 31 124.960105896 1
63 31 125.277290344 1
63 31 125.54083252 1
63 31 125.720596313 1
63 31 125.777404785 1
63 31 125.807991028 1
63 31 126.145706177 1
63 31 126.296592712 1
63 31 126.44393158 1
63 31 126.563049316 1
63 31 126.805419922 1
63 31 127.135223389 1
63 31 127.142448425 1
63 31 127.159217834 1
63 31 127.29864502 1
63 31 127.742401123 1
63 31 127.798728943 1
63 31 127.969276428 1
63 31 128.121154785 1
63 31 128.378997803 1
63 31 128.38508606 1
63 31 128.448928833 1
63 31 128.502609253 1
63 31 129.023330688 1
63 31 129.415924072 1
63 31 129.48638916 1
63 31 129.774078369 1
63 31 129.775756836 1
63 31 129.778503418 1
63 31 129.782867432 1
63 31 129.92388916 1
63 31 129.980575562 1
63 31 129.991897583 1
63 31 130.064147949 1
63 31 130.268035889 1
63 31 130.360580444 1
63 31 130.704483032 1
63 31 130.712921143 1
63 31 130.748336792 1
63 31 130.839874268 1
63 31 130.878051758 1
63 31 131.15435791 1
63 31 131.293624878 1
63 31 131.681549072 1
63 31 131.721282959 1
63 31 132.100280762 1
63 31 132.248535156 1
63 31 132.532012939 1
63 31 132.652008057 1
63 31 132.733703613 1
63 31 132.73614502 1
63 31 132.824676514 1
63 31 132.9921875 1
63 31 133.047729492 1
63 31 133.089752197 1
63 31 133.105178833 1
63 31 133.26210022 1
63 31 133.374984741 1
63 31 133.792739868 1
63 31 133.80027771 1
63 31 133.916793823 1
63 31 134.322769165 1
63 31 134.781692505 1
63 31 134.912597656 1
63 31 135.241317749 1
63 31 135.440338135 1
63 31 135.527572632 1
63 31 135.693984985 1
63 31 135.758377075 1
63 31 135.861312866 1
63 31 136.180175781 1
63 31 136.231887817 1
63 31 136.242630005 1
63 31 136.357620239 1
63 31 136.367965698 1
63 31 136.374298096 1
63 31 136.457672119 1
63 31 136.56918335 1
63 31 136.619293213 1
63 31 136.745803833 1
63 31 136.766647339 1
63 31 136.894012451 1
63 31 137.075424194 1
63 31 137.118377686 1
63 31 137.136474609 1
63 31 137.374771118 1
63 31 137.443344116 1
63 31 137.48034668 1
63 31 137.854446411 1
63 31 137.947555542 1
63 31 138.001647949 1
63 31 138.040893555 1
63 31 138.322479248 1
63 31 138.6484375 1
63 31 138.671630859 1
63 31 138.673217773 1
63 31 138.870452881 1
63 31 138.921081543 1
63 31 139.304321289 1
63 31 139.334945679 1
63 31 139.461257935 1
63 31 139.533172607 1
63 31 139.637084961 1
63 31 139.656417847 1
63 31 139.721939087 1
63 31 140.212158203 1
63 31 140.390090942 1
63 31 140.89692688 1
63 31 140.939071655 1
63 31 140.976898193 1
63 31 141.058547974 1
63 31 141.437988281 1
63 31 141.444274902 1
63 31 141.515106201 1
63 31 141.64604187 1
63 31 141.736373901 1
63 31 141.754226685 1
63 31 141.845977783 1
63 31 141.891189575 1
63 31 142.141769409 1
63 31 142.154800415 1
63 31 142.155197144 1
63 31 142.180007935 1
63 31 142.240936279 1
63 31 142.246887207 1
63 31 142.400085449 1
63 31 142.437774658 1
63 31 142.661651611 1
63 31 142.845214844 1
63 31 142.855209351 1
63 31 143.225891113 1
63 31 143.388290405 1
63 31 143.461410522 1
63 31 143.497283936 1
63 31 143.504547119 1
63 31 143.512039185 1
63 31 143.584274292 1
63 31 143.671188354 1
63 31 143.792022705 1
63 31 143.795349121 1
63 31 144.327774048 1
63 31 144.369110107 1
63 31 144.439758301 1
63 31 144.4894104 1
63 31 144.517303467 1
63 31 144.596038818 1
63 31 144.609619141 1
63 31 144.828964233 1
63 31 144.871826172 1
63 31 144.995254517 1
63 31 145.012207031 1
63 31 145.180664062 1
63 31 145.303955078 1
63 31 145.498626709 1
63 31 145.549545288 1
63 31 145.714523315 1
63 31 146.038497925 1
63 31 146.075546265 1
63 31 146.078735352 1
63 31 146.090362549 1
63 31 146.275253296 1
63 31 146.323730469 1
63 31 146.555633545 1
63 31 146.823150635 1
63 31 146.845046997 1
63 31 146.872116089 1
63 31 147.039382935 1
63 31 147.406219482 1
63 31 147.762008667 1
63 31 147.770217896 1
63 31 147.889053345 1
63 31 147.962631226 1
63 31 148.030410767 1
63 31 148.208084106 1
63 31 148.317504883 1
63 31 148.334106445 1
63 31 148.439346313 1
63 31 148.501495361 1
63 31 148.545608521 1
63 31 148.612442017 1
63 31 148.733886719 1
63 31 148.740493774 1
63 31 148.740875244 1
63 31 148.834014893 1
63 31 148.933456421 1
63 31 148.955459595 1
63 31 149.009246826 1
63 31 149.090515137 1
63 31 149.1043396 1
63 31 149.148773193 1
63 31 149.151824951 1
63 31 149.193893433 1
63 31 149.220458984 1
63 31 149.250274658 1
63 31 149.372055054 1
63 31 149.379577637 1
63 31 149.616867065 1
63 31 149.630828857 1
63 31 149.728225708 1
63 31 149.826248169 1
63 31 149.902694702 1
63 31 150.014923096 1
63 31 150.217025757 1
63 31 150.339035034 1
63 31 150.357650757 1
63 31 150.440551758 1
63 31 150.568511963 1
63 31 151.258865356 1
63 31 151.313949585 1
63 31 151.427947998 1
63 31 151.45161438 1
63 31 151.510452271 1
63 31 151.558059692 1
63 31 151.575698853 1
63 31 151.641021729 1
63 31 151.664611816 1
63 31 151.677978516 1
63 31 151.882446289 1
63 31 152.099975586 1
63 31 152.1796875 1
63 31 152.189285278 1
63 31 152.434616089 1
63 31 152.516036987 1
63 31 152.641983032 1
63 31 152.972412109 1
63 31 153.006011963 1
63 31 153.188949585 1
63 31 153.252487183 1
63 31 153.257843018 1
63 31 153.30947876 1
63 31 153.78666687 1
63 31 153.832443237 1
63 31 153.853378296 1
63 31 154.120864868 1
63 31 154.148254395 1
63 31 154.170898438 1
63 31 154.282852173 1
63 31 154.472351074 1
63 31 154.497299194 1
63 31 154.56578064 1
63 31 154.693603516 1
63 31 154.728393555 1
63 31 154.729110718 1
63 31 154.77696228 1
63 31 154.836425781 1
63 31 155.144439697 1
63 31 155.315124512 1
63 31 155.418518066 1
63 31 155.577346802 1
63 31 155.602615356 1
63 31 155.810668945 1
63 31 155.893722534 1
63 31 155.952163696 1
63 31 156.022949219 1
63 31 156.102905273 1
63 31 156.631195068 1
63 31 156.644180298 1
63 31 156.657913208 1
63 31 156.722564697 1
63 31 156.725296021 1
63 31 156.788467407 1
63 31 157.120544434 1
63 31 157.215774536 1
63 31 157.677749634 1
63 31 157.725265503 1
63 31 157.822509766 1
63 31 157.844940186 1
63 31 157.902587891 1
63 31 158.137588501 1
63 31 158.163864136 1
63 31 158.181747437 1
63 31 158.394958496 1
63 31 158.402328491 1
63 31 158.421325684 1
63 31 158.452026367 1
63 31 158.517166138 1
63 31 158.584671021 1
63 31 158.760620117 1
63 31 158.828857422 1
63 31 159.546600342 1
63 31 159.72052002 1
63 31 159.858337402 1
63 31 160.211608887 1
63 31 160.392776489 1
63 31 160.45249939 1
63 31 160.482696533 1
63 31 160.484313965 1
63 31 160.601043701 1
63 31 160.821731567 1
63 31 160.845077515 1
63 31 160.960418701 1
63 31 161.13760376 1
63 31 161.513946533 1
63 31 161.548156738 1
63 31 161.610107422 1
63 31 161.645126343 1
63 31 161.68536377 1
63 31 161.827682495 1
63 31 162.270675659 1
63 31 162.36328125 1
63 31 162.530563354 1
63 31 162.635681152 1
63 31 162.831420898 1
63 31 162.978866577 1
63 31 163.167770386 1
63 31 163.345794678 1
63 31 163.366622925 1
63 31 163.41947937 1
63 31 163.448120117 1
63 31 163.498352051 1
63 31 163.549118042 1
63 31 163.70413208 1
63 31 163.761886597 1
63 31 163.851211548 1
63 31 163.937240601 1
63 31 164.101913452 1
63 31 164.110870361 1
63 31 164.156478882 1
63 31 164.207138062 1
63 31 164.345397949 1
63 31 164.444519043 1
63 31 164.560562134 1
63 31 164.641494751 1
63 31 164.782836914 1
63 31 164.864151001 1
63 31 165.033477783 1
63 31 165.054992676 1
63 31 165.070861816 1
63 31 165.272567749 1
63 31 165.278091431 1
63 31 165.393753052 1
63 31 165.397583008 1
63 31 165.613525391 1
63 31 165.668365479 1
63 31 165.844192505 1
63 31 166.011306763 1
63 31 166.337799072 1
63 31 166.432952881 1
63 31 166.686782837 1
63 31 166.925720215 1
63 31 166.958755493 1
63 31 167.066040039 1
63 31 167.156494141 1
63 31 167.560562134 1
63 31 167.808883667 1
63 31 168.199630737 1
63 31 168.357131958 1
63 31 168.525985718 1
63 31 168.56060791 1
63 31 168.678344727 1
63 31 168.713256836 1
63 31 168.93548584 1
63 31 169.194137573 1
63 31 169.235076904 1
63 31 169.465042114 1
63 31 169.55897522 1
63 31 169.686325073 1
63 31 169.699813843 1
63 31 169.728317261 1
63 31 169.776748657 1
63 31 169.976837158 1
63 31 170.051483154 1
63 31 170.334213257 1
63 31 170.48248291 1
63 31 170.504867554 1
63 31 171.02645874 1
63 31 171.055709839 1
63 31 171.084915161 1
63 31 171.090194702 1
63 31 171.222854614 1
63 31 171.459655762 1
63 31 171.471069336 1
63 31 171.519287109 1
63 31 171.643386841 1
63 31 171.918014526 1
63 31 172.273239136 1
63 31 172.348770142 1
63 31 172.42414856 1
63 31 172.474441528 1
63 31 172.5340271 1
63 31 172.729141235 1
63 31 172.857513428 1
63 31 173.054336548 1
63 31 173.069946289 1
63 31 173.167434692 1
63 31 173.20501709 1
63 31 173.55909729 1
63 31 173.623016357 1
63 31 174.031387329 1
63 31 174.135192871 1
63 31 174.388442993 1
63 31 174.627853394 1
63 31 174.658218384 1
63 31 174.785476685 1
63 31 175.357971191 1
63 31 175.378356934 1
63 31 175.965820312 1
63 31 176.530548096 1
63 31 176.557067871 1
63 31 176.631790161 1
63 31 176.72694397 1
63 31 176.964599609 1
63 31 176.99571228 1
63 31 177.069458008 1
63 31 177.856689453 1
63 31 177.930786133 1
63 31 177.994293213 1
63 31 178.064956665 1
63 31 178.396026611 1
63 31 178.558135986 1
63 31 178.585723877 1
63 31 178.668807983 1
63 31 178.80569458 1
63 31 178.98286438 1
63 31 179.235015869 1
63 31 179.46786499 1
63 31 179.614974976 1
63 31 179.717788696 1
63 31 180.211364746 1
63 31 180.484436035 1
63 31 180.512145996 1
63 31 180.768386841 1
63 31 180.941925049 1
63 31 181.112106323 1
63 31 181.238113403 1
63 31 181.377441406 1
63 31 181.454315186 1
63 31 181.593734741 1
63 31 181.844924927 1
63 31 182.334487915 1
63 31 182.346832275 1
63 31 182.594345093 1
63 31 182.615844727 1
63 31 183.097824097 1
63 31 183.152389526 1
63 31 183.27885437 1
63 31 183.325454712 1
63 31 183.431213379 1
63 31 183.741790771 1
63 31 184.027816772 1
63 31 184.339767456 1
63 31 184.385162354 1
63 31 184.393829346 1
63 31 184.472564697 1
63 31 184.640197754 1
63 31 184.651489258 1
63 31 184.659088135 1
63 31 184.945571899 1
63 31 185.148864746 1
63 31 185.617721558 1
63 31 185.882171631 1
63 31 185.906616211 1
63 31 185.908889771 1
63 31 185.927337646 1
63 31 186.123458862 1
63 31 186.529632568 1
63 31 186.556854248 1
63 31 186.678787231 1
63 31 186.932785034 1
63 31 186.95880127 1
63 31 187.064544678 1
63 31 187.249313354 1
63 31 187.30039978 1
63 31 187.329925537 1
63 31 187.888336182 1
63 31 187.981323242 1
63 31 188.257003784 1
63 31 188.496856689 1
63 31 188.606658936 1
63 31 189.122589111 1
63 31 189.398834229 1
63 31 189.410720825 1
63 31 189.469421387 1
63 31 189.485855103 1
63 31 189.663162231 1
63 31 190.965698242 1
63 31 190.97428894 1
63 31 191.176834106 1
63 31 191.372375488 1
63 31 191.770568848 1
63 31 192.011566162 1
63 31 192.41355896 1
63 31 192.414581299 1
63 31 192.705352783 1
63 31 193.126724243 1
63 31 193.30078125 1
63 31 193.344497681 1
63 31 193.346603394 1
63 31 193.940048218 1
63 31 193.98425293 1
63 31 194.109024048 1
63 31 194.696380615 1
63 31 195.00944519 1
63 31 195.307876587 1
63 31 195.422485352 1
63 31 195.504486084 1
63 31 195.661346436 1
63 31 195.813064575 1
63 31 195.987472534 1
63 31 196.025299072 1
63 31 196.305877686 1
63 31 196.464248657 1
63 31 196.542922974 1
63 31 196.669448853 1
63 31 196.782440186 1
63 31 197.164016724 1
63 31 197.889923096 1
63 31 198.312652588 1
63 31 198.415054321 1
63 31 198.492279053 1
63 31 198.532470703 1
63 31 198.564208984 1
63 31 198.995941162 1
63 31 199.011032104 1
63 31 199.276672363 1
63 31 199.878433228 1
63 31 199.91053772 1
63 31 199.95993042 1
63 31 200.572784424 1
63 31 200.623138428 1
63 31 200.780731201 1
63 31 200.793014526 1
63 31 200.890823364 1
63 31 201.372741699 1
63 31 201.426605225 1
63 31 201.827072144 1
63 31 201.966705322 1
63 31 202.444198608 1
63 31 202.446578979 1
63 31 202.498397827 1
63 31 202.73626709 1
63 31 203.160064697 1
63 31 203.250183105 1
63 31 203.284393311 1
63 31 203.329574585 1
63 31 203.604721069 1
63 31 203.954605103 1
63 31 204.463684082 1
63 31 204.737014771 1
63 31 205.054779053 1
63 31 205.061477661 1
63 31 205.56463623 1
63 31 205.795547485 1
63 31 205.907653809 1
63 31 206.110229492 1
63 31 206.160293579 1
63 31 206.295959473 1
63 31 206.391036987 1
63 31 206.422607422 1
63 31 206.740615845 1
63 31 207.179840088 1
63 31 207.19543457 1
63 31 207.495132446 1
63 31 207.828338623 1
63 31 208.031509399 1
63 31 208.225067139 1
63 31 208.61138916 1
63 31 208.687210083 1
63 31 208.741668701 1
63 31 209.18548584 1
63 31 209.243896484 1
63 31 209.564376831 1
63 31 209.609741211 1
63 31 209.621490479 1
63 31 209.76222229 1
63 31 210.093353271 1
63 31 210.42755127 1
63 31 210.565826416 1
63 31 211.320877075 1
63 31 211.424819946 1
63 31 211.512756348 1
63 31 211.917358398 1
63 31 212.219726562 1
63 31 213.046295166 1
63 31 213.266296387 1
63 31 213.32762146 1
63 31 213.780609131 1
63 31 213.820480347 1
63 31 213.884399414 1
63 31 213.906066895 1
63 31 213.907318115 1
63 31 213.924240112 1
63 31 214.658416748 1
63 31 214.802734375 1
63 31 215.014556885 1
63 31 215.799758911 1
63 31 215.885467529 1
63 31 216.205230713 1
63 31 216.424972534 1
63 31 216.575515747 1
63 31 216.664138794 1
63 31 216.829025269 1
63 31 216.989700317 1
63 31 217.310684204 1
63 31 217.551681519 1
63 31 218.020172119 1
63 31 218.397277832 1
63 31 218.514602661 1
63 31 218.831726074 1
63 31 219.01763916 1
63 31 219.072250366 1
63 31 219.594085693 1
63 31 219.670532227 1
63 31 219.838287354 1
63 31 219.887680054 1
63 31 220.257446289 1
63 31 220.258636475 1
63 31 220.606170654 1
63 31 221.384017944 1
63 31 221.934570312 1
63 31 222.653915405 1
63 31 222.737442017 1
63 31 223.196044922 1
63 31 223.486633301 1
63 31 223.534545898 1
63 31 224.059936523 1
63 31 225.930923462 1
63 31 226.452865601 1
63 31 227.101867676 1
63 31 227.329467773 1
63 31 229.56401062 1
63 31 229.651290894 1
63 31 229.715179443 1
63 31 230.697906494 1
63 31 230.91368103 1
63 31 231.34614563 1
63 31 231.514892578 1
63 31 232.281311035 1
63 31 233.157577515 1
63 31 233.31350708 1
63 31 233.944198608 1
63 31 235.360855103 1
63 31 236.673675537 1
63 31 236.797927856 1
63 31 237.587173462 1
63 31 238.091720581 1
63 31 238.424606323 1
63 31 238.575836182 1
63 31 239.401977539 1
63 31 239.47467041 1
63 31 240.154937744 1
63 31 240.413864136 1
63 31 240.555740356 1
63 31 241.149368286 1
63 31 241.426498413 1
63 31 241.533065796 1
63 31 241.801559448 1
63 31 242.447601318 1
63 31 243.307861328 1
63 31 244.048797607 1
63 31 244.105072021 1
63 31 244.509597778 1
63 31 247.060684204 1
63 31 247.358688354 1
63 31 248.07019043 1
63 31 248.172698975 1
63 31 248.405380249 1
63 31 249.453704834 1
63 31 249.567886353 1
63 31 249.807052612 1
63 31 249.917358398 1
63 31 250.218002319 1
63 31 250.336456299 1
63 31 250.398086548 1
63 31 250.467880249 1
63 31 250.508529663 1
63 31 251.527511597 1
63 31 252.547821045 1
63 31 253.5365448 1
63 31 254.428115845 1
63 31 255.760009766 1
63 31 255.803237915 1
63 31 256.044250488 1
63 31 256.265808105 1
63 31 256.744232178 1
63 31 257.211914062 1
63 31 257.231170654 1
63 31 257.679656982 1
63 31 258.056427002 1
63 31 258.139251709 1
63 31 258.243652344 1
63 31 258.510925293 1
63 31 258.66506958 1
63 31 259.114837646 1
63 31 259.387512207 1
63 31 260.363983154 1
63 31 260.973297119 1
63 31 262.239318848 1
63 31 262.405517578 1
63 31 262.791015625 1
63 31 263.549438477 1
63 31 263.753326416 1
63 31 264.197723389 1
63 31 264.6925354 1
63 31 265.9765625 1
63 31 266.826416016 1
63 31 267.038848877 1
63 31 267.178283691 1
63 31 268.028594971 1
63 31 268.410522461 1
63 31 269.744232178 1
63 31 270.155731201 1
63 31 271.128997803 1
63 31 271.197143555 1
63 31 271.597686768 1
63 31 271.86907959 1
63 31 272.256561279 1
63 31 272.33416748 1
63 31 272.564758301 1
63 31 273.038330078 1
63 31 273.463134766 1
63 31 273.737304688 1
63 31 274.394317627 1
63 31 274.420166016 1
63 31 274.634246826 1
63 31 274.653594971 1
63 31 277.971069336 1
63 31 278.785797119 1
63 31 279.66519165 1
63 31 279.792449951 1
63 31 280.130004883 1
63 31 281.224243164 1
63 31 283.228088379 1
63 31 285.08895874 1
63 31 285.973724365 1
63 31 287.175323486 1
63 31 287.629882812 1
63 31 287.635681152 1
63 31 288.39932251 1
63 31 290.52154541 1
63 31 290.610412598 1
63 31 291.155456543 1
63 31 291.525543213 1
63 31 291.735534668 1
63 31 291.78302002 1
63 31 292.064788818 1
63 31 292.315643311 1
63 31 292.393829346 1
63 31 292.460784912 1
63 31 292.621917725 1
63 31 293.565765381 1
63 31 294.196105957 1
63 31 294.89666748 1
63 31 296.729187012 1
63 31 297.387664795 1
63 31 297.497894287 1
63 31 297.553283691 1
63 31 298.551391602 1
63 31 299.724243164 1
63 31 300.537597656 1
63 31 300.761444092 1
63 31 301.494903564 1
63 31 301.778564453 1
63 31 302.102996826 1
63 31 302.697662354 1
63 31 303.874359131 1
63 31 305.416564941 1
63 31 305.91897583 1
63 31 305.988098145 1
63 31 306.519256592 1
63 31 306.692443848 1
63 31 306.962615967 1
63 31 308.211120605 1
63 31 308.852508545 1
63 31 308.885437012 1
63 31 310.55380249 1
63 31 312.764373779 1
63 31 313.354919434 1
63 31 313.535461426 1
63 31 315.241424561 1
63 31 316.641937256 1
63 31 317.284698486 1
63 31 317.31539917 1
63 31 318.914459229 1
63 31 319.368804932 1
63 31 322.608520508 1
63 31 322.968261719 1
63 31 324.048034668 1
63 31 324.845458984 1
63 31 325.068634033 1
63 31 328.559173584 1
63 31 328.604949951 1
63 31 328.713989258 1
63 31 328.850708008 1
63 31 329.348449707 1
63 31 329.490081787 1
63 31 330.541168213 1
63 31 331.63885498 1
63 31 331.74206543 1
63 31 331.990783691 1
63 31 332.031738281 1
63 31 332.779785156 1
63 31 334.690307617 1
63 31 335.090118408 1
63 31 336.3543396 1
63 31 336.819824219 1
63 31 337.079498291 1
63 31 339.79776001 1
63 31 343.705169678 1
63 31 345.709960938 1
63 31 347.902618408 1
63 31 349.568237305 1
63 31 352.000396729 1
63 31 354.695892334 1
63 31 356.228790283 1
63 31 362.14163208 1
63 31 362.659362793 1
63 31 364.182098389 1
63 31 367.33102417 1
63 31 368.26852417 1
63 31 369.145324707 1
63 31 369.680999756 1
63 31 371.950683594 1
63 31 373.745330811 1
63 31 376.670684814 1
63 31 377.165893555 1
63 31 380.243591309 1
63 31 381.160644531 1
63 31 383.987792969 1
63 31 386.760681152 1
63 31 387.205841064 1
63 31 392.486907959 1
63 31 394.833374023 1
63 31 396.898498535 1
63 31 398.233764648 1
63 31 401.156158447 1
63 31 404.022644043 1
63 31 409.28427124 1
63 31 411.109375 1
63 31 413.938171387 1
63 31 415.106933594 1
63 31 415.242614746 1
63 31 415.863433838 1
63 31 415.867401123 1
63 31 423.334472656 1
63 31 424.304779053 1
63 31 425.642242432 1
63 31 426.493560791 1
63 31 427.111572266 1
63 31 427.26651001 1
63 31 428.457946777 1
63 31 431.811157227 1
63 31 433.431060791 1
63 31 433.563232422 1
63 31 436.181640625 1
63 31 438.691131592 1
63 31 443.394012451 1
63 31 443.957519531 1
63 31 445.479858398 1
63 31 447.966094971 1
63 31 448.039337158 1
63 31 448.643371582 1
63 31 450.887054443 1
63 31 451.41506958 1
63 31 456.661468506 1
63 31 460.973693848 1
63 31 466.035980225 1
63 31 466.984649658 1
63 31 469.019134521 1
63 31 471.294830322 1
63 31 473.439666748 1
63 31 474.32522583 1
63 31 474.503356934 1
63 31 477.144500732 1
63 31 478.422821045 1
63 31 479.614318848 1
63 31 481.176849365 1
63 31 484.868438721 1
63 31 485.60144043 1
63 31 488.622650146 1
63 31 488.6746521 1
63 31 499.44619751 1
63 31 499.631011963 1
63 31 500.076141357 1
63 31 502.3175354 1
63 31 502.772827148 1
63 31 503.337127686 1
63 31 511.456481934 1
63 31 514.921142578 1
63 31 519.442382812 1
63 31 519.60736084 1
63 31 532.525695801 1
63 31 534.140625 1
63 31 541.341247559 1
63 31 543.28692627 1
63 31 544.04296875 1
63 31 544.360900879 1
63 31 548.486755371 1
63 31 548.949035645 1
63 31 550.273620605 1
63 31 552.163757324 1
63 31 559.11730957 1
63 31 565.648742676 1
63 31 574.903991699 1
63 31 575.655517578 1
63 31 576.740661621 1
63 31 578.712585449 1
63 31 582.543579102 1
63 31 590.346923828 1
63 31 595.73815918 1
63 31 598.386901855 1
63 31 610.011108398 1
63 31 612.401245117 1
63 31 615.572143555 1
63 31 621.484008789 1
63 31 621.810668945 1
63 31 624.764160156 1
63 31 631.735107422 1
63 31 636.799377441 1
63 31 637.134399414 1
63 31 661.344604492 1
63 31 667.64465332 1
63 31 671.476135254 1
63 31 672.041564941 1
63 31 688.019042969 1
63 31 691.771606445 1
63 31 698.222412109 1
63 31 699.307312012 1
63 31 711.645751953 1
63 31 729.747802734 1
63 31 740.255859375 1
63 31 760.691772461 1
63 31 790.562744141 1
63 31 792.990844727 1
63 31 837.418701172 1
63 31 853.182861328 1
63 31 898.644714355 1
63 31 912.14465332 1
63 31 926.319885254 1
63 31 963.666870117 1
63 31 1040.59509277 1
63 31 1288.72949219 1
63 31 1398.89208984 1
63 31 1399.22839355 1
63 31 1441.65454102 1
63 31 1573.95153809 1
63 31 2166.49560547 1
63 31 2635.34106445 1
63 32 173.328659058 1
63 32 176.919631958 1
63 32 188.547790527 1
63 32 191.342681885 1
63 32 195.067947388 1
63 32 195.096374512 1
63 32 202.11618042 1
63 32 203.063766479 1
63 32 204.648162842 1
63 32 206.827941895 1
63 32 207.503326416 1
63 32 208.382415771 1
63 32 209.283752441 1
63 32 210.161239624 1
63 32 211.989593506 1
63 32 212.194549561 1
63 32 212.473861694 1
63 32 215.065002441 1
63 32 215.892562866 1
63 32 216.569824219 1
63 32 217.595169067 1
63 32 218.817184448 1
63 32 219.353118896 1
63 32 219.495498657 1
63 32 220.217697144 1
63 32 220.277954102 1
63 32 220.489196777 1
63 32 222.046157837 1
63 32 223.290100098 1
63 32 223.652664185 1
63 32 224.161178589 1
63 32 224.205535889 1
63 32 225.617172241 1
63 32 226.160751343 1
63 32 226.709228516 1
63 32 227.182373047 1
63 32 228.128723145 1
63 32 228.673202515 1
63 32 229.506225586 1
63 32 230.470321655 1
63 32 233.057296753 1
63 32 234.006774902 1
63 32 234.728317261 1
63 32 235.750869751 1
63 32 236.27456665 1
63 32 236.388320923 1
63 32 237.743423462 1
63 32 238.103317261 1
63 32 238.476959229 1
63 32 238.723602295 1
63 32 239.076034546 1
63 32 239.259368896 1
63 32 239.67805481 1
63 32 240.830795288 1
63 32 241.082427979 1
63 32 242.30380249 1
63 32 242.362289429 1
63 32 243.907943726 1
63 32 244.338546753 1
63 32 245.875854492 1
63 32 245.933776855 1
63 32 246.599090576 1
63 32 246.620758057 1
63 32 247.306854248 1
63 32 247.453521729 1
63 32 247.725418091 1
63 32 248.633071899 1
63 32 249.371505737 1
63 32 250.260757446 1
63 32 250.752258301 1
63 32 251.723342896 1
63 32 252.333587646 1
63 32 254.216766357 1
63 32 255.316818237 1
63 32 255.962921143 1
63 32 256.177886963 1
63 32 256.284759521 1
63 32 256.300170898 1
63 32 256.769866943 1
63 32 256.92010498 1
63 32 258.810302734 1
63 32 258.913299561 1
63 32 258.972686768 1
63 32 259.491729736 1
63 32 259.734527588 1
63 32 260.56338501 1
63 32 260.760375977 1
63 32 261.117797852 1
63 32 261.221343994 1
63 32 261.515075684 1
63 32 262.506317139 1
63 32 262.719238281 1
63 32 264.286529541 1
63 32 264.441436768 1
63 32 264.697296143 1
63 32 265.554046631 1
63 32 266.779968262 1
63 32 267.594696045 1
63 32 268.502929688 1
63 32 269.784088135 1
63 32 272.059997559 1
63 32 272.549987793 1
63 32 272.857299805 1
63 32 273.623779297 1
63 32 274.355194092 1
63 32 274.832702637 1
63 32 275.159484863 1
63 32 276.218170166 1
63 32 276.320922852 1
63 32 276.663330078 1
63 32 277.316955566 1
63 32 277.327178955 1
63 32 278.413665771 1
63 32 278.53414917 1
63 32 280.226135254 1
63 32 280.548339844 1
63 32 281.205657959 1
63 32 282.29699707 1
63 32 283.755615234 1
63 32 284.015838623 1
63 32 284.187133789 1
63 32 285.157867432 1
63 32 287.514556885 1
63 32 288.171630859 1
63 32 291.241210938 1
63 32 293.949554443 1
63 32 294.693115234 1
63 32 295.456451416 1
63 32 296.166442871 1
63 32 297.035186768 1
63 32 298.48614502 1
63 32 299.484954834 1
63 32 300.349090576 1
63 32 301.761779785 1
63 32 302.203674316 1
63 32 303.165466309 1
63 32 304.034393311 1
63 32 304.05657959 1
63 32 304.567871094 1
63 32 306.002319336 1
63 32 307.170013428 1
63 32 307.96472168 1
63 32 309.536102295 1
63 32 310.34564209 1
63 32 310.486175537 1
63 32 310.890899658 1
63 32 311.474212646 1
63 32 313.733978271 1
63 32 313.99786377 1
63 32 314.623199463 1
63 32 314.675323486 1
63 32 314.78414917 1
63 32 315.238464355 1
63 32 316.190917969 1
63 32 318.03994751 1
63 32 318.571075439 1
63 32 319.022338867 1
63 32 319.281707764 1
63 32 320.35534668 1
63 32 320.526306152 1
63 32 322.276245117 1
63 32 323.265869141 1
63 32 323.6534729 1
63 32 323.802368164 1
63 32 324.67767334 1
63 32 326.051483154 1
63 32 327.150634766 1
63 32 327.452758789 1
63 32 331.239105225 1
63 32 333.638061523 1
63 32 334.422424316 1
63 32 334.967956543 1
63 32 335.043365479 1
63 32 335.148101807 1
63 32 335.313018799 1
63 32 335.36819458 1
63 32 336.110931396 1
63 32 338.364654541 1
63 32 340.495117188 1
63 32 341.447509766 1
63 32 343.336303711 1
63 32 343.88494873 1
63 32 345.861022949 1
63 32 346.86340332 1
63 32 349.736602783 1
63 32 350.535888672 1
63 32 352.176055908 1
63 32 352.518951416 1
63 32 352.777252197 1
63 32 353.019226074 1
63 32 354.328552246 1
63 32 355.348937988 1
63 32 358.839569092 1
63 32 360.208343506 1
63 32 360.880371094 1
63 32 361.182312012 1
63 32 363.312652588 1
63 32 363.332489014 1
63 32 364.727386475 1
63 32 367.23538208 1
63 32 368.104553223 1
63 32 371.236175537 1
63 32 371.600097656 1
63 32 373.903656006 1
63 32 377.421478271 1
63 32 379.704040527 1
63 32 381.17666626 1
63 32 384.959747314 1
63 32 386.193359375 1
63 32 386.491088867 1
63 32 386.702423096 1
63 32 389.015899658 1
63 32 390.807373047 1
63 32 393.572052002 1
63 32 393.927246094 1
63 32 406.611633301 1
63 32 407.481903076 1
63 32 407.643707275 1
63 32 407.780029297 1
63 32 410.533569336 1
63 32 413.72958374 1
63 32 414.226928711 1
63 32 416.159576416 1
63 32 420.218078613 1
63 32 421.469177246 1
63 32 431.328430176 1
63 32 431.703186035 1
63 32 432.259277344 1
63 32 434.662506104 1
63 32 438.980102539 1
63 32 441.196411133 1
63 32 441.638153076 1
63 32 441.790039062 1
63 32 445.166534424 1
63 32 445.344787598 1
63 32 446.293792725 1
63 32 453.12399292 1
63 32 453.45324707 1
63 32 453.73916626 1
63 32 460.994476318 1
63 32 466.637420654 1
63 32 468.942626953 1
63 32 475.395050049 1
63 32 475.872131348 1
63 32 477.452789307 1
63 32 479.489807129 1
63 32 482.656280518 1
63 32 492.41003418 1
63 32 496.05166626 1
63 32 500.046722412 1
63 32 508.411773682 1
63 32 522.031616211 1
63 32 526.604187012 1
63 32 529.83203125 1
63 32 532.567871094 1
63 32 537.035827637 1
63 32 537.408081055 1
63 32 549.135131836 1
63 32 552.891723633 1
63 32 562.759460449 1
63 32 563.229919434 1
63 32 577.49987793 1
63 32 588.154724121 1
63 32 588.590637207 1
63 32 588.665344238 1
63 32 589.91027832 1
63 32 591.195678711 1
63 32 593.272277832 1
63 32 605.110961914 1
63 32 621.424377441 1
63 32 632.037780762 1
63 32 641.360839844 1
63 32 643.847595215 1
63 32 661.665771484 1
63 32 672.144775391 1
63 32 681.956726074 1
63 32 683.254882812 1
63 32 685.36895752 1
63 32 706.338928223 1
63 32 717.256347656 1
63 32 740.343017578 1
63 32 750.639343262 1
63 32 785.251708984 1
63 32 827.112731934 1
63 32 839.629577637 1
63 32 861.810852051 1
63 32 868.831420898 1
63 32 951.870666504 1
63 32 983.866271973 1
63 32 990.983581543 1
63 32 1010.74401855 1
63 32 1042.63183594 1
63 32 1107.14697266 1
63 32 1107.94360352 1
63 32 1458.48291016 1
63 32 1655.3659668 1
63 33 302.567901611 1
63 33 309.184906006 1
63 33 309.248199463 1
63 33 309.799743652 1
63 33 320.891235352 1
63 33 329.66027832 1
63 33 355.365905762 1
63 33 368.880615234 1
63 33 369.727539062 1
63 33 374.525695801 1
63 33 374.852294922 1
63 33 375.201812744 1
63 33 377.804382324 1
63 33 381.748352051 1
63 33 382.910003662 1
63 33 386.924255371 1
63 33 387.433990479 1
63 33 398.47567749 1
63 33 400.085479736 1
63 33 404.458984375 1
63 33 407.118530273 1
63 33 411.23425293 1
63 33 412.361022949 1
63 33 419.69720459 1
63 33 421.133392334 1
63 33 425.343841553 1
63 33 428.922668457 1
63 33 431.746032715 1
63 33 431.866577148 1
63 33 435.116363525 1
63 33 445.386535645 1
63 33 468.34753418 1
63 33 473.380401611 1
63 33 475.980834961 1
63 33 494.283691406 1
63 33 496.529541016 1
63 33 500.123840332 1
63 33 500.630310059 1
63 33 547.665649414 1
63 33 565.892150879 1
63 33 568.651855469 1
63 33 584.119689941 1
63 33 610.104492188 1
63 33 612.410095215 1
63 33 659.31854248 1
63 33 671.649230957 1
63 33 759.859008789 1
63 33 761.379638672 1
63 33 816.053710938 1
63 33 885.356628418 1
63 33 921.588012695 1
63 33 941.55065918 1
63 34 410.595428467 1
63 34 479.794219971 1
63 34 507.234832764 1
63 34 631.827270508 1
63 34 719.29473877 1
63 34 732.220031738 1
63 34 754.074401855 1
63 34 834.032226562 1
63 34 875.619018555 1
63 34 1088.5526123 1
64 24 1676.6418457 1
64 25 1967.60205078 1
64 26 1476.37634277 1
64 27 813.066650391 1
64 27 834.316894531 1
64 27 903.19744873 1
64 27 966.90045166 1
64 27 972.984802246 1
64 27 987.106201172 1
64 27 1031.82897949 1
64 27 1142.49987793 1
64 27 1314.95812988 1
64 27 1334.42541504 1
64 27 1496.83093262 1
64 28 788.261047363 1
64 28 802.828063965 1
64 28 806.046508789 1
64 28 847.749023438 1
64 28 878.390991211 1
64 28 1036.89489746 1
64 28 1219.14160156 1
64 28 1258.1229248 1
64 28 1351.61083984 1
64 28 2863.58154297 1
64 29 695.504760742 1
64 29 803.856628418 1
64 29 820.190246582 1
64 29 824.024169922 1
64 29 842.061340332 1
64 29 1066.92590332 1
64 29 1153.12414551 1
64 29 2016.04492188 1
64 29 2439.74682617 1
64 30 700.646240234 1
64 30 708.406921387 1
64 30 716.101928711 1
64 30 759.511535645 1
64 30 759.645996094 1
64 30 825.563659668 1
64 30 850.877624512 1
64 30 878.861938477 1
64 30 884.201416016 1
64 30 907.101989746 1
64 30 924.258789062 1
64 30 966.242797852 1
64 30 977.198608398 1
64 30 987.254272461 1
64 30 1048.15539551 1
64 30 1062.06152344 1
64 30 1225.10461426 1
64 30 1257.50231934 1
64 30 1261.06262207 1
64 30 1270.24255371 1
64 30 1276.19873047 1
64 30 1432.33081055 1
64 30 1632.12023926 1
64 31 723.152709961 1
64 31 851.134155273 1
64 31 882.543884277 1
64 31 887.469909668 1
64 31 921.845092773 1
64 31 924.462036133 1
64 31 926.852111816 1
64 31 1057.9519043 1
64 31 1123.81054688 1
64 31 1124.48864746 1
64 31 1139.48254395 1
64 31 1265.22607422 1
64 31 1278.10217285 1
64 31 1370.84228516 1
64 31 2030.09106445 1
64 32 813.96887207 1
64 32 822.649475098 1
64 32 905.545166016 1
64 32 930.74609375 1
64 32 955.86315918 1
64 32 1405.29284668 1
64 32 1587.44372559 1
64 32 2101.25537109 1
64 32 2159.65527344 1
64 33 748.34185791 1
64 33 939.025756836 1
64 33 1083.16918945 1
64 33 1240.51599121 1
64 33 1328.13085938 1
64 34 1057.33972168 1
64 37 1209.12841797 1
65 27 1500.54199219 1
65 29 2023.86767578 1
65 31 2478.64892578 1
65 33 1786.4744873 1
69 31 1604.46850586 1
70 20 1614.33789062 1
70 22 1145.19628906 1
70 23 1291.15344238 1
70 24 1143.81933594 1
70 25 969.46105957 1
70 25 1104.86669922 1
70 25 1150.46020508 1
70 25 1251.47558594 1
70 25 1712.13525391 1
70 26 835.239501953 1
70 26 1010.980896 1
70 26 1035.16137695 1
70 26 1245.92041016 1
70 26 1303.5201416 1
70 26 1680.11022949 1
70 27 798.77520752 1
70 27 799.684143066 1
70 27 855.52911377 1
70 27 888.085327148 1
70 27 897.345825195 1
70 27 902.016662598 1
70 27 970.668029785 1
70 27 1053.08032227 1
70 27 1070.36083984 1
70 27 1113.5177002 1
70 27 1129.61914062 1
70 27 1263.33422852 1
70 27 1426.3190918 1
70 28 770.590393066 1
70 28 852.379150391 1
70 28 867.880249023 1
70 28 908.585510254 1
70 28 961.265869141 1
70 28 966.00378418 1
70 28 1024.84118652 1
70 28 1115.23596191 1
70 28 1275.72375488 1
70 28 1601.09069824 1
70 29 713.11328125 1
70 29 757.224365234 1
70 29 803.570495605 1
70 29 864.726074219 1
70 29 883.110778809 1
70 29 884.08001709 1
70 29 937.570556641 1
70 29 973.104187012 1
70 29 1057.49243164 1
70 29 1133.39526367 1
70 29 1146.47045898 1
70 29 1253.80603027 1
70 29 1306.63427734 1
70 29 1307.69763184 1
70 29 1386.73034668 1
70 30 727.275817871 1
70 30 770.315429688 1
70 30 777.882080078 1
70 30 778.941833496 1
70 30 787.869812012 1
70 30 800.76184082 1
70 30 921.61151123 1
70 30 931.308227539 1
70 31 795.787475586 1
70 31 933.121276855 1
70 31 1111.85290527 1
70 31 1196.98901367 1
70 31 1247.96081543 1
70 31 1384.95617676 1
70 31 1411.62145996 1
70 31 1615.94104004 1
70 31 1719.74523926 1
70 31 1789.50073242 1
70 32 1125.49816895 1
70 32 1294.30786133 1
71 18 2380.3269043 1
71 23 2273.86328125 1
71 24 1151.40588379 1
71 25 939.897216797 1
71 25 1439.57263184 1
71 25 1713.17175293 1
71 25 1988.17724609 1
71 26 872.56060791 1
71 26 983.508972168 1
71 26 1067.11669922 1
71 26 1659.47741699 1
71 26 1926.76721191 1
71 26 1977.40820312 1
71 27 704.015075684 1
71 27 769.508544922 1
71 27 877.571228027 1
71 27 987.446838379 1
71 27 1037.02575684 1
71 27 1049.78967285 1
71 27 1097.73852539 1
71 27 1114.35314941 1
71 27 1157.015625 1
71 27 1179.11645508 1
71 27 1521.46496582 1
71 27 1751.61364746 1
71 28 636.917663574 1
71 28 681.900512695 1
71 28 763.600402832 1
71 28 768.697631836 1
71 28 804.285095215 1
71 28 833.018371582 1
71 28 876.112487793 1
71 28 885.840270996 1
71 28 908.109802246 1
71 28 1038.84790039 1
71 28 1081.48815918 1
71 28 1172.21203613 1
71 28 1515.41552734 1
71 29 686.209777832 1
71 29 704.449279785 1
71 29 716.701599121 1
71 29 721.015930176 1
71 29 812.602844238 1
71 29 812.937011719 1
71 29 902.023803711 1
71 29 933.621826172 1
71 29 998.007385254 1
71 29 1033.61425781 1
71 29 1228.25036621 1
71 29 1246.63928223 1
71 29 1424.03967285 1
71 29 1456.8458252 1
71 29 1494.60412598 1
71 29 1611.37548828 1
71 29 1733.43481445 1
71 30 688.318054199 1
71 30 762.666870117 1
71 30 765.086425781 1
71 30 782.957214355 1
71 30 809.48236084 1
71 30 818.633911133 1
71 30 844.096740723 1
71 30 865.159667969 1
71 30 905.126586914 1
71 30 908.711914062 1
71 30 1634.88085938 1
71 31 789.195739746 1
71 31 791.392822266 1
71 31 840.652709961 1
71 31 965.158081055 1
71 32 1572.97607422 1
71 32 2190.2434082 1
72 23 2119.9152832 1
72 29 1411.46350098 1
72 29 1489.47729492 1
76 27 1962.28540039 1
77 30 1697.14123535 1
78 28 1828.94726562 1
