000 3397.0 0.0 10000000.0
008 2765.0 0.0 10000000.0
009 2746.0 0.0 10000000.0
010 2670.0 0.0 10000000.0
011 2818.0 0.0 10000000.0
013 2681.0 0.0 10000000.0
016 2680.0 0.0 10000000.0
022 2618.0 0.0 10000000.0
027 2534.0 0.0 10000000.0
034 2454.0 0.0 10000000.0
045 2450.0 0.0 10000000.0
063 2072.0 0.0 10000000.0
090 1599.0 0.0 10000000.0
117 896.0 0.0 10000000.0
135 593.0 0.0 10000000.0
146 383.0 0.0 10000000.0
153 294.0 0.0 10000000.0
158 277.0 0.0 10000000.0
162 250.0 0.0 10000000.0
164 212.0 0.0 10000000.0
166 202.0 0.0 10000000.0
167 193.0 0.0 10000000.0
169 218.0 0.0 10000000.0
171 215.0 0.0 10000000.0
172 178.0 0.0 10000000.0
180 158.0 0.0 10000000.0
