string dom time hits
53 27 1224.24499512 1
54 22 989.432678223 1
54 22 1671.70349121 1
54 24 1129.43884277 1
54 24 1214.82006836 1
54 24 2109.70825195 1
54 25 828.198364258 1
54 26 778.168884277 1
54 26 1143.79907227 1
54 26 1220.48071289 1
54 27 699.039733887 1
54 27 826.038452148 1
54 27 887.851623535 1
54 28 666.330871582 1
54 28 680.692871094 1
54 28 890.735656738 1
54 28 893.509338379 1
54 28 948.892150879 1
54 28 976.567016602 1
54 28 1064.18994141 1
54 28 1250.39709473 1
54 29 681.963134766 1
54 29 975.424438477 1
54 29 1023.57244873 1
54 29 1605.4576416 1
54 30 656.772155762 1
54 30 693.841491699 1
54 30 765.682434082 1
54 30 834.18371582 1
54 30 931.282409668 1
54 30 1119.78210449 1
54 30 1398.9140625 1
54 31 1304.19750977 1
54 31 1997.06091309 1
54 31 2593.32788086 1
54 32 1114.09277344 1
54 32 1386.08276367 1
54 34 1339.37658691 1
55 21 1562.11572266 1
55 24 1567.57568359 1
55 24 1733.04858398 1
55 24 2406.13500977 1
55 25 1030.46643066 1
55 25 1165.50341797 1
55 26 767.812561035 1
55 26 864.098876953 1
55 26 1104.37670898 1
55 26 1143.99658203 1
55 27 821.233642578 1
55 27 866.824768066 1
55 27 1062.06396484 1
55 27 1235.08239746 1
55 27 1607.21472168 1
55 27 1801.52307129 1
55 28 678.942993164 1
55 28 844.038269043 1
55 28 1089.41577148 1
55 28 1116.90002441 1
55 28 1133.93786621 1
55 28 1137.19604492 1
55 28 1248.54785156 1
55 28 1363.2890625 1
55 28 2190.9621582 1
55 29 761.813415527 1
55 29 907.096069336 1
55 29 954.503051758 1
55 29 1049.02099609 1
55 29 1067.77514648 1
55 29 1342.79785156 1
55 29 1441.2331543 1
55 30 655.098327637 1
55 30 707.654052734 1
55 30 745.389709473 1
55 30 937.068908691 1
55 30 962.331115723 1
55 32 979.312072754 1
55 32 1213.90222168 1
55 32 1339.46862793 1
55 32 1535.02111816 1
55 33 2156.31640625 1
56 27 1595.65405273 1
56 28 1826.89465332 1
56 29 2126.74975586 1
56 30 1365.64831543 1
62 24 1424.17590332 1
62 24 1667.70117188 1
62 25 1030.39160156 1
62 25 1257.13977051 1
62 26 708.685302734 1
62 26 1170.53674316 1
62 27 749.13873291 1
62 27 755.028808594 1
62 27 848.530639648 1
62 27 997.827087402 1
62 27 1099.74621582 1
62 27 1103.19616699 1
62 28 675.305236816 1
62 28 783.766845703 1
62 28 835.042907715 1
62 28 900.003967285 1
62 28 1066.38256836 1
62 28 1172.21789551 1
62 28 1271.32397461 1
62 29 646.735168457 1
62 29 658.407470703 1
62 29 856.879882812 1
62 29 876.376708984 1
62 29 900.316467285 1
62 29 915.014404297 1
62 29 993.058288574 1
62 29 1002.05718994 1
62 29 1284.76831055 1
62 29 1374.36816406 1
62 30 660.313659668 1
62 30 733.976867676 1
62 30 821.117553711 1
62 30 875.58392334 1
62 30 903.38684082 1
62 30 938.979064941 1
62 30 1040.21447754 1
62 30 1146.40551758 1
62 31 762.499145508 1
62 31 1046.00488281 1
62 32 1160.9395752 1
62 32 1401.78173828 1
62 32 1809.13330078 1
63 20 3032.01147461 1
63 21 953.416381836 1
63 21 983.72479248 1
63 21 1213.32373047 1
63 22 759.244506836 1
63 22 849.875366211 1
63 22 1014.59844971 1
63 22 1103.89648438 1
63 22 1487.47875977 1
63 23 625.844970703 1
63 23 646.925964355 1
63 23 682.427734375 1
63 23 693.572509766 1
63 23 706.112304688 1
63 23 707.027893066 1
63 23 1009.69403076 1
63 23 1130.94482422 1
63 23 1200.47180176 1
63 23 1531.81311035 1
63 23 1701.15856934 1
63 24 540.727661133 1
63 24 561.059753418 1
63 24 582.762145996 1
63 24 583.18951416 1
63 24 589.386413574 1
63 24 592.911132812 1
63 24 629.865234375 1
63 24 630.158691406 1
63 24 658.591003418 1
63 24 660.632995605 1
63 24 667.344604492 1
63 24 703.867248535 1
63 24 965.44354248 1
63 24 1190.9621582 1
63 24 1228.06262207 1
63 24 1249.80407715 1
63 24 1457.33996582 1
63 25 423.859924316 1
63 25 427.494262695 1
63 25 431.938964844 1
63 25 435.724853516 1
63 25 437.591918945 1
63 25 448.6690979 1
63 25 470.876312256 1
63 25 471.376037598 1
63 25 480.015716553 1
63 25 488.532806396 1
63 25 497.695556641 1
63 25 498.779571533 1
63 25 501.465881348 1
63 25 507.639373779 1
63 25 511.160308838 1
63 25 517.664367676 1
63 25 519.127807617 1
63 25 561.246948242 1
63 25 586.339538574 1
63 25 595.13848877 1
63 25 601.5078125 1
63 25 612.981689453 1
63 25 621.723571777 1
63 25 624.241333008 1
63 25 640.184082031 1
63 25 641.428039551 1
63 25 651.338500977 1
63 25 653.537780762 1
63 25 657.598205566 1
63 25 662.620056152 1
63 25 668.391174316 1
63 25 669.927856445 1
63 25 682.286682129 1
63 25 685.291748047 1
63 25 691.076660156 1
63 25 705.826538086 1
63 25 732.212646484 1
63 25 741.214172363 1
63 25 769.650390625 1
63 25 817.575683594 1
63 25 838.235656738 1
63 25 966.56060791 1
63 25 1220.39575195 1
63 25 1388.43322754 1
63 25 2103.84399414 1
63 26 325.543609619 1
63 26 327.089141846 1
63 26 327.524871826 1
63 26 330.528808594 1
63 26 332.886657715 1
63 26 333.084686279 1
63 26 333.757049561 1
63 26 334.027404785 1
63 26 339.342987061 1
63 26 344.520141602 1
63 26 344.823028564 1
63 26 345.572265625 1
63 26 346.444091797 1
63 26 347.336486816 1
63 26 347.460174561 1
63 26 347.69720459 1
63 26 349.515991211 1
63 26 350.496795654 1
63 26 351.546722412 1
63 26 351.554046631 1
63 26 353.627410889 1
63 26 354.518341064 1
63 26 356.589874268 1
63 26 356.800720215 1
63 26 356.911346436 1
63 26 358.278869629 1
63 26 361.065490723 1
63 26 361.260681152 1
63 26 361.605865479 1
63 26 362.489044189 1
63 26 364.655426025 1
63 26 365.113098145 1
63 26 365.388275146 1
63 26 365.597045898 1
63 26 365.958312988 1
63 26 368.557281494 1
63 26 368.822143555 1
63 26 369.519592285 1
63 26 370.430541992 1
63 26 370.795654297 1
63 26 371.559692383 1
63 26 372.204284668 1
63 26 372.669036865 1
63 26 373.120941162 1
63 26 373.289520264 1
63 26 375.401245117 1
63 26 376.54574585 1
63 26 377.689208984 1
63 26 380.040710449 1
63 26 380.900054932 1
63 26 381.441223145 1
63 26 383.790161133 1
63 26 386.762084961 1
63 26 387.597045898 1
63 26 388.437561035 1
63 26 388.610046387 1
63 26 388.616424561 1
63 26 393.868621826 1
63 26 393.89642334 1
63 26 398.255126953 1
63 26 398.418334961 1
63 26 401.05480957 1
63 26 404.894622803 1
63 26 405.56149292 1
63 26 405.963775635 1
63 26 407.278991699 1
63 26 407.547576904 1
63 26 413.05670166 1
63 26 414.153625488 1
63 26 420.731506348 1
63 26 422.122192383 1
63 26 423.221588135 1
63 26 423.354309082 1
63 26 424.563781738 1
63 26 425.915435791 1
63 26 432.614807129 1
63 26 433.402008057 1
63 26 435.810272217 1
63 26 437.20211792 1
63 26 443.586334229 1
63 26 446.345947266 1
63 26 446.972900391 1
63 26 448.510650635 1
63 26 450.81072998 1
63 26 452.299804688 1
63 26 457.970062256 1
63 26 460.033599854 1
63 26 462.965148926 1
63 26 467.958892822 1
63 26 469.860443115 1
63 26 470.144775391 1
63 26 474.032470703 1
63 26 475.940185547 1
63 26 480.170776367 1
63 26 481.765930176 1
63 26 482.271850586 1
63 26 493.271881104 1
63 26 500.301605225 1
63 26 515.16394043 1
63 26 515.863037109 1
63 26 520.780334473 1
63 26 524.302429199 1
63 26 530.166015625 1
63 26 532.53717041 1
63 26 532.722839355 1
63 26 538.71685791 1
63 26 546.192626953 1
63 26 563.293945312 1
63 26 563.493469238 1
63 26 564.683288574 1
63 26 567.307128906 1
63 26 570.178405762 1
63 26 570.488586426 1
63 26 586.282958984 1
63 26 592.435668945 1
63 26 593.07208252 1
63 26 595.60748291 1
63 26 597.179931641 1
63 26 606.488586426 1
63 26 618.313049316 1
63 26 661.693908691 1
63 26 681.845336914 1
63 26 708.821655273 1
63 26 710.197998047 1
63 26 711.556091309 1
63 26 727.949951172 1
63 26 791.286804199 1
63 26 805.510864258 1
63 26 871.049255371 1
63 26 872.165100098 1
63 26 876.261474609 1
63 26 879.516113281 1
63 26 932.2109375 1
63 26 971.998718262 1
63 26 1188.59753418 1
63 26 1297.84436035 1
63 26 1490.96594238 1
63 26 1840.11657715 1
63 27 237.75642395 1
63 27 240.216842651 1
63 27 241.420761108 1
63 27 243.201873779 1
63 27 243.572982788 1
63 27 245.849624634 1
63 27 246.044815063 1
63 27 246.1925354 1
63 27 248.68560791 1
63 27 249.05557251 1
63 27 249.115402222 1
63 27 250.205383301 1
63 27 250.287628174 1
63 27 250.432632446 1
63 27 250.604598999 1
63 27 250.890716553 1
63 27 250.916915894 1
63 27 251.140838623 1
63 27 251.169250488 1
63 27 251.275878906 1
63 27 252.050552368 1
63 27 252.338119507 1
63 27 252.462005615 1
63 27 252.873840332 1
63 27 253.248809814 1
63 27 253.524002075 1
63 27 254.871185303 1
63 27 255.034561157 1
63 27 255.76965332 1
63 27 255.775177002 1
63 27 255.857116699 1
63 27 256.039276123 1
63 27 256.061126709 1
63 27 256.149841309 1
63 27 256.156646729 1
63 27 256.202026367 1
63 27 256.238983154 1
63 27 256.79095459 1
63 27 256.843688965 1
63 27 256.873535156 1
63 27 257.065826416 1
63 27 257.088653564 1
63 27 257.363616943 1
63 27 257.369018555 1
63 27 257.379058838 1
63 27 258.547698975 1
63 27 258.729095459 1
63 27 258.863098145 1
63 27 259.025085449 1
63 27 259.360870361 1
63 27 259.37109375 1
63 27 259.381744385 1
63 27 259.692108154 1
63 27 259.876098633 1
63 27 260.117736816 1
63 27 260.282348633 1
63 27 260.36227417 1
63 27 260.462646484 1
63 27 260.564056396 1
63 27 260.684020996 1
63 27 260.744995117 1
63 27 260.836486816 1
63 27 260.904388428 1
63 27 261.231536865 1
63 27 261.744293213 1
63 27 261.817108154 1
63 27 261.970947266 1
63 27 262.380371094 1
63 27 262.528717041 1
63 27 262.556549072 1
63 27 262.601165771 1
63 27 262.747833252 1
63 27 263.078979492 1
63 27 263.384765625 1
63 27 263.688934326 1
63 27 263.774017334 1
63 27 263.861236572 1
63 27 264.734527588 1
63 27 264.872772217 1
63 27 264.951446533 1
63 27 265.661315918 1
63 27 265.716186523 1
63 27 265.749267578 1
63 27 265.883209229 1
63 27 266.587585449 1
63 27 266.608917236 1
63 27 266.632476807 1
63 27 266.715881348 1
63 27 267.218841553 1
63 27 267.774505615 1
63 27 267.880096436 1
63 27 267.972503662 1
63 27 268.020812988 1
63 27 269.425994873 1
63 27 269.555084229 1
63 27 269.897033691 1
63 27 269.901275635 1
63 27 270.088012695 1
63 27 270.282592773 1
63 27 270.679199219 1
63 27 270.683074951 1
63 27 270.782348633 1
63 27 270.87210083 1
63 27 271.218475342 1
63 27 271.303405762 1
63 27 271.586517334 1
63 27 271.674865723 1
63 27 272.370880127 1
63 27 272.677307129 1
63 27 272.93927002 1
63 27 273.71182251 1
63 27 274.236541748 1
63 27 275.394592285 1
63 27 275.591308594 1
63 27 276.379699707 1
63 27 276.892333984 1
63 27 277.019195557 1
63 27 277.219329834 1
63 27 277.499420166 1
63 27 277.5206604 1
63 27 277.570983887 1
63 27 277.710388184 1
63 27 277.772705078 1
63 27 277.891540527 1
63 27 277.992828369 1
63 27 278.266601562 1
63 27 278.33505249 1
63 27 278.568084717 1
63 27 279.164031982 1
63 27 279.214141846 1
63 27 279.260437012 1
63 27 279.387939453 1
63 27 279.416503906 1
63 27 279.531738281 1
63 27 279.541900635 1
63 27 279.557128906 1
63 27 279.747711182 1
63 27 279.807983398 1
63 27 279.963623047 1
63 27 279.977996826 1
63 27 280.49118042 1
63 27 281.103515625 1
63 27 281.33984375 1
63 27 281.77166748 1
63 27 282.801483154 1
63 27 283.021606445 1
63 27 283.074035645 1
63 27 284.230895996 1
63 27 284.904327393 1
63 27 284.988250732 1
63 27 285.469451904 1
63 27 286.111450195 1
63 27 286.740539551 1
63 27 286.755950928 1
63 27 286.984649658 1
63 27 287.035217285 1
63 27 287.249847412 1
63 27 288.464263916 1
63 27 288.47958374 1
63 27 288.938354492 1
63 27 289.105621338 1
63 27 289.232666016 1
63 27 289.526824951 1
63 27 290.07925415 1
63 27 290.482147217 1
63 27 290.807739258 1
63 27 290.871704102 1
63 27 291.021575928 1
63 27 291.196624756 1
63 27 291.485168457 1
63 27 291.742706299 1
63 27 292.223419189 1
63 27 292.58795166 1
63 27 292.615356445 1
63 27 292.697723389 1
63 27 292.875915527 1
63 27 293.141937256 1
63 27 293.165008545 1
63 27 293.787414551 1
63 27 294.352813721 1
63 27 294.90222168 1
63 27 295.045013428 1
63 27 295.168182373 1
63 27 296.504638672 1
63 27 296.519775391 1
63 27 297.352233887 1
63 27 297.385467529 1
63 27 297.405090332 1
63 27 297.49887085 1
63 27 297.551696777 1
63 27 297.852203369 1
63 27 298.023742676 1
63 27 300.743530273 1
63 27 300.828765869 1
63 27 300.945251465 1
63 27 301.062225342 1
63 27 301.215301514 1
63 27 301.5831604 1
63 27 301.77154541 1
63 27 302.097991943 1
63 27 303.346374512 1
63 27 303.46194458 1
63 27 303.876495361 1
63 27 303.888275146 1
63 27 304.351074219 1
63 27 304.83706665 1
63 27 307.932037354 1
63 27 308.559692383 1
63 27 308.71270752 1
63 27 309.252655029 1
63 27 309.505126953 1
63 27 309.549957275 1
63 27 309.860717773 1
63 27 310.001159668 1
63 27 310.439666748 1
63 27 310.850646973 1
63 27 312.734619141 1
63 27 312.738922119 1
63 27 312.927947998 1
63 27 313.312042236 1
63 27 313.818786621 1
63 27 318.046020508 1
63 27 318.613006592 1
63 27 319.61630249 1
63 27 319.987030029 1
63 27 320.148651123 1
63 27 320.593048096 1
63 27 320.808563232 1
63 27 321.667053223 1
63 27 321.765655518 1
63 27 322.011413574 1
63 27 322.142425537 1
63 27 322.46661377 1
63 27 322.577026367 1
63 27 322.592956543 1
63 27 322.627197266 1
63 27 323.233062744 1
63 27 323.9034729 1
63 27 324.193450928 1
63 27 324.904998779 1
63 27 325.017852783 1
63 27 325.425567627 1
63 27 326.049041748 1
63 27 327.540679932 1
63 27 327.771697998 1
63 27 327.859558105 1
63 27 328.169647217 1
63 27 328.606719971 1
63 27 329.601989746 1
63 27 329.94039917 1
63 27 330.270690918 1
63 27 330.830932617 1
63 27 332.935180664 1
63 27 333.122711182 1
63 27 333.13269043 1
63 27 333.831115723 1
63 27 333.997924805 1
63 27 334.499603271 1
63 27 335.032714844 1
63 27 336.811584473 1
63 27 337.855560303 1
63 27 337.892974854 1
63 27 339.632507324 1
63 27 340.517211914 1
63 27 341.236663818 1
63 27 341.482208252 1
63 27 342.881408691 1
63 27 344.706542969 1
63 27 345.441986084 1
63 27 346.059875488 1
63 27 348.680847168 1
63 27 348.879455566 1
63 27 350.083526611 1
63 27 350.789215088 1
63 27 355.23449707 1
63 27 355.850830078 1
63 27 356.080596924 1
63 27 356.248962402 1
63 27 357.895507812 1
63 27 361.284973145 1
63 27 363.037872314 1
63 27 365.617431641 1
63 27 366.276947021 1
63 27 366.479553223 1
63 27 368.640380859 1
63 27 369.112365723 1
63 27 369.388885498 1
63 27 371.107513428 1
63 27 371.404998779 1
63 27 372.665100098 1
63 27 372.768096924 1
63 27 373.872589111 1
63 27 376.044250488 1
63 27 377.683349609 1
63 27 383.54473877 1
63 27 385.36505127 1
63 27 386.938781738 1
63 27 388.262176514 1
63 27 388.749847412 1
63 27 389.151672363 1
63 27 394.020141602 1
63 27 395.15625 1
63 27 407.6144104 1
63 27 411.103118896 1
63 27 412.858154297 1
63 27 413.373260498 1
63 27 415.594390869 1
63 27 419.177032471 1
63 27 422.460876465 1
63 27 422.754516602 1
63 27 431.875701904 1
63 27 436.915679932 1
63 27 437.132995605 1
63 27 437.179840088 1
63 27 439.679962158 1
63 27 446.577819824 1
63 27 448.38684082 1
63 27 453.000915527 1
63 27 459.931610107 1
63 27 464.950500488 1
63 27 492.174804688 1
63 27 493.440948486 1
63 27 494.641876221 1
63 27 503.157440186 1
63 27 504.02947998 1
63 27 517.071533203 1
63 27 529.354553223 1
63 27 530.166748047 1
63 27 532.784729004 1
63 27 557.230651855 1
63 27 574.335510254 1
63 27 585.25402832 1
63 27 587.910705566 1
63 27 596.832458496 1
63 27 605.545227051 1
63 27 605.899169922 1
63 27 640.703063965 1
63 27 643.502685547 1
63 27 648.651123047 1
63 27 676.718933105 1
63 27 704.14642334 1
63 27 732.170043945 1
63 27 738.194458008 1
63 27 740.131958008 1
63 27 769.154602051 1
63 27 777.872192383 1
63 27 807.740722656 1
63 27 834.911254883 1
63 27 835.751403809 1
63 27 840.874511719 1
63 27 842.804443359 1
63 27 846.589477539 1
63 27 847.272338867 1
63 27 849.378173828 1
63 27 857.759155273 1
63 27 864.324157715 1
63 27 885.541748047 1
63 27 946.984558105 1
63 27 977.115478516 1
63 27 1047.68029785 1
63 27 1140.95837402 1
63 27 1170.63598633 1
63 27 1182.43664551 1
63 27 1630.57116699 1
63 28 162.445968628 1
63 28 162.659088135 1
63 28 162.889068604 1
63 28 162.898620605 1
63 28 163.220870972 1
63 28 163.324569702 1
63 28 163.440643311 1
63 28 163.473632812 1
63 28 163.765640259 1
63 28 164.056762695 1
63 28 164.146759033 1
63 28 164.517349243 1
63 28 165.296508789 1
63 28 165.313491821 1
63 28 165.368377686 1
63 28 165.385360718 1
63 28 165.649154663 1
63 28 165.747314453 1
63 28 165.932937622 1
63 28 165.967758179 1
63 28 166.056289673 1
63 28 166.340454102 1
63 28 166.508758545 1
63 28 166.51020813 1
63 28 166.617752075 1
63 28 166.69758606 1
63 28 166.793869019 1
63 28 166.859954834 1
63 28 166.89100647 1
63 28 166.936676025 1
63 28 167.223953247 1
63 28 167.233093262 1
63 28 167.305908203 1
63 28 167.344848633 1
63 28 167.373748779 1
63 28 167.557785034 1
63 28 167.693145752 1
63 28 167.756454468 1
63 28 167.77355957 1
63 28 167.833786011 1
63 28 167.838180542 1
63 28 168.123123169 1
63 28 168.394897461 1
63 28 168.527801514 1
63 28 168.532928467 1
63 28 168.573532104 1
63 28 168.582061768 1
63 28 168.68510437 1
63 28 168.725585938 1
63 28 168.785064697 1
63 28 168.938827515 1
63 28 169.016876221 1
63 28 169.027160645 1
63 28 169.067840576 1
63 28 169.08001709 1
63 28 169.118835449 1
63 28 169.226226807 1
63 28 169.292617798 1
63 28 169.491073608 1
63 28 169.520736694 1
63 28 169.629272461 1
63 28 169.63458252 1
63 28 169.662658691 1
63 28 169.690063477 1
63 28 169.696380615 1
63 28 169.799087524 1
63 28 169.856552124 1
63 28 170.05519104 1
63 28 170.07585144 1
63 28 170.083908081 1
63 28 170.110916138 1
63 28 170.132263184 1
63 28 170.268676758 1
63 28 170.326431274 1
63 28 170.350631714 1
63 28 170.410385132 1
63 28 170.428268433 1
63 28 170.430053711 1
63 28 170.43762207 1
63 28 170.474716187 1
63 28 170.501281738 1
63 28 170.526535034 1
63 28 170.598068237 1
63 28 170.708251953 1
63 28 170.746414185 1
63 28 170.795501709 1
63 28 170.800506592 1
63 28 170.819290161 1
63 28 170.969146729 1
63 28 170.972610474 1
63 28 170.990097046 1
63 28 171.039230347 1
63 28 171.042175293 1
63 28 171.118438721 1
63 28 171.165313721 1
63 28 171.203231812 1
63 28 171.216720581 1
63 28 171.280944824 1
63 28 171.301361084 1
63 28 171.378417969 1
63 28 171.391921997 1
63 28 171.403900146 1
63 28 171.406066895 1
63 28 171.565460205 1
63 28 171.572677612 1
63 28 171.62437439 1
63 28 171.629165649 1
63 28 171.647735596 1
63 28 171.712463379 1
63 28 171.755981445 1
63 28 171.817520142 1
63 28 171.846038818 1
63 28 171.946884155 1
63 28 172.043395996 1
63 28 172.118240356 1
63 28 172.122192383 1
63 28 172.146957397 1
63 28 172.16859436 1
63 28 172.217681885 1
63 28 172.230743408 1
63 28 172.286087036 1
63 28 172.317840576 1
63 28 172.402511597 1
63 28 172.501647949 1
63 28 172.572463989 1
63 28 172.649520874 1
63 28 172.656906128 1
63 28 172.717666626 1
63 28 172.720046997 1
63 28 172.752197266 1
63 28 172.781295776 1
63 28 172.848190308 1
63 28 172.867492676 1
63 28 172.89213562 1
63 28 172.913696289 1
63 28 173.01184082 1
63 28 173.014831543 1
63 28 173.039993286 1
63 28 173.088531494 1
63 28 173.120285034 1
63 28 173.451171875 1
63 28 173.453231812 1
63 28 173.48878479 1
63 28 173.500869751 1
63 28 173.577011108 1
63 28 173.638656616 1
63 28 173.664047241 1
63 28 173.688812256 1
63 28 173.699386597 1
63 28 173.739196777 1
63 28 173.73979187 1
63 28 173.739990234 1
63 28 173.741149902 1
63 28 173.802078247 1
63 28 173.822647095 1
63 28 173.907714844 1
63 28 173.914794922 1
63 28 173.977661133 1
63 28 174.02796936 1
63 28 174.062530518 1
63 28 174.132354736 1
63 28 174.154724121 1
63 28 174.194259644 1
63 28 174.216247559 1
63 28 174.218185425 1
63 28 174.236053467 1
63 28 174.286682129 1
63 28 174.386856079 1
63 28 174.399719238 1
63 28 174.404998779 1
63 28 174.563995361 1
63 28 174.571914673 1
63 28 174.578582764 1
63 28 174.648239136 1
63 28 174.650527954 1
63 28 174.658630371 1
63 28 174.746688843 1
63 28 174.797393799 1
63 28 174.967102051 1
63 28 174.979354858 1
63 28 175.000961304 1
63 28 175.064804077 1
63 28 175.080886841 1
63 28 175.129806519 1
63 28 175.143127441 1
63 28 175.156494141 1
63 28 175.202468872 1
63 28 175.261871338 1
63 28 175.352981567 1
63 28 175.361984253 1
63 28 175.393997192 1
63 28 175.442855835 1
63 28 175.52482605 1
63 28 175.576049805 1
63 28 175.606719971 1
63 28 175.677383423 1
63 28 175.709655762 1
63 28 175.872039795 1
63 28 175.898147583 1
63 28 175.932342529 1
63 28 175.943008423 1
63 28 175.978683472 1
63 28 176.044235229 1
63 28 176.073486328 1
63 28 176.172409058 1
63 28 176.202728271 1
63 28 176.246353149 1
63 28 176.263031006 1
63 28 176.336456299 1
63 28 176.349502563 1
63 28 176.427429199 1
63 28 176.487503052 1
63 28 176.491455078 1
63 28 176.554931641 1
63 28 176.582855225 1
63 28 176.76133728 1
63 28 176.822906494 1
63 28 176.959884644 1
63 28 177.076171875 1
63 28 177.112792969 1
63 28 177.142150879 1
63 28 177.209899902 1
63 28 177.250167847 1
63 28 177.331253052 1
63 28 177.375640869 1
63 28 177.396331787 1
63 28 177.507019043 1
63 28 177.533966064 1
63 28 177.574539185 1
63 28 177.624984741 1
63 28 177.631149292 1
63 28 177.631637573 1
63 28 177.639694214 1
63 28 177.703125 1
63 28 177.728103638 1
63 28 177.757003784 1
63 28 177.780456543 1
63 28 177.78326416 1
63 28 177.92477417 1
63 28 177.995223999 1
63 28 177.998641968 1
63 28 178.013153076 1
63 28 178.052276611 1
63 28 178.126174927 1
63 28 178.199157715 1
63 28 178.283477783 1
63 28 178.337615967 1
63 28 178.386810303 1
63 28 178.400894165 1
63 28 178.487930298 1
63 28 178.543777466 1
63 28 178.547042847 1
63 28 178.616043091 1
63 28 178.760971069 1
63 28 178.761474609 1
63 28 178.774887085 1
63 28 178.835922241 1
63 28 178.847549438 1
63 28 178.857192993 1
63 28 178.882003784 1
63 28 178.995452881 1
63 28 179.039474487 1
63 28 179.078170776 1
63 28 179.08303833 1
63 28 179.279373169 1
63 28 179.283996582 1
63 28 179.367401123 1
63 28 179.387741089 1
63 28 179.463363647 1
63 28 179.498550415 1
63 28 179.574432373 1
63 28 179.582870483 1
63 28 179.712417603 1
63 28 179.774230957 1
63 28 179.972137451 1
63 28 180.06993103 1
63 28 180.101989746 1
63 28 180.131225586 1
63 28 180.239471436 1
63 28 180.261383057 1
63 28 180.380325317 1
63 28 180.406997681 1
63 28 180.414764404 1
63 28 180.45149231 1
63 28 180.5105896 1
63 28 180.520309448 1
63 28 180.575775146 1
63 28 180.578933716 1
63 28 180.597747803 1
63 28 180.73210144 1
63 28 180.922775269 1
63 28 180.929702759 1
63 28 181.048095703 1
63 28 181.07270813 1
63 28 181.108200073 1
63 28 181.172897339 1
63 28 181.176315308 1
63 28 181.257995605 1
63 28 181.336135864 1
63 28 181.412796021 1
63 28 181.42098999 1
63 28 181.613113403 1
63 28 181.617477417 1
63 28 181.679962158 1
63 28 181.699264526 1
63 28 181.921234131 1
63 28 181.961135864 1
63 28 182.03036499 1
63 28 182.058120728 1
63 28 182.186325073 1
63 28 182.221740723 1
63 28 182.352478027 1
63 28 182.513473511 1
63 28 182.53843689 1
63 28 182.59677124 1
63 28 182.627380371 1
63 28 182.655456543 1
63 28 182.668914795 1
63 28 182.761474609 1
63 28 182.779510498 1
63 28 182.784240723 1
63 28 182.805297852 1
63 28 182.853607178 1
63 28 182.870513916 1
63 28 183.100967407 1
63 28 183.136535645 1
63 28 183.145675659 1
63 28 183.330001831 1
63 28 183.657791138 1
63 28 183.692474365 1
63 28 183.792129517 1
63 28 183.889251709 1
63 28 184.018630981 1
63 28 184.22833252 1
63 28 184.234176636 1
63 28 184.390441895 1
63 28 184.404037476 1
63 28 184.512954712 1
63 28 184.570587158 1
63 28 184.653671265 1
63 28 184.677536011 1
63 28 184.737243652 1
63 28 184.822036743 1
63 28 184.841278076 1
63 28 184.857131958 1
63 28 184.865524292 1
63 28 184.869476318 1
63 28 184.871536255 1
63 28 184.915405273 1
63 28 185.093429565 1
63 28 185.183685303 1
63 28 185.205307007 1
63 28 185.215774536 1
63 28 185.377456665 1
63 28 185.527450562 1
63 28 185.552474976 1
63 28 185.615814209 1
63 28 185.620742798 1
63 28 185.829986572 1
63 28 185.878952026 1
63 28 185.90423584 1
63 28 185.91229248 1
63 28 185.934738159 1
63 28 185.961685181 1
63 28 186.042007446 1
63 28 186.163772583 1
63 28 186.217575073 1
63 28 186.33821106 1
63 28 186.417160034 1
63 28 186.44229126 1
63 28 186.56867981 1
63 28 186.572998047 1
63 28 186.585189819 1
63 28 186.607772827 1
63 28 186.634841919 1
63 28 186.746749878 1
63 28 186.846221924 1
63 28 186.972488403 1
63 28 187.233657837 1
63 28 187.369476318 1
63 28 187.381378174 1
63 28 187.432235718 1
63 28 187.506896973 1
63 28 187.563446045 1
63 28 187.739395142 1
63 28 187.775726318 1
63 28 187.999023438 1
63 28 188.125793457 1
63 28 188.177932739 1
63 28 188.275924683 1
63 28 188.307373047 1
63 28 188.308151245 1
63 28 188.336547852 1
63 28 188.367767334 1
63 28 188.530395508 1
63 28 188.58366394 1
63 28 188.585113525 1
63 28 188.805236816 1
63 28 188.892868042 1
63 28 188.916702271 1
63 28 189.03062439 1
63 28 189.064147949 1
63 28 189.078979492 1
63 28 189.085098267 1
63 28 189.108184814 1
63 28 189.189285278 1
63 28 189.319213867 1
63 28 189.344802856 1
63 28 189.348709106 1
63 28 189.376281738 1
63 28 189.376556396 1
63 28 189.378067017 1
63 28 189.431716919 1
63 28 189.725250244 1
63 28 189.802368164 1
63 28 189.807037354 1
63 28 189.820526123 1
63 28 189.858566284 1
63 28 189.886322021 1
63 28 190.160552979 1
63 28 190.344314575 1
63 28 190.40713501 1
63 28 190.426605225 1
63 28 190.4322052 1
63 28 190.485549927 1
63 28 190.595336914 1
63 28 190.606216431 1
63 28 190.921936035 1
63 28 191.146270752 1
63 28 191.187850952 1
63 28 191.204162598 1
63 28 191.458007812 1
63 28 191.661514282 1
63 28 191.683227539 1
63 28 191.697265625 1
63 28 191.85635376 1
63 28 191.924453735 1
63 28 191.931289673 1
63 28 192.054428101 1
63 28 192.079788208 1
63 28 192.136856079 1
63 28 192.327423096 1
63 28 192.375915527 1
63 28 192.4243927 1
63 28 192.496414185 1
63 28 192.586288452 1
63 28 192.598068237 1
63 28 192.65637207 1
63 28 192.660018921 1
63 28 192.663238525 1
63 28 192.755828857 1
63 28 192.88684082 1
63 28 193.034713745 1
63 28 193.046936035 1
63 28 193.155090332 1
63 28 193.47454834 1
63 28 193.789169312 1
63 28 193.915542603 1
63 28 193.928512573 1
63 28 194.036804199 1
63 28 194.319641113 1
63 28 194.499771118 1
63 28 194.503768921 1
63 28 194.511917114 1
63 28 194.536514282 1
63 28 194.810928345 1
63 28 194.872406006 1
63 28 194.943054199 1
63 28 195.169219971 1
63 28 195.19682312 1
63 28 195.335906982 1
63 28 195.507858276 1
63 28 195.559295654 1
63 28 195.624008179 1
63 28 195.631530762 1
63 28 195.646789551 1
63 28 195.829788208 1
63 28 195.85824585 1
63 28 196.089874268 1
63 28 196.282623291 1
63 28 196.359329224 1
63 28 196.62348938 1
63 28 196.66645813 1
63 28 197.017333984 1
63 28 197.032318115 1
63 28 197.074279785 1
63 28 197.163284302 1
63 28 197.415893555 1
63 28 197.533325195 1
63 28 197.685440063 1
63 28 197.738571167 1
63 28 198.072875977 1
63 28 198.32585144 1
63 28 198.332214355 1
63 28 198.409606934 1
63 28 198.78237915 1
63 28 198.821960449 1
63 28 198.896759033 1
63 28 198.947662354 1
63 28 198.95274353 1
63 28 199.07409668 1
63 28 199.109024048 1
63 28 199.1771698 1
63 28 199.241088867 1
63 28 199.439147949 1
63 28 199.674804688 1
63 28 199.86076355 1
63 28 200.016479492 1
63 28 200.055252075 1
63 28 200.089981079 1
63 28 200.242996216 1
63 28 200.286315918 1
63 28 200.390548706 1
63 28 200.459869385 1
63 28 200.59727478 1
63 28 200.716033936 1
63 28 200.935516357 1
63 28 201.104949951 1
63 28 201.214920044 1
63 28 201.280548096 1
63 28 201.322021484 1
63 28 201.525100708 1
63 28 201.676116943 1
63 28 201.778152466 1
63 28 201.833023071 1
63 28 201.957473755 1
63 28 201.969802856 1
63 28 202.000427246 1
63 28 202.141815186 1
63 28 202.1668396 1
63 28 202.504943848 1
63 28 202.532226562 1
63 28 202.859191895 1
63 28 203.085922241 1
63 28 203.351089478 1
63 28 203.567474365 1
63 28 203.713027954 1
63 28 203.729278564 1
63 28 203.834411621 1
63 28 203.928894043 1
63 28 204.031265259 1
63 28 204.050430298 1
63 28 204.103363037 1
63 28 204.354003906 1
63 28 204.394104004 1
63 28 204.492584229 1
63 28 204.64414978 1
63 28 204.887573242 1
63 28 204.936584473 1
63 28 205.019729614 1
63 28 205.025558472 1
63 28 205.131530762 1
63 28 205.430831909 1
63 28 205.500396729 1
63 28 205.71307373 1
63 28 206.346282959 1
63 28 206.397140503 1
63 28 206.447647095 1
63 28 206.710861206 1
63 28 207.169754028 1
63 28 207.448257446 1
63 28 207.507904053 1
63 28 207.879394531 1
63 28 208.202285767 1
63 28 208.217590332 1
63 28 208.46131897 1
63 28 208.683258057 1
63 28 209.303329468 1
63 28 209.939208984 1
63 28 210.159484863 1
63 28 210.165176392 1
63 28 210.358276367 1
63 28 210.539459229 1
63 28 211.445922852 1
63 28 211.594421387 1
63 28 211.828262329 1
63 28 211.900924683 1
63 28 212.200119019 1
63 28 212.440338135 1
63 28 212.64541626 1
63 28 212.6978302 1
63 28 212.793380737 1
63 28 212.819320679 1
63 28 213.144577026 1
63 28 213.902420044 1
63 28 214.265899658 1
63 28 214.650360107 1
63 28 214.796585083 1
63 28 214.832550049 1
63 28 215.028579712 1
63 28 215.108093262 1
63 28 215.26550293 1
63 28 215.322158813 1
63 28 215.81803894 1
63 28 216.073364258 1
63 28 216.118331909 1
63 28 216.48059082 1
63 28 216.662063599 1
63 28 216.96534729 1
63 28 217.003417969 1
63 28 217.181259155 1
63 28 217.23336792 1
63 28 217.410552979 1
63 28 217.990646362 1
63 28 218.25970459 1
63 28 218.271759033 1
63 28 218.599761963 1
63 28 219.112930298 1
63 28 219.13482666 1
63 28 219.223831177 1
63 28 219.351959229 1
63 28 219.353103638 1
63 28 219.702484131 1
63 28 219.75163269 1
63 28 220.315475464 1
63 28 220.697540283 1
63 28 221.121856689 1
63 28 221.494628906 1
63 28 221.541381836 1
63 28 221.644546509 1
63 28 222.143157959 1
63 28 222.411865234 1
63 28 222.48085022 1
63 28 222.930557251 1
63 28 223.449859619 1
63 28 223.638580322 1
63 28 223.913375854 1
63 28 224.703811646 1
63 28 224.758743286 1
63 28 225.101043701 1
63 28 225.594177246 1
63 28 226.3802948 1
63 28 226.398788452 1
63 28 226.531661987 1
63 28 226.631027222 1
63 28 226.994857788 1
63 28 227.024688721 1
63 28 227.124511719 1
63 28 227.454345703 1
63 28 227.75668335 1
63 28 227.775665283 1
63 28 228.307723999 1
63 28 228.412261963 1
63 28 228.424072266 1
63 28 228.749435425 1
63 28 228.837219238 1
63 28 228.917694092 1
63 28 229.058532715 1
63 28 229.399536133 1
63 28 229.539474487 1
63 28 229.612930298 1
63 28 229.813430786 1
63 28 230.170059204 1
63 28 230.739944458 1
63 28 230.997924805 1
63 28 231.697280884 1
63 28 232.179107666 1
63 28 232.764816284 1
63 28 233.241027832 1
63 28 233.482498169 1
63 28 233.969543457 1
63 28 234.996765137 1
63 28 235.893218994 1
63 28 235.957122803 1
63 28 237.23008728 1
63 28 237.435684204 1
63 28 238.13130188 1
63 28 238.13243103 1
63 28 238.905456543 1
63 28 239.684112549 1
63 28 239.754699707 1
63 28 239.974884033 1
63 28 239.981964111 1
63 28 240.270614624 1
63 28 240.320999146 1
63 28 240.454467773 1
63 28 240.798126221 1
63 28 241.437194824 1
63 28 242.926528931 1
63 28 242.995361328 1
63 28 245.344345093 1
63 28 246.810699463 1
63 28 247.034240723 1
63 28 248.559448242 1
63 28 249.664962769 1
63 28 250.883361816 1
63 28 250.980743408 1
63 28 251.69203186 1
63 28 251.713607788 1
63 28 252.229949951 1
63 28 252.266571045 1
63 28 252.839675903 1
63 28 252.980133057 1
63 28 253.086624146 1
63 28 253.871200562 1
63 28 254.445022583 1
63 28 256.878845215 1
63 28 258.21105957 1
63 28 258.587158203 1
63 28 258.946472168 1
63 28 259.070281982 1
63 28 259.635131836 1
63 28 260.976318359 1
63 28 262.221008301 1
63 28 264.18951416 1
63 28 264.896636963 1
63 28 267.672393799 1
63 28 268.938812256 1
63 28 269.680725098 1
63 28 269.768859863 1
63 28 269.932495117 1
63 28 269.982635498 1
63 28 274.973144531 1
63 28 276.353027344 1
63 28 276.776641846 1
63 28 277.244445801 1
63 28 277.790740967 1
63 28 277.949249268 1
63 28 277.958587646 1
63 28 279.055267334 1
63 28 279.23638916 1
63 28 281.589935303 1
63 28 281.887878418 1
63 28 284.830352783 1
63 28 285.161254883 1
63 28 285.990539551 1
63 28 287.135986328 1
63 28 289.067901611 1
63 28 294.628356934 1
63 28 295.281951904 1
63 28 295.776153564 1
63 28 297.643157959 1
63 28 298.921905518 1
63 28 301.296539307 1
63 28 301.588653564 1
63 28 305.147003174 1
63 28 307.575531006 1
63 28 307.5831604 1
63 28 313.522613525 1
63 28 315.943878174 1
63 28 318.394287109 1
63 28 322.105316162 1
63 28 322.18157959 1
63 28 326.405975342 1
63 28 328.9112854 1
63 28 333.398162842 1
63 28 340.789733887 1
63 28 341.275604248 1
63 28 345.033813477 1
63 28 346.256072998 1
63 28 346.301513672 1
63 28 347.138397217 1
63 28 348.431976318 1
63 28 348.669952393 1
63 28 349.972595215 1
63 28 350.482757568 1
63 28 355.993743896 1
63 28 356.630249023 1
63 28 364.125152588 1
63 28 368.325378418 1
63 28 373.160980225 1
63 28 376.786621094 1
63 28 385.448394775 1
63 28 391.368988037 1
63 28 391.845245361 1
63 28 396.545654297 1
63 28 398.758178711 1
63 28 399.322418213 1
63 28 399.651519775 1
63 28 401.740325928 1
63 28 401.958435059 1
63 28 403.253601074 1
63 28 411.68347168 1
63 28 413.153533936 1
63 28 413.818634033 1
63 28 437.246643066 1
63 28 438.478820801 1
63 28 446.469207764 1
63 28 452.477813721 1
63 28 460.068023682 1
63 28 460.244476318 1
63 28 473.704742432 1
63 28 476.66217041 1
63 28 477.309967041 1
63 28 481.260803223 1
63 28 483.004058838 1
63 28 491.248931885 1
63 28 491.683074951 1
63 28 492.534484863 1
63 28 510.879211426 1
63 28 514.368774414 1
63 28 517.169921875 1
63 28 517.797363281 1
63 28 526.892333984 1
63 28 535.986022949 1
63 28 537.087585449 1
63 28 539.222473145 1
63 28 542.501647949 1
63 28 551.428283691 1
63 28 552.442810059 1
63 28 560.213562012 1
63 28 578.971069336 1
63 28 600.48638916 1
63 28 628.295349121 1
63 28 634.75378418 1
63 28 636.567016602 1
63 28 638.655090332 1
63 28 660.463012695 1
63 28 676.166564941 1
63 28 694.632202148 1
63 28 708.137451172 1
63 28 711.85723877 1
63 28 739.011474609 1
63 28 772.471557617 1
63 28 773.091064453 1
63 28 784.122741699 1
63 28 793.79901123 1
63 28 796.897216797 1
63 28 807.51184082 1
63 28 812.681396484 1
63 28 871.603881836 1
63 28 893.38104248 1
63 28 893.80645752 1
63 28 993.798156738 1
63 28 1071.46923828 1
63 28 1093.2454834 1
63 28 1186.24658203 1
63 28 1230.15429688 1
63 28 1379.73681641 1
63 29 78.6912918091 1
63 29 79.0796279907 1
63 29 79.3163528442 1
63 29 79.3420791626 1
63 29 79.7610626221 1
63 29 79.9530410767 1
63 29 80.1305770874 1
63 29 80.2651977539 1
63 29 80.3830032349 1
63 29 80.3954162598 1
63 29 80.7419891357 1
63 29 80.8664474487 1
63 29 81.0325698853 1
63 29 81.0514602661 1
63 29 81.0759353638 1
63 29 81.0827865601 1
63 29 81.0840606689 1
63 29 81.2898483276 1
63 29 81.4028320312 1
63 29 81.6047210693 1
63 29 81.6958999634 1
63 29 81.7503356934 1
63 29 81.75756073 1
63 29 81.7707977295 1
63 29 81.9254989624 1
63 29 81.9540328979 1
63 29 82.0174942017 1
63 29 82.0757827759 1
63 29 82.1079483032 1
63 29 82.1600341797 1
63 29 82.1702880859 1
63 29 82.1781921387 1
63 29 82.2703475952 1
63 29 82.3435974121 1
63 29 82.3724060059 1
63 29 82.5670471191 1
63 29 82.5790176392 1
63 29 82.5897521973 1
63 29 82.6031417847 1
63 29 82.6154556274 1
63 29 82.645362854 1
63 29 82.6790618896 1
63 29 82.710975647 1
63 29 82.7116546631 1
63 29 82.7149276733 1
63 29 82.7249755859 1
63 29 82.7467803955 1
63 29 82.8146514893 1
63 29 82.8305740356 1
63 29 82.8687515259 1
63 29 82.958732605 1
63 29 82.9807510376 1
63 29 83.017036438 1
63 29 83.1032028198 1
63 29 83.1609954834 1
63 29 83.1836700439 1
63 29 83.1886901855 1
63 29 83.1993026733 1
63 29 83.2139892578 1
63 29 83.2408065796 1
63 29 83.2622070312 1
63 29 83.3112564087 1
63 29 83.3115158081 1
63 29 83.3425979614 1
63 29 83.3959121704 1
63 29 83.4736022949 1
63 29 83.6137237549 1
63 29 83.6174087524 1
63 29 83.6321487427 1
63 29 83.6809844971 1
63 29 83.6960678101 1
63 29 83.715423584 1
63 29 83.7207794189 1
63 29 83.7501678467 1
63 29 83.7765884399 1
63 29 83.7910995483 1
63 29 83.8106384277 1
63 29 83.8127975464 1
63 29 83.8775253296 1
63 29 83.8818817139 1
63 29 83.9112319946 1
63 29 83.9522857666 1
63 29 83.9930419922 1
63 29 84.0621109009 1
63 29 84.0992126465 1
63 29 84.1461257935 1
63 29 84.2293777466 1
63 29 84.25806427 1
63 29 84.4357452393 1
63 29 84.4359436035 1
63 29 84.4836654663 1
63 29 84.4930953979 1
63 29 84.5140151978 1
63 29 84.520324707 1
63 29 84.544380188 1
63 29 84.5529251099 1
63 29 84.7228317261 1
63 29 84.7245178223 1
63 29 84.7550430298 1
63 29 84.7820053101 1
63 29 84.8204574585 1
63 29 84.8708648682 1
63 29 84.8933258057 1
63 29 84.9320373535 1
63 29 84.9561233521 1
63 29 84.9662094116 1
63 29 84.9692230225 1
63 29 84.9723815918 1
63 29 84.9740142822 1
63 29 85.0101776123 1
63 29 85.0246887207 1
63 29 85.0648269653 1
63 29 85.0749206543 1
63 29 85.0805282593 1
63 29 85.1274185181 1
63 29 85.1484985352 1
63 29 85.1491088867 1
63 29 85.1575241089 1
63 29 85.1594238281 1
63 29 85.1876754761 1
63 29 85.2039108276 1
63 29 85.2211914062 1
63 29 85.2412643433 1
63 29 85.2525634766 1
63 29 85.2619400024 1
63 29 85.291343689 1
63 29 85.2988586426 1
63 29 85.3016052246 1
63 29 85.3542327881 1
63 29 85.3592834473 1
63 29 85.3801040649 1
63 29 85.384262085 1
63 29 85.4165039062 1
63 29 85.4235076904 1
63 29 85.4237213135 1
63 29 85.4820098877 1
63 29 85.4897460938 1
63 29 85.4912033081 1
63 29 85.5073623657 1
63 29 85.5507278442 1
63 29 85.5872497559 1
63 29 85.593536377 1
63 29 85.6050262451 1
63 29 85.686050415 1
63 29 85.71534729 1
63 29 85.7171096802 1
63 29 85.7213668823 1
63 29 85.7235183716 1
63 29 85.7338027954 1
63 29 85.7724456787 1
63 29 85.7791671753 1
63 29 85.7798309326 1
63 29 85.7822570801 1
63 29 85.7865905762 1
63 29 85.7867126465 1
63 29 85.826789856 1
63 29 85.8316955566 1
63 29 85.8594512939 1
63 29 85.8732070923 1
63 29 85.8841934204 1
63 29 85.887046814 1
63 29 85.8989639282 1
63 29 85.9090118408 1
63 29 85.9135971069 1
63 29 85.9157104492 1
63 29 85.9510345459 1
63 29 86.0002822876 1
63 29 86.003288269 1
63 29 86.0036621094 1
63 29 86.022605896 1
63 29 86.051902771 1
63 29 86.0575256348 1
63 29 86.064956665 1
63 29 86.0652160645 1
63 29 86.0714111328 1
63 29 86.0752029419 1
63 29 86.0791778564 1
63 29 86.0821304321 1
63 29 86.1175613403 1
63 29 86.1287689209 1
63 29 86.1474151611 1
63 29 86.1839447021 1
63 29 86.1953048706 1
63 29 86.2173309326 1
63 29 86.2493743896 1
63 29 86.263633728 1
63 29 86.2962417603 1
63 29 86.3084335327 1
63 29 86.3108139038 1
63 29 86.3483047485 1
63 29 86.3673477173 1
63 29 86.3789367676 1
63 29 86.3878173828 1
63 29 86.3879089355 1
63 29 86.4034423828 1
63 29 86.4105758667 1
63 29 86.4303817749 1
63 29 86.4564743042 1
63 29 86.458694458 1
63 29 86.509552002 1
63 29 86.5124053955 1
63 29 86.5233230591 1
63 29 86.5255355835 1
63 29 86.533782959 1
63 29 86.5437011719 1
63 29 86.5575866699 1
63 29 86.5588912964 1
63 29 86.5702056885 1
63 29 86.5717544556 1
63 29 86.5863876343 1
63 29 86.59815979 1
63 29 86.6345443726 1
63 29 86.6404342651 1
63 29 86.6410980225 1
63 29 86.6448745728 1
63 29 86.6463623047 1
63 29 86.6664199829 1
63 29 86.7078170776 1
63 29 86.7103881836 1
63 29 86.7313613892 1
63 29 86.7490463257 1
63 29 86.7519454956 1
63 29 86.7678909302 1
63 29 86.7688217163 1
63 29 86.771987915 1
63 29 86.7937316895 1
63 29 86.8174057007 1
63 29 86.8262252808 1
63 29 86.8288955688 1
63 29 86.8303375244 1
63 29 86.8908157349 1
63 29 86.9065704346 1
63 29 86.9426727295 1
63 29 86.9482421875 1
63 29 86.9523391724 1
63 29 86.9642791748 1
63 29 86.976234436 1
63 29 87.0014801025 1
63 29 87.0108718872 1
63 29 87.0185470581 1
63 29 87.0323562622 1
63 29 87.059425354 1
63 29 87.0621337891 1
63 29 87.0771636963 1
63 29 87.0794525146 1
63 29 87.0956878662 1
63 29 87.1000442505 1
63 29 87.115020752 1
63 29 87.1169433594 1
63 29 87.1173400879 1
63 29 87.1360778809 1
63 29 87.1536560059 1
63 29 87.1580276489 1
63 29 87.1891021729 1
63 29 87.1949310303 1
63 29 87.2088623047 1
63 29 87.2156906128 1
63 29 87.221206665 1
63 29 87.2232131958 1
63 29 87.2479858398 1
63 29 87.2659988403 1
63 29 87.274772644 1
63 29 87.2970504761 1
63 29 87.303527832 1
63 29 87.3533706665 1
63 29 87.3653488159 1
63 29 87.3790283203 1
63 29 87.3794174194 1
63 29 87.3816986084 1
63 29 87.3823165894 1
63 29 87.4534454346 1
63 29 87.4592208862 1
63 29 87.4628295898 1
63 29 87.4715118408 1
63 29 87.4928817749 1
63 29 87.5056152344 1
63 29 87.5075531006 1
63 29 87.5123138428 1
63 29 87.520980835 1
63 29 87.5293579102 1
63 29 87.5415802002 1
63 29 87.547416687 1
63 29 87.5536956787 1
63 29 87.5677108765 1
63 29 87.5964126587 1
63 29 87.603263855 1
63 29 87.6042861938 1
63 29 87.6136550903 1
63 29 87.6233291626 1
63 29 87.6309661865 1
63 29 87.6396102905 1
63 29 87.6469039917 1
63 29 87.649230957 1
63 29 87.68019104 1
63 29 87.6841201782 1
63 29 87.6868743896 1
63 29 87.6912307739 1
63 29 87.7131118774 1
63 29 87.7152481079 1
63 29 87.7380371094 1
63 29 87.7666549683 1
63 29 87.7725372314 1
63 29 87.7905426025 1
63 29 87.7984924316 1
63 29 87.8122558594 1
63 29 87.8163375854 1
63 29 87.83644104 1
63 29 87.8468017578 1
63 29 87.8539886475 1
63 29 87.864074707 1
63 29 87.9008102417 1
63 29 87.9022750854 1
63 29 87.929473877 1
63 29 87.937789917 1
63 29 87.9385375977 1
63 29 87.9448623657 1
63 29 87.9763641357 1
63 29 87.9790878296 1
63 29 87.9817657471 1
63 29 88.0140075684 1
63 29 88.0163574219 1
63 29 88.0210723877 1
63 29 88.03074646 1
63 29 88.072593689 1
63 29 88.0781402588 1
63 29 88.0899658203 1
63 29 88.0941619873 1
63 29 88.1114196777 1
63 29 88.1123428345 1
63 29 88.1159286499 1
63 29 88.1204681396 1
63 29 88.1235809326 1
63 29 88.1238098145 1
63 29 88.1425094604 1
63 29 88.1845092773 1
63 29 88.1903991699 1
63 29 88.1982192993 1
63 29 88.2024078369 1
63 29 88.2193374634 1
63 29 88.2254943848 1
63 29 88.2261352539 1
63 29 88.2390365601 1
63 29 88.2553939819 1
63 29 88.2595367432 1
63 29 88.2634124756 1
63 29 88.2690429688 1
63 29 88.3231582642 1
63 29 88.3317565918 1
63 29 88.3332519531 1
63 29 88.341583252 1
63 29 88.3420944214 1
63 29 88.3443450928 1
63 29 88.3574142456 1
63 29 88.3822250366 1
63 29 88.4123458862 1
63 29 88.4191360474 1
63 29 88.4237365723 1
63 29 88.4305496216 1
63 29 88.4361419678 1
63 29 88.4445495605 1
63 29 88.4694595337 1
63 29 88.475402832 1
63 29 88.4780654907 1
63 29 88.4815979004 1
63 29 88.4826812744 1
63 29 88.4876327515 1
63 29 88.4968261719 1
63 29 88.5165710449 1
63 29 88.5171279907 1
63 29 88.5216369629 1
63 29 88.5531997681 1
63 29 88.5789108276 1
63 29 88.5896911621 1
63 29 88.6667556763 1
63 29 88.6737060547 1
63 29 88.6893997192 1
63 29 88.7016525269 1
63 29 88.7127151489 1
63 29 88.7161712646 1
63 29 88.719078064 1
63 29 88.726524353 1
63 29 88.7271347046 1
63 29 88.739074707 1
63 29 88.7412033081 1
63 29 88.7415008545 1
63 29 88.7423782349 1
63 29 88.7573776245 1
63 29 88.7663116455 1
63 29 88.7761306763 1
63 29 88.794342041 1
63 29 88.7958297729 1
63 29 88.8048400879 1
63 29 88.8128890991 1
63 29 88.8246231079 1
63 29 88.8261642456 1
63 29 88.8500747681 1
63 29 88.8645553589 1
63 29 88.8683624268 1
63 29 88.8915786743 1
63 29 88.8951721191 1
63 29 88.9063415527 1
63 29 88.9081420898 1
63 29 88.9169464111 1
63 29 88.9201278687 1
63 29 88.9251174927 1
63 29 88.9306793213 1
63 29 88.9375 1
63 29 88.9581756592 1
63 29 88.9713516235 1
63 29 88.9775772095 1
63 29 88.9787902832 1
63 29 89.0003814697 1
63 29 89.0130004883 1
63 29 89.052772522 1
63 29 89.0627746582 1
63 29 89.0638961792 1
63 29 89.0802230835 1
63 29 89.0807723999 1
63 29 89.089553833 1
63 29 89.1236038208 1
63 29 89.1520767212 1
63 29 89.1572113037 1
63 29 89.1597213745 1
63 29 89.1857147217 1
63 29 89.2001495361 1
63 29 89.2024383545 1
63 29 89.2117080688 1
63 29 89.234046936 1
63 29 89.2478179932 1
63 29 89.2510604858 1
63 29 89.2556838989 1
63 29 89.2708358765 1
63 29 89.281829834 1
63 29 89.282043457 1
63 29 89.2821884155 1
63 29 89.2996292114 1
63 29 89.3012237549 1
63 29 89.3032684326 1
63 29 89.3118667603 1
63 29 89.3190307617 1
63 29 89.3364639282 1
63 29 89.3399734497 1
63 29 89.3429489136 1
63 29 89.3457870483 1
63 29 89.3478317261 1
63 29 89.353263855 1
63 29 89.3719406128 1
63 29 89.3845062256 1
63 29 89.3890457153 1
63 29 89.3923873901 1
63 29 89.394821167 1
63 29 89.3954544067 1
63 29 89.3975982666 1
63 29 89.4110107422 1
63 29 89.4128036499 1
63 29 89.421913147 1
63 29 89.4413070679 1
63 29 89.4460830688 1
63 29 89.4669265747 1
63 29 89.4678955078 1
63 29 89.4894332886 1
63 29 89.4918823242 1
63 29 89.513458252 1
63 29 89.5222549438 1
63 29 89.527015686 1
63 29 89.5300674438 1
63 29 89.5305328369 1
63 29 89.5332946777 1
63 29 89.5529556274 1
63 29 89.5703125 1
63 29 89.5759277344 1
63 29 89.5815963745 1
63 29 89.5843887329 1
63 29 89.5920257568 1
63 29 89.6115112305 1
63 29 89.6223754883 1
63 29 89.6275863647 1
63 29 89.6437072754 1
63 29 89.6549758911 1
63 29 89.6552810669 1
63 29 89.6554412842 1
63 29 89.6631164551 1
63 29 89.6958007812 1
63 29 89.7066955566 1
63 29 89.7418670654 1
63 29 89.7452545166 1
63 29 89.7502288818 1
63 29 89.7588882446 1
63 29 89.7599029541 1
63 29 89.7675094604 1
63 29 89.7811279297 1
63 29 89.7863235474 1
63 29 89.7902069092 1
63 29 89.8090591431 1
63 29 89.8174285889 1
63 29 89.8408126831 1
63 29 89.8596572876 1
63 29 89.8602981567 1
63 29 89.8706054688 1
63 29 89.8852920532 1
63 29 89.898475647 1
63 29 89.9092636108 1
63 29 89.9220046997 1
63 29 89.9221496582 1
63 29 89.9232406616 1
63 29 89.9346237183 1
63 29 89.9384231567 1
63 29 89.940284729 1
63 29 89.9478912354 1
63 29 89.9609527588 1
63 29 89.9657974243 1
63 29 89.9952392578 1
63 29 90.0044250488 1
63 29 90.0055084229 1
63 29 90.0072555542 1
63 29 90.0105056763 1
63 29 90.0144500732 1
63 29 90.0555343628 1
63 29 90.0581588745 1
63 29 90.0581817627 1
63 29 90.0596466064 1
63 29 90.0652770996 1
63 29 90.066696167 1
63 29 90.0703430176 1
63 29 90.0830078125 1
63 29 90.1082611084 1
63 29 90.1221618652 1
63 29 90.1259231567 1
63 29 90.1493606567 1
63 29 90.1529388428 1
63 29 90.159576416 1
63 29 90.1603317261 1
63 29 90.1703872681 1
63 29 90.1725158691 1
63 29 90.1792068481 1
63 29 90.1856689453 1
63 29 90.1916885376 1
63 29 90.1961364746 1
63 29 90.2043838501 1
63 29 90.2187347412 1
63 29 90.2208099365 1
63 29 90.2360916138 1
63 29 90.2415237427 1
63 29 90.2448196411 1
63 29 90.2609100342 1
63 29 90.2735824585 1
63 29 90.2760696411 1
63 29 90.2922058105 1
63 29 90.3023757935 1
63 29 90.3093185425 1
63 29 90.3278503418 1
63 29 90.3380508423 1
63 29 90.3395309448 1
63 29 90.359375 1
63 29 90.3601226807 1
63 29 90.3622741699 1
63 29 90.3641662598 1
63 29 90.3715744019 1
63 29 90.374420166 1
63 29 90.3787307739 1
63 29 90.3810958862 1
63 29 90.3978424072 1
63 29 90.4016952515 1
63 29 90.4115905762 1
63 29 90.4117355347 1
63 29 90.4155960083 1
63 29 90.4530181885 1
63 29 90.4576034546 1
63 29 90.47215271 1
63 29 90.4748458862 1
63 29 90.4883651733 1
63 29 90.4977798462 1
63 29 90.5244750977 1
63 29 90.5277328491 1
63 29 90.5494613647 1
63 29 90.574546814 1
63 29 90.5905990601 1
63 29 90.6224212646 1
63 29 90.6295547485 1
63 29 90.6377487183 1
63 29 90.6661682129 1
63 29 90.6737518311 1
63 29 90.6788864136 1
63 29 90.683631897 1
63 29 90.7003936768 1
63 29 90.7008666992 1
63 29 90.7082290649 1
63 29 90.7200698853 1
63 29 90.7234268188 1
63 29 90.7239379883 1
63 29 90.7291870117 1
63 29 90.7429046631 1
63 29 90.7472991943 1
63 29 90.748664856 1
63 29 90.7499465942 1
63 29 90.7565231323 1
63 29 90.7609024048 1
63 29 90.7616882324 1
63 29 90.7700653076 1
63 29 90.7762680054 1
63 29 90.7801513672 1
63 29 90.7811431885 1
63 29 90.781867981 1
63 29 90.797203064 1
63 29 90.7973937988 1
63 29 90.8273391724 1
63 29 90.8408889771 1
63 29 90.8499145508 1
63 29 90.8573226929 1
63 29 90.8593063354 1
63 29 90.878616333 1
63 29 90.8796081543 1
63 29 90.8857650757 1
63 29 90.8919677734 1
63 29 90.9057388306 1
63 29 90.9082565308 1
63 29 90.9120254517 1
63 29 90.9121627808 1
63 29 90.9152603149 1
63 29 90.9163970947 1
63 29 90.919090271 1
63 29 90.9263000488 1
63 29 90.9321594238 1
63 29 90.9686965942 1
63 29 90.9756164551 1
63 29 90.978263855 1
63 29 90.9831085205 1
63 29 90.9856338501 1
63 29 90.9897766113 1
63 29 90.9976043701 1
63 29 90.999420166 1
63 29 91.0046615601 1
63 29 91.0086364746 1
63 29 91.0121612549 1
63 29 91.0126800537 1
63 29 91.0131378174 1
63 29 91.0168151855 1
63 29 91.025894165 1
63 29 91.044921875 1
63 29 91.0574188232 1
63 29 91.0574264526 1
63 29 91.0590591431 1
63 29 91.0791320801 1
63 29 91.0828781128 1
63 29 91.0838546753 1
63 29 91.1349563599 1
63 29 91.1359100342 1
63 29 91.1592712402 1
63 29 91.1898040771 1
63 29 91.1946258545 1
63 29 91.1953659058 1
63 29 91.2155532837 1
63 29 91.2490615845 1
63 29 91.2508468628 1
63 29 91.2594528198 1
63 29 91.260597229 1
63 29 91.2707061768 1
63 29 91.2820587158 1
63 29 91.2974624634 1
63 29 91.2990722656 1
63 29 91.2997741699 1
63 29 91.3136749268 1
63 29 91.3215713501 1
63 29 91.3503036499 1
63 29 91.3514099121 1
63 29 91.3547286987 1
63 29 91.3722000122 1
63 29 91.3983764648 1
63 29 91.4106369019 1
63 29 91.410987854 1
63 29 91.4206695557 1
63 29 91.4266281128 1
63 29 91.4283752441 1
63 29 91.4326553345 1
63 29 91.4432754517 1
63 29 91.4565887451 1
63 29 91.4617767334 1
63 29 91.4760894775 1
63 29 91.4955978394 1
63 29 91.4980316162 1
63 29 91.5054168701 1
63 29 91.5059738159 1
63 29 91.5135116577 1
63 29 91.5248031616 1
63 29 91.5410690308 1
63 29 91.5469894409 1
63 29 91.5487365723 1
63 29 91.5602722168 1
63 29 91.5719223022 1
63 29 91.5790786743 1
63 29 91.5907287598 1
63 29 91.598991394 1
63 29 91.5990219116 1
63 29 91.6007156372 1
63 29 91.6011810303 1
63 29 91.6051483154 1
63 29 91.6080245972 1
63 29 91.6172866821 1
63 29 91.6368103027 1
63 29 91.643196106 1
63 29 91.6499786377 1
63 29 91.6517333984 1
63 29 91.6571807861 1
63 29 91.6627655029 1
63 29 91.6799697876 1
63 29 91.6880874634 1
63 29 91.7007980347 1
63 29 91.7118148804 1
63 29 91.7165145874 1
63 29 91.7264862061 1
63 29 91.7435531616 1
63 29 91.7477111816 1
63 29 91.7491836548 1
63 29 91.75756073 1
63 29 91.7775344849 1
63 29 91.7802429199 1
63 29 91.7822265625 1
63 29 91.7948303223 1
63 29 91.802947998 1
63 29 91.8100585938 1
63 29 91.8154678345 1
63 29 91.8446502686 1
63 29 91.8463897705 1
63 29 91.8532180786 1
63 29 91.8659515381 1
63 29 91.8701248169 1
63 29 91.8817138672 1
63 29 91.8967971802 1
63 29 91.9203720093 1
63 29 91.9247360229 1
63 29 91.9280853271 1
63 29 91.9485244751 1
63 29 91.9757003784 1
63 29 91.9848480225 1
63 29 91.9866638184 1
63 29 91.9918518066 1
63 29 92.0238342285 1
63 29 92.0238571167 1
63 29 92.0247192383 1
63 29 92.0384521484 1
63 29 92.0423278809 1
63 29 92.0453491211 1
63 29 92.0495681763 1
63 29 92.0511703491 1
63 29 92.052116394 1
63 29 92.0530166626 1
63 29 92.0547485352 1
63 29 92.0575180054 1
63 29 92.0619659424 1
63 29 92.0641021729 1
63 29 92.0655899048 1
63 29 92.0816192627 1
63 29 92.0913085938 1
63 29 92.1026000977 1
63 29 92.1042327881 1
63 29 92.1233291626 1
63 29 92.1270446777 1
63 29 92.1421508789 1
63 29 92.1467208862 1
63 29 92.1713638306 1
63 29 92.1765289307 1
63 29 92.1868896484 1
63 29 92.1881103516 1
63 29 92.2093048096 1
63 29 92.2129974365 1
63 29 92.2133712769 1
63 29 92.2378921509 1
63 29 92.2736053467 1
63 29 92.2791442871 1
63 29 92.2878723145 1
63 29 92.2893753052 1
63 29 92.2898788452 1
63 29 92.2922210693 1
63 29 92.3005828857 1
63 29 92.3185882568 1
63 29 92.3503799438 1
63 29 92.3621444702 1
63 29 92.3629684448 1
63 29 92.3704528809 1
63 29 92.3762207031 1
63 29 92.3782501221 1
63 29 92.3846969604 1
63 29 92.3858718872 1
63 29 92.3867340088 1
63 29 92.3996734619 1
63 29 92.4063644409 1
63 29 92.4098434448 1
63 29 92.4279785156 1
63 29 92.4287490845 1
63 29 92.4775009155 1
63 29 92.4877700806 1
63 29 92.5059051514 1
63 29 92.548789978 1
63 29 92.5763702393 1
63 29 92.5849838257 1
63 29 92.5879592896 1
63 29 92.6041946411 1
63 29 92.6114578247 1
63 29 92.6185684204 1
63 29 92.6259765625 1
63 29 92.6360778809 1
63 29 92.6428527832 1
63 29 92.6443481445 1
63 29 92.6780090332 1
63 29 92.6832046509 1
63 29 92.6843185425 1
63 29 92.7019348145 1
63 29 92.7080993652 1
63 29 92.7192382812 1
63 29 92.7304458618 1
63 29 92.7343063354 1
63 29 92.7394714355 1
63 29 92.7399368286 1
63 29 92.7710723877 1
63 29 92.771522522 1
63 29 92.7777099609 1
63 29 92.7954864502 1
63 29 92.8025436401 1
63 29 92.8025894165 1
63 29 92.807434082 1
63 29 92.8095321655 1
63 29 92.81980896 1
63 29 92.8364181519 1
63 29 92.8412704468 1
63 29 92.8461685181 1
63 29 92.8509140015 1
63 29 92.858581543 1
63 29 92.8607177734 1
63 29 92.8611068726 1
63 29 92.8710250854 1
63 29 92.8757781982 1
63 29 92.9042205811 1
63 29 92.9059066772 1
63 29 92.9089431763 1
63 29 92.9095077515 1
63 29 92.9103393555 1
63 29 92.9136199951 1
63 29 92.9156951904 1
63 29 92.9190444946 1
63 29 92.9294128418 1
63 29 92.9317016602 1
63 29 92.9342956543 1
63 29 92.9424972534 1
63 29 92.9440002441 1
63 29 92.9449996948 1
63 29 92.9519958496 1
63 29 92.970916748 1
63 29 92.9968338013 1
63 29 92.9979782104 1
63 29 93.0069885254 1
63 29 93.0099639893 1
63 29 93.0101013184 1
63 29 93.0110778809 1
63 29 93.0154190063 1
63 29 93.0167694092 1
63 29 93.0180587769 1
63 29 93.0191802979 1
63 29 93.0322036743 1
63 29 93.0323486328 1
63 29 93.0359191895 1
63 29 93.046661377 1
63 29 93.0475769043 1
63 29 93.0638656616 1
63 29 93.0850906372 1
63 29 93.0973510742 1
63 29 93.1084365845 1
63 29 93.1132354736 1
63 29 93.1201477051 1
63 29 93.1221694946 1
63 29 93.1250228882 1
63 29 93.1284408569 1
63 29 93.1292953491 1
63 29 93.1299743652 1
63 29 93.1350097656 1
63 29 93.1411895752 1
63 29 93.1519851685 1
63 29 93.1781539917 1
63 29 93.1860733032 1
63 29 93.1863098145 1
63 29 93.195526123 1
63 29 93.19556427 1
63 29 93.2098693848 1
63 29 93.2225723267 1
63 29 93.2424163818 1
63 29 93.2473526001 1
63 29 93.2502059937 1
63 29 93.2848739624 1
63 29 93.3116760254 1
63 29 93.3129425049 1
63 29 93.313079834 1
63 29 93.3173675537 1
63 29 93.3364028931 1
63 29 93.3413314819 1
63 29 93.3424301147 1
63 29 93.3459014893 1
63 29 93.3481674194 1
63 29 93.3548202515 1
63 29 93.355178833 1
63 29 93.3679580688 1
63 29 93.3690872192 1
63 29 93.3814239502 1
63 29 93.3883514404 1
63 29 93.3940734863 1
63 29 93.3951950073 1
63 29 93.4070663452 1
63 29 93.4080276489 1
63 29 93.4102706909 1
63 29 93.4138641357 1
63 29 93.4261932373 1
63 29 93.443321228 1
63 29 93.4596557617 1
63 29 93.4790878296 1
63 29 93.4821777344 1
63 29 93.4966201782 1
63 29 93.5103530884 1
63 29 93.5142974854 1
63 29 93.5205307007 1
63 29 93.5242919922 1
63 29 93.5282669067 1
63 29 93.5382995605 1
63 29 93.5505218506 1
63 29 93.5537719727 1
63 29 93.5542373657 1
63 29 93.5711746216 1
63 29 93.5778198242 1
63 29 93.5799865723 1
63 29 93.6083450317 1
63 29 93.6085357666 1
63 29 93.6182632446 1
63 29 93.6194534302 1
63 29 93.6245956421 1
63 29 93.6275787354 1
63 29 93.6382141113 1
63 29 93.6399917603 1
63 29 93.6549224854 1
63 29 93.6622772217 1
63 29 93.6645278931 1
63 29 93.6678161621 1
63 29 93.6917724609 1
63 29 93.6947250366 1
63 29 93.6990890503 1
63 29 93.6992492676 1
63 29 93.7191162109 1
63 29 93.7195892334 1
63 29 93.7222442627 1
63 29 93.7244873047 1
63 29 93.7254104614 1
63 29 93.7288665771 1
63 29 93.7316970825 1
63 29 93.7471313477 1
63 29 93.7651519775 1
63 29 93.7668075562 1
63 29 93.7803497314 1
63 29 93.7825546265 1
63 29 93.8091430664 1
63 29 93.813583374 1
63 29 93.8260345459 1
63 29 93.8261871338 1
63 29 93.8400192261 1
63 29 93.8423538208 1
63 29 93.8454818726 1
63 29 93.8511657715 1
63 29 93.8785095215 1
63 29 93.8802642822 1
63 29 93.8890762329 1
63 29 93.9142837524 1
63 29 93.9194412231 1
63 29 93.9308929443 1
63 29 93.9499893188 1
63 29 93.9565505981 1
63 29 93.969367981 1
63 29 93.9726257324 1
63 29 93.9808425903 1
63 29 93.9812850952 1
63 29 93.9870758057 1
63 29 93.9940109253 1
63 29 93.9987106323 1
63 29 94.013420105 1
63 29 94.0157394409 1
63 29 94.0319976807 1
63 29 94.0352401733 1
63 29 94.0604782104 1
63 29 94.0611953735 1
63 29 94.0614242554 1
63 29 94.0624084473 1
63 29 94.0670166016 1
63 29 94.0968780518 1
63 29 94.0990066528 1
63 29 94.0992660522 1
63 29 94.1083679199 1
63 29 94.1150512695 1
63 29 94.1498718262 1
63 29 94.1687545776 1
63 29 94.1708602905 1
63 29 94.1762924194 1
63 29 94.1814193726 1
63 29 94.1929092407 1
63 29 94.1975631714 1
63 29 94.2057266235 1
63 29 94.2219619751 1
63 29 94.225227356 1
63 29 94.2469863892 1
63 29 94.2484664917 1
63 29 94.2607955933 1
63 29 94.2753601074 1
63 29 94.3236999512 1
63 29 94.331993103 1
63 29 94.3560333252 1
63 29 94.3573379517 1
63 29 94.3630599976 1
63 29 94.3639144897 1
63 29 94.387802124 1
63 29 94.4047393799 1
63 29 94.4065093994 1
63 29 94.4137420654 1
63 29 94.4166793823 1
63 29 94.4201431274 1
63 29 94.420211792 1
63 29 94.4242935181 1
63 29 94.4410705566 1
63 29 94.4469528198 1
63 29 94.4777374268 1
63 29 94.4895095825 1
63 29 94.5053329468 1
63 29 94.5083007812 1
63 29 94.5114212036 1
63 29 94.5222854614 1
63 29 94.5279998779 1
63 29 94.5444946289 1
63 29 94.5475234985 1
63 29 94.5513305664 1
63 29 94.5564575195 1
63 29 94.5621261597 1
63 29 94.5694198608 1
63 29 94.5833358765 1
63 29 94.5929260254 1
63 29 94.6219711304 1
63 29 94.6276321411 1
63 29 94.6385116577 1
63 29 94.6619186401 1
63 29 94.663848877 1
63 29 94.6792831421 1
63 29 94.6807785034 1
63 29 94.6878128052 1
63 29 94.7038574219 1
63 29 94.7331161499 1
63 29 94.7485275269 1
63 29 94.7553329468 1
63 29 94.7654037476 1
63 29 94.7740936279 1
63 29 94.775062561 1
63 29 94.7752227783 1
63 29 94.7781295776 1
63 29 94.7805252075 1
63 29 94.7858581543 1
63 29 94.7904586792 1
63 29 94.7942657471 1
63 29 94.801902771 1
63 29 94.8037261963 1
63 29 94.8142242432 1
63 29 94.8184585571 1
63 29 94.8243179321 1
63 29 94.8337783813 1
63 29 94.835723877 1
63 29 94.8491744995 1
63 29 94.8623580933 1
63 29 94.8755111694 1
63 29 94.8918838501 1
63 29 94.8970870972 1
63 29 94.9223251343 1
63 29 94.9345092773 1
63 29 94.9620437622 1
63 29 94.9689559937 1
63 29 95.0027770996 1
63 29 95.0051116943 1
63 29 95.0069580078 1
63 29 95.019744873 1
63 29 95.0367355347 1
63 29 95.0414581299 1
63 29 95.0460510254 1
63 29 95.0463256836 1
63 29 95.0634231567 1
63 29 95.0718841553 1
63 29 95.0725479126 1
63 29 95.0857162476 1
63 29 95.0927047729 1
63 29 95.1093826294 1
63 29 95.1243896484 1
63 29 95.1349487305 1
63 29 95.1406402588 1
63 29 95.1443099976 1
63 29 95.1491851807 1
63 29 95.1589355469 1
63 29 95.1800231934 1
63 29 95.2031097412 1
63 29 95.2079925537 1
63 29 95.2145004272 1
63 29 95.215637207 1
63 29 95.237159729 1
63 29 95.2414016724 1
63 29 95.2652664185 1
63 29 95.2801208496 1
63 29 95.2887496948 1
63 29 95.2961349487 1
63 29 95.2961502075 1
63 29 95.2995758057 1
63 29 95.3075180054 1
63 29 95.3075714111 1
63 29 95.3187179565 1
63 29 95.3229064941 1
63 29 95.3302154541 1
63 29 95.3320083618 1
63 29 95.3478775024 1
63 29 95.356590271 1
63 29 95.360206604 1
63 29 95.3787231445 1
63 29 95.380897522 1
63 29 95.3970489502 1
63 29 95.4223327637 1
63 29 95.4229278564 1
63 29 95.4236755371 1
63 29 95.4318618774 1
63 29 95.434753418 1
63 29 95.4360122681 1
63 29 95.4387359619 1
63 29 95.4427185059 1
63 29 95.4447174072 1
63 29 95.5109939575 1
63 29 95.5114212036 1
63 29 95.5128250122 1
63 29 95.5548171997 1
63 29 95.5574645996 1
63 29 95.5587234497 1
63 29 95.5926742554 1
63 29 95.6086044312 1
63 29 95.6670684814 1
63 29 95.6789474487 1
63 29 95.6873016357 1
63 29 95.6892776489 1
63 29 95.69506073 1
63 29 95.7006072998 1
63 29 95.7146224976 1
63 29 95.7177505493 1
63 29 95.7423477173 1
63 29 95.7484054565 1
63 29 95.7630844116 1
63 29 95.7741241455 1
63 29 95.7842712402 1
63 29 95.785736084 1
63 29 95.7944641113 1
63 29 95.7990951538 1
63 29 95.8087463379 1
63 29 95.8355331421 1
63 29 95.8402481079 1
63 29 95.8469467163 1
63 29 95.8495254517 1
63 29 95.8845062256 1
63 29 95.8865280151 1
63 29 95.8868637085 1
63 29 95.8882293701 1
63 29 95.8907699585 1
63 29 95.8917007446 1
63 29 95.9261856079 1
63 29 95.9318695068 1
63 29 95.9325332642 1
63 29 95.935043335 1
63 29 95.9430007935 1
63 29 95.953704834 1
63 29 95.9598770142 1
63 29 95.9629211426 1
63 29 95.9736251831 1
63 29 95.9796829224 1
63 29 95.9803695679 1
63 29 95.9923858643 1
63 29 96.0079193115 1
63 29 96.0108108521 1
63 29 96.0115280151 1
63 29 96.0125427246 1
63 29 96.0185852051 1
63 29 96.0256347656 1
63 29 96.0272140503 1
63 29 96.0422668457 1
63 29 96.048789978 1
63 29 96.0678787231 1
63 29 96.0848693848 1
63 29 96.0876998901 1
63 29 96.0918197632 1
63 29 96.0931777954 1
63 29 96.097869873 1
63 29 96.111038208 1
63 29 96.1142959595 1
63 29 96.1148452759 1
63 29 96.1222076416 1
63 29 96.1336746216 1
63 29 96.1422958374 1
63 29 96.1442489624 1
63 29 96.1645431519 1
63 29 96.1711654663 1
63 29 96.189666748 1
63 29 96.1930541992 1
63 29 96.2098236084 1
63 29 96.2125549316 1
63 29 96.2347259521 1
63 29 96.2428359985 1
63 29 96.2568054199 1
63 29 96.2598724365 1
63 29 96.3045425415 1
63 29 96.3072357178 1
63 29 96.3116073608 1
63 29 96.3120193481 1
63 29 96.314743042 1
63 29 96.3250808716 1
63 29 96.3258514404 1
63 29 96.3258743286 1
63 29 96.3291015625 1
63 29 96.3416366577 1
63 29 96.3463287354 1
63 29 96.3612747192 1
63 29 96.3927688599 1
63 29 96.3936080933 1
63 29 96.3976516724 1
63 29 96.4140014648 1
63 29 96.4249343872 1
63 29 96.4297561646 1
63 29 96.4353866577 1
63 29 96.4399337769 1
63 29 96.4454956055 1
63 29 96.4479522705 1
63 29 96.4479827881 1
63 29 96.4588623047 1
63 29 96.4596633911 1
63 29 96.4760665894 1
63 29 96.4773712158 1
63 29 96.4871520996 1
63 29 96.5336608887 1
63 29 96.5469284058 1
63 29 96.5695953369 1
63 29 96.5724563599 1
63 29 96.57421875 1
63 29 96.5768051147 1
63 29 96.5802536011 1
63 29 96.5895767212 1
63 29 96.6025924683 1
63 29 96.6076583862 1
63 29 96.6204986572 1
63 29 96.6398391724 1
63 29 96.6439285278 1
63 29 96.6469726562 1
63 29 96.6473236084 1
63 29 96.6490402222 1
63 29 96.6506271362 1
63 29 96.6533126831 1
63 29 96.654083252 1
63 29 96.6559753418 1
63 29 96.6812362671 1
63 29 96.6837081909 1
63 29 96.6868972778 1
63 29 96.6931838989 1
63 29 96.6960601807 1
63 29 96.7055587769 1
63 29 96.7076721191 1
63 29 96.7255630493 1
63 29 96.7312393188 1
63 29 96.7397766113 1
63 29 96.7465896606 1
63 29 96.7529602051 1
63 29 96.7677459717 1
63 29 96.7710876465 1
63 29 96.8173599243 1
63 29 96.8245544434 1
63 29 96.8274383545 1
63 29 96.8302841187 1
63 29 96.8351135254 1
63 29 96.8429794312 1
63 29 96.8644866943 1
63 29 96.8773422241 1
63 29 96.8881607056 1
63 29 96.89894104 1
63 29 96.9229278564 1
63 29 96.9288101196 1
63 29 96.9305038452 1
63 29 96.9337387085 1
63 29 96.9338378906 1
63 29 96.9426498413 1
63 29 96.9536514282 1
63 29 96.9538497925 1
63 29 96.9577789307 1
63 29 96.9716873169 1
63 29 96.9752578735 1
63 29 96.9875793457 1
63 29 96.9909896851 1
63 29 97.0122528076 1
63 29 97.0158309937 1
63 29 97.0252685547 1
63 29 97.0278244019 1
63 29 97.0590896606 1
63 29 97.0597076416 1
63 29 97.0631713867 1
63 29 97.0648956299 1
63 29 97.0661697388 1
63 29 97.0734329224 1
63 29 97.0765457153 1
63 29 97.1199645996 1
63 29 97.1306686401 1
63 29 97.1307296753 1
63 29 97.1495437622 1
63 29 97.1649932861 1
63 29 97.1782150269 1
63 29 97.1904830933 1
63 29 97.1944274902 1
63 29 97.2106552124 1
63 29 97.2172088623 1
63 29 97.2194213867 1
63 29 97.2397003174 1
63 29 97.2554168701 1
63 29 97.2589797974 1
63 29 97.2683639526 1
63 29 97.2787246704 1
63 29 97.2851867676 1
63 29 97.296257019 1
63 29 97.3003921509 1
63 29 97.3140487671 1
63 29 97.3197937012 1
63 29 97.3285903931 1
63 29 97.330947876 1
63 29 97.3455123901 1
63 29 97.3544540405 1
63 29 97.3700485229 1
63 29 97.3810653687 1
63 29 97.3832397461 1
63 29 97.3877105713 1
63 29 97.3923416138 1
63 29 97.3973693848 1
63 29 97.411277771 1
63 29 97.4195861816 1
63 29 97.4240570068 1
63 29 97.4254760742 1
63 29 97.4470367432 1
63 29 97.456199646 1
63 29 97.4620513916 1
63 29 97.4662399292 1
63 29 97.4758758545 1
63 29 97.4881820679 1
63 29 97.5106735229 1
63 29 97.5126419067 1
63 29 97.5172576904 1
63 29 97.5263214111 1
63 29 97.5456848145 1
63 29 97.5529022217 1
63 29 97.5727844238 1
63 29 97.5766983032 1
63 29 97.583404541 1
63 29 97.6102523804 1
63 29 97.6276931763 1
63 29 97.6377410889 1
63 29 97.6391830444 1
63 29 97.6516952515 1
63 29 97.6612243652 1
63 29 97.6619415283 1
63 29 97.6678314209 1
63 29 97.669303894 1
63 29 97.676651001 1
63 29 97.6855773926 1
63 29 97.692199707 1
63 29 97.7201538086 1
63 29 97.7469863892 1
63 29 97.7687759399 1
63 29 97.7791748047 1
63 29 97.793296814 1
63 29 97.7966766357 1
63 29 97.8194122314 1
63 29 97.8243789673 1
63 29 97.832611084 1
63 29 97.8378829956 1
63 29 97.8432617188 1
63 29 97.8517456055 1
63 29 97.8589096069 1
63 29 97.8719558716 1
63 29 97.8720550537 1
63 29 97.8875579834 1
63 29 97.8921890259 1
63 29 97.9014434814 1
63 29 97.9017791748 1
63 29 97.9402618408 1
63 29 97.9783401489 1
63 29 97.9906845093 1
63 29 98.0036773682 1
63 29 98.0105209351 1
63 29 98.0271835327 1
63 29 98.0276565552 1
63 29 98.0285797119 1
63 29 98.0435333252 1
63 29 98.0439376831 1
63 29 98.0479507446 1
63 29 98.0516662598 1
63 29 98.0550003052 1
63 29 98.0659713745 1
63 29 98.0703659058 1
63 29 98.0739593506 1
63 29 98.0792007446 1
63 29 98.080116272 1
63 29 98.0946502686 1
63 29 98.1149673462 1
63 29 98.1209487915 1
63 29 98.1247024536 1
63 29 98.1259994507 1
63 29 98.1379547119 1
63 29 98.1430282593 1
63 29 98.1436843872 1
63 29 98.1468887329 1
63 29 98.1485519409 1
63 29 98.181098938 1
63 29 98.1981964111 1
63 29 98.2168655396 1
63 29 98.2169342041 1
63 29 98.264175415 1
63 29 98.2661056519 1
63 29 98.3101119995 1
63 29 98.3112335205 1
63 29 98.3144378662 1
63 29 98.3195266724 1
63 29 98.3336486816 1
63 29 98.349067688 1
63 29 98.35496521 1
63 29 98.3608703613 1
63 29 98.3744049072 1
63 29 98.3762207031 1
63 29 98.378288269 1
63 29 98.3908081055 1
63 29 98.4025650024 1
63 29 98.4216308594 1
63 29 98.4233932495 1
63 29 98.4701309204 1
63 29 98.4737014771 1
63 29 98.4861450195 1
63 29 98.4877090454 1
63 29 98.4935073853 1
63 29 98.517326355 1
63 29 98.5263519287 1
63 29 98.5307540894 1
63 29 98.5335617065 1
63 29 98.534072876 1
63 29 98.5396728516 1
63 29 98.5655670166 1
63 29 98.5664825439 1
63 29 98.5673065186 1
63 29 98.5706100464 1
63 29 98.5752029419 1
63 29 98.5752868652 1
63 29 98.596282959 1
63 29 98.5990829468 1
63 29 98.6016387939 1
63 29 98.6147842407 1
63 29 98.6472167969 1
63 29 98.6580734253 1
63 29 98.6629104614 1
63 29 98.6758880615 1
63 29 98.6990966797 1
63 29 98.7083053589 1
63 29 98.7147903442 1
63 29 98.7197036743 1
63 29 98.7202606201 1
63 29 98.7323684692 1
63 29 98.7739105225 1
63 29 98.7849655151 1
63 29 98.7858276367 1
63 29 98.7875671387 1
63 29 98.7925720215 1
63 29 98.82056427 1
63 29 98.8232727051 1
63 29 98.8297348022 1
63 29 98.8404693604 1
63 29 98.8774642944 1
63 29 98.8792419434 1
63 29 98.8801574707 1
63 29 98.8894348145 1
63 29 98.9021224976 1
63 29 98.9058609009 1
63 29 98.913269043 1
63 29 98.9252319336 1
63 29 98.9259643555 1
63 29 98.9574127197 1
63 29 98.9574890137 1
63 29 98.9708251953 1
63 29 98.9746322632 1
63 29 98.9823760986 1
63 29 98.9987869263 1
63 29 99.0171432495 1
63 29 99.0238342285 1
63 29 99.0486068726 1
63 29 99.0715789795 1
63 29 99.0929946899 1
63 29 99.1067581177 1
63 29 99.1081848145 1
63 29 99.1192398071 1
63 29 99.1292114258 1
63 29 99.1498336792 1
63 29 99.1547546387 1
63 29 99.1931304932 1
63 29 99.1971740723 1
63 29 99.2302398682 1
63 29 99.2403488159 1
63 29 99.2591018677 1
63 29 99.2790222168 1
63 29 99.2802505493 1
63 29 99.2805404663 1
63 29 99.2882080078 1
63 29 99.289390564 1
63 29 99.3000183105 1
63 29 99.3579788208 1
63 29 99.3918533325 1
63 29 99.4114608765 1
63 29 99.4128799438 1
63 29 99.4232254028 1
63 29 99.4302062988 1
63 29 99.4317550659 1
63 29 99.4587173462 1
63 29 99.4636077881 1
63 29 99.4671783447 1
63 29 99.4673690796 1
63 29 99.517074585 1
63 29 99.5319213867 1
63 29 99.5466690063 1
63 29 99.575553894 1
63 29 99.6133651733 1
63 29 99.6278533936 1
63 29 99.6292800903 1
63 29 99.6428451538 1
63 29 99.6436462402 1
63 29 99.6436843872 1
63 29 99.6596069336 1
63 29 99.6737442017 1
63 29 99.6809539795 1
63 29 99.6854248047 1
63 29 99.7101516724 1
63 29 99.7118530273 1
63 29 99.7380142212 1
63 29 99.743927002 1
63 29 99.7799530029 1
63 29 99.7923660278 1
63 29 99.8014984131 1
63 29 99.8374252319 1
63 29 99.8408203125 1
63 29 99.8589324951 1
63 29 99.8680419922 1
63 29 99.8712310791 1
63 29 99.8807601929 1
63 29 99.9186401367 1
63 29 99.9445037842 1
63 29 99.9465713501 1
63 29 99.9536819458 1
63 29 99.9935302734 1
63 29 99.9946136475 1
63 29 100.007087708 1
63 29 100.010559082 1
63 29 100.027397156 1
63 29 100.029907227 1
63 29 100.034156799 1
63 29 100.050636292 1
63 29 100.072471619 1
63 29 100.088554382 1
63 29 100.093894958 1
63 29 100.098754883 1
63 29 100.106582642 1
63 29 100.112922668 1
63 29 100.118972778 1
63 29 100.123123169 1
63 29 100.125831604 1
63 29 100.129165649 1
63 29 100.13760376 1
63 29 100.159126282 1
63 29 100.161277771 1
63 29 100.172531128 1
63 29 100.19757843 1
63 29 100.213623047 1
63 29 100.216407776 1
63 29 100.216682434 1
63 29 100.229408264 1
63 29 100.246803284 1
63 29 100.247993469 1
63 29 100.248001099 1
63 29 100.255493164 1
63 29 100.259422302 1
63 29 100.270797729 1
63 29 100.301124573 1
63 29 100.310539246 1
63 29 100.337715149 1
63 29 100.368141174 1
63 29 100.395263672 1
63 29 100.403327942 1
63 29 100.404685974 1
63 29 100.40914917 1
63 29 100.426231384 1
63 29 100.42893219 1
63 29 100.433044434 1
63 29 100.433807373 1
63 29 100.445983887 1
63 29 100.446479797 1
63 29 100.458435059 1
63 29 100.487083435 1
63 29 100.499206543 1
63 29 100.515113831 1
63 29 100.520782471 1
63 29 100.52469635 1
63 29 100.525177002 1
63 29 100.534385681 1
63 29 100.542045593 1
63 29 100.545257568 1
63 29 100.5835495 1
63 29 100.593238831 1
63 29 100.615356445 1
63 29 100.619598389 1
63 29 100.638267517 1
63 29 100.638832092 1
63 29 100.641967773 1
63 29 100.650260925 1
63 29 100.655380249 1
63 29 100.670524597 1
63 29 100.68296814 1
63 29 100.687904358 1
63 29 100.711128235 1
63 29 100.724594116 1
63 29 100.729904175 1
63 29 100.754257202 1
63 29 100.757644653 1
63 29 100.761512756 1
63 29 100.762939453 1
63 29 100.781562805 1
63 29 100.781959534 1
63 29 100.796966553 1
63 29 100.797897339 1
63 29 100.805618286 1
63 29 100.841621399 1
63 29 100.84777832 1
63 29 100.849311829 1
63 29 100.858108521 1
63 29 100.873069763 1
63 29 100.873405457 1
63 29 100.875183105 1
63 29 100.92237854 1
63 29 100.944145203 1
63 29 100.955413818 1
63 29 100.984901428 1
63 29 100.997970581 1
63 29 101.021278381 1
63 29 101.022659302 1
63 29 101.026634216 1
63 29 101.026672363 1
63 29 101.032409668 1
63 29 101.038665771 1
63 29 101.054000854 1
63 29 101.058456421 1
63 29 101.058959961 1
63 29 101.073699951 1
63 29 101.076408386 1
63 29 101.084136963 1
63 29 101.090026855 1
63 29 101.105506897 1
63 29 101.10723114 1
63 29 101.128723145 1
63 29 101.148078918 1
63 29 101.1824646 1
63 29 101.182929993 1
63 29 101.186935425 1
63 29 101.187553406 1
63 29 101.201286316 1
63 29 101.202041626 1
63 29 101.215042114 1
63 29 101.236625671 1
63 29 101.237419128 1
63 29 101.24874115 1
63 29 101.253684998 1
63 29 101.260505676 1
63 29 101.264976501 1
63 29 101.317565918 1
63 29 101.335708618 1
63 29 101.348701477 1
63 29 101.358222961 1
63 29 101.361068726 1
63 29 101.36415863 1
63 29 101.403945923 1
63 29 101.424308777 1
63 29 101.430709839 1
63 29 101.43963623 1
63 29 101.447280884 1
63 29 101.451835632 1
63 29 101.458343506 1
63 29 101.462783813 1
63 29 101.486038208 1
63 29 101.493041992 1
63 29 101.499687195 1
63 29 101.499855042 1
63 29 101.517280579 1
63 29 101.52141571 1
63 29 101.522590637 1
63 29 101.575576782 1
63 29 101.57698822 1
63 29 101.585319519 1
63 29 101.621696472 1
63 29 101.644767761 1
63 29 101.661437988 1
63 29 101.677131653 1
63 29 101.687324524 1
63 29 101.776100159 1
63 29 101.780929565 1
63 29 101.790397644 1
63 29 101.819602966 1
63 29 101.822425842 1
63 29 101.829971313 1
63 29 101.864608765 1
63 29 101.898139954 1
63 29 101.906150818 1
63 29 101.925323486 1
63 29 101.927947998 1
63 29 101.937461853 1
63 29 101.942871094 1
63 29 102.025787354 1
63 29 102.038726807 1
63 29 102.062294006 1
63 29 102.07069397 1
63 29 102.112480164 1
63 29 102.118041992 1
63 29 102.124336243 1
63 29 102.16230011 1
63 29 102.18182373 1
63 29 102.205123901 1
63 29 102.210517883 1
63 29 102.220748901 1
63 29 102.246932983 1
63 29 102.248153687 1
63 29 102.261474609 1
63 29 102.261932373 1
63 29 102.287376404 1
63 29 102.295921326 1
63 29 102.297164917 1
63 29 102.303894043 1
63 29 102.321968079 1
63 29 102.373222351 1
63 29 102.374282837 1
63 29 102.375663757 1
63 29 102.436920166 1
63 29 102.453048706 1
63 29 102.479698181 1
63 29 102.482803345 1
63 29 102.492675781 1
63 29 102.508163452 1
63 29 102.518836975 1
63 29 102.542785645 1
63 29 102.554679871 1
63 29 102.556182861 1
63 29 102.561790466 1
63 29 102.564460754 1
63 29 102.572471619 1
63 29 102.58039093 1
63 29 102.58883667 1
63 29 102.613975525 1
63 29 102.618797302 1
63 29 102.659187317 1
63 29 102.702987671 1
63 29 102.718574524 1
63 29 102.720413208 1
63 29 102.729606628 1
63 29 102.750259399 1
63 29 102.908805847 1
63 29 102.94631958 1
63 29 102.951332092 1
63 29 102.957244873 1
63 29 102.991172791 1
63 29 102.997108459 1
63 29 103.011039734 1
63 29 103.045181274 1
63 29 103.078926086 1
63 29 103.090141296 1
63 29 103.09147644 1
63 29 103.096755981 1
63 29 103.116752625 1
63 29 103.123497009 1
63 29 103.178787231 1
63 29 103.182182312 1
63 29 103.202575684 1
63 29 103.202949524 1
63 29 103.262969971 1
63 29 103.279510498 1
63 29 103.286399841 1
63 29 103.301017761 1
63 29 103.324241638 1
63 29 103.377990723 1
63 29 103.385299683 1
63 29 103.387954712 1
63 29 103.447288513 1
63 29 103.554855347 1
63 29 103.555076599 1
63 29 103.615913391 1
63 29 103.65007019 1
63 29 103.697998047 1
63 29 103.719413757 1
63 29 103.798332214 1
63 29 103.809867859 1
63 29 103.829589844 1
63 29 103.830589294 1
63 29 103.83505249 1
63 29 103.845619202 1
63 29 103.847946167 1
63 29 103.859840393 1
63 29 103.885719299 1
63 29 103.909645081 1
63 29 103.935592651 1
63 29 103.945648193 1
63 29 103.983482361 1
63 29 104.0365448 1
63 29 104.036743164 1
63 29 104.071258545 1
63 29 104.140907288 1
63 29 104.14427948 1
63 29 104.152557373 1
63 29 104.199501038 1
63 29 104.298240662 1
63 29 104.318344116 1
63 29 104.351478577 1
63 29 104.39453125 1
63 29 104.396095276 1
63 29 104.40171814 1
63 29 104.477172852 1
63 29 104.516860962 1
63 29 104.535346985 1
63 29 104.546104431 1
63 29 104.553222656 1
63 29 104.553764343 1
63 29 104.578712463 1
63 29 104.607307434 1
63 29 104.607437134 1
63 29 104.635047913 1
63 29 104.635139465 1
63 29 104.636741638 1
63 29 104.735313416 1
63 29 104.736724854 1
63 29 104.74319458 1
63 29 104.7576828 1
63 29 104.765480042 1
63 29 104.789718628 1
63 29 104.816192627 1
63 29 104.82383728 1
63 29 104.826019287 1
63 29 104.84450531 1
63 29 104.850471497 1
63 29 104.859146118 1
63 29 104.869941711 1
63 29 104.89125061 1
63 29 104.908081055 1
63 29 104.944671631 1
63 29 104.949012756 1
63 29 104.954597473 1
63 29 104.974456787 1
63 29 105.003097534 1
63 29 105.075836182 1
63 29 105.086036682 1
63 29 105.120346069 1
63 29 105.173843384 1
63 29 105.200714111 1
63 29 105.209762573 1
63 29 105.230628967 1
63 29 105.231811523 1
63 29 105.275688171 1
63 29 105.291984558 1
63 29 105.327545166 1
63 29 105.348594666 1
63 29 105.364334106 1
63 29 105.367614746 1
63 29 105.416091919 1
63 29 105.420692444 1
63 29 105.43938446 1
63 29 105.492614746 1
63 29 105.540252686 1
63 29 105.573478699 1
63 29 105.576217651 1
63 29 105.611289978 1
63 29 105.669036865 1
63 29 105.676605225 1
63 29 105.681228638 1
63 29 105.697357178 1
63 29 105.711112976 1
63 29 105.723320007 1
63 29 105.732894897 1
63 29 105.740432739 1
63 29 105.74584198 1
63 29 105.753189087 1
63 29 105.786499023 1
63 29 105.810203552 1
63 29 105.869468689 1
63 29 105.892601013 1
63 29 105.894378662 1
63 29 106.079376221 1
63 29 106.122421265 1
63 29 106.182853699 1
63 29 106.193153381 1
63 29 106.22303772 1
63 29 106.252212524 1
63 29 106.296073914 1
63 29 106.299972534 1
63 29 106.321128845 1
63 29 106.358047485 1
63 29 106.410217285 1
63 29 106.418754578 1
63 29 106.426704407 1
63 29 106.429458618 1
63 29 106.576293945 1
63 29 106.612220764 1
63 29 106.621543884 1
63 29 106.637947083 1
63 29 106.646736145 1
63 29 106.688789368 1
63 29 106.734687805 1
63 29 106.778823853 1
63 29 106.787986755 1
63 29 106.790802002 1
63 29 106.865592957 1
63 29 106.897766113 1
63 29 106.927734375 1
63 29 106.964065552 1
63 29 106.978561401 1
63 29 107.08556366 1
63 29 107.094062805 1
63 29 107.096443176 1
63 29 107.109313965 1
63 29 107.125267029 1
63 29 107.196662903 1
63 29 107.281272888 1
63 29 107.313934326 1
63 29 107.360038757 1
63 29 107.365753174 1
63 29 107.416610718 1
63 29 107.529319763 1
63 29 107.59487915 1
63 29 107.669113159 1
63 29 107.680534363 1
63 29 107.69418335 1
63 29 107.721557617 1
63 29 107.740684509 1
63 29 107.77041626 1
63 29 107.77104187 1
63 29 107.822616577 1
63 29 107.843963623 1
63 29 107.907714844 1
63 29 107.935539246 1
63 29 107.93838501 1
63 29 107.960655212 1
63 29 107.975730896 1
63 29 107.99848938 1
63 29 108.05305481 1
63 29 108.094749451 1
63 29 108.109367371 1
63 29 108.121070862 1
63 29 108.128944397 1
63 29 108.166069031 1
63 29 108.233093262 1
63 29 108.242744446 1
63 29 108.269134521 1
63 29 108.283668518 1
63 29 108.378501892 1
63 29 108.391830444 1
63 29 108.471931458 1
63 29 108.541809082 1
63 29 108.561882019 1
63 29 108.573196411 1
63 29 108.622581482 1
63 29 108.623214722 1
63 29 108.623245239 1
63 29 108.647453308 1
63 29 108.670333862 1
63 29 108.675415039 1
63 29 108.700408936 1
63 29 108.705451965 1
63 29 108.713287354 1
63 29 108.723548889 1
63 29 108.741485596 1
63 29 108.87562561 1
63 29 108.912528992 1
63 29 109.009208679 1
63 29 109.01373291 1
63 29 109.01776123 1
63 29 109.025314331 1
63 29 109.066856384 1
63 29 109.069717407 1
63 29 109.088760376 1
63 29 109.091659546 1
63 29 109.175392151 1
63 29 109.221572876 1
63 29 109.224334717 1
63 29 109.225296021 1
63 29 109.254745483 1
63 29 109.2628479 1
63 29 109.26789093 1
63 29 109.289245605 1
63 29 109.333930969 1
63 29 109.337913513 1
63 29 109.397193909 1
63 29 109.413322449 1
63 29 109.42628479 1
63 29 109.544578552 1
63 29 109.564529419 1
63 29 109.628799438 1
63 29 109.638259888 1
63 29 109.747497559 1
63 29 109.751091003 1
63 29 109.759628296 1
63 29 109.826210022 1
63 29 109.903518677 1
63 29 109.906616211 1
63 29 109.920410156 1
63 29 110.050361633 1
63 29 110.08605957 1
63 29 110.091079712 1
63 29 110.099372864 1
63 29 110.146659851 1
63 29 110.199409485 1
63 29 110.229179382 1
63 29 110.241607666 1
63 29 110.291809082 1
63 29 110.294776917 1
63 29 110.318061829 1
63 29 110.331550598 1
63 29 110.375701904 1
63 29 110.387031555 1
63 29 110.451469421 1
63 29 110.481742859 1
63 29 110.506744385 1
63 29 110.540306091 1
63 29 110.581542969 1
63 29 110.584091187 1
63 29 110.681793213 1
63 29 110.702415466 1
63 29 110.789985657 1
63 29 110.79888916 1
63 29 110.799324036 1
63 29 110.840103149 1
63 29 111.015762329 1
63 29 111.054977417 1
63 29 111.057395935 1
63 29 111.155654907 1
63 29 111.185874939 1
63 29 111.246452332 1
63 29 111.249282837 1
63 29 111.297653198 1
63 29 111.309059143 1
63 29 111.342559814 1
63 29 111.355949402 1
63 29 111.418144226 1
63 29 111.44241333 1
63 29 111.462249756 1
63 29 111.48563385 1
63 29 111.506767273 1
63 29 111.567245483 1
63 29 111.604248047 1
63 29 111.607025146 1
63 29 111.640838623 1
63 29 111.656471252 1
63 29 111.669143677 1
63 29 111.726043701 1
63 29 111.751419067 1
63 29 111.809654236 1
63 29 111.847938538 1
63 29 111.921112061 1
63 29 111.923118591 1
63 29 111.975875854 1
63 29 112.036064148 1
63 29 112.208351135 1
63 29 112.237945557 1
63 29 112.307067871 1
63 29 112.354064941 1
63 29 112.45475769 1
63 29 112.604042053 1
63 29 112.634567261 1
63 29 112.685752869 1
63 29 112.779197693 1
63 29 112.814949036 1
63 29 113.024246216 1
63 29 113.161010742 1
63 29 113.245285034 1
63 29 113.337158203 1
63 29 113.338798523 1
63 29 113.38319397 1
63 29 113.435531616 1
63 29 113.445381165 1
63 29 113.550422668 1
63 29 113.552848816 1
63 29 113.572135925 1
63 29 113.57434082 1
63 29 113.629608154 1
63 29 113.63368988 1
63 29 113.699996948 1
63 29 113.725738525 1
63 29 113.980827332 1
63 29 114.056739807 1
63 29 114.171432495 1
63 29 114.19568634 1
63 29 114.213439941 1
63 29 114.329864502 1
63 29 114.478134155 1
63 29 114.49887085 1
63 29 114.585708618 1
63 29 114.631828308 1
63 29 114.674934387 1
63 29 114.73261261 1
63 29 114.840072632 1
63 29 114.885147095 1
63 29 114.93321991 1
63 29 114.952529907 1
63 29 114.9998703 1
63 29 115.057319641 1
63 29 115.074539185 1
63 29 115.126991272 1
63 29 115.174858093 1
63 29 115.226615906 1
63 29 115.250663757 1
63 29 115.326286316 1
63 29 115.357460022 1
63 29 115.436569214 1
63 29 115.563018799 1
63 29 115.82157135 1
63 29 115.854667664 1
63 29 115.905090332 1
63 29 115.976036072 1
63 29 116.075622559 1
63 29 116.169471741 1
63 29 116.199371338 1
63 29 116.276939392 1
63 29 116.319442749 1
63 29 116.385719299 1
63 29 116.615219116 1
63 29 116.630012512 1
63 29 116.729896545 1
63 29 116.742233276 1
63 29 116.90473938 1
63 29 116.911148071 1
63 29 116.960533142 1
63 29 116.98374176 1
63 29 117.000816345 1
63 29 117.084709167 1
63 29 117.08833313 1
63 29 117.167243958 1
63 29 117.238555908 1
63 29 117.334472656 1
63 29 117.360221863 1
63 29 117.394943237 1
63 29 117.554824829 1
63 29 117.650878906 1
63 29 117.820068359 1
63 29 117.856010437 1
63 29 117.918281555 1
63 29 117.974769592 1
63 29 118.092781067 1
63 29 118.168273926 1
63 29 118.174087524 1
63 29 118.350646973 1
63 29 118.355049133 1
63 29 118.458732605 1
63 29 118.528060913 1
63 29 118.654418945 1
63 29 118.711654663 1
63 29 118.740203857 1
63 29 118.750396729 1
63 29 118.848228455 1
63 29 118.889259338 1
63 29 118.890106201 1
63 29 118.897773743 1
63 29 118.916015625 1
63 29 118.931243896 1
63 29 118.946342468 1
63 29 118.971511841 1
63 29 119.208213806 1
63 29 119.216156006 1
63 29 119.221588135 1
63 29 119.436477661 1
63 29 119.439781189 1
63 29 119.450454712 1
63 29 119.488548279 1
63 29 119.56199646 1
63 29 119.628936768 1
63 29 119.714622498 1
63 29 119.775535583 1
63 29 119.84601593 1
63 29 120.138900757 1
63 29 120.19405365 1
63 29 120.289710999 1
63 29 120.293014526 1
63 29 120.317451477 1
63 29 120.504302979 1
63 29 120.592155457 1
63 29 120.621765137 1
63 29 120.743682861 1
63 29 120.809936523 1
63 29 120.830871582 1
63 29 120.863357544 1
63 29 121.017494202 1
63 29 121.132652283 1
63 29 121.14868927 1
63 29 121.161994934 1
63 29 121.1902771 1
63 29 121.301612854 1
63 29 121.327896118 1
63 29 121.432685852 1
63 29 121.538352966 1
63 29 121.598869324 1
63 29 121.884857178 1
63 29 121.932365417 1
63 29 121.95173645 1
63 29 122.005065918 1
63 29 122.009231567 1
63 29 122.201667786 1
63 29 122.33719635 1
63 29 122.545135498 1
63 29 122.990455627 1
63 29 123.033073425 1
63 29 123.070106506 1
63 29 123.174674988 1
63 29 123.223495483 1
63 29 123.268554688 1
63 29 123.381462097 1
63 29 123.613952637 1
63 29 123.901985168 1
63 29 124.153701782 1
63 29 124.164588928 1
63 29 124.172401428 1
63 29 124.221237183 1
63 29 124.286437988 1
63 29 124.395530701 1
63 29 124.45640564 1
63 29 124.555351257 1
63 29 124.596138 1
63 29 124.804580688 1
63 29 124.845214844 1
63 29 125.107040405 1
63 29 125.110198975 1
63 29 125.150489807 1
63 29 125.177841187 1
63 29 125.195114136 1
63 29 125.27532196 1
63 29 125.312217712 1
63 29 125.337661743 1
63 29 125.364067078 1
63 29 125.442749023 1
63 29 125.50566864 1
63 29 125.544464111 1
63 29 125.654373169 1
63 29 125.680389404 1
63 29 125.852485657 1
63 29 125.879142761 1
63 29 125.89125824 1
63 29 125.893531799 1
63 29 126.072647095 1
63 29 126.155158997 1
63 29 126.155670166 1
63 29 126.216125488 1
63 29 126.338035583 1
63 29 126.444992065 1
63 29 126.531417847 1
63 29 126.576705933 1
63 29 126.650772095 1
63 29 126.68712616 1
63 29 126.702888489 1
63 29 126.744277954 1
63 29 126.929664612 1
63 29 126.988319397 1
63 29 127.133575439 1
63 29 127.208679199 1
63 29 127.214584351 1
63 29 127.316871643 1
63 29 127.45803833 1
63 29 127.558441162 1
63 29 128.324890137 1
63 29 128.493423462 1
63 29 128.521636963 1
63 29 128.618728638 1
63 29 128.933914185 1
63 29 128.976547241 1
63 29 129.059631348 1
63 29 129.090087891 1
63 29 129.157485962 1
63 29 129.363311768 1
63 29 129.433853149 1
63 29 129.512420654 1
63 29 129.716323853 1
63 29 129.962585449 1
63 29 130.187805176 1
63 29 130.446685791 1
63 29 130.47064209 1
63 29 130.702316284 1
63 29 131.168579102 1
63 29 131.268630981 1
63 29 131.297302246 1
63 29 131.340759277 1
63 29 131.349761963 1
63 29 131.35484314 1
63 29 131.414886475 1
63 29 131.435821533 1
63 29 131.511535645 1
63 29 131.920318604 1
63 29 132.182785034 1
63 29 132.292785645 1
63 29 132.563095093 1
63 29 132.8046875 1
63 29 132.828216553 1
63 29 132.858947754 1
63 29 132.977386475 1
63 29 133.248519897 1
63 29 133.257507324 1
63 29 133.285430908 1
63 29 133.489471436 1
63 29 133.686737061 1
63 29 133.759719849 1
63 29 133.773574829 1
63 29 133.855361938 1
63 29 133.931274414 1
63 29 134.228775024 1
63 29 134.334060669 1
63 29 134.511398315 1
63 29 134.534194946 1
63 29 134.6040802 1
63 29 134.611068726 1
63 29 134.720611572 1
63 29 134.992111206 1
63 29 135.318130493 1
63 29 135.342575073 1
63 29 135.629562378 1
63 29 135.683288574 1
63 29 136.555282593 1
63 29 136.611343384 1
63 29 136.714660645 1
63 29 137.232818604 1
63 29 137.388061523 1
63 29 137.455490112 1
63 29 137.857330322 1
63 29 137.921386719 1
63 29 137.944763184 1
63 29 137.999450684 1
63 29 138.298324585 1
63 29 138.893356323 1
63 29 139.051925659 1
63 29 139.092407227 1
63 29 139.120117188 1
63 29 139.591598511 1
63 29 139.797424316 1
63 29 139.814804077 1
63 29 140.101043701 1
63 29 140.201690674 1
63 29 140.714569092 1
63 29 140.840927124 1
63 29 141.262390137 1
63 29 141.46975708 1
63 29 142.430557251 1
63 29 143.234359741 1
63 29 143.362442017 1
63 29 143.425506592 1
63 29 143.776016235 1
63 29 144.115982056 1
63 29 144.321395874 1
63 29 144.341506958 1
63 29 144.466491699 1
63 29 144.561737061 1
63 29 144.774124146 1
63 29 144.928314209 1
63 29 145.209457397 1
63 29 145.223068237 1
63 29 145.610992432 1
63 29 145.733978271 1
63 29 145.790939331 1
63 29 146.092681885 1
63 29 146.117218018 1
63 29 146.154510498 1
63 29 146.820571899 1
63 29 147.454605103 1
63 29 147.554092407 1
63 29 148.435958862 1
63 29 148.62739563 1
63 29 148.868240356 1
63 29 148.972076416 1
63 29 149.034118652 1
63 29 149.866882324 1
63 29 150.491775513 1
63 29 150.494674683 1
63 29 151.311431885 1
63 29 151.454345703 1
63 29 151.48274231 1
63 29 151.969406128 1
63 29 152.300918579 1
63 29 152.723999023 1
63 29 153.45753479 1
63 29 153.68460083 1
63 29 154.153091431 1
63 29 154.396514893 1
63 29 154.690368652 1
63 29 155.224822998 1
63 29 155.524017334 1
63 29 155.727798462 1
63 29 156.434249878 1
63 29 157.086166382 1
63 29 158.153381348 1
63 29 159.270385742 1
63 29 159.613006592 1
63 29 159.703063965 1
63 29 159.943069458 1
63 29 160.235656738 1
63 29 160.346084595 1
63 29 160.45223999 1
63 29 160.539413452 1
63 29 160.544464111 1
63 29 160.944656372 1
63 29 161.821334839 1
63 29 162.080917358 1
63 29 162.257949829 1
63 29 162.64414978 1
63 29 163.806594849 1
63 29 163.961395264 1
63 29 164.241714478 1
63 29 164.714645386 1
63 29 165.357330322 1
63 29 165.545684814 1
63 29 166.249099731 1
63 29 166.445007324 1
63 29 167.343139648 1
63 29 167.764846802 1
63 29 167.961853027 1
63 29 169.413208008 1
63 29 170.50390625 1
63 29 171.118896484 1
63 29 172.125549316 1
63 29 172.13848877 1
63 29 172.447906494 1
63 29 173.626571655 1
63 29 174.002151489 1
63 29 174.993835449 1
63 29 175.497680664 1
63 29 175.994735718 1
63 29 176.315231323 1
63 29 176.438796997 1
63 29 176.607345581 1
63 29 177.381317139 1
63 29 178.008605957 1
63 29 178.440093994 1
63 29 178.846542358 1
63 29 179.688354492 1
63 29 180.705780029 1
63 29 181.122741699 1
63 29 181.682662964 1
63 29 182.850845337 1
63 29 182.864883423 1
63 29 183.065048218 1
63 29 183.172576904 1
63 29 183.855194092 1
63 29 184.911102295 1
63 29 185.145324707 1
63 29 186.819213867 1
63 29 187.764450073 1
63 29 188.113693237 1
63 29 190.672851562 1
63 29 190.920974731 1
63 29 192.390182495 1
63 29 192.947769165 1
63 29 194.06362915 1
63 29 194.776092529 1
63 29 194.864181519 1
63 29 195.727325439 1
63 29 196.50302124 1
63 29 197.202178955 1
63 29 197.543060303 1
63 29 198.377639771 1
63 29 199.124221802 1
63 29 199.707809448 1
63 29 199.732818604 1
63 29 199.758392334 1
63 29 200.061721802 1
63 29 200.144958496 1
63 29 200.702407837 1
63 29 201.103683472 1
63 29 201.578308105 1
63 29 202.006393433 1
63 29 202.381591797 1
63 29 204.382980347 1
63 29 204.467498779 1
63 29 206.02130127 1
63 29 206.44770813 1
63 29 208.124832153 1
63 29 208.265136719 1
63 29 208.397872925 1
63 29 210.78302002 1
63 29 211.432998657 1
63 29 212.08732605 1
63 29 213.23109436 1
63 29 214.003677368 1
63 29 215.753250122 1
63 29 216.801605225 1
63 29 216.877334595 1
63 29 219.306045532 1
63 29 221.452713013 1
63 29 222.16293335 1
63 29 222.179824829 1
63 29 225.843231201 1
63 29 225.876571655 1
63 29 227.039291382 1
63 29 228.26020813 1
63 29 230.491470337 1
63 29 231.198257446 1
63 29 232.540847778 1
63 29 233.005157471 1
63 29 238.163040161 1
63 29 243.160003662 1
63 29 244.969619751 1
63 29 246.672821045 1
63 29 247.609619141 1
63 29 247.808029175 1
63 29 250.405822754 1
63 29 250.767913818 1
63 29 252.055465698 1
63 29 252.47618103 1
63 29 253.185287476 1
63 29 253.421310425 1
63 29 254.027954102 1
63 29 259.506347656 1
63 29 262.519714355 1
63 29 263.672180176 1
63 29 265.993286133 1
63 29 267.517456055 1
63 29 274.158569336 1
63 29 275.773620605 1
63 29 276.874084473 1
63 29 277.979431152 1
63 29 278.739624023 1
63 29 278.805541992 1
63 29 282.649078369 1
63 29 286.760162354 1
63 29 288.296844482 1
63 29 296.071746826 1
63 29 302.980957031 1
63 29 305.718109131 1
63 29 306.432434082 1
63 29 310.714508057 1
63 29 312.517852783 1
63 29 317.977050781 1
63 29 318.964813232 1
63 29 321.139251709 1
63 29 321.447570801 1
63 29 323.629699707 1
63 29 325.233154297 1
63 29 329.214447021 1
63 29 331.248901367 1
63 29 335.028747559 1
63 29 335.727478027 1
63 29 341.808532715 1
63 29 344.887298584 1
63 29 345.281219482 1
63 29 350.603973389 1
63 29 358.543884277 1
63 29 361.234558105 1
63 29 364.635284424 1
63 29 365.766235352 1
63 29 369.613586426 1
63 29 376.62097168 1
63 29 377.579986572 1
63 29 386.430297852 1
63 29 392.760375977 1
63 29 393.65914917 1
63 29 394.062469482 1
63 29 404.497375488 1
63 29 413.338562012 1
63 29 421.040313721 1
63 29 424.701721191 1
63 29 430.66595459 1
63 29 431.13067627 1
63 29 432.353424072 1
63 29 435.45111084 1
63 29 436.301696777 1
63 29 438.252502441 1
63 29 439.717498779 1
63 29 439.973083496 1
63 29 448.666046143 1
63 29 462.943206787 1
63 29 471.939880371 1
63 29 481.58972168 1
63 29 481.938140869 1
63 29 486.494628906 1
63 29 508.720001221 1
63 29 515.963256836 1
63 29 518.697570801 1
63 29 534.926574707 1
63 29 540.589416504 1
63 29 540.654541016 1
63 29 562.446838379 1
63 29 581.461303711 1
63 29 583.637878418 1
63 29 589.508544922 1
63 29 603.344543457 1
63 29 606.200622559 1
63 29 619.135253906 1
63 29 627.48248291 1
63 29 629.242980957 1
63 29 670.914245605 1
63 29 675.8359375 1
63 29 688.777526855 1
63 29 693.939147949 1
63 29 738.017944336 1
63 29 836.316223145 1
63 29 837.059692383 1
63 29 837.233520508 1
63 29 847.537414551 1
63 29 872.052185059 1
63 29 886.186767578 1
63 29 936.104370117 1
63 29 999.456726074 1
63 29 1061.87451172 1
63 29 1197.38708496 1
63 29 1218.06164551 1
63 29 1299.3013916 1
63 29 1413.88037109 1
63 29 1517.05090332 1
63 31 96.4755325317 1
63 31 98.338432312 1
63 31 102.268745422 1
63 31 107.862251282 1
63 31 110.467407227 1
63 31 114.539299011 1
63 31 116.305480957 1
63 31 119.428085327 1
63 31 122.153381348 1
63 31 122.608352661 1
63 31 124.048439026 1
63 31 124.672821045 1
63 31 126.123123169 1
63 31 126.515991211 1
63 31 127.542671204 1
63 31 128.516677856 1
63 31 128.551483154 1
63 31 128.986572266 1
63 31 130.413497925 1
63 31 132.49798584 1
63 31 132.728393555 1
63 31 133.256210327 1
63 31 136.912597656 1
63 31 136.982498169 1
63 31 137.340042114 1
63 31 138.223098755 1
63 31 142.808776855 1
63 31 143.059921265 1
63 31 143.371490479 1
63 31 144.407272339 1
63 31 144.858093262 1
63 31 145.014343262 1
63 31 146.424728394 1
63 31 147.456863403 1
63 31 148.029724121 1
63 31 148.078338623 1
63 31 149.084533691 1
63 31 149.687484741 1
63 31 151.264068604 1
63 31 152.688262939 1
63 31 153.371536255 1
63 31 153.592727661 1
63 31 153.751312256 1
63 31 155.119094849 1
63 31 157.268966675 1
63 31 157.570709229 1
63 31 159.50428772 1
63 31 159.799057007 1
63 31 160.987091064 1
63 31 162.365142822 1
63 31 163.204162598 1
63 31 164.407028198 1
63 31 165.015106201 1
63 31 168.191665649 1
63 31 168.710693359 1
63 31 168.940933228 1
63 31 169.462646484 1
63 31 169.747177124 1
63 31 170.638198853 1
63 31 171.14503479 1
63 31 171.610092163 1
63 31 173.397293091 1
63 31 174.133651733 1
63 31 175.88079834 1
63 31 176.651046753 1
63 31 176.933685303 1
63 31 179.66758728 1
63 31 179.882598877 1
63 31 180.491760254 1
63 31 180.945007324 1
63 31 180.968826294 1
63 31 181.326202393 1
63 31 181.563171387 1
63 31 182.9790802 1
63 31 188.305419922 1
63 31 190.300735474 1
63 31 190.590652466 1
63 31 192.001434326 1
63 31 193.613952637 1
63 31 199.615753174 1
63 31 203.53692627 1
63 31 203.86491394 1
63 31 204.637283325 1
63 31 205.580657959 1
63 31 207.23538208 1
63 31 209.211456299 1
63 31 211.189666748 1
63 31 212.895828247 1
63 31 213.870697021 1
63 31 218.680984497 1
63 31 222.321060181 1
63 31 223.447494507 1
63 31 225.295181274 1
63 31 226.249923706 1
63 31 229.6927948 1
63 31 232.182754517 1
63 31 235.452392578 1
63 31 235.465744019 1
63 31 236.318023682 1
63 31 236.370666504 1
63 31 236.751174927 1
63 31 237.75491333 1
63 31 239.724609375 1
63 31 242.422348022 1
63 31 244.724746704 1
63 31 245.472076416 1
63 31 247.090606689 1
63 31 247.536743164 1
63 31 248.310943604 1
63 31 249.806365967 1
63 31 250.876068115 1
63 31 257.317108154 1
63 31 257.534790039 1
63 31 259.384094238 1
63 31 261.67388916 1
63 31 264.586853027 1
63 31 265.661071777 1
63 31 265.784423828 1
63 31 272.189300537 1
63 31 275.419403076 1
63 31 276.356750488 1
63 31 277.982421875 1
63 31 281.748748779 1
63 31 283.218505859 1
63 31 286.19744873 1
63 31 291.442565918 1
63 31 299.374298096 1
63 31 299.432769775 1
63 31 304.226959229 1
63 31 304.391357422 1
63 31 304.962402344 1
63 31 305.119354248 1
63 31 305.98236084 1
63 31 309.385955811 1
63 31 314.509460449 1
63 31 315.866790771 1
63 31 317.044128418 1
63 31 318.441986084 1
63 31 320.281616211 1
63 31 336.586425781 1
63 31 349.352813721 1
63 31 349.78036499 1
63 31 357.590698242 1
63 31 368.144439697 1
63 31 374.482543945 1
63 31 375.753204346 1
63 31 385.273529053 1
63 31 387.193786621 1
63 31 387.74230957 1
63 31 389.369049072 1
63 31 403.420593262 1
63 31 403.647338867 1
63 31 411.392028809 1
63 31 413.238037109 1
63 31 414.462402344 1
63 31 423.082366943 1
63 31 431.839141846 1
63 31 433.354919434 1
63 31 433.493438721 1
63 31 447.472595215 1
63 31 455.204315186 1
63 31 470.815307617 1
63 31 472.811431885 1
63 31 491.80065918 1
63 31 502.199737549 1
63 31 509.299591064 1
63 31 513.57598877 1
63 31 531.151367188 1
63 31 539.244689941 1
63 31 540.647277832 1
63 31 545.963195801 1
63 31 556.122436523 1
63 31 557.35723877 1
63 31 564.375854492 1
63 31 572.992736816 1
63 31 595.74597168 1
63 31 600.694946289 1
63 31 670.46105957 1
63 31 679.593078613 1
63 31 717.167297363 1
63 31 761.622375488 1
63 31 776.367553711 1
63 31 778.858276367 1
63 31 804.997680664 1
63 31 924.62890625 1
63 31 1120.41003418 1
63 31 1132.24475098 1
63 31 1135.82519531 1
63 31 1162.00561523 1
63 31 1276.86901855 1
63 31 1299.41162109 1
63 32 188.196746826 1
63 32 241.698043823 1
63 32 242.823486328 1
63 32 247.583724976 1
63 32 261.332366943 1
63 32 262.433410645 1
63 32 267.864532471 1
63 32 280.287750244 1
63 32 282.134735107 1
63 32 288.54598999 1
63 32 293.044494629 1
63 32 295.287200928 1
63 32 298.190368652 1
63 32 304.447143555 1
63 32 306.182098389 1
63 32 315.402069092 1
63 32 317.089416504 1
63 32 328.136352539 1
63 32 337.88583374 1
63 32 348.414642334 1
63 32 353.410705566 1
63 32 362.151275635 1
63 32 388.395111084 1
63 32 393.441467285 1
63 32 395.484802246 1
63 32 408.651184082 1
63 32 414.255584717 1
63 32 418.88684082 1
63 32 428.012268066 1
63 32 451.227142334 1
63 32 453.439910889 1
63 32 467.444641113 1
63 32 467.760620117 1
63 32 480.186981201 1
63 32 480.559875488 1
63 32 483.941925049 1
63 32 517.717285156 1
63 32 529.602905273 1
63 32 539.331359863 1
63 32 551.176330566 1
63 32 680.251342773 1
63 32 772.285644531 1
63 32 798.862426758 1
63 33 340.949859619 1
63 33 346.874328613 1
63 33 414.029144287 1
63 33 415.187713623 1
63 33 437.513153076 1
63 33 439.817474365 1
63 33 449.62991333 1
63 33 508.67767334 1
63 33 524.776977539 1
63 33 536.325134277 1
63 33 617.62890625 1
63 33 637.108215332 1
63 33 1028.97912598 1
63 34 437.330841064 1
64 19 2078.35253906 1
64 24 985.528991699 1
64 24 1393.33764648 1
64 26 1160.56164551 1
64 27 850.265014648 1
64 27 865.93762207 1
64 27 881.734619141 1
64 28 684.121765137 1
64 28 710.758850098 1
64 28 725.420898438 1
64 28 749.913757324 1
64 28 809.347900391 1
64 28 869.032470703 1
64 28 903.348999023 1
64 28 1085.14941406 1
64 28 1143.55859375 1
64 28 1961.67333984 1
64 29 685.320983887 1
64 29 691.035888672 1
64 29 732.905639648 1
64 29 858.996276855 1
64 29 908.789123535 1
64 29 923.531555176 1
64 29 1039.8671875 1
64 29 1124.86401367 1
64 30 634.811767578 1
64 30 655.780212402 1
64 30 737.70098877 1
64 30 846.873901367 1
64 30 850.563964844 1
64 30 851.742492676 1
64 30 1060.35961914 1
64 30 1074.66381836 1
64 30 1160.96325684 1
64 30 1394.61279297 1
64 30 1505.01391602 1
64 30 2010.55871582 1
64 31 755.524108887 1
64 31 1135.93579102 1
64 31 1194.84716797 1
64 31 1409.34130859 1
64 31 1509.68432617 1
64 31 1623.27807617 1
64 32 748.800842285 1
64 32 760.148132324 1
64 32 797.188476562 1
64 32 925.104431152 1
64 32 930.507507324 1
64 32 981.810302734 1
64 32 1508.59375 1
69 29 1946.80883789 1
69 30 1728.83752441 1
70 20 1456.66540527 1
70 24 957.503845215 1
70 25 1183.41162109 1
70 25 1341.50256348 1
70 25 1341.71032715 1
70 26 882.923522949 1
70 26 911.131774902 1
70 26 963.726257324 1
70 26 1110.44775391 1
70 26 1413.23144531 1
70 27 680.138183594 1
70 27 775.596252441 1
70 27 838.66607666 1
70 27 846.466491699 1
70 27 856.069946289 1
70 27 892.197509766 1
70 27 1260.04345703 1
70 27 1260.22631836 1
70 27 1820.03979492 1
70 27 1845.89587402 1
70 27 2268.64648438 1
70 28 646.278930664 1
70 28 709.349304199 1
70 28 720.823059082 1
70 28 722.663879395 1
70 28 757.108703613 1
70 28 917.655944824 1
70 28 970.10369873 1
70 28 973.951599121 1
70 28 1039.90625 1
70 28 1064.59484863 1
70 28 1296.52087402 1
70 28 1464.30517578 1
70 28 1473.18347168 1
70 29 733.647460938 1
70 29 752.049560547 1
70 29 877.202819824 1
70 29 1001.35119629 1
70 30 770.692932129 1
70 30 979.766418457 1
70 30 1098.08435059 1
70 30 1176.41870117 1
70 31 869.04119873 1
70 31 921.257568359 1
70 31 926.335449219 1
70 31 1161.14758301 1
70 31 1713.61169434 1
71 19 2198.32592773 1
71 21 1463.19104004 1
71 22 1285.72827148 1
71 23 1435.91772461 1
71 25 1107.61791992 1
71 25 1154.79711914 1
71 26 781.091430664 1
71 26 859.502075195 1
71 26 945.809936523 1
71 26 1630.12463379 1
71 27 694.306335449 1
71 27 800.831726074 1
71 27 895.75604248 1
71 27 964.052429199 1
71 27 1148.55493164 1
71 27 1281.42700195 1
71 27 2621.49169922 1
71 28 832.511962891 1
71 28 957.633361816 1
71 28 1037.64904785 1
71 28 2012.99328613 1
71 29 715.551879883 1
71 29 813.561828613 1
71 29 921.350891113 1
71 29 948.730773926 1
71 29 1031.45776367 1
71 29 1829.89807129 1
71 29 2244.24438477 1
71 30 714.429382324 1
71 30 743.939880371 1
71 30 751.60925293 1
71 30 781.936523438 1
71 30 782.467346191 1
71 30 852.885803223 1
71 31 684.370117188 1
71 31 1229.47314453 1
71 31 1850.70288086 1
71 32 1075.76794434 1
71 32 1352.7277832 1
72 27 1943.56762695 1
72 30 1996.4921875 1
76 19 1973.50744629 1
76 27 1732.37353516 1
76 27 2049.26123047 1
76 30 2054.01025391 1
77 27 1544.97167969 1
77 28 2057.03930664 1
77 29 1253.67431641 1
77 30 1290.92724609 1
