string dom time hits
43 30 2141.61230469 1
44 32 2431.19921875 1
45 26 1512.24755859 1
53 23 2880.28320312 1
53 26 2289.56420898 1
54 19 2080.88696289 1
54 23 1760.32006836 1
54 24 868.405456543 1
54 24 1144.43603516 1
54 26 899.598205566 1
54 26 1182.05358887 1
54 26 1268.8527832 1
54 26 1319.21520996 1
54 27 697.61730957 1
54 27 748.066589355 1
54 27 807.204772949 1
54 27 840.59576416 1
54 27 892.788330078 1
54 27 915.112365723 1
54 27 1160.30419922 1
54 27 1395.23339844 1
54 27 1447.87365723 1
54 27 1547.90698242 1
54 28 696.349609375 1
54 28 723.446350098 1
54 28 769.405517578 1
54 28 788.461547852 1
54 28 980.826904297 1
54 28 1024.47302246 1
54 28 1302.16601562 1
54 28 1410.27783203 1
54 29 712.166503906 1
54 29 729.67956543 1
54 29 730.027587891 1
54 29 768.754516602 1
54 29 828.844970703 1
54 29 952.337524414 1
54 29 961.457275391 1
54 29 966.333068848 1
54 29 1031.79541016 1
54 29 1033.48962402 1
54 29 1074.5300293 1
54 29 1588.11328125 1
54 29 2159.07714844 1
54 30 830.400146484 1
54 30 1347.46740723 1
54 30 1595.015625 1
54 31 716.414855957 1
54 31 844.740783691 1
54 31 945.796691895 1
54 31 1011.98358154 1
55 23 1143.68762207 1
55 24 974.888183594 1
55 24 1125.43530273 1
55 25 844.398742676 1
55 26 713.719787598 1
55 26 948.888977051 1
55 26 951.454406738 1
55 26 1021.36456299 1
55 26 1051.671875 1
55 26 1137.84960938 1
55 26 1140.39562988 1
55 26 1180.06079102 1
55 26 1203.41040039 1
55 26 1407.76306152 1
55 26 1612.45751953 1
55 26 1767.91467285 1
55 27 822.199279785 1
55 27 938.08190918 1
55 27 983.77557373 1
55 27 1054.44714355 1
55 28 743.410827637 1
55 28 931.501342773 1
55 28 1002.40917969 1
55 28 1053.64465332 1
55 28 1113.42492676 1
55 28 1451.95214844 1
55 29 642.863830566 1
55 29 698.632202148 1
55 29 929.876586914 1
55 29 1473.84521484 1
55 29 1785.09179688 1
55 30 793.08380127 1
55 30 926.807983398 1
55 30 984.277709961 1
55 30 1216.09399414 1
55 31 930.036437988 1
55 31 1073.4576416 1
55 31 1435.1361084 1
55 31 1442.83325195 1
55 31 1515.33251953 1
55 32 992.244567871 1
55 33 1695.23950195 1
55 33 2029.22949219 1
56 22 1968.52282715 1
56 27 1794.83459473 1
62 17 1774.00976562 1
62 21 2547.94775391 1
62 22 1420.69665527 1
62 23 1022.78607178 1
62 24 1087.87426758 1
62 25 850.782714844 1
62 25 1002.25427246 1
62 25 1088.48535156 1
62 25 1234.45007324 1
62 25 1383.88000488 1
62 26 751.59777832 1
62 26 755.816833496 1
62 26 756.085632324 1
62 26 832.90612793 1
62 26 845.295227051 1
62 26 872.790405273 1
62 26 935.656799316 1
62 26 1078.46716309 1
62 26 1299.84436035 1
62 26 1880.02038574 1
62 27 934.040588379 1
62 27 958.63470459 1
62 27 1341.70007324 1
62 27 1493.93920898 1
62 28 661.507446289 1
62 28 678.768676758 1
62 28 719.155456543 1
62 28 832.461730957 1
62 28 845.406616211 1
62 28 869.190979004 1
62 28 940.428100586 1
62 28 975.654296875 1
62 28 1049.5012207 1
62 28 1071.5222168 1
62 28 1294.87634277 1
62 28 1415.01831055 1
62 29 684.515197754 1
62 29 756.272705078 1
62 29 786.637268066 1
62 29 796.606018066 1
62 29 848.0078125 1
62 29 898.255310059 1
62 29 912.850219727 1
62 29 1040.71191406 1
62 29 3006.10424805 1
62 30 657.856445312 1
62 30 724.555175781 1
62 30 748.203918457 1
62 30 1497.52270508 1
62 30 1972.18237305 1
62 31 758.295227051 1
62 31 939.317443848 1
62 31 1649.72705078 1
62 32 1363.91760254 1
62 32 1599.84570312 1
63 18 1413.95825195 1
63 22 776.053222656 1
63 22 791.821533203 1
63 22 829.27947998 1
63 22 836.395812988 1
63 22 880.438110352 1
63 22 915.618103027 1
63 23 701.854370117 1
63 23 707.778686523 1
63 23 751.352661133 1
63 23 754.846740723 1
63 23 768.887084961 1
63 23 888.528015137 1
63 23 966.96282959 1
63 23 1011.128479 1
63 23 1781.01550293 1
63 23 2677.78125 1
63 23 2780.34765625 1
63 24 517.043884277 1
63 24 520.906555176 1
63 24 563.98034668 1
63 24 571.383972168 1
63 24 573.847473145 1
63 24 575.395751953 1
63 24 583.632385254 1
63 24 595.563598633 1
63 24 598.345031738 1
63 24 606.47076416 1
63 24 611.99810791 1
63 24 618.222167969 1
63 24 621.384216309 1
63 24 640.225585938 1
63 24 644.241699219 1
63 24 647.2734375 1
63 24 662.57220459 1
63 24 680.646057129 1
63 24 720.445800781 1
63 24 723.645812988 1
63 24 811.592712402 1
63 24 984.19909668 1
63 24 1048.5111084 1
63 24 1069.10302734 1
63 24 1069.86108398 1
63 24 1076.85986328 1
63 24 1080.75646973 1
63 24 1089.24389648 1
63 24 1321.20654297 1
63 25 451.75402832 1
63 25 458.453735352 1
63 25 459.33114624 1
63 25 462.527709961 1
63 25 471.198486328 1
63 25 482.836486816 1
63 25 485.063781738 1
63 25 487.519500732 1
63 25 498.822967529 1
63 25 499.996002197 1
63 25 507.488891602 1
63 25 508.778076172 1
63 25 511.027954102 1
63 25 517.686096191 1
63 25 526.787658691 1
63 25 537.93536377 1
63 25 574.963867188 1
63 25 584.517333984 1
63 25 585.996826172 1
63 25 597.771850586 1
63 25 597.928649902 1
63 25 603.712036133 1
63 25 617.664611816 1
63 25 618.914916992 1
63 25 622.244812012 1
63 25 622.449890137 1
63 25 622.856689453 1
63 25 650.776733398 1
63 25 655.672424316 1
63 25 661.669433594 1
63 25 675.153198242 1
63 25 682.911376953 1
63 25 683.191101074 1
63 25 707.859130859 1
63 25 721.153564453 1
63 25 776.263122559 1
63 25 819.629272461 1
63 25 840.954284668 1
63 25 1234.19641113 1
63 25 1459.93457031 1
63 25 1775.19238281 1
63 25 2017.62438965 1
63 26 336.344421387 1
63 26 336.85168457 1
63 26 340.687713623 1
63 26 342.898162842 1
63 26 343.317962646 1
63 26 343.521392822 1
63 26 343.788635254 1
63 26 344.427124023 1
63 26 348.034454346 1
63 26 349.140991211 1
63 26 351.469970703 1
63 26 352.180725098 1
63 26 356.431945801 1
63 26 356.45703125 1
63 26 358.833251953 1
63 26 359.321716309 1
63 26 361.009124756 1
63 26 361.701904297 1
63 26 367.280426025 1
63 26 367.858520508 1
63 26 368.717376709 1
63 26 370.559387207 1
63 26 370.730804443 1
63 26 384.662506104 1
63 26 389.922454834 1
63 26 390.531005859 1
63 26 391.781005859 1
63 26 396.953643799 1
63 26 402.95223999 1
63 26 403.758117676 1
63 26 405.197235107 1
63 26 405.895507812 1
63 26 407.361358643 1
63 26 407.623962402 1
63 26 409.454162598 1
63 26 410.726654053 1
63 26 411.77734375 1
63 26 412.255157471 1
63 26 416.53012085 1
63 26 416.941986084 1
63 26 420.780944824 1
63 26 421.467407227 1
63 26 421.90536499 1
63 26 427.172546387 1
63 26 431.076965332 1
63 26 437.828460693 1
63 26 444.220184326 1
63 26 445.684997559 1
63 26 453.445037842 1
63 26 456.527435303 1
63 26 456.850219727 1
63 26 458.26550293 1
63 26 458.45980835 1
63 26 458.886901855 1
63 26 460.146331787 1
63 26 467.411468506 1
63 26 468.094238281 1
63 26 472.754821777 1
63 26 473.515167236 1
63 26 476.770324707 1
63 26 479.74105835 1
63 26 484.247314453 1
63 26 487.710571289 1
63 26 495.061767578 1
63 26 501.012969971 1
63 26 502.712158203 1
63 26 503.765930176 1
63 26 505.097473145 1
63 26 505.447235107 1
63 26 509.275024414 1
63 26 513.485900879 1
63 26 517.742736816 1
63 26 537.547363281 1
63 26 547.059387207 1
63 26 569.135253906 1
63 26 589.758911133 1
63 26 594.089050293 1
63 26 603.530273438 1
63 26 603.753234863 1
63 26 607.252197266 1
63 26 642.141174316 1
63 26 657.432189941 1
63 26 657.573303223 1
63 26 689.657226562 1
63 26 695.577880859 1
63 26 730.590942383 1
63 26 731.828918457 1
63 26 746.942138672 1
63 26 757.433288574 1
63 26 770.79901123 1
63 26 797.992370605 1
63 26 812.82434082 1
63 26 845.867492676 1
63 26 890.162841797 1
63 26 904.523010254 1
63 26 936.080749512 1
63 26 942.133117676 1
63 26 1020.22497559 1
63 26 1124.75305176 1
63 26 1127.66149902 1
63 26 1248.0916748 1
63 26 1328.37646484 1
63 26 1945.26989746 1
63 26 2558.09472656 1
63 27 237.901794434 1
63 27 244.017974854 1
63 27 244.505157471 1
63 27 248.587265015 1
63 27 249.311325073 1
63 27 249.496658325 1
63 27 251.748123169 1
63 27 251.777328491 1
63 27 252.064239502 1
63 27 252.195877075 1
63 27 253.370849609 1
63 27 254.60446167 1
63 27 255.134002686 1
63 27 255.158355713 1
63 27 255.360473633 1
63 27 255.543869019 1
63 27 255.957702637 1
63 27 256.155059814 1
63 27 256.6534729 1
63 27 257.922973633 1
63 27 258.180511475 1
63 27 258.364776611 1
63 27 258.607543945 1
63 27 258.97845459 1
63 27 260.426513672 1
63 27 260.660369873 1
63 27 260.879241943 1
63 27 261.067169189 1
63 27 261.44442749 1
63 27 261.448425293 1
63 27 261.881744385 1
63 27 262.883087158 1
63 27 263.95489502 1
63 27 263.955993652 1
63 27 263.99395752 1
63 27 264.116394043 1
63 27 264.239379883 1
63 27 264.394439697 1
63 27 264.400299072 1
63 27 264.840179443 1
63 27 264.90057373 1
63 27 265.086303711 1
63 27 265.093170166 1
63 27 265.413787842 1
63 27 265.844696045 1
63 27 266.462463379 1
63 27 266.58291626 1
63 27 266.681610107 1
63 27 266.928985596 1
63 27 267.811004639 1
63 27 267.828948975 1
63 27 267.855682373 1
63 27 268.011108398 1
63 27 268.266021729 1
63 27 268.520751953 1
63 27 268.678375244 1
63 27 268.867431641 1
63 27 269.182830811 1
63 27 269.664215088 1
63 27 269.970123291 1
63 27 269.985656738 1
63 27 270.36505127 1
63 27 271.171875 1
63 27 271.836456299 1
63 27 272.251098633 1
63 27 272.300720215 1
63 27 272.373443604 1
63 27 273.049621582 1
63 27 273.098297119 1
63 27 273.500427246 1
63 27 273.691925049 1
63 27 274.104858398 1
63 27 274.224151611 1
63 27 274.752349854 1
63 27 274.880187988 1
63 27 275.641998291 1
63 27 275.986206055 1
63 27 276.046112061 1
63 27 276.32232666 1
63 27 276.341430664 1
63 27 276.86227417 1
63 27 277.418304443 1
63 27 278.019104004 1
63 27 278.537567139 1
63 27 278.906738281 1
63 27 279.117248535 1
63 27 279.807525635 1
63 27 279.812133789 1
63 27 279.915405273 1
63 27 280.100189209 1
63 27 280.565673828 1
63 27 280.578125 1
63 27 281.234436035 1
63 27 281.539245605 1
63 27 281.557922363 1
63 27 282.204711914 1
63 27 282.57208252 1
63 27 282.738128662 1
63 27 283.567352295 1
63 27 283.66317749 1
63 27 283.681945801 1
63 27 283.75012207 1
63 27 284.099243164 1
63 27 284.963104248 1
63 27 286.823822021 1
63 27 287.914031982 1
63 27 288.18951416 1
63 27 288.31829834 1
63 27 288.375579834 1
63 27 290.618347168 1
63 27 291.007476807 1
63 27 291.33380127 1
63 27 291.629425049 1
63 27 292.469207764 1
63 27 293.402709961 1
63 27 293.471282959 1
63 27 293.500915527 1
63 27 294.776794434 1
63 27 295.485992432 1
63 27 295.95098877 1
63 27 296.712432861 1
63 27 297.341461182 1
63 27 297.787811279 1
63 27 297.829833984 1
63 27 297.996826172 1
63 27 298.583465576 1
63 27 299.251647949 1
63 27 299.401977539 1
63 27 299.583404541 1
63 27 299.955627441 1
63 27 300.215942383 1
63 27 300.22064209 1
63 27 300.921081543 1
63 27 301.05078125 1
63 27 301.312011719 1
63 27 302.788513184 1
63 27 303.459014893 1
63 27 304.204498291 1
63 27 305.291778564 1
63 27 305.6668396 1
63 27 307.078338623 1
63 27 307.176177979 1
63 27 307.714691162 1
63 27 307.769470215 1
63 27 308.053894043 1
63 27 308.526641846 1
63 27 309.103668213 1
63 27 309.128112793 1
63 27 309.149993896 1
63 27 309.400299072 1
63 27 309.570465088 1
63 27 310.972045898 1
63 27 311.366363525 1
63 27 311.533569336 1
63 27 311.554077148 1
63 27 314.539794922 1
63 27 315.243927002 1
63 27 316.619476318 1
63 27 317.647521973 1
63 27 318.383850098 1
63 27 318.906738281 1
63 27 319.005310059 1
63 27 319.093811035 1
63 27 319.31427002 1
63 27 319.454650879 1
63 27 320.208679199 1
63 27 321.520172119 1
63 27 321.795776367 1
63 27 322.317810059 1
63 27 324.910552979 1
63 27 326.035797119 1
63 27 326.957641602 1
63 27 328.6328125 1
63 27 329.405029297 1
63 27 330.097229004 1
63 27 331.42010498 1
63 27 333.545288086 1
63 27 335.766448975 1
63 27 336.183898926 1
63 27 336.224151611 1
63 27 336.684326172 1
63 27 337.670684814 1
63 27 338.7605896 1
63 27 339.762939453 1
63 27 340.696228027 1
63 27 341.049957275 1
63 27 341.721984863 1
63 27 343.295806885 1
63 27 343.846160889 1
63 27 344.843933105 1
63 27 347.68460083 1
63 27 350.228210449 1
63 27 352.118835449 1
63 27 354.007568359 1
63 27 354.570861816 1
63 27 357.736633301 1
63 27 358.484161377 1
63 27 360.097595215 1
63 27 362.562713623 1
63 27 364.288696289 1
63 27 365.591552734 1
63 27 370.60824585 1
63 27 370.748138428 1
63 27 372.80847168 1
63 27 374.220977783 1
63 27 374.679870605 1
63 27 376.273284912 1
63 27 377.395202637 1
63 27 378.314910889 1
63 27 379.973571777 1
63 27 384.690826416 1
63 27 385.661254883 1
63 27 385.807647705 1
63 27 386.05368042 1
63 27 386.806182861 1
63 27 388.192474365 1
63 27 390.911376953 1
63 27 391.024627686 1
63 27 392.297210693 1
63 27 393.086669922 1
63 27 402.786895752 1
63 27 407.225341797 1
63 27 413.999542236 1
63 27 414.770172119 1
63 27 419.655334473 1
63 27 420.787109375 1
63 27 425.668762207 1
63 27 435.979553223 1
63 27 440.455474854 1
63 27 445.682617188 1
63 27 446.099090576 1
63 27 448.715270996 1
63 27 453.319671631 1
63 27 459.973846436 1
63 27 462.00213623 1
63 27 462.502197266 1
63 27 470.802398682 1
63 27 481.044830322 1
63 27 487.748779297 1
63 27 487.976989746 1
63 27 489.553039551 1
63 27 496.20904541 1
63 27 506.755889893 1
63 27 507.180725098 1
63 27 508.326690674 1
63 27 520.026489258 1
63 27 527.545471191 1
63 27 530.351257324 1
63 27 543.00378418 1
63 27 543.152587891 1
63 27 545.745178223 1
63 27 548.944030762 1
63 27 549.858642578 1
63 27 554.322021484 1
63 27 554.862670898 1
63 27 556.702209473 1
63 27 557.308166504 1
63 27 560.410095215 1
63 27 575.331726074 1
63 27 590.671569824 1
63 27 592.548706055 1
63 27 603.935302734 1
63 27 636.108398438 1
63 27 639.296447754 1
63 27 684.637817383 1
63 27 696.335021973 1
63 27 699.912231445 1
63 27 716.589233398 1
63 27 731.15246582 1
63 27 756.760681152 1
63 27 877.09185791 1
63 27 894.032714844 1
63 27 926.973815918 1
63 27 963.994812012 1
63 27 998.873962402 1
63 27 1033.23913574 1
63 27 1063.31958008 1
63 27 1112.46203613 1
63 27 1165.57971191 1
63 27 1177.54077148 1
63 27 1410.87268066 1
63 28 160.777191162 1
63 28 161.204940796 1
63 28 161.630935669 1
63 28 163.175201416 1
63 28 164.331787109 1
63 28 164.812561035 1
63 28 165.340270996 1
63 28 165.404998779 1
63 28 165.413223267 1
63 28 165.650482178 1
63 28 165.732711792 1
63 28 165.768157959 1
63 28 165.771408081 1
63 28 165.787994385 1
63 28 166.008407593 1
63 28 166.295135498 1
63 28 166.354141235 1
63 28 166.477310181 1
63 28 167.425857544 1
63 28 167.454544067 1
63 28 167.573654175 1
63 28 167.890853882 1
63 28 167.953842163 1
63 28 168.140487671 1
63 28 168.317398071 1
63 28 168.961975098 1
63 28 168.983688354 1
63 28 169.333084106 1
63 28 169.602478027 1
63 28 169.714035034 1
63 28 169.930374146 1
63 28 169.932144165 1
63 28 170.086700439 1
63 28 170.125244141 1
63 28 170.354125977 1
63 28 170.479125977 1
63 28 170.521087646 1
63 28 170.551101685 1
63 28 170.638275146 1
63 28 170.935882568 1
63 28 171.230545044 1
63 28 171.373168945 1
63 28 171.745422363 1
63 28 171.775909424 1
63 28 171.858917236 1
63 28 172.120437622 1
63 28 172.235565186 1
63 28 172.263946533 1
63 28 172.347335815 1
63 28 172.509185791 1
63 28 172.772293091 1
63 28 172.985580444 1
63 28 173.317474365 1
63 28 173.499771118 1
63 28 173.537384033 1
63 28 173.606155396 1
63 28 173.677093506 1
63 28 173.802947998 1
63 28 173.875930786 1
63 28 173.877990723 1
63 28 173.954376221 1
63 28 174.35395813 1
63 28 174.364700317 1
63 28 174.39263916 1
63 28 174.526412964 1
63 28 174.577285767 1
63 28 174.775146484 1
63 28 174.825088501 1
63 28 174.855514526 1
63 28 174.862411499 1
63 28 174.979675293 1
63 28 175.027862549 1
63 28 175.053085327 1
63 28 175.07925415 1
63 28 175.121398926 1
63 28 175.121643066 1
63 28 175.160461426 1
63 28 175.163879395 1
63 28 175.286758423 1
63 28 175.480102539 1
63 28 175.717758179 1
63 28 176.038192749 1
63 28 176.094650269 1
63 28 176.258392334 1
63 28 176.293212891 1
63 28 176.312973022 1
63 28 176.525268555 1
63 28 176.570220947 1
63 28 176.749252319 1
63 28 176.88583374 1
63 28 177.033065796 1
63 28 177.054397583 1
63 28 177.085006714 1
63 28 177.341705322 1
63 28 177.350082397 1
63 28 177.393432617 1
63 28 177.423690796 1
63 28 177.470214844 1
63 28 177.639648438 1
63 28 177.7134552 1
63 28 177.774398804 1
63 28 177.875717163 1
63 28 177.88722229 1
63 28 178.018798828 1
63 28 178.020568848 1
63 28 178.09475708 1
63 28 178.708175659 1
63 28 178.925216675 1
63 28 179.047729492 1
63 28 179.141906738 1
63 28 179.275131226 1
63 28 179.309631348 1
63 28 179.630249023 1
63 28 179.724563599 1
63 28 179.726760864 1
63 28 179.781723022 1
63 28 179.865356445 1
63 28 179.906356812 1
63 28 180.028930664 1
63 28 180.126190186 1
63 28 180.246871948 1
63 28 180.26675415 1
63 28 180.330032349 1
63 28 180.518753052 1
63 28 180.577636719 1
63 28 180.590194702 1
63 28 180.733581543 1
63 28 180.81652832 1
63 28 181.072662354 1
63 28 181.117752075 1
63 28 181.151306152 1
63 28 181.179641724 1
63 28 181.415298462 1
63 28 181.6796875 1
63 28 181.704452515 1
63 28 181.958633423 1
63 28 182.013381958 1
63 28 182.096496582 1
63 28 182.152908325 1
63 28 182.223480225 1
63 28 182.253890991 1
63 28 182.281356812 1
63 28 182.292007446 1
63 28 182.370513916 1
63 28 182.391220093 1
63 28 182.399978638 1
63 28 182.502960205 1
63 28 182.739273071 1
63 28 182.860046387 1
63 28 183.001358032 1
63 28 183.07862854 1
63 28 183.402709961 1
63 28 183.687316895 1
63 28 183.890228271 1
63 28 183.918045044 1
63 28 183.991790771 1
63 28 183.9949646 1
63 28 184.06161499 1
63 28 184.081115723 1
63 28 184.124450684 1
63 28 184.148468018 1
63 28 184.149978638 1
63 28 184.18913269 1
63 28 184.259674072 1
63 28 184.301757812 1
63 28 184.733016968 1
63 28 184.890640259 1
63 28 184.892929077 1
63 28 184.963485718 1
63 28 184.969985962 1
63 28 185.013244629 1
63 28 185.39755249 1
63 28 185.417221069 1
63 28 185.434799194 1
63 28 185.459411621 1
63 28 185.557937622 1
63 28 185.761672974 1
63 28 185.801742554 1
63 28 185.835464478 1
63 28 185.861297607 1
63 28 186.21005249 1
63 28 186.294250488 1
63 28 186.298110962 1
63 28 186.335876465 1
63 28 186.337692261 1
63 28 186.583618164 1
63 28 186.671783447 1
63 28 186.697555542 1
63 28 186.737640381 1
63 28 187.146240234 1
63 28 187.177322388 1
63 28 187.274887085 1
63 28 187.393112183 1
63 28 187.448699951 1
63 28 187.449783325 1
63 28 187.455200195 1
63 28 187.568634033 1
63 28 187.758514404 1
63 28 187.812774658 1
63 28 187.825576782 1
63 28 188.08972168 1
63 28 188.129364014 1
63 28 188.301467896 1
63 28 188.308242798 1
63 28 188.511428833 1
63 28 188.532592773 1
63 28 188.677429199 1
63 28 188.78036499 1
63 28 188.849334717 1
63 28 188.929290771 1
63 28 188.956237793 1
63 28 189.011154175 1
63 28 189.12147522 1
63 28 189.125473022 1
63 28 189.249237061 1
63 28 189.359375 1
63 28 189.515136719 1
63 28 189.645568848 1
63 28 189.802230835 1
63 28 189.844604492 1
63 28 189.961502075 1
63 28 190.030349731 1
63 28 190.045684814 1
63 28 190.050201416 1
63 28 190.144897461 1
63 28 190.233383179 1
63 28 190.682861328 1
63 28 190.823745728 1
63 28 191.117950439 1
63 28 191.121337891 1
63 28 191.142684937 1
63 28 191.207626343 1
63 28 191.277923584 1
63 28 191.316741943 1
63 28 191.400756836 1
63 28 191.459869385 1
63 28 191.806152344 1
63 28 191.832946777 1
63 28 191.835617065 1
63 28 191.931152344 1
63 28 192.008605957 1
63 28 192.011413574 1
63 28 192.099655151 1
63 28 192.277603149 1
63 28 193.037185669 1
63 28 193.15737915 1
63 28 193.349014282 1
63 28 193.531356812 1
63 28 193.691772461 1
63 28 193.707275391 1
63 28 193.864089966 1
63 28 194.206710815 1
63 28 194.231292725 1
63 28 194.305450439 1
63 28 194.452148438 1
63 28 194.524337769 1
63 28 194.595092773 1
63 28 194.610595703 1
63 28 194.654006958 1
63 28 194.699890137 1
63 28 194.729415894 1
63 28 194.961730957 1
63 28 195.248016357 1
63 28 195.33934021 1
63 28 195.625732422 1
63 28 195.649856567 1
63 28 195.703781128 1
63 28 195.812820435 1
63 28 195.854934692 1
63 28 195.973953247 1
63 28 196.189865112 1
63 28 196.723052979 1
63 28 197.073135376 1
63 28 197.307220459 1
63 28 197.385543823 1
63 28 197.41204834 1
63 28 197.479644775 1
63 28 197.815536499 1
63 28 197.817428589 1
63 28 198.39553833 1
63 28 198.461334229 1
63 28 198.611206055 1
63 28 198.671966553 1
63 28 199.119216919 1
63 28 199.369171143 1
63 28 199.538803101 1
63 28 199.621688843 1
63 28 199.729476929 1
63 28 199.842163086 1
63 28 200.300476074 1
63 28 200.768981934 1
63 28 200.818237305 1
63 28 200.827270508 1
63 28 200.921234131 1
63 28 201.02456665 1
63 28 201.033325195 1
63 28 201.230728149 1
63 28 201.262664795 1
63 28 201.402999878 1
63 28 201.432891846 1
63 28 201.563659668 1
63 28 201.766448975 1
63 28 202.027175903 1
63 28 202.160598755 1
63 28 202.285018921 1
63 28 202.528106689 1
63 28 202.55947876 1
63 28 202.576828003 1
63 28 202.768508911 1
63 28 202.852355957 1
63 28 202.951553345 1
63 28 202.980560303 1
63 28 203.145751953 1
63 28 203.203170776 1
63 28 203.266647339 1
63 28 203.46862793 1
63 28 203.484390259 1
63 28 203.786376953 1
63 28 203.998931885 1
63 28 204.559158325 1
63 28 205.012649536 1
63 28 205.013626099 1
63 28 205.467498779 1
63 28 205.752380371 1
63 28 205.960372925 1
63 28 205.978652954 1
63 28 206.071365356 1
63 28 206.268386841 1
63 28 206.830169678 1
63 28 207.04838562 1
63 28 207.274551392 1
63 28 208.093215942 1
63 28 208.333404541 1
63 28 208.429443359 1
63 28 208.935302734 1
63 28 208.93788147 1
63 28 208.987503052 1
63 28 209.072479248 1
63 28 209.408843994 1
63 28 209.416885376 1
63 28 209.481185913 1
63 28 209.64743042 1
63 28 209.81930542 1
63 28 210.924179077 1
63 28 211.270874023 1
63 28 211.342147827 1
63 28 211.784057617 1
63 28 211.903717041 1
63 28 212.453399658 1
63 28 212.770309448 1
63 28 212.864212036 1
63 28 213.491363525 1
63 28 213.580718994 1
63 28 213.836257935 1
63 28 213.848556519 1
63 28 213.897796631 1
63 28 214.260620117 1
63 28 214.394943237 1
63 28 214.847427368 1
63 28 215.242462158 1
63 28 215.455154419 1
63 28 215.525054932 1
63 28 215.681228638 1
63 28 215.825119019 1
63 28 216.310699463 1
63 28 216.638626099 1
63 28 216.796203613 1
63 28 216.84085083 1
63 28 217.331314087 1
63 28 217.469818115 1
63 28 217.61038208 1
63 28 217.712722778 1
63 28 217.913711548 1
63 28 217.998535156 1
63 28 218.450836182 1
63 28 219.59715271 1
63 28 220.145446777 1
63 28 220.596618652 1
63 28 221.802581787 1
63 28 222.187408447 1
63 28 222.506988525 1
63 28 222.966018677 1
63 28 223.99848938 1
63 28 224.927932739 1
63 28 225.089782715 1
63 28 225.628509521 1
63 28 225.785919189 1
63 28 225.793609619 1
63 28 226.07119751 1
63 28 226.130752563 1
63 28 226.622238159 1
63 28 226.691131592 1
63 28 227.398742676 1
63 28 227.591125488 1
63 28 228.119842529 1
63 28 229.423217773 1
63 28 229.458129883 1
63 28 229.587493896 1
63 28 230.219696045 1
63 28 231.288818359 1
63 28 232.264007568 1
63 28 233.481079102 1
63 28 233.719436646 1
63 28 234.306442261 1
63 28 234.654144287 1
63 28 234.731185913 1
63 28 235.291397095 1
63 28 235.784118652 1
63 28 236.271743774 1
63 28 237.343002319 1
63 28 237.801651001 1
63 28 237.848724365 1
63 28 238.14465332 1
63 28 238.573669434 1
63 28 240.765045166 1
63 28 241.615875244 1
63 28 242.447723389 1
63 28 242.88861084 1
63 28 245.073226929 1
63 28 246.059967041 1
63 28 246.828582764 1
63 28 248.171127319 1
63 28 248.650054932 1
63 28 249.609298706 1
63 28 249.764404297 1
63 28 249.910385132 1
63 28 250.322372437 1
63 28 250.817428589 1
63 28 251.277954102 1
63 28 253.910552979 1
63 28 254.843719482 1
63 28 257.12411499 1
63 28 257.290374756 1
63 28 257.738067627 1
63 28 259.411651611 1
63 28 260.064758301 1
63 28 260.662963867 1
63 28 261.398986816 1
63 28 262.683502197 1
63 28 264.522644043 1
63 28 264.652984619 1
63 28 264.973876953 1
63 28 267.444366455 1
63 28 267.555236816 1
63 28 268.071655273 1
63 28 274.420806885 1
63 28 274.638336182 1
63 28 275.349761963 1
63 28 276.050567627 1
63 28 276.095397949 1
63 28 277.356384277 1
63 28 277.99520874 1
63 28 280.088287354 1
63 28 280.256256104 1
63 28 280.384094238 1
63 28 281.953521729 1
63 28 283.041442871 1
63 28 283.592315674 1
63 28 284.963378906 1
63 28 285.574035645 1
63 28 285.768341064 1
63 28 287.03237915 1
63 28 287.082641602 1
63 28 287.916381836 1
63 28 291.371826172 1
63 28 291.790374756 1
63 28 292.141540527 1
63 28 292.753936768 1
63 28 298.022064209 1
63 28 299.989196777 1
63 28 302.220275879 1
63 28 303.224273682 1
63 28 305.058959961 1
63 28 307.667663574 1
63 28 308.099060059 1
63 28 308.682006836 1
63 28 308.69631958 1
63 28 309.458099365 1
63 28 310.006866455 1
63 28 314.578979492 1
63 28 315.882293701 1
63 28 317.148529053 1
63 28 319.109436035 1
63 28 321.122283936 1
63 28 324.649475098 1
63 28 324.865020752 1
63 28 325.149932861 1
63 28 326.387329102 1
63 28 326.505218506 1
63 28 328.305603027 1
63 28 329.128662109 1
63 28 330.398803711 1
63 28 333.078857422 1
63 28 338.018096924 1
63 28 339.530853271 1
63 28 341.948486328 1
63 28 344.9921875 1
63 28 348.586608887 1
63 28 348.859405518 1
63 28 357.159606934 1
63 28 357.950439453 1
63 28 362.88760376 1
63 28 366.489868164 1
63 28 368.270050049 1
63 28 370.089813232 1
63 28 372.798492432 1
63 28 387.369812012 1
63 28 387.830535889 1
63 28 389.090179443 1
63 28 393.40435791 1
63 28 394.772521973 1
63 28 406.15447998 1
63 28 406.232543945 1
63 28 416.67578125 1
63 28 436.684020996 1
63 28 438.204956055 1
63 28 439.79498291 1
63 28 440.414825439 1
63 28 440.691223145 1
63 28 442.859985352 1
63 28 443.097961426 1
63 28 445.308135986 1
63 28 445.772033691 1
63 28 462.68838501 1
63 28 477.834655762 1
63 28 482.845214844 1
63 28 492.438140869 1
63 28 509.687866211 1
63 28 523.138549805 1
63 28 594.320800781 1
63 28 595.726501465 1
63 28 596.516845703 1
63 28 658.766235352 1
63 28 667.757019043 1
63 28 671.847106934 1
63 28 689.251831055 1
63 28 692.392883301 1
63 28 738.20703125 1
63 28 742.07232666 1
63 28 841.397094727 1
63 28 879.554382324 1
63 28 937.137634277 1
63 28 947.646118164 1
63 28 958.561401367 1
63 28 965.064819336 1
63 28 1138.52172852 1
63 28 1271.81799316 1
63 28 1366.06640625 1
63 28 1623.37207031 1
63 29 79.4065246582 1
63 29 79.5648498535 1
63 29 79.8716430664 1
63 29 79.9868011475 1
63 29 80.5268859863 1
63 29 81.7966308594 1
63 29 81.9156188965 1
63 29 81.919883728 1
63 29 82.0737838745 1
63 29 82.2265548706 1
63 29 82.3282089233 1
63 29 83.1928329468 1
63 29 83.4741363525 1
63 29 83.4886169434 1
63 29 83.8618469238 1
63 29 83.8950119019 1
63 29 84.002456665 1
63 29 84.0084075928 1
63 29 84.0824356079 1
63 29 84.1313705444 1
63 29 84.1591491699 1
63 29 84.1910858154 1
63 29 84.1936950684 1
63 29 84.2181243896 1
63 29 84.2429275513 1
63 29 84.2605514526 1
63 29 84.2969284058 1
63 29 84.5181884766 1
63 29 84.5333786011 1
63 29 84.5375289917 1
63 29 84.5940551758 1
63 29 84.5998458862 1
63 29 84.6487579346 1
63 29 84.6855621338 1
63 29 84.7245941162 1
63 29 84.8871994019 1
63 29 84.892906189 1
63 29 84.8930892944 1
63 29 84.9192581177 1
63 29 84.9301300049 1
63 29 84.9617156982 1
63 29 85.114944458 1
63 29 85.2669143677 1
63 29 85.268661499 1
63 29 85.279586792 1
63 29 85.288482666 1
63 29 85.3779067993 1
63 29 85.3783569336 1
63 29 85.3917770386 1
63 29 85.4978790283 1
63 29 85.5284042358 1
63 29 85.573135376 1
63 29 85.6169281006 1
63 29 85.621711731 1
63 29 85.6697845459 1
63 29 85.7757492065 1
63 29 85.8872146606 1
63 29 85.9101638794 1
63 29 86.0278778076 1
63 29 86.0556564331 1
63 29 86.0583496094 1
63 29 86.1345977783 1
63 29 86.1373977661 1
63 29 86.1394882202 1
63 29 86.1577301025 1
63 29 86.1783981323 1
63 29 86.1813735962 1
63 29 86.319984436 1
63 29 86.342956543 1
63 29 86.4054260254 1
63 29 86.5144424438 1
63 29 86.5929641724 1
63 29 86.6043777466 1
63 29 86.7295379639 1
63 29 86.8595657349 1
63 29 86.8896942139 1
63 29 86.8923187256 1
63 29 86.8981552124 1
63 29 86.9318389893 1
63 29 86.94556427 1
63 29 86.9605407715 1
63 29 87.061668396 1
63 29 87.0729064941 1
63 29 87.1112823486 1
63 29 87.1420974731 1
63 29 87.1429367065 1
63 29 87.1467208862 1
63 29 87.2028884888 1
63 29 87.2099838257 1
63 29 87.2426605225 1
63 29 87.2825622559 1
63 29 87.398651123 1
63 29 87.5003509521 1
63 29 87.5008239746 1
63 29 87.516456604 1
63 29 87.6475296021 1
63 29 87.6477050781 1
63 29 87.6634292603 1
63 29 87.6916046143 1
63 29 87.7585906982 1
63 29 87.7893371582 1
63 29 87.8046112061 1
63 29 87.9031829834 1
63 29 87.9211730957 1
63 29 87.928024292 1
63 29 87.995262146 1
63 29 88.0359420776 1
63 29 88.0389709473 1
63 29 88.045135498 1
63 29 88.0554275513 1
63 29 88.0916976929 1
63 29 88.1332931519 1
63 29 88.1355819702 1
63 29 88.1477432251 1
63 29 88.2100906372 1
63 29 88.2113189697 1
63 29 88.2305603027 1
63 29 88.237197876 1
63 29 88.2640991211 1
63 29 88.2665557861 1
63 29 88.3056106567 1
63 29 88.3705749512 1
63 29 88.3725891113 1
63 29 88.4078445435 1
63 29 88.4813232422 1
63 29 88.4827575684 1
63 29 88.4867782593 1
63 29 88.489364624 1
63 29 88.4987182617 1
63 29 88.5010070801 1
63 29 88.5255737305 1
63 29 88.5324859619 1
63 29 88.5378952026 1
63 29 88.6145095825 1
63 29 88.6675720215 1
63 29 88.6959991455 1
63 29 88.7144012451 1
63 29 88.7182846069 1
63 29 88.720413208 1
63 29 88.7453384399 1
63 29 88.7999343872 1
63 29 88.8369674683 1
63 29 88.9099349976 1
63 29 88.9914474487 1
63 29 89.0130844116 1
63 29 89.0563278198 1
63 29 89.0614471436 1
63 29 89.0935134888 1
63 29 89.1040267944 1
63 29 89.1193618774 1
63 29 89.1930160522 1
63 29 89.2021942139 1
63 29 89.2386245728 1
63 29 89.2501983643 1
63 29 89.2551422119 1
63 29 89.2640380859 1
63 29 89.2734298706 1
63 29 89.3352661133 1
63 29 89.3376235962 1
63 29 89.3513183594 1
63 29 89.3686599731 1
63 29 89.4649429321 1
63 29 89.4888153076 1
63 29 89.4995651245 1
63 29 89.504447937 1
63 29 89.5066757202 1
63 29 89.5465164185 1
63 29 89.5543823242 1
63 29 89.5550079346 1
63 29 89.5572128296 1
63 29 89.5796432495 1
63 29 89.5852584839 1
63 29 89.5918273926 1
63 29 89.6020507812 1
63 29 89.6269302368 1
63 29 89.6282119751 1
63 29 89.6307220459 1
63 29 89.6475372314 1
63 29 89.6811828613 1
63 29 89.6819229126 1
63 29 89.6873703003 1
63 29 89.7242965698 1
63 29 89.8119277954 1
63 29 89.8238754272 1
63 29 89.8271865845 1
63 29 89.8346862793 1
63 29 89.8500061035 1
63 29 89.8699493408 1
63 29 89.8774032593 1
63 29 89.8871536255 1
63 29 89.9084854126 1
63 29 89.9192199707 1
63 29 89.9270248413 1
63 29 89.9618988037 1
63 29 89.9726791382 1
63 29 89.9772033691 1
63 29 89.9778671265 1
63 29 89.9811935425 1
63 29 89.9884033203 1
63 29 90.0343551636 1
63 29 90.0507507324 1
63 29 90.0534896851 1
63 29 90.0985107422 1
63 29 90.1753463745 1
63 29 90.1765518188 1
63 29 90.2550506592 1
63 29 90.2767333984 1
63 29 90.2846450806 1
63 29 90.2861328125 1
63 29 90.3512802124 1
63 29 90.3542404175 1
63 29 90.3663787842 1
63 29 90.3888778687 1
63 29 90.3977203369 1
63 29 90.4197769165 1
63 29 90.4758071899 1
63 29 90.4872131348 1
63 29 90.4892349243 1
63 29 90.4917144775 1
63 29 90.5292205811 1
63 29 90.5465164185 1
63 29 90.5549316406 1
63 29 90.5562286377 1
63 29 90.564704895 1
63 29 90.5961914062 1
63 29 90.600769043 1
63 29 90.6078872681 1
63 29 90.6680755615 1
63 29 90.6953582764 1
63 29 90.6965713501 1
63 29 90.7055664062 1
63 29 90.7082290649 1
63 29 90.7089385986 1
63 29 90.7176208496 1
63 29 90.7240371704 1
63 29 90.7281417847 1
63 29 90.7357406616 1
63 29 90.8387145996 1
63 29 90.8458175659 1
63 29 90.8461456299 1
63 29 90.8473129272 1
63 29 90.8499755859 1
63 29 90.8772964478 1
63 29 90.9060287476 1
63 29 90.9128952026 1
63 29 90.9192581177 1
63 29 90.9310760498 1
63 29 90.9424133301 1
63 29 90.9763259888 1
63 29 90.9923553467 1
63 29 91.0580825806 1
63 29 91.0603942871 1
63 29 91.0656967163 1
63 29 91.1037368774 1
63 29 91.1055297852 1
63 29 91.1122589111 1
63 29 91.1151733398 1
63 29 91.1411743164 1
63 29 91.1801681519 1
63 29 91.1971054077 1
63 29 91.2077178955 1
63 29 91.2145462036 1
63 29 91.2405014038 1
63 29 91.2446517944 1
63 29 91.2450714111 1
63 29 91.252532959 1
63 29 91.2539978027 1
63 29 91.254737854 1
63 29 91.2991256714 1
63 29 91.3149108887 1
63 29 91.3725738525 1
63 29 91.3955078125 1
63 29 91.4219512939 1
63 29 91.4397583008 1
63 29 91.469039917 1
63 29 91.4700622559 1
63 29 91.4847640991 1
63 29 91.5136413574 1
63 29 91.5201416016 1
63 29 91.5214920044 1
63 29 91.5484542847 1
63 29 91.6169052124 1
63 29 91.6288146973 1
63 29 91.6308898926 1
63 29 91.6429367065 1
63 29 91.6470413208 1
63 29 91.6502532959 1
63 29 91.6647338867 1
63 29 91.6800994873 1
63 29 91.702255249 1
63 29 91.7053985596 1
63 29 91.7343292236 1
63 29 91.7874221802 1
63 29 91.7905426025 1
63 29 91.805305481 1
63 29 91.808555603 1
63 29 91.8218841553 1
63 29 91.8330001831 1
63 29 91.8404464722 1
63 29 91.8422088623 1
63 29 91.8698043823 1
63 29 91.8795547485 1
63 29 91.8917694092 1
63 29 91.923614502 1
63 29 91.9397888184 1
63 29 91.9539642334 1
63 29 91.9707565308 1
63 29 91.9727935791 1
63 29 91.9742660522 1
63 29 91.9967269897 1
63 29 92.0061721802 1
63 29 92.0235061646 1
63 29 92.0252761841 1
63 29 92.0446548462 1
63 29 92.0517501831 1
63 29 92.0552902222 1
63 29 92.0596008301 1
63 29 92.0859222412 1
63 29 92.0941085815 1
63 29 92.1026687622 1
63 29 92.1341934204 1
63 29 92.1399612427 1
63 29 92.1517715454 1
63 29 92.1708755493 1
63 29 92.1836700439 1
63 29 92.2168884277 1
63 29 92.2579421997 1
63 29 92.259765625 1
63 29 92.2773742676 1
63 29 92.283241272 1
63 29 92.3115768433 1
63 29 92.3214950562 1
63 29 92.3256454468 1
63 29 92.3569107056 1
63 29 92.3669967651 1
63 29 92.4082336426 1
63 29 92.4110641479 1
63 29 92.4260025024 1
63 29 92.4388198853 1
63 29 92.4408493042 1
63 29 92.4809570312 1
63 29 92.4856643677 1
63 29 92.493019104 1
63 29 92.5182266235 1
63 29 92.5587921143 1
63 29 92.5881347656 1
63 29 92.5950698853 1
63 29 92.6058502197 1
63 29 92.6226577759 1
63 29 92.6393814087 1
63 29 92.6424179077 1
63 29 92.6564559937 1
63 29 92.6572418213 1
63 29 92.6701660156 1
63 29 92.6892776489 1
63 29 92.7226486206 1
63 29 92.8171768188 1
63 29 92.8441619873 1
63 29 92.8487930298 1
63 29 92.8597106934 1
63 29 92.8712463379 1
63 29 92.8964920044 1
63 29 92.9219512939 1
63 29 92.9601593018 1
63 29 92.9684829712 1
63 29 92.9730453491 1
63 29 92.9810333252 1
63 29 93.0077209473 1
63 29 93.0112762451 1
63 29 93.0350570679 1
63 29 93.0629043579 1
63 29 93.0698547363 1
63 29 93.0706558228 1
63 29 93.0753555298 1
63 29 93.1162338257 1
63 29 93.124710083 1
63 29 93.1294403076 1
63 29 93.1418991089 1
63 29 93.1557769775 1
63 29 93.1709060669 1
63 29 93.2052841187 1
63 29 93.215133667 1
63 29 93.2361679077 1
63 29 93.2626724243 1
63 29 93.2827072144 1
63 29 93.2840805054 1
63 29 93.2863693237 1
63 29 93.2893829346 1
63 29 93.3098754883 1
63 29 93.3128585815 1
63 29 93.3248138428 1
63 29 93.3425979614 1
63 29 93.3445663452 1
63 29 93.3466186523 1
63 29 93.3521499634 1
63 29 93.3600006104 1
63 29 93.3767089844 1
63 29 93.4330825806 1
63 29 93.4364395142 1
63 29 93.4808502197 1
63 29 93.4896392822 1
63 29 93.4904785156 1
63 29 93.5029907227 1
63 29 93.5075759888 1
63 29 93.5296554565 1
63 29 93.5676193237 1
63 29 93.5795593262 1
63 29 93.5835037231 1
63 29 93.5914077759 1
63 29 93.5968856812 1
63 29 93.5969772339 1
63 29 93.6136169434 1
63 29 93.6292724609 1
63 29 93.6437530518 1
63 29 93.6450958252 1
63 29 93.6883010864 1
63 29 93.7058410645 1
63 29 93.7088317871 1
63 29 93.7668991089 1
63 29 93.7734146118 1
63 29 93.7834701538 1
63 29 93.7964630127 1
63 29 93.8575820923 1
63 29 93.8694992065 1
63 29 93.8700942993 1
63 29 93.8858184814 1
63 29 93.8885116577 1
63 29 93.9030532837 1
63 29 93.9071655273 1
63 29 93.9095230103 1
63 29 93.9178314209 1
63 29 93.9286346436 1
63 29 93.9288864136 1
63 29 93.935295105 1
63 29 93.9416427612 1
63 29 93.9484405518 1
63 29 93.976524353 1
63 29 93.9870452881 1
63 29 94.0032577515 1
63 29 94.0100784302 1
63 29 94.056892395 1
63 29 94.1218719482 1
63 29 94.1316146851 1
63 29 94.140045166 1
63 29 94.1628112793 1
63 29 94.1632003784 1
63 29 94.1838912964 1
63 29 94.192276001 1
63 29 94.1975250244 1
63 29 94.2119827271 1
63 29 94.2258300781 1
63 29 94.2533111572 1
63 29 94.279800415 1
63 29 94.2946014404 1
63 29 94.3079833984 1
63 29 94.3228378296 1
63 29 94.3292922974 1
63 29 94.3376312256 1
63 29 94.338508606 1
63 29 94.349647522 1
63 29 94.3683319092 1
63 29 94.371383667 1
63 29 94.3916473389 1
63 29 94.4150390625 1
63 29 94.4239807129 1
63 29 94.4294281006 1
63 29 94.4297866821 1
63 29 94.450881958 1
63 29 94.4616241455 1
63 29 94.4689788818 1
63 29 94.4774780273 1
63 29 94.5055847168 1
63 29 94.5301513672 1
63 29 94.5332870483 1
63 29 94.5754547119 1
63 29 94.5771331787 1
63 29 94.6077880859 1
63 29 94.6207580566 1
63 29 94.6267623901 1
63 29 94.6352767944 1
63 29 94.6389541626 1
63 29 94.6470031738 1
63 29 94.6475524902 1
63 29 94.6581420898 1
63 29 94.6605072021 1
63 29 94.687210083 1
63 29 94.7014770508 1
63 29 94.726348877 1
63 29 94.7357406616 1
63 29 94.7377243042 1
63 29 94.746383667 1
63 29 94.7476654053 1
63 29 94.7913665771 1
63 29 94.8046722412 1
63 29 94.8286514282 1
63 29 94.8289718628 1
63 29 94.8519821167 1
63 29 94.9050598145 1
63 29 94.9092330933 1
63 29 94.9414978027 1
63 29 94.9462203979 1
63 29 94.9505233765 1
63 29 94.9583740234 1
63 29 94.9626083374 1
63 29 94.9635772705 1
63 29 94.9651947021 1
63 29 94.9674758911 1
63 29 94.9686508179 1
63 29 94.971282959 1
63 29 94.9735107422 1
63 29 94.9827880859 1
63 29 94.9886474609 1
63 29 94.9918823242 1
63 29 95.0302810669 1
63 29 95.0730514526 1
63 29 95.0895462036 1
63 29 95.0907363892 1
63 29 95.0922012329 1
63 29 95.0959320068 1
63 29 95.1004180908 1
63 29 95.1085510254 1
63 29 95.1137695312 1
63 29 95.1330795288 1
63 29 95.1333389282 1
63 29 95.1401901245 1
63 29 95.1500167847 1
63 29 95.1504592896 1
63 29 95.1694641113 1
63 29 95.1731262207 1
63 29 95.1877746582 1
63 29 95.2172470093 1
63 29 95.2262191772 1
63 29 95.2332000732 1
63 29 95.2607345581 1
63 29 95.2697982788 1
63 29 95.2852478027 1
63 29 95.2920532227 1
63 29 95.3112945557 1
63 29 95.3198776245 1
63 29 95.3230895996 1
63 29 95.3448410034 1
63 29 95.3464660645 1
63 29 95.3464736938 1
63 29 95.358253479 1
63 29 95.3953399658 1
63 29 95.4031906128 1
63 29 95.4238357544 1
63 29 95.4260025024 1
63 29 95.4319152832 1
63 29 95.4343109131 1
63 29 95.4355239868 1
63 29 95.4926376343 1
63 29 95.4960403442 1
63 29 95.5019683838 1
63 29 95.5079879761 1
63 29 95.5176773071 1
63 29 95.5442810059 1
63 29 95.5554199219 1
63 29 95.5566864014 1
63 29 95.5673828125 1
63 29 95.5859985352 1
63 29 95.6130065918 1
63 29 95.6138458252 1
63 29 95.6221008301 1
63 29 95.6279983521 1
63 29 95.6367645264 1
63 29 95.7264862061 1
63 29 95.7270584106 1
63 29 95.7537689209 1
63 29 95.7809066772 1
63 29 95.8183441162 1
63 29 95.8306274414 1
63 29 95.8477325439 1
63 29 95.8521728516 1
63 29 95.8646011353 1
63 29 95.8805236816 1
63 29 95.8823242188 1
63 29 95.8946914673 1
63 29 95.9324264526 1
63 29 95.9339141846 1
63 29 95.9688644409 1
63 29 95.9849853516 1
63 29 95.9963378906 1
63 29 96.0178833008 1
63 29 96.0181274414 1
63 29 96.03074646 1
63 29 96.0317993164 1
63 29 96.0421066284 1
63 29 96.0489807129 1
63 29 96.0546569824 1
63 29 96.0682907104 1
63 29 96.0708465576 1
63 29 96.0808105469 1
63 29 96.0862579346 1
63 29 96.1167831421 1
63 29 96.1223068237 1
63 29 96.1253509521 1
63 29 96.1563644409 1
63 29 96.1768417358 1
63 29 96.1796875 1
63 29 96.1893310547 1
63 29 96.1940155029 1
63 29 96.2276306152 1
63 29 96.2281112671 1
63 29 96.2815551758 1
63 29 96.2854309082 1
63 29 96.310256958 1
63 29 96.3168563843 1
63 29 96.3447494507 1
63 29 96.3513870239 1
63 29 96.3575057983 1
63 29 96.4262084961 1
63 29 96.4274215698 1
63 29 96.4375457764 1
63 29 96.4442977905 1
63 29 96.448600769 1
63 29 96.4575653076 1
63 29 96.4636688232 1
63 29 96.469543457 1
63 29 96.4914016724 1
63 29 96.5468521118 1
63 29 96.5487365723 1
63 29 96.5553359985 1
63 29 96.6087799072 1
63 29 96.6366882324 1
63 29 96.6425628662 1
63 29 96.6513519287 1
63 29 96.6838760376 1
63 29 96.685005188 1
63 29 96.6968994141 1
63 29 96.7265777588 1
63 29 96.7448425293 1
63 29 96.762588501 1
63 29 96.7643356323 1
63 29 96.7796325684 1
63 29 96.8001327515 1
63 29 96.8090896606 1
63 29 96.8106536865 1
63 29 96.8210983276 1
63 29 96.8416366577 1
63 29 96.8676605225 1
63 29 96.9065628052 1
63 29 96.9181671143 1
63 29 96.919052124 1
63 29 96.9195785522 1
63 29 96.9319763184 1
63 29 96.9384460449 1
63 29 96.9583587646 1
63 29 96.9752120972 1
63 29 96.9775238037 1
63 29 97.0249176025 1
63 29 97.0329055786 1
63 29 97.0673675537 1
63 29 97.068939209 1
63 29 97.0795288086 1
63 29 97.0847473145 1
63 29 97.0968399048 1
63 29 97.1059112549 1
63 29 97.1064300537 1
63 29 97.1238708496 1
63 29 97.1985931396 1
63 29 97.2483978271 1
63 29 97.252204895 1
63 29 97.2634353638 1
63 29 97.2683334351 1
63 29 97.3015213013 1
63 29 97.3097839355 1
63 29 97.3175888062 1
63 29 97.320022583 1
63 29 97.3233337402 1
63 29 97.3316802979 1
63 29 97.3442840576 1
63 29 97.3695449829 1
63 29 97.3916931152 1
63 29 97.3954086304 1
63 29 97.4068984985 1
63 29 97.4261245728 1
63 29 97.4380111694 1
63 29 97.4483108521 1
63 29 97.4653625488 1
63 29 97.5240325928 1
63 29 97.5356063843 1
63 29 97.5599212646 1
63 29 97.5705490112 1
63 29 97.5826950073 1
63 29 97.6135253906 1
63 29 97.6409378052 1
63 29 97.6765365601 1
63 29 97.7757949829 1
63 29 97.7973937988 1
63 29 97.7995452881 1
63 29 97.8111190796 1
63 29 97.8463363647 1
63 29 97.8509292603 1
63 29 97.8859939575 1
63 29 97.9094009399 1
63 29 97.9162368774 1
63 29 97.9601669312 1
63 29 97.9635543823 1
63 29 97.9669342041 1
63 29 97.9962692261 1
63 29 98.015335083 1
63 29 98.0153579712 1
63 29 98.0169448853 1
63 29 98.0247344971 1
63 29 98.0590667725 1
63 29 98.0642929077 1
63 29 98.0858001709 1
63 29 98.0905532837 1
63 29 98.0946731567 1
63 29 98.12865448 1
63 29 98.1472320557 1
63 29 98.1534118652 1
63 29 98.1641769409 1
63 29 98.1688690186 1
63 29 98.1721343994 1
63 29 98.1751556396 1
63 29 98.1874389648 1
63 29 98.1877365112 1
63 29 98.2232131958 1
63 29 98.2315292358 1
63 29 98.2456283569 1
63 29 98.2479248047 1
63 29 98.2554397583 1
63 29 98.2641677856 1
63 29 98.2865905762 1
63 29 98.2919540405 1
63 29 98.2943191528 1
63 29 98.3146820068 1
63 29 98.3298873901 1
63 29 98.3548278809 1
63 29 98.3555908203 1
63 29 98.3803710938 1
63 29 98.3807525635 1
63 29 98.3931274414 1
63 29 98.4146728516 1
63 29 98.4235153198 1
63 29 98.4664230347 1
63 29 98.4856872559 1
63 29 98.486000061 1
63 29 98.4980239868 1
63 29 98.5391921997 1
63 29 98.5413513184 1
63 29 98.5463790894 1
63 29 98.5556564331 1
63 29 98.5717163086 1
63 29 98.5760803223 1
63 29 98.6067047119 1
63 29 98.632850647 1
63 29 98.633026123 1
63 29 98.6414031982 1
63 29 98.6486129761 1
63 29 98.6532669067 1
63 29 98.6727828979 1
63 29 98.6813430786 1
63 29 98.6862182617 1
63 29 98.6992721558 1
63 29 98.7175598145 1
63 29 98.7437133789 1
63 29 98.7465209961 1
63 29 98.7477645874 1
63 29 98.7638015747 1
63 29 98.8050231934 1
63 29 98.8446960449 1
63 29 98.8504943848 1
63 29 98.8605804443 1
63 29 98.8624420166 1
63 29 98.8637237549 1
63 29 98.8741226196 1
63 29 98.9168395996 1
63 29 98.9382247925 1
63 29 98.9953842163 1
63 29 99.0634155273 1
63 29 99.0852279663 1
63 29 99.0859985352 1
63 29 99.1354751587 1
63 29 99.1569213867 1
63 29 99.1663360596 1
63 29 99.2121582031 1
63 29 99.2577056885 1
63 29 99.2686538696 1
63 29 99.2901611328 1
63 29 99.2924804688 1
63 29 99.2929992676 1
63 29 99.2942733765 1
63 29 99.3400115967 1
63 29 99.3486709595 1
63 29 99.3654098511 1
63 29 99.3804702759 1
63 29 99.4302902222 1
63 29 99.4344787598 1
63 29 99.4356765747 1
63 29 99.4550857544 1
63 29 99.4655609131 1
63 29 99.5128173828 1
63 29 99.5177154541 1
63 29 99.5243148804 1
63 29 99.5246582031 1
63 29 99.595993042 1
63 29 99.6193008423 1
63 29 99.6713943481 1
63 29 99.6740875244 1
63 29 99.6777420044 1
63 29 99.6811904907 1
63 29 99.6909408569 1
63 29 99.6988983154 1
63 29 99.7009506226 1
63 29 99.7169876099 1
63 29 99.7365570068 1
63 29 99.7617492676 1
63 29 99.771522522 1
63 29 99.7967605591 1
63 29 99.8138961792 1
63 29 99.8422241211 1
63 29 99.849609375 1
63 29 99.8506469727 1
63 29 99.8725128174 1
63 29 99.8761749268 1
63 29 99.8916091919 1
63 29 99.9098052979 1
63 29 99.9153823853 1
63 29 99.978843689 1
63 29 99.9954376221 1
63 29 99.9993438721 1
63 29 99.9999389648 1
63 29 100.01473999 1
63 29 100.016372681 1
63 29 100.07194519 1
63 29 100.102203369 1
63 29 100.127235413 1
63 29 100.131393433 1
63 29 100.153991699 1
63 29 100.165077209 1
63 29 100.189979553 1
63 29 100.192657471 1
63 29 100.204879761 1
63 29 100.216445923 1
63 29 100.258178711 1
63 29 100.280548096 1
63 29 100.301818848 1
63 29 100.317214966 1
63 29 100.329238892 1
63 29 100.395881653 1
63 29 100.420188904 1
63 29 100.449188232 1
63 29 100.46710968 1
63 29 100.518890381 1
63 29 100.519256592 1
63 29 100.520927429 1
63 29 100.552314758 1
63 29 100.562744141 1
63 29 100.567832947 1
63 29 100.616882324 1
63 29 100.629547119 1
63 29 100.653793335 1
63 29 100.665527344 1
63 29 100.667327881 1
63 29 100.681724548 1
63 29 100.695503235 1
63 29 100.736488342 1
63 29 100.741592407 1
63 29 100.767379761 1
63 29 100.768371582 1
63 29 100.802642822 1
63 29 100.878707886 1
63 29 100.899543762 1
63 29 100.945098877 1
63 29 100.946426392 1
63 29 100.952125549 1
63 29 101.018051147 1
63 29 101.02897644 1
63 29 101.036087036 1
63 29 101.061256409 1
63 29 101.124412537 1
63 29 101.126579285 1
63 29 101.141944885 1
63 29 101.154586792 1
63 29 101.197433472 1
63 29 101.210914612 1
63 29 101.245491028 1
63 29 101.265342712 1
63 29 101.301055908 1
63 29 101.306442261 1
63 29 101.308708191 1
63 29 101.350135803 1
63 29 101.384994507 1
63 29 101.414916992 1
63 29 101.421234131 1
63 29 101.435569763 1
63 29 101.476928711 1
63 29 101.528091431 1
63 29 101.54914856 1
63 29 101.591003418 1
63 29 101.606361389 1
63 29 101.635803223 1
63 29 101.662322998 1
63 29 101.677322388 1
63 29 101.679275513 1
63 29 101.764404297 1
63 29 101.786445618 1
63 29 101.787742615 1
63 29 101.802345276 1
63 29 101.842193604 1
63 29 101.861343384 1
63 29 101.867774963 1
63 29 101.900047302 1
63 29 101.901168823 1
63 29 101.917182922 1
63 29 101.924224854 1
63 29 101.954208374 1
63 29 101.960525513 1
63 29 101.967819214 1
63 29 102.029014587 1
63 29 102.057723999 1
63 29 102.066329956 1
63 29 102.104034424 1
63 29 102.158477783 1
63 29 102.169036865 1
63 29 102.184844971 1
63 29 102.22190094 1
63 29 102.227760315 1
63 29 102.239044189 1
63 29 102.266769409 1
63 29 102.271179199 1
63 29 102.275802612 1
63 29 102.279968262 1
63 29 102.320587158 1
63 29 102.320793152 1
63 29 102.369697571 1
63 29 102.419670105 1
63 29 102.434272766 1
63 29 102.460189819 1
63 29 102.460342407 1
63 29 102.543861389 1
63 29 102.544662476 1
63 29 102.546936035 1
63 29 102.559440613 1
63 29 102.610824585 1
63 29 102.625976562 1
63 29 102.62853241 1
63 29 102.684898376 1
63 29 102.712310791 1
63 29 102.715194702 1
63 29 102.72795105 1
63 29 102.755493164 1
63 29 102.76625061 1
63 29 102.783798218 1
63 29 102.793670654 1
63 29 102.843276978 1
63 29 102.844909668 1
63 29 102.889312744 1
63 29 102.892127991 1
63 29 102.894981384 1
63 29 102.9141922 1
63 29 102.925132751 1
63 29 102.945541382 1
63 29 102.972839355 1
63 29 102.977226257 1
63 29 103.044136047 1
63 29 103.080001831 1
63 29 103.16619873 1
63 29 103.169975281 1
63 29 103.201713562 1
63 29 103.233398438 1
63 29 103.273948669 1
63 29 103.30796814 1
63 29 103.332695007 1
63 29 103.440505981 1
63 29 103.448524475 1
63 29 103.480804443 1
63 29 103.49559021 1
63 29 103.529624939 1
63 29 103.569526672 1
63 29 103.573799133 1
63 29 103.613059998 1
63 29 103.701400757 1
63 29 103.723999023 1
63 29 103.724853516 1
63 29 103.792854309 1
63 29 103.818763733 1
63 29 103.886329651 1
63 29 103.918983459 1
63 29 103.928108215 1
63 29 103.930290222 1
63 29 103.983650208 1
63 29 104.016403198 1
63 29 104.017623901 1
63 29 104.023551941 1
63 29 104.028068542 1
63 29 104.064315796 1
63 29 104.066619873 1
63 29 104.074028015 1
63 29 104.088417053 1
63 29 104.108444214 1
63 29 104.113441467 1
63 29 104.129852295 1
63 29 104.182533264 1
63 29 104.199028015 1
63 29 104.21786499 1
63 29 104.273391724 1
63 29 104.276153564 1
63 29 104.288764954 1
63 29 104.324890137 1
63 29 104.329307556 1
63 29 104.352134705 1
63 29 104.35471344 1
63 29 104.441474915 1
63 29 104.491203308 1
63 29 104.501869202 1
63 29 104.564407349 1
63 29 104.572494507 1
63 29 104.595214844 1
63 29 104.595939636 1
63 29 104.763824463 1
63 29 104.791748047 1
63 29 104.823303223 1
63 29 104.833374023 1
63 29 104.844467163 1
63 29 104.851005554 1
63 29 104.908668518 1
63 29 105.005653381 1
63 29 105.036254883 1
63 29 105.048179626 1
63 29 105.129600525 1
63 29 105.134864807 1
63 29 105.151313782 1
63 29 105.203918457 1
63 29 105.207962036 1
63 29 105.222236633 1
63 29 105.229431152 1
63 29 105.283943176 1
63 29 105.297142029 1
63 29 105.307373047 1
63 29 105.307701111 1
63 29 105.327598572 1
63 29 105.330780029 1
63 29 105.39188385 1
63 29 105.408988953 1
63 29 105.41872406 1
63 29 105.419174194 1
63 29 105.421890259 1
63 29 105.46320343 1
63 29 105.489471436 1
63 29 105.491867065 1
63 29 105.518966675 1
63 29 105.626312256 1
63 29 105.639656067 1
63 29 105.720626831 1
63 29 105.814712524 1
63 29 105.861427307 1
63 29 105.893241882 1
63 29 105.907798767 1
63 29 105.929069519 1
63 29 105.987030029 1
63 29 106.021903992 1
63 29 106.037231445 1
63 29 106.047233582 1
63 29 106.057350159 1
63 29 106.063346863 1
63 29 106.089874268 1
63 29 106.158035278 1
63 29 106.244911194 1
63 29 106.451278687 1
63 29 106.495353699 1
63 29 106.497055054 1
63 29 106.590667725 1
63 29 106.595115662 1
63 29 106.606170654 1
63 29 106.607284546 1
63 29 106.649833679 1
63 29 106.683662415 1
63 29 106.693984985 1
63 29 106.795730591 1
63 29 106.811820984 1
63 29 106.846336365 1
63 29 106.872459412 1
63 29 106.896621704 1
63 29 106.993667603 1
63 29 107.040237427 1
63 29 107.043693542 1
63 29 107.050674438 1
63 29 107.104255676 1
63 29 107.135192871 1
63 29 107.148902893 1
63 29 107.180610657 1
63 29 107.194595337 1
63 29 107.196235657 1
63 29 107.251335144 1
63 29 107.292808533 1
63 29 107.450820923 1
63 29 107.465248108 1
63 29 107.470558167 1
63 29 107.497764587 1
63 29 107.509765625 1
63 29 107.590705872 1
63 29 107.626281738 1
63 29 107.663444519 1
63 29 107.83795166 1
63 29 107.871559143 1
63 29 108.019882202 1
63 29 108.035339355 1
63 29 108.064697266 1
63 29 108.111175537 1
63 29 108.171737671 1
63 29 108.189796448 1
63 29 108.19002533 1
63 29 108.226768494 1
63 29 108.270553589 1
63 29 108.27570343 1
63 29 108.276664734 1
63 29 108.282272339 1
63 29 108.322540283 1
63 29 108.375221252 1
63 29 108.412414551 1
63 29 108.456535339 1
63 29 108.513381958 1
63 29 108.523170471 1
63 29 108.642967224 1
63 29 108.659263611 1
63 29 108.693763733 1
63 29 108.72177887 1
63 29 108.748825073 1
63 29 108.754379272 1
63 29 108.776344299 1
63 29 108.788108826 1
63 29 108.814582825 1
63 29 108.908157349 1
63 29 108.943496704 1
63 29 109.060119629 1
63 29 109.211601257 1
63 29 109.272895813 1
63 29 109.335350037 1
63 29 109.432296753 1
63 29 109.497558594 1
63 29 109.506248474 1
63 29 109.530281067 1
63 29 109.577232361 1
63 29 109.577537537 1
63 29 109.664428711 1
63 29 109.796180725 1
63 29 109.804748535 1
63 29 109.836540222 1
63 29 109.837112427 1
63 29 109.925643921 1
63 29 109.931869507 1
63 29 109.989128113 1
63 29 110.099754333 1
63 29 110.162322998 1
63 29 110.17313385 1
63 29 110.180252075 1
63 29 110.202568054 1
63 29 110.210456848 1
63 29 110.22114563 1
63 29 110.311912537 1
63 29 110.343017578 1
63 29 110.359046936 1
63 29 110.408988953 1
63 29 110.449958801 1
63 29 110.546691895 1
63 29 110.546890259 1
63 29 110.574638367 1
63 29 110.64163208 1
63 29 110.700531006 1
63 29 110.71270752 1
63 29 110.71887207 1
63 29 110.719154358 1
63 29 110.816246033 1
63 29 110.897888184 1
63 29 111.005592346 1
63 29 111.051551819 1
63 29 111.121398926 1
63 29 111.1665802 1
63 29 111.215751648 1
63 29 111.256118774 1
63 29 111.275413513 1
63 29 111.336860657 1
63 29 111.347190857 1
63 29 111.438865662 1
63 29 111.504699707 1
63 29 111.526832581 1
63 29 111.534690857 1
63 29 111.539543152 1
63 29 111.58177948 1
63 29 111.628929138 1
63 29 111.631240845 1
63 29 111.725212097 1
63 29 111.748565674 1
63 29 111.769760132 1
63 29 111.869392395 1
63 29 111.896362305 1
63 29 111.989273071 1
63 29 111.990074158 1
63 29 112.010749817 1
63 29 112.075790405 1
63 29 112.08656311 1
63 29 112.112960815 1
63 29 112.136207581 1
63 29 112.147041321 1
63 29 112.177825928 1
63 29 112.406333923 1
63 29 112.567726135 1
63 29 112.568191528 1
63 29 112.575279236 1
63 29 112.638755798 1
63 29 112.691452026 1
63 29 112.703933716 1
63 29 112.810096741 1
63 29 112.879508972 1
63 29 113.092521667 1
63 29 113.11529541 1
63 29 113.18371582 1
63 29 113.212631226 1
63 29 113.282302856 1
63 29 113.329406738 1
63 29 113.354751587 1
63 29 113.366035461 1
63 29 113.462303162 1
63 29 113.511146545 1
63 29 113.659820557 1
63 29 113.712043762 1
63 29 113.7266922 1
63 29 113.916931152 1
63 29 113.967079163 1
63 29 113.992202759 1
63 29 114.05456543 1
63 29 114.098098755 1
63 29 114.162788391 1
63 29 114.250541687 1
63 29 114.262580872 1
63 29 114.31401825 1
63 29 114.328598022 1
63 29 114.36315155 1
63 29 114.398132324 1
63 29 114.399185181 1
63 29 114.448951721 1
63 29 114.451538086 1
63 29 114.57485199 1
63 29 114.630027771 1
63 29 114.76625061 1
63 29 114.769012451 1
63 29 114.839080811 1
63 29 114.893943787 1
63 29 114.972831726 1
63 29 115.089683533 1
63 29 115.097579956 1
63 29 115.118438721 1
63 29 115.16733551 1
63 29 115.257316589 1
63 29 115.311477661 1
63 29 115.335647583 1
63 29 115.38608551 1
63 29 115.388832092 1
63 29 115.584205627 1
63 29 115.659698486 1
63 29 115.735305786 1
63 29 115.753013611 1
63 29 115.760543823 1
63 29 115.793281555 1
63 29 115.843994141 1
63 29 115.924835205 1
63 29 115.967300415 1
63 29 116.183174133 1
63 29 116.207984924 1
63 29 116.214454651 1
63 29 116.47467041 1
63 29 116.50528717 1
63 29 116.649284363 1
63 29 116.683876038 1
63 29 116.792747498 1
63 29 116.805671692 1
63 29 116.846046448 1
63 29 116.897483826 1
63 29 116.990058899 1
63 29 117.027633667 1
63 29 117.029426575 1
63 29 117.04019928 1
63 29 117.196151733 1
63 29 117.197906494 1
63 29 117.369812012 1
63 29 118.061599731 1
63 29 118.084709167 1
63 29 118.151161194 1
63 29 118.157394409 1
63 29 118.372688293 1
63 29 118.425178528 1
63 29 118.806472778 1
63 29 118.904075623 1
63 29 119.144432068 1
63 29 119.174499512 1
63 29 119.220336914 1
63 29 119.348937988 1
63 29 119.350708008 1
63 29 119.483123779 1
63 29 119.644180298 1
63 29 119.719665527 1
63 29 119.756072998 1
63 29 119.873443604 1
63 29 119.977737427 1
63 29 120.058273315 1
63 29 120.203857422 1
63 29 120.232406616 1
63 29 120.358398438 1
63 29 120.41595459 1
63 29 120.470497131 1
63 29 120.670066833 1
63 29 120.769004822 1
63 29 120.781837463 1
63 29 120.848976135 1
63 29 120.862792969 1
63 29 121.043167114 1
63 29 121.074966431 1
63 29 121.088973999 1
63 29 121.222129822 1
63 29 121.27822113 1
63 29 121.509429932 1
63 29 121.610832214 1
63 29 121.62021637 1
63 29 121.933540344 1
63 29 121.974006653 1
63 29 122.102493286 1
63 29 122.119346619 1
63 29 122.126998901 1
63 29 122.139945984 1
63 29 122.224822998 1
63 29 122.263259888 1
63 29 122.355819702 1
63 29 122.498634338 1
63 29 122.542762756 1
63 29 122.633155823 1
63 29 122.633865356 1
63 29 122.877983093 1
63 29 122.929946899 1
63 29 123.027572632 1
63 29 123.171318054 1
63 29 123.329315186 1
63 29 123.485443115 1
63 29 123.608360291 1
63 29 123.89793396 1
63 29 124.012069702 1
63 29 124.34085083 1
63 29 124.343658447 1
63 29 124.382583618 1
63 29 124.471496582 1
63 29 124.678718567 1
63 29 124.717391968 1
63 29 125.102333069 1
63 29 125.135299683 1
63 29 125.254440308 1
63 29 125.605903625 1
63 29 125.785316467 1
63 29 126.024055481 1
63 29 126.12827301 1
63 29 126.209365845 1
63 29 126.253059387 1
63 29 126.33001709 1
63 29 126.338226318 1
63 29 126.388298035 1
63 29 126.533363342 1
63 29 126.568588257 1
63 29 126.569587708 1
63 29 126.588516235 1
63 29 126.694969177 1
63 29 126.913665771 1
63 29 126.939292908 1
63 29 127.15927887 1
63 29 127.410949707 1
63 29 127.502609253 1
63 29 127.574989319 1
63 29 127.759895325 1
63 29 127.85962677 1
63 29 128.027359009 1
63 29 128.099090576 1
63 29 128.171569824 1
63 29 128.183776855 1
63 29 128.224685669 1
63 29 128.339599609 1
63 29 128.412185669 1
63 29 128.439682007 1
63 29 128.483215332 1
63 29 128.545883179 1
63 29 128.605484009 1
63 29 128.897201538 1
63 29 129.129119873 1
63 29 129.361862183 1
63 29 129.463150024 1
63 29 129.53604126 1
63 29 129.601226807 1
63 29 129.685546875 1
63 29 129.686676025 1
63 29 129.830795288 1
63 29 129.871536255 1
63 29 129.973342896 1
63 29 130.122177124 1
63 29 130.32901001 1
63 29 130.349838257 1
63 29 130.474700928 1
63 29 130.723022461 1
63 29 130.736557007 1
63 29 130.948928833 1
63 29 131.148483276 1
63 29 131.169540405 1
63 29 131.219512939 1
63 29 131.307037354 1
63 29 131.330993652 1
63 29 131.766860962 1
63 29 131.879318237 1
63 29 131.89163208 1
63 29 132.218078613 1
63 29 132.255020142 1
63 29 132.270050049 1
63 29 132.430084229 1
63 29 132.457550049 1
63 29 132.722076416 1
63 29 132.785507202 1
63 29 133.347290039 1
63 29 133.782577515 1
63 29 133.891952515 1
63 29 133.992706299 1
63 29 134.022842407 1
63 29 134.14906311 1
63 29 134.210083008 1
63 29 134.307296753 1
63 29 134.84916687 1
63 29 134.931838989 1
63 29 135.450820923 1
63 29 135.63218689 1
63 29 136.269744873 1
63 29 136.354660034 1
63 29 136.795303345 1
63 29 136.808670044 1
63 29 136.866744995 1
63 29 136.990585327 1
63 29 137.302978516 1
63 29 137.441192627 1
63 29 137.568267822 1
63 29 138.079589844 1
63 29 138.686523438 1
63 29 138.821716309 1
63 29 138.980697632 1
63 29 139.020629883 1
63 29 139.371017456 1
63 29 139.479660034 1
63 29 139.509628296 1
63 29 139.566589355 1
63 29 139.573242188 1
63 29 139.834014893 1
63 29 139.835449219 1
63 29 139.950195312 1
63 29 140.291305542 1
63 29 140.946044922 1
63 29 140.97253418 1
63 29 141.0546875 1
63 29 141.39453125 1
63 29 141.467422485 1
63 29 141.823730469 1
63 29 141.830184937 1
63 29 142.443191528 1
63 29 142.942901611 1
63 29 143.02923584 1
63 29 143.092819214 1
63 29 143.402389526 1
63 29 143.459289551 1
63 29 143.895690918 1
63 29 144.142868042 1
63 29 144.356460571 1
63 29 144.67616272 1
63 29 144.713745117 1
63 29 144.859649658 1
63 29 144.89163208 1
63 29 145.117630005 1
63 29 145.235687256 1
63 29 145.501953125 1
63 29 145.589385986 1
63 29 145.612686157 1
63 29 146.370559692 1
63 29 146.719055176 1
63 29 147.103759766 1
63 29 147.109451294 1
63 29 147.555541992 1
63 29 147.836776733 1
63 29 147.984817505 1
63 29 148.307678223 1
63 29 148.842315674 1
63 29 149.244506836 1
63 29 149.880004883 1
63 29 149.929046631 1
63 29 150.095031738 1
63 29 150.187057495 1
63 29 150.57220459 1
63 29 151.00743103 1
63 29 151.138839722 1
63 29 151.449020386 1
63 29 151.708129883 1
63 29 151.969055176 1
63 29 152.369476318 1
63 29 152.454498291 1
63 29 152.646316528 1
63 29 152.754669189 1
63 29 152.924194336 1
63 29 152.953918457 1
63 29 153.34815979 1
63 29 153.57043457 1
63 29 153.828857422 1
63 29 154.655303955 1
63 29 155.051315308 1
63 29 155.263839722 1
63 29 155.29914856 1
63 29 156.576980591 1
63 29 157.849380493 1
63 29 158.107910156 1
63 29 158.187698364 1
63 29 158.401596069 1
63 29 158.613677979 1
63 29 158.835220337 1
63 29 158.986923218 1
63 29 159.018447876 1
63 29 160.101165771 1
63 29 160.287033081 1
63 29 160.724441528 1
63 29 161.123886108 1
63 29 161.220321655 1
63 29 161.739868164 1
63 29 162.274002075 1
63 29 164.882385254 1
63 29 165.141448975 1
63 29 165.176025391 1
63 29 165.314544678 1
63 29 165.884124756 1
63 29 166.183105469 1
63 29 166.356033325 1
63 29 167.374679565 1
63 29 167.574615479 1
63 29 168.048202515 1
63 29 169.435134888 1
63 29 169.94934082 1
63 29 170.060211182 1
63 29 170.220672607 1
63 29 171.610702515 1
63 29 173.10043335 1
63 29 173.341217041 1
63 29 174.420394897 1
63 29 175.68711853 1
63 29 177.647979736 1
63 29 177.820953369 1
63 29 179.535446167 1
63 29 180.279296875 1
63 29 181.002471924 1
63 29 181.230926514 1
63 29 182.53666687 1
63 29 185.359436035 1
63 29 185.778747559 1
63 29 185.984008789 1
63 29 186.868896484 1
63 29 187.759155273 1
63 29 188.075408936 1
63 29 189.536682129 1
63 29 189.607528687 1
63 29 189.788146973 1
63 29 192.285339355 1
63 29 193.26373291 1
63 29 193.458404541 1
63 29 193.941589355 1
63 29 196.980438232 1
63 29 197.015655518 1
63 29 200.86958313 1
63 29 201.033691406 1
63 29 201.393005371 1
63 29 202.932647705 1
63 29 203.351516724 1
63 29 203.600036621 1
63 29 203.755615234 1
63 29 204.148025513 1
63 29 206.095550537 1
63 29 206.367965698 1
63 29 206.810531616 1
63 29 206.906295776 1
63 29 208.665679932 1
63 29 209.56703186 1
63 29 210.333557129 1
63 29 211.760574341 1
63 29 212.740890503 1
63 29 213.708465576 1
63 29 214.074264526 1
63 29 215.044281006 1
63 29 216.04486084 1
63 29 217.338882446 1
63 29 219.2474823 1
63 29 220.872421265 1
63 29 224.249053955 1
63 29 225.045501709 1
63 29 225.894500732 1
63 29 226.272750854 1
63 29 230.952926636 1
63 29 232.030014038 1
63 29 234.274307251 1
63 29 236.675018311 1
63 29 238.309951782 1
63 29 241.544296265 1
63 29 243.514831543 1
63 29 245.270721436 1
63 29 246.552352905 1
63 29 247.119171143 1
63 29 251.483673096 1
63 29 252.278091431 1
63 29 258.715026855 1
63 29 259.204650879 1
63 29 261.274688721 1
63 29 263.933227539 1
63 29 270.400390625 1
63 29 270.409790039 1
63 29 270.754394531 1
63 29 270.897613525 1
63 29 272.967315674 1
63 29 276.256347656 1
63 29 278.803466797 1
63 29 279.3671875 1
63 29 280.848876953 1
63 29 281.32913208 1
63 29 283.037506104 1
63 29 286.167633057 1
63 29 286.359710693 1
63 29 287.413024902 1
63 29 290.358703613 1
63 29 291.446929932 1
63 29 292.74710083 1
63 29 294.029724121 1
63 29 302.087310791 1
63 29 302.303283691 1
63 29 302.719604492 1
63 29 305.537811279 1
63 29 308.744750977 1
63 29 315.4894104 1
63 29 319.226104736 1
63 29 319.722900391 1
63 29 326.108581543 1
63 29 326.390228271 1
63 29 331.465301514 1
63 29 332.774017334 1
63 29 334.579040527 1
63 29 340.32409668 1
63 29 340.623504639 1
63 29 341.581878662 1
63 29 345.553741455 1
63 29 347.837280273 1
63 29 348.928161621 1
63 29 349.135223389 1
63 29 358.163238525 1
63 29 359.855041504 1
63 29 361.886657715 1
63 29 368.941864014 1
63 29 371.323852539 1
63 29 375.415802002 1
63 29 377.770446777 1
63 29 381.801727295 1
63 29 390.004364014 1
63 29 394.899139404 1
63 29 396.397979736 1
63 29 399.773620605 1
63 29 400.69430542 1
63 29 401.041107178 1
63 29 401.2940979 1
63 29 403.654602051 1
63 29 412.805664062 1
63 29 419.718902588 1
63 29 444.791503906 1
63 29 446.543365479 1
63 29 446.929779053 1
63 29 450.048492432 1
63 29 451.613311768 1
63 29 456.772399902 1
63 29 463.848754883 1
63 29 468.397705078 1
63 29 473.065307617 1
63 29 476.66293335 1
63 29 480.622833252 1
63 29 490.498840332 1
63 29 503.900543213 1
63 29 504.499572754 1
63 29 505.642181396 1
63 29 509.574188232 1
63 29 521.096252441 1
63 29 522.732666016 1
63 29 527.407043457 1
63 29 532.445800781 1
63 29 592.238586426 1
63 29 605.846191406 1
63 29 625.968078613 1
63 29 633.020751953 1
63 29 634.359375 1
63 29 643.210632324 1
63 29 646.760314941 1
63 29 648.517211914 1
63 29 665.825683594 1
63 29 711.596923828 1
63 29 715.671447754 1
63 29 743.695373535 1
63 29 774.86907959 1
63 29 824.563903809 1
63 29 837.651550293 1
63 29 840.477783203 1
63 29 846.118286133 1
63 29 855.896118164 1
63 29 862.932617188 1
63 29 895.301940918 1
63 29 939.58984375 1
63 29 973.244812012 1
63 29 980.365722656 1
63 29 1065.7331543 1
63 29 1133.52307129 1
63 29 1223.29907227 1
63 29 1292.73461914 1
63 29 1611.1595459 1
63 29 1653.18615723 1
63 31 85.2670669556 1
63 31 101.660522461 1
63 31 102.143592834 1
63 31 102.500465393 1
63 31 103.992835999 1
63 31 104.798873901 1
63 31 106.623428345 1
63 31 107.365722656 1
63 31 107.49835968 1
63 31 108.734382629 1
63 31 109.613418579 1
63 31 109.675865173 1
63 31 110.745391846 1
63 31 111.340301514 1
63 31 111.905281067 1
63 31 112.369216919 1
63 31 114.560493469 1
63 31 115.530738831 1
63 31 116.34551239 1
63 31 117.886558533 1
63 31 118.659004211 1
63 31 118.728469849 1
63 31 120.897476196 1
63 31 124.105873108 1
63 31 124.433494568 1
63 31 124.687797546 1
63 31 124.788002014 1
63 31 124.931739807 1
63 31 125.140136719 1
63 31 125.920036316 1
63 31 128.200469971 1
63 31 128.340515137 1
63 31 128.382278442 1
63 31 130.044158936 1
63 31 131.000244141 1
63 31 131.449462891 1
63 31 132.102325439 1
63 31 132.880722046 1
63 31 133.405395508 1
63 31 133.438476562 1
63 31 133.711898804 1
63 31 134.274795532 1
63 31 134.916931152 1
63 31 136.206253052 1
63 31 136.649353027 1
63 31 139.77406311 1
63 31 140.368530273 1
63 31 141.837600708 1
63 31 142.172958374 1
63 31 142.422973633 1
63 31 143.383804321 1
63 31 144.054443359 1
63 31 144.268005371 1
63 31 144.971969604 1
63 31 145.802963257 1
63 31 147.050384521 1
63 31 150.136230469 1
63 31 150.69770813 1
63 31 151.100601196 1
63 31 151.644561768 1
63 31 152.118515015 1
63 31 152.24369812 1
63 31 152.262985229 1
63 31 152.3203125 1
63 31 152.896499634 1
63 31 153.606384277 1
63 31 154.218322754 1
63 31 155.679885864 1
63 31 156.262405396 1
63 31 156.364776611 1
63 31 157.888793945 1
63 31 158.186904907 1
63 31 158.451202393 1
63 31 159.825088501 1
63 31 163.296096802 1
63 31 164.01776123 1
63 31 165.047637939 1
63 31 165.638900757 1
63 31 167.042663574 1
63 31 168.557830811 1
63 31 168.900878906 1
63 31 170.563323975 1
63 31 171.484695435 1
63 31 172.828872681 1
63 31 174.704177856 1
63 31 176.308807373 1
63 31 177.702697754 1
63 31 179.366821289 1
63 31 179.378341675 1
63 31 179.426269531 1
63 31 182.065155029 1
63 31 185.01222229 1
63 31 185.12487793 1
63 31 188.366485596 1
63 31 188.521774292 1
63 31 190.3490448 1
63 31 190.910217285 1
63 31 194.751647949 1
63 31 194.981994629 1
63 31 195.923690796 1
63 31 196.363983154 1
63 31 196.548660278 1
63 31 196.576934814 1
63 31 199.195648193 1
63 31 199.616317749 1
63 31 200.245773315 1
63 31 200.305358887 1
63 31 200.888565063 1
63 31 204.488723755 1
63 31 206.344207764 1
63 31 208.966491699 1
63 31 208.976287842 1
63 31 211.376968384 1
63 31 211.967498779 1
63 31 212.237197876 1
63 31 213.677429199 1
63 31 213.695098877 1
63 31 214.078186035 1
63 31 214.808242798 1
63 31 216.09236145 1
63 31 216.372619629 1
63 31 218.473129272 1
63 31 220.388244629 1
63 31 221.202407837 1
63 31 221.35559082 1
63 31 221.480148315 1
63 31 222.132659912 1
63 31 222.461410522 1
63 31 222.942398071 1
63 31 223.888595581 1
63 31 225.456161499 1
63 31 226.33052063 1
63 31 227.759124756 1
63 31 228.716033936 1
63 31 229.135894775 1
63 31 230.858154297 1
63 31 233.957550049 1
63 31 235.996383667 1
63 31 237.708389282 1
63 31 241.72467041 1
63 31 244.983581543 1
63 31 246.144180298 1
63 31 246.156784058 1
63 31 252.331695557 1
63 31 254.927780151 1
63 31 255.003143311 1
63 31 259.776123047 1
63 31 260.074005127 1
63 31 262.092437744 1
63 31 263.230377197 1
63 31 264.140838623 1
63 31 265.204315186 1
63 31 265.875762939 1
63 31 266.191650391 1
63 31 270.449371338 1
63 31 272.843322754 1
63 31 273.576171875 1
63 31 279.443450928 1
63 31 279.744445801 1
63 31 283.738220215 1
63 31 285.875030518 1
63 31 288.217346191 1
63 31 290.113311768 1
63 31 299.998596191 1
63 31 300.719177246 1
63 31 302.042388916 1
63 31 303.508270264 1
63 31 307.281799316 1
63 31 310.287994385 1
63 31 310.436065674 1
63 31 312.223480225 1
63 31 314.523132324 1
63 31 315.905426025 1
63 31 316.841888428 1
63 31 318.76348877 1
63 31 325.011444092 1
63 31 325.577819824 1
63 31 326.643280029 1
63 31 331.986328125 1
63 31 332.311462402 1
63 31 340.709625244 1
63 31 346.06854248 1
63 31 355.714569092 1
63 31 364.348083496 1
63 31 373.230682373 1
63 31 377.568023682 1
63 31 379.67578125 1
63 31 390.817108154 1
63 31 390.995635986 1
63 31 404.320037842 1
63 31 405.251647949 1
63 31 407.911682129 1
63 31 410.241027832 1
63 31 411.642059326 1
63 31 412.778259277 1
63 31 415.971069336 1
63 31 417.927856445 1
63 31 419.014038086 1
63 31 420.914489746 1
63 31 425.306274414 1
63 31 425.32635498 1
63 31 443.22845459 1
63 31 468.091125488 1
63 31 480.400604248 1
63 31 481.980133057 1
63 31 482.926330566 1
63 31 505.586273193 1
63 31 521.505981445 1
63 31 554.220214844 1
63 31 562.730285645 1
63 31 568.662597656 1
63 31 571.378967285 1
63 31 600.409362793 1
63 31 604.246826172 1
63 31 611.039550781 1
63 31 613.442077637 1
63 31 657.939331055 1
63 31 671.452392578 1
63 31 680.607055664 1
63 31 685.283996582 1
63 31 687.89251709 1
63 31 700.864807129 1
63 31 700.945617676 1
63 31 891.291748047 1
63 31 986.942199707 1
63 31 1071.4354248 1
63 31 1099.03308105 1
63 31 1322.18359375 1
63 31 1335.17285156 1
63 31 1341.21618652 1
63 32 171.110458374 1
63 32 183.800430298 1
63 32 185.41305542 1
63 32 192.946563721 1
63 32 195.769287109 1
63 32 196.78465271 1
63 32 197.049362183 1
63 32 198.716873169 1
63 32 203.544265747 1
63 32 206.695404053 1
63 32 207.541152954 1
63 32 211.276702881 1
63 32 213.734817505 1
63 32 218.292236328 1
63 32 225.554748535 1
63 32 232.697525024 1
63 32 246.11340332 1
63 32 246.837310791 1
63 32 249.79083252 1
63 32 252.059997559 1
63 32 252.178771973 1
63 32 255.024902344 1
63 32 258.642730713 1
63 32 258.694458008 1
63 32 267.148345947 1
63 32 268.968505859 1
63 32 272.173461914 1
63 32 274.72442627 1
63 32 276.975006104 1
63 32 277.042724609 1
63 32 277.288665771 1
63 32 280.273193359 1
63 32 293.922363281 1
63 32 293.996520996 1
63 32 294.489105225 1
63 32 301.868011475 1
63 32 305.138122559 1
63 32 305.159545898 1
63 32 306.420043945 1
63 32 306.442718506 1
63 32 308.542999268 1
63 32 328.757385254 1
63 32 336.303253174 1
63 32 339.831848145 1
63 32 340.176330566 1
63 32 340.801757812 1
63 32 343.400024414 1
63 32 344.908966064 1
63 32 345.481048584 1
63 32 347.802886963 1
63 32 349.265289307 1
63 32 349.482543945 1
63 32 350.018035889 1
63 32 355.883209229 1
63 32 358.856964111 1
63 32 359.383270264 1
63 32 367.930541992 1
63 32 376.681610107 1
63 32 391.319122314 1
63 32 399.107757568 1
63 32 419.11227417 1
63 32 425.873382568 1
63 32 429.376312256 1
63 32 445.634552002 1
63 32 451.808807373 1
63 32 468.964752197 1
63 32 487.201599121 1
63 32 487.691040039 1
63 32 513.995544434 1
63 32 519.17980957 1
63 32 533.990966797 1
63 32 548.898803711 1
63 32 587.298828125 1
63 32 592.953796387 1
63 32 641.177856445 1
63 32 672.188415527 1
63 32 748.021240234 1
63 32 773.746459961 1
63 32 778.858764648 1
63 32 802.389831543 1
63 32 937.309631348 1
63 32 942.357727051 1
63 32 976.482177734 1
63 32 977.788879395 1
63 32 1089.8684082 1
63 32 1098.46679688 1
63 33 314.889373779 1
63 33 328.610229492 1
63 33 329.169647217 1
63 33 367.831115723 1
63 33 429.777618408 1
63 33 499.879486084 1
63 33 512.530212402 1
63 33 593.438110352 1
63 33 611.423706055 1
63 33 632.10168457 1
63 33 1067.37548828 1
63 34 1119.54272461 1
64 24 1518.22583008 1
64 24 2088.8984375 1
64 26 1012.5625 1
64 27 841.495117188 1
64 27 858.80456543 1
64 27 1025.1517334 1
64 27 2768.73242188 1
64 28 681.873596191 1
64 28 867.677124023 1
64 28 1047.6060791 1
64 28 1213.50720215 1
64 28 1339.28295898 1
64 28 1347.46911621 1
64 28 2125.02075195 1
64 29 631.059204102 1
64 29 751.489746094 1
64 29 758.844604492 1
64 29 769.354431152 1
64 29 773.682312012 1
64 29 825.757446289 1
64 29 890.196533203 1
64 29 908.791442871 1
64 29 911.641113281 1
64 29 926.188232422 1
64 29 939.070617676 1
64 29 1074.57775879 1
64 29 1159.20422363 1
64 29 1254.32617188 1
64 29 1403.78356934 1
64 29 1418.96142578 1
64 29 1733.48535156 1
64 30 618.104797363 1
64 30 651.974182129 1
64 30 684.97479248 1
64 30 685.395446777 1
64 30 751.954833984 1
64 30 756.477722168 1
64 30 824.765991211 1
64 30 920.133605957 1
64 30 920.567810059 1
64 30 970.038085938 1
64 31 617.227905273 1
64 31 709.774353027 1
64 31 920.418823242 1
64 31 923.227844238 1
64 31 926.721069336 1
64 31 996.028503418 1
64 31 1100.9095459 1
64 31 1122.3503418 1
64 31 1124.01367188 1
64 31 1146.96582031 1
64 32 856.482055664 1
64 32 947.445068359 1
64 32 1063.91625977 1
64 32 1091.48266602 1
64 33 969.197753906 1
64 33 971.747802734 1
64 33 1057.39807129 1
64 33 1517.97680664 1
64 33 1592.38110352 1
64 34 842.789733887 1
64 35 769.521240234 1
65 26 1768.01818848 1
65 29 1880.25305176 1
69 25 1816.66711426 1
69 30 3031.77197266 1
69 31 2102.64599609 1
70 19 1805.2755127 1
70 22 1053.18139648 1
70 24 2016.61462402 1
70 26 1860.96203613 1
70 27 771.118041992 1
70 27 826.217102051 1
70 27 857.437011719 1
70 27 1020.51617432 1
70 27 1084.70568848 1
70 27 1141.56982422 1
70 28 657.045227051 1
70 28 700.233337402 1
70 28 783.885925293 1
70 28 825.379760742 1
70 28 1003.01599121 1
70 28 1057.24438477 1
70 28 1109.74035645 1
70 28 1206.08740234 1
70 29 686.264038086 1
70 29 719.053466797 1
70 29 754.365234375 1
70 29 781.359680176 1
70 29 786.790527344 1
70 29 799.956542969 1
70 29 1271.48046875 1
70 29 1477.11120605 1
70 29 1736.02124023 1
70 30 776.992004395 1
70 30 896.887145996 1
70 30 1073.49108887 1
70 31 874.789916992 1
71 24 964.704528809 1
71 24 1278.17175293 1
71 24 1371.65063477 1
71 24 2159.16992188 1
71 24 3603.97753906 1
71 25 832.137145996 1
71 25 1243.76342773 1
71 25 1940.79052734 1
71 26 842.659729004 1
71 26 844.733581543 1
71 26 851.646484375 1
71 26 902.770568848 1
71 26 992.305664062 1
71 26 1103.03320312 1
71 26 1342.60302734 1
71 26 1345.78527832 1
71 26 1504.90441895 1
71 26 1581.45263672 1
71 27 712.03326416 1
71 27 733.586242676 1
71 27 825.656188965 1
71 27 894.204101562 1
71 27 907.120178223 1
71 27 1054.80761719 1
71 27 1155.93469238 1
71 28 666.699890137 1
71 28 676.289916992 1
71 28 806.823486328 1
71 28 847.120056152 1
71 28 941.899169922 1
71 28 1103.50134277 1
71 28 1138.70898438 1
71 28 1181.29455566 1
71 28 1220.85852051 1
71 28 1229.21179199 1
71 29 803.137634277 1
71 29 911.510742188 1
71 29 972.001525879 1
71 29 1026.76257324 1
71 29 1032.50061035 1
71 29 1033.15124512 1
71 29 1131.29760742 1
71 29 1218.70593262 1
71 29 1226.42541504 1
71 29 1547.12316895 1
71 30 765.677307129 1
71 30 1096.90222168 1
71 30 1520.88671875 1
71 30 1851.37634277 1
71 31 669.447387695 1
71 31 920.990783691 1
71 31 1370.76330566 1
71 32 947.272644043 1
72 26 3256.38549805 1
72 29 1137.92553711 1
77 32 1358.22802734 1
81 8 2016.56848145 1
86 7 2575.09863281 1
