000 1009.0 0.0 10000000.0
008 913.0 0.0 10000000.0
009 859.0 0.0 10000000.0
010 823.0 0.0 10000000.0
011 970.0 0.0 10000000.0
013 882.0 0.0 10000000.0
016 909.0 0.0 10000000.0
022 1033.0 0.0 10000000.0
027 1151.0 0.0 10000000.0
034 1255.0 0.0 10000000.0
045 1444.0 0.0 10000000.0
063 1676.0 0.0 10000000.0
090 1695.0 0.0 10000000.0
117 1191.0 0.0 10000000.0
135 825.0 0.0 10000000.0
146 612.0 0.0 10000000.0
153 533.0 0.0 10000000.0
158 434.0 0.0 10000000.0
162 373.0 0.0 10000000.0
164 380.0 0.0 10000000.0
166 348.0 0.0 10000000.0
167 338.0 0.0 10000000.0
169 348.0 0.0 10000000.0
171 324.0 0.0 10000000.0
172 296.0 0.0 10000000.0
180 279.0 0.0 10000000.0
