000 2471.0 0.0 10000000.0
008 1873.0 0.0 10000000.0
009 1896.0 0.0 10000000.0
010 1862.0 0.0 10000000.0
011 1857.0 0.0 10000000.0
013 1821.0 0.0 10000000.0
016 1838.0 0.0 10000000.0
022 1806.0 0.0 10000000.0
027 1732.0 0.0 10000000.0
034 1674.0 0.0 10000000.0
045 1707.0 0.0 10000000.0
063 1618.0 0.0 10000000.0
090 1385.0 0.0 10000000.0
117 896.0 0.0 10000000.0
135 555.0 0.0 10000000.0
146 386.0 0.0 10000000.0
153 358.0 0.0 10000000.0
158 319.0 0.0 10000000.0
162 262.0 0.0 10000000.0
164 229.0 0.0 10000000.0
166 246.0 0.0 10000000.0
167 251.0 0.0 10000000.0
169 259.0 0.0 10000000.0
171 226.0 0.0 10000000.0
172 221.0 0.0 10000000.0
180 203.0 0.0 10000000.0
