000 2452.0 0.0 10000000.0
008 1875.0 0.0 10000000.0
009 1867.0 0.0 10000000.0
010 1806.0 0.0 10000000.0
011 1870.0 0.0 10000000.0
013 1811.0 0.0 10000000.0
016 1805.0 0.0 10000000.0
022 1782.0 0.0 10000000.0
027 1726.0 0.0 10000000.0
034 1766.0 0.0 10000000.0
045 1648.0 0.0 10000000.0
063 1623.0 0.0 10000000.0
090 1396.0 0.0 10000000.0
117 861.0 0.0 10000000.0
135 550.0 0.0 10000000.0
146 447.0 0.0 10000000.0
153 354.0 0.0 10000000.0
158 358.0 0.0 10000000.0
162 266.0 0.0 10000000.0
164 250.0 0.0 10000000.0
166 255.0 0.0 10000000.0
167 246.0 0.0 10000000.0
169 235.0 0.0 10000000.0
171 232.0 0.0 10000000.0
172 210.0 0.0 10000000.0
180 215.0 0.0 10000000.0
