string dom time hits
53 27 1640.85510254 1
53 30 1958.63476562 1
54 21 1277.62438965 1
54 23 1435.99060059 1
54 24 1135.12561035 1
54 24 1238.56835938 1
54 25 955.665039062 1
54 25 987.066833496 1
54 25 1121.70532227 1
54 27 835.922302246 1
54 27 878.157165527 1
54 27 1012.77819824 1
54 27 1460.34863281 1
54 28 716.47479248 1
54 28 756.252685547 1
54 28 853.16394043 1
54 28 972.256896973 1
54 28 1030.98364258 1
54 28 1171.4119873 1
54 28 1318.77368164 1
54 28 1475.58325195 1
54 28 1914.86535645 1
54 28 2399.140625 1
54 29 662.699157715 1
54 29 714.541503906 1
54 29 847.72869873 1
54 29 963.70324707 1
54 30 722.710632324 1
54 30 830.813049316 1
54 30 902.822814941 1
54 30 999.163452148 1
54 30 1171.51660156 1
54 30 1280.5300293 1
54 31 983.061523438 1
54 31 1244.07873535 1
54 31 1534.95043945 1
54 33 842.65625 1
54 33 901.075134277 1
54 33 1391.80273438 1
55 22 1334.18188477 1
55 25 1039.25610352 1
55 25 1178.53833008 1
55 25 1689.71105957 1
55 26 919.828857422 1
55 26 1242.02246094 1
55 26 1419.67932129 1
55 27 839.486572266 1
55 27 951.633056641 1
55 27 1104.86975098 1
55 27 1282.1373291 1
55 27 1794.71960449 1
55 28 691.940917969 1
55 28 766.402770996 1
55 28 767.808166504 1
55 28 808.678466797 1
55 28 830.422546387 1
55 28 869.070678711 1
55 28 879.706054688 1
55 28 882.639892578 1
55 28 897.911315918 1
55 28 1034.61804199 1
55 28 1067.69030762 1
55 28 1150.43933105 1
55 28 1159.50756836 1
55 28 1355.81567383 1
55 28 1663.80273438 1
55 28 1779.14782715 1
55 29 704.788574219 1
55 29 713.100524902 1
55 29 737.043151855 1
55 29 811.69720459 1
55 29 873.496154785 1
55 29 893.959838867 1
55 29 937.70489502 1
55 29 1092.18505859 1
55 29 1092.60534668 1
55 29 1366.31542969 1
55 29 1562.59619141 1
55 30 794.289489746 1
55 30 813.931640625 1
55 30 844.250671387 1
55 30 961.284790039 1
55 30 1069.50158691 1
55 30 1160.28723145 1
55 31 777.336975098 1
55 31 1209.96911621 1
56 28 1561.39868164 1
56 28 2437.95458984 1
61 20 3272.25097656 1
62 23 1234.83789062 1
62 24 1319.44677734 1
62 24 1521.49914551 1
62 25 898.884765625 1
62 25 926.973388672 1
62 25 1064.06237793 1
62 26 873.977233887 1
62 26 926.244934082 1
62 26 1026.84216309 1
62 26 1027.86828613 1
62 26 1121.73498535 1
62 26 1170.44372559 1
62 26 3477.33105469 1
62 27 700.717956543 1
62 27 750.623657227 1
62 27 823.912658691 1
62 27 888.483947754 1
62 27 905.305297852 1
62 27 945.887207031 1
62 27 963.218017578 1
62 27 976.450378418 1
62 27 1648.99023438 1
62 28 696.029541016 1
62 28 710.760375977 1
62 28 726.07421875 1
62 28 736.724243164 1
62 28 737.821411133 1
62 28 787.988342285 1
62 28 803.941711426 1
62 28 836.890319824 1
62 28 880.353271484 1
62 28 945.724731445 1
62 28 1121.60400391 1
62 28 1317.10510254 1
62 28 1353.85583496 1
62 29 674.274108887 1
62 29 777.193115234 1
62 29 822.754699707 1
62 29 827.929443359 1
62 29 872.694213867 1
62 29 873.12286377 1
62 29 929.54888916 1
62 29 1550.19384766 1
62 29 1958.68994141 1
62 30 706.035095215 1
62 30 717.7109375 1
62 30 775.42199707 1
62 30 869.210449219 1
62 30 891.893188477 1
62 30 999.541503906 1
62 30 1422.81713867 1
62 31 834.372009277 1
62 31 986.153320312 1
62 31 1735.91992188 1
62 32 780.091796875 1
62 32 1329.03662109 1
62 32 1724.77832031 1
63 19 1467.31237793 1
63 20 942.391357422 1
63 23 771.274780273 1
63 23 825.728942871 1
63 23 933.308837891 1
63 23 1543.17285156 1
63 24 548.933410645 1
63 24 592.232788086 1
63 24 672.759399414 1
63 24 686.61126709 1
63 24 716.773986816 1
63 24 736.378417969 1
63 24 738.687438965 1
63 24 786.979736328 1
63 24 788.682617188 1
63 24 810.313476562 1
63 24 930.36340332 1
63 24 948.730285645 1
63 24 966.421630859 1
63 24 1121.46740723 1
63 24 1305.15356445 1
63 24 1309.04431152 1
63 24 1352.06884766 1
63 24 1643.67687988 1
63 25 457.114746094 1
63 25 528.113525391 1
63 25 542.509643555 1
63 25 549.681884766 1
63 25 558.394470215 1
63 25 561.829345703 1
63 25 571.205993652 1
63 25 585.81237793 1
63 25 589.751159668 1
63 25 602.523498535 1
63 25 602.534240723 1
63 25 626.185791016 1
63 25 646.563964844 1
63 25 649.900268555 1
63 25 651.212280273 1
63 25 652.323730469 1
63 25 652.42175293 1
63 25 686.956665039 1
63 25 707.567871094 1
63 25 749.24810791 1
63 25 753.469360352 1
63 25 819.304626465 1
63 25 820.599731445 1
63 25 841.259460449 1
63 25 924.8359375 1
63 25 1624.47070312 1
63 25 1906.25463867 1
63 26 348.700592041 1
63 26 357.564971924 1
63 26 377.059997559 1
63 26 378.826446533 1
63 26 383.24432373 1
63 26 383.686157227 1
63 26 393.372772217 1
63 26 407.182342529 1
63 26 413.173461914 1
63 26 420.150665283 1
63 26 425.84564209 1
63 26 425.899749756 1
63 26 426.942138672 1
63 26 430.200195312 1
63 26 433.08770752 1
63 26 433.464294434 1
63 26 434.373199463 1
63 26 436.286529541 1
63 26 440.937347412 1
63 26 445.770111084 1
63 26 450.347137451 1
63 26 458.442993164 1
63 26 462.753479004 1
63 26 462.798278809 1
63 26 471.678070068 1
63 26 478.241363525 1
63 26 490.019256592 1
63 26 492.428222656 1
63 26 494.165527344 1
63 26 497.281463623 1
63 26 504.237060547 1
63 26 506.363586426 1
63 26 521.757507324 1
63 26 540.349365234 1
63 26 544.772583008 1
63 26 545.953186035 1
63 26 552.768005371 1
63 26 573.76751709 1
63 26 587.027770996 1
63 26 587.117431641 1
63 26 601.161437988 1
63 26 607.86920166 1
63 26 608.62298584 1
63 26 622.341369629 1
63 26 622.553649902 1
63 26 626.132446289 1
63 26 637.059570312 1
63 26 646.477233887 1
63 26 659.249938965 1
63 26 663.818786621 1
63 26 672.972595215 1
63 26 679.928588867 1
63 26 686.350219727 1
63 26 687.091247559 1
63 26 696.660766602 1
63 26 716.447509766 1
63 26 720.567565918 1
63 26 724.615234375 1
63 26 737.651672363 1
63 26 742.815490723 1
63 26 748.480773926 1
63 26 791.203186035 1
63 26 816.580627441 1
63 26 830.481323242 1
63 26 840.839782715 1
63 26 853.462890625 1
63 26 868.519714355 1
63 26 894.857788086 1
63 26 914.046386719 1
63 26 1032.83032227 1
63 26 1052.94726562 1
63 26 1120.50683594 1
63 26 1678.95715332 1
63 27 260.558410645 1
63 27 273.701202393 1
63 27 275.319824219 1
63 27 276.664978027 1
63 27 276.99987793 1
63 27 277.831542969 1
63 27 283.299438477 1
63 27 284.71572876 1
63 27 286.08694458 1
63 27 289.698883057 1
63 27 289.961486816 1
63 27 292.596618652 1
63 27 293.149932861 1
63 27 295.508026123 1
63 27 302.079101562 1
63 27 304.752288818 1
63 27 305.884124756 1
63 27 308.37322998 1
63 27 312.19152832 1
63 27 313.24432373 1
63 27 315.656951904 1
63 27 325.747955322 1
63 27 326.681610107 1
63 27 328.664245605 1
63 27 329.682861328 1
63 27 331.229034424 1
63 27 331.414489746 1
63 27 341.590148926 1
63 27 342.536499023 1
63 27 342.541809082 1
63 27 343.208282471 1
63 27 344.065612793 1
63 27 344.326385498 1
63 27 346.311187744 1
63 27 346.501037598 1
63 27 347.910430908 1
63 27 351.200653076 1
63 27 351.501068115 1
63 27 353.768280029 1
63 27 354.244842529 1
63 27 355.556060791 1
63 27 358.949432373 1
63 27 359.75970459 1
63 27 362.778076172 1
63 27 364.622314453 1
63 27 368.831268311 1
63 27 369.808776855 1
63 27 371.60534668 1
63 27 375.984771729 1
63 27 377.452148438 1
63 27 377.724304199 1
63 27 381.381256104 1
63 27 381.92791748 1
63 27 382.023101807 1
63 27 382.09085083 1
63 27 385.0909729 1
63 27 385.642150879 1
63 27 389.610992432 1
63 27 391.237487793 1
63 27 391.250762939 1
63 27 396.295593262 1
63 27 399.410797119 1
63 27 402.319396973 1
63 27 403.701934814 1
63 27 406.181945801 1
63 27 408.092071533 1
63 27 412.377990723 1
63 27 414.015258789 1
63 27 417.833618164 1
63 27 418.196014404 1
63 27 421.109313965 1
63 27 424.278198242 1
63 27 426.979553223 1
63 27 427.610565186 1
63 27 430.347198486 1
63 27 439.16418457 1
63 27 443.118804932 1
63 27 445.889160156 1
63 27 451.600921631 1
63 27 460.119049072 1
63 27 461.499389648 1
63 27 466.76361084 1
63 27 474.214324951 1
63 27 479.872619629 1
63 27 491.368164062 1
63 27 494.843963623 1
63 27 498.71685791 1
63 27 501.10244751 1
63 27 510.007781982 1
63 27 512.607299805 1
63 27 512.917480469 1
63 27 515.401672363 1
63 27 524.078063965 1
63 27 530.493652344 1
63 27 539.565856934 1
63 27 540.370910645 1
63 27 540.601257324 1
63 27 551.710021973 1
63 27 563.249206543 1
63 27 571.030944824 1
63 27 577.222900391 1
63 27 579.182556152 1
63 27 584.028625488 1
63 27 587.164367676 1
63 27 590.637695312 1
63 27 599.262634277 1
63 27 601.388244629 1
63 27 602.227172852 1
63 27 605.13104248 1
63 27 606.491149902 1
63 27 611.155517578 1
63 27 613.471374512 1
63 27 619.272460938 1
63 27 636.832641602 1
63 27 653.371826172 1
63 27 692.220825195 1
63 27 706.440490723 1
63 27 720.570861816 1
63 27 721.655761719 1
63 27 724.342651367 1
63 27 725.079284668 1
63 27 728.405151367 1
63 27 734.967590332 1
63 27 819.744506836 1
63 27 823.222900391 1
63 27 843.60949707 1
63 27 850.559753418 1
63 27 853.561279297 1
63 27 868.090820312 1
63 27 868.36529541 1
63 27 883.634338379 1
63 27 900.388427734 1
63 27 906.542175293 1
63 27 944.066467285 1
63 27 951.298034668 1
63 27 955.46697998 1
63 27 958.414794922 1
63 27 963.277648926 1
63 27 1047.52294922 1
63 27 1062.79968262 1
63 27 1144.74304199 1
63 27 1208.48730469 1
63 27 1256.28479004 1
63 27 1374.52685547 1
63 27 1790.73059082 1
63 28 162.228530884 1
63 28 167.844329834 1
63 28 175.826187134 1
63 28 176.512420654 1
63 28 177.494979858 1
63 28 178.874984741 1
63 28 179.158248901 1
63 28 185.647506714 1
63 28 187.000106812 1
63 28 187.741165161 1
63 28 188.93850708 1
63 28 189.270324707 1
63 28 189.351409912 1
63 28 190.081863403 1
63 28 190.124847412 1
63 28 191.440093994 1
63 28 191.727966309 1
63 28 191.965301514 1
63 28 192.199859619 1
63 28 192.251159668 1
63 28 192.528656006 1
63 28 192.852416992 1
63 28 193.554229736 1
63 28 193.724105835 1
63 28 193.824996948 1
63 28 194.170959473 1
63 28 195.050537109 1
63 28 195.525146484 1
63 28 196.041366577 1
63 28 196.775161743 1
63 28 196.999160767 1
63 28 197.113174438 1
63 28 198.358383179 1
63 28 199.689819336 1
63 28 199.743255615 1
63 28 200.578460693 1
63 28 201.777511597 1
63 28 203.624588013 1
63 28 204.143096924 1
63 28 204.338607788 1
63 28 204.570297241 1
63 28 204.668045044 1
63 28 206.238479614 1
63 28 206.598205566 1
63 28 207.331344604 1
63 28 207.904190063 1
63 28 207.949813843 1
63 28 209.485794067 1
63 28 209.747406006 1
63 28 210.480453491 1
63 28 210.847824097 1
63 28 210.883117676 1
63 28 210.900543213 1
63 28 211.469680786 1
63 28 212.607589722 1
63 28 213.219573975 1
63 28 213.573867798 1
63 28 215.547149658 1
63 28 216.980239868 1
63 28 217.09727478 1
63 28 219.224090576 1
63 28 220.156051636 1
63 28 220.737915039 1
63 28 220.840957642 1
63 28 220.964111328 1
63 28 221.049240112 1
63 28 222.907836914 1
63 28 222.91368103 1
63 28 223.331771851 1
63 28 224.520401001 1
63 28 226.231826782 1
63 28 227.013015747 1
63 28 227.265426636 1
63 28 228.115356445 1
63 28 228.776763916 1
63 28 228.999954224 1
63 28 229.000808716 1
63 28 229.396850586 1
63 28 229.618637085 1
63 28 230.350112915 1
63 28 230.352981567 1
63 28 230.996200562 1
63 28 231.503295898 1
63 28 231.761077881 1
63 28 232.249450684 1
63 28 232.281982422 1
63 28 232.428070068 1
63 28 233.026229858 1
63 28 233.652252197 1
63 28 234.135528564 1
63 28 234.355895996 1
63 28 235.660125732 1
63 28 236.141067505 1
63 28 236.449249268 1
63 28 237.305984497 1
63 28 237.330963135 1
63 28 238.436645508 1
63 28 239.263839722 1
63 28 239.666793823 1
63 28 240.309112549 1
63 28 240.348052979 1
63 28 241.778594971 1
63 28 242.517028809 1
63 28 242.724349976 1
63 28 243.475326538 1
63 28 244.007629395 1
63 28 244.825897217 1
63 28 244.847488403 1
63 28 245.866790771 1
63 28 246.18270874 1
63 28 246.194854736 1
63 28 246.289276123 1
63 28 246.4190979 1
63 28 248.143951416 1
63 28 248.75390625 1
63 28 248.813293457 1
63 28 249.700485229 1
63 28 250.076751709 1
63 28 250.403045654 1
63 28 250.734832764 1
63 28 250.83505249 1
63 28 251.531723022 1
63 28 254.486938477 1
63 28 255.443450928 1
63 28 255.535003662 1
63 28 255.730789185 1
63 28 257.428833008 1
63 28 257.506286621 1
63 28 258.65512085 1
63 28 258.82824707 1
63 28 259.002563477 1
63 28 259.32510376 1
63 28 259.73614502 1
63 28 259.807189941 1
63 28 260.327575684 1
63 28 260.784606934 1
63 28 262.479614258 1
63 28 262.83392334 1
63 28 263.15725708 1
63 28 264.509155273 1
63 28 265.353759766 1
63 28 265.518096924 1
63 28 266.567108154 1
63 28 270.055114746 1
63 28 270.133514404 1
63 28 270.199615479 1
63 28 271.884765625 1
63 28 272.850097656 1
63 28 273.651153564 1
63 28 273.666320801 1
63 28 273.715820312 1
63 28 273.917633057 1
63 28 274.95715332 1
63 28 275.202545166 1
63 28 276.599761963 1
63 28 278.082641602 1
63 28 279.293395996 1
63 28 279.802490234 1
63 28 287.214874268 1
63 28 288.136230469 1
63 28 288.93069458 1
63 28 289.295684814 1
63 28 289.741699219 1
63 28 289.866394043 1
63 28 289.965545654 1
63 28 291.565002441 1
63 28 291.638702393 1
63 28 292.34765625 1
63 28 292.801452637 1
63 28 293.27557373 1
63 28 293.59085083 1
63 28 295.678466797 1
63 28 296.073791504 1
63 28 297.701843262 1
63 28 299.067932129 1
63 28 302.262145996 1
63 28 303.489135742 1
63 28 306.547210693 1
63 28 306.936096191 1
63 28 307.465759277 1
63 28 307.902252197 1
63 28 307.996765137 1
63 28 311.075073242 1
63 28 312.009033203 1
63 28 313.58694458 1
63 28 314.303619385 1
63 28 315.177886963 1
63 28 316.686767578 1
63 28 317.140808105 1
63 28 319.8409729 1
63 28 320.650787354 1
63 28 322.91986084 1
63 28 323.012084961 1
63 28 329.603759766 1
63 28 330.106445312 1
63 28 330.53302002 1
63 28 331.113098145 1
63 28 331.801391602 1
63 28 332.015472412 1
63 28 334.319549561 1
63 28 334.679321289 1
63 28 335.811981201 1
63 28 349.546112061 1
63 28 350.325714111 1
63 28 355.480560303 1
63 28 355.602294922 1
63 28 358.943328857 1
63 28 360.022155762 1
63 28 363.117156982 1
63 28 364.67010498 1
63 28 368.284759521 1
63 28 374.702911377 1
63 28 375.428192139 1
63 28 376.047241211 1
63 28 383.389801025 1
63 28 384.721679688 1
63 28 385.08026123 1
63 28 385.57119751 1
63 28 387.577484131 1
63 28 395.524658203 1
63 28 400.628509521 1
63 28 400.981292725 1
63 28 404.679656982 1
63 28 405.075622559 1
63 28 414.458129883 1
63 28 419.218597412 1
63 28 421.488830566 1
63 28 421.756378174 1
63 28 423.339416504 1
63 28 424.429870605 1
63 28 426.75579834 1
63 28 427.987365723 1
63 28 431.386688232 1
63 28 437.225463867 1
63 28 437.79788208 1
63 28 445.346405029 1
63 28 453.047454834 1
63 28 458.520935059 1
63 28 462.718841553 1
63 28 468.019104004 1
63 28 469.855010986 1
63 28 473.257904053 1
63 28 478.499542236 1
63 28 497.434326172 1
63 28 501.077697754 1
63 28 502.410583496 1
63 28 505.611450195 1
63 28 532.132873535 1
63 28 538.460083008 1
63 28 548.049560547 1
63 28 548.518005371 1
63 28 550.329650879 1
63 28 561.84552002 1
63 28 576.386779785 1
63 28 583.793823242 1
63 28 585.995239258 1
63 28 586.352783203 1
63 28 608.44732666 1
63 28 619.280090332 1
63 28 619.931091309 1
63 28 622.041687012 1
63 28 635.397033691 1
63 28 636.440185547 1
63 28 712.507629395 1
63 28 733.401794434 1
63 28 753.058044434 1
63 28 754.339111328 1
63 28 764.403381348 1
63 28 765.303955078 1
63 28 832.360229492 1
63 28 838.958007812 1
63 28 937.586853027 1
63 28 968.302185059 1
63 28 968.443237305 1
63 28 1006.90118408 1
63 28 1018.77539062 1
63 28 1040.28234863 1
63 28 1046.85681152 1
63 28 1076.6517334 1
63 28 1094.21948242 1
63 28 1150.1940918 1
63 28 1184.29077148 1
63 28 1220.69763184 1
63 28 1481.26147461 1
63 28 1636.92199707 1
63 29 86.7894363403 1
63 29 87.0386962891 1
63 29 87.2763595581 1
63 29 88.2387313843 1
63 29 88.8149795532 1
63 29 88.9786300659 1
63 29 89.5461196899 1
63 29 89.7269744873 1
63 29 90.6721572876 1
63 29 91.2399978638 1
63 29 91.5717544556 1
63 29 91.6683349609 1
63 29 92.1711807251 1
63 29 94.3326568604 1
63 29 94.4679946899 1
63 29 95.1993331909 1
63 29 95.6340637207 1
63 29 96.0425415039 1
63 29 96.2640991211 1
63 29 97.3485717773 1
63 29 97.9651107788 1
63 29 97.9946594238 1
63 29 98.5863494873 1
63 29 99.8941726685 1
63 29 99.9624557495 1
63 29 101.376152039 1
63 29 101.384933472 1
63 29 101.50818634 1
63 29 101.913726807 1
63 29 102.002471924 1
63 29 102.097259521 1
63 29 102.415374756 1
63 29 102.616249084 1
63 29 102.68699646 1
63 29 103.596595764 1
63 29 104.107337952 1
63 29 104.221252441 1
63 29 104.461257935 1
63 29 104.912155151 1
63 29 105.404830933 1
63 29 105.772750854 1
63 29 105.775505066 1
63 29 106.02620697 1
63 29 106.039848328 1
63 29 107.272064209 1
63 29 107.54990387 1
63 29 107.625602722 1
63 29 108.364936829 1
63 29 108.565689087 1
63 29 108.712738037 1
63 29 109.240524292 1
63 29 109.647514343 1
63 29 109.74243927 1
63 29 109.856971741 1
63 29 110.10723114 1
63 29 110.441055298 1
63 29 110.743606567 1
63 29 110.844802856 1
63 29 111.277992249 1
63 29 111.395057678 1
63 29 111.617027283 1
63 29 112.045021057 1
63 29 112.115097046 1
63 29 112.350036621 1
63 29 112.97303772 1
63 29 113.240859985 1
63 29 113.340873718 1
63 29 113.668212891 1
63 29 113.899841309 1
63 29 114.588790894 1
63 29 114.718559265 1
63 29 115.247169495 1
63 29 115.30393219 1
63 29 115.597175598 1
63 29 115.736381531 1
63 29 115.882919312 1
63 29 116.08152771 1
63 29 116.152961731 1
63 29 116.844467163 1
63 29 117.904594421 1
63 29 118.460334778 1
63 29 118.695472717 1
63 29 118.931518555 1
63 29 119.197639465 1
63 29 119.595863342 1
63 29 119.669166565 1
63 29 120.397994995 1
63 29 120.644874573 1
63 29 120.724822998 1
63 29 120.727180481 1
63 29 121.289207458 1
63 29 121.664604187 1
63 29 121.792251587 1
63 29 121.79838562 1
63 29 122.403755188 1
63 29 122.878768921 1
63 29 123.638221741 1
63 29 124.247039795 1
63 29 124.425682068 1
63 29 124.468231201 1
63 29 124.856735229 1
63 29 124.879341125 1
63 29 125.056053162 1
63 29 125.274665833 1
63 29 125.422317505 1
63 29 125.524276733 1
63 29 125.64805603 1
63 29 126.044204712 1
63 29 126.269172668 1
63 29 126.471557617 1
63 29 126.537078857 1
63 29 126.57774353 1
63 29 126.622711182 1
63 29 126.697418213 1
63 29 126.761314392 1
63 29 126.83821106 1
63 29 127.00302887 1
63 29 127.165184021 1
63 29 127.510818481 1
63 29 127.706176758 1
63 29 127.943847656 1
63 29 127.954742432 1
63 29 128.071655273 1
63 29 128.171966553 1
63 29 128.241119385 1
63 29 128.32359314 1
63 29 128.443954468 1
63 29 128.500656128 1
63 29 128.554244995 1
63 29 128.588272095 1
63 29 128.709579468 1
63 29 128.915390015 1
63 29 129.167724609 1
63 29 129.226119995 1
63 29 129.291320801 1
63 29 129.535415649 1
63 29 129.78503418 1
63 29 130.25 1
63 29 130.44670105 1
63 29 130.699203491 1
63 29 130.701705933 1
63 29 130.81628418 1
63 29 130.895721436 1
63 29 131.051452637 1
63 29 131.108901978 1
63 29 131.376815796 1
63 29 131.625808716 1
63 29 131.695419312 1
63 29 131.780731201 1
63 29 131.877807617 1
63 29 132.351455688 1
63 29 132.460891724 1
63 29 132.669342041 1
63 29 132.813049316 1
63 29 132.861541748 1
63 29 133.028991699 1
63 29 133.069549561 1
63 29 133.131698608 1
63 29 133.145736694 1
63 29 133.184951782 1
63 29 133.223983765 1
63 29 133.280960083 1
63 29 133.292388916 1
63 29 133.438674927 1
63 29 133.457183838 1
63 29 133.839080811 1
63 29 134.891921997 1
63 29 134.999771118 1
63 29 135.728744507 1
63 29 135.805541992 1
63 29 136.019378662 1
63 29 136.089019775 1
63 29 136.187698364 1
63 29 137.219696045 1
63 29 137.431854248 1
63 29 137.454650879 1
63 29 137.62928772 1
63 29 137.887451172 1
63 29 138.278503418 1
63 29 138.773269653 1
63 29 138.866394043 1
63 29 139.001953125 1
63 29 139.200592041 1
63 29 139.260726929 1
63 29 139.644317627 1
63 29 139.752365112 1
63 29 139.916030884 1
63 29 140.362564087 1
63 29 140.407424927 1
63 29 140.597808838 1
63 29 140.656326294 1
63 29 140.868682861 1
63 29 140.912704468 1
63 29 141.216323853 1
63 29 141.333953857 1
63 29 141.431777954 1
63 29 141.676742554 1
63 29 141.828613281 1
63 29 142.384017944 1
63 29 142.506057739 1
63 29 142.885131836 1
63 29 143.040115356 1
63 29 143.097732544 1
63 29 143.479293823 1
63 29 143.58644104 1
63 29 143.707595825 1
63 29 143.748626709 1
63 29 143.793930054 1
63 29 143.795349121 1
63 29 144.050735474 1
63 29 144.357696533 1
63 29 144.519760132 1
63 29 144.678436279 1
63 29 145.449508667 1
63 29 145.515853882 1
63 29 145.517410278 1
63 29 145.528839111 1
63 29 145.556716919 1
63 29 145.697174072 1
63 29 145.832397461 1
63 29 145.844467163 1
63 29 145.920928955 1
63 29 146.387771606 1
63 29 146.409591675 1
63 29 146.444580078 1
63 29 146.972793579 1
63 29 147.025741577 1
63 29 147.184738159 1
63 29 147.227935791 1
63 29 147.767379761 1
63 29 147.786697388 1
63 29 147.893783569 1
63 29 147.935653687 1
63 29 148.033889771 1
63 29 148.208129883 1
63 29 148.287139893 1
63 29 148.945526123 1
63 29 149.300430298 1
63 29 149.335830688 1
63 29 149.428039551 1
63 29 149.475967407 1
63 29 149.53817749 1
63 29 149.645889282 1
63 29 150.430480957 1
63 29 150.818328857 1
63 29 150.831283569 1
63 29 150.837142944 1
63 29 150.843902588 1
63 29 150.858200073 1
63 29 151.277816772 1
63 29 151.33883667 1
63 29 151.369598389 1
63 29 151.633529663 1
63 29 151.642440796 1
63 29 151.712356567 1
63 29 151.733825684 1
63 29 152.247512817 1
63 29 152.312561035 1
63 29 152.320281982 1
63 29 152.535293579 1
63 29 152.627258301 1
63 29 152.874710083 1
63 29 153.123809814 1
63 29 153.13961792 1
63 29 153.346420288 1
63 29 153.348342896 1
63 29 153.644088745 1
63 29 153.674407959 1
63 29 154.208145142 1
63 29 154.705307007 1
63 29 154.904754639 1
63 29 155.061935425 1
63 29 155.611694336 1
63 29 155.726730347 1
63 29 155.796386719 1
63 29 155.818862915 1
63 29 155.831481934 1
63 29 155.991409302 1
63 29 156.299224854 1
63 29 156.344970703 1
63 29 156.71244812 1
63 29 156.756088257 1
63 29 157.001144409 1
63 29 157.744262695 1
63 29 157.997131348 1
63 29 158.004547119 1
63 29 158.43661499 1
63 29 158.659881592 1
63 29 158.684936523 1
63 29 158.726486206 1
63 29 158.728683472 1
63 29 158.797485352 1
63 29 159.320251465 1
63 29 159.900512695 1
63 29 160.180389404 1
63 29 160.340515137 1
63 29 160.383880615 1
63 29 160.42578125 1
63 29 160.488204956 1
63 29 160.692550659 1
63 29 160.71711731 1
63 29 160.835494995 1
63 29 161.391952515 1
63 29 161.411880493 1
63 29 161.430862427 1
63 29 161.548583984 1
63 29 161.659255981 1
63 29 162.036392212 1
63 29 162.268112183 1
63 29 162.295822144 1
63 29 162.325500488 1
63 29 162.941665649 1
63 29 163.205871582 1
63 29 163.296737671 1
63 29 163.363800049 1
63 29 163.503555298 1
63 29 163.71395874 1
63 29 164.078903198 1
63 29 164.508087158 1
63 29 165.114334106 1
63 29 165.516998291 1
63 29 165.581558228 1
63 29 165.690536499 1
63 29 165.854507446 1
63 29 165.878631592 1
63 29 166.043365479 1
63 29 166.365386963 1
63 29 166.382385254 1
63 29 166.423995972 1
63 29 166.629379272 1
63 29 166.681991577 1
63 29 166.830810547 1
63 29 166.9453125 1
63 29 167.053512573 1
63 29 167.181915283 1
63 29 167.245666504 1
63 29 167.325866699 1
63 29 167.908233643 1
63 29 168.008071899 1
63 29 168.038818359 1
63 29 168.116134644 1
63 29 168.14515686 1
63 29 168.399490356 1
63 29 168.523132324 1
63 29 168.754013062 1
63 29 168.870330811 1
63 29 168.898208618 1
63 29 168.900817871 1
63 29 168.95135498 1
63 29 169.077072144 1
63 29 169.150863647 1
63 29 169.323669434 1
63 29 169.74961853 1
63 29 169.928909302 1
63 29 170.292892456 1
63 29 170.635375977 1
63 29 171.141555786 1
63 29 171.427352905 1
63 29 171.513565063 1
63 29 171.78163147 1
63 29 171.956298828 1
63 29 172.0597229 1
63 29 172.801940918 1
63 29 172.93359375 1
63 29 173.479751587 1
63 29 173.583724976 1
63 29 173.663818359 1
63 29 173.978927612 1
63 29 174.779785156 1
63 29 175.251052856 1
63 29 175.692657471 1
63 29 176.249359131 1
63 29 176.257598877 1
63 29 177.067428589 1
63 29 177.395385742 1
63 29 178.450866699 1
63 29 178.656539917 1
63 29 179.586395264 1
63 29 180.052078247 1
63 29 180.129043579 1
63 29 180.449905396 1
63 29 180.723175049 1
63 29 180.744049072 1
63 29 180.981918335 1
63 29 181.329345703 1
63 29 181.489318848 1
63 29 182.16557312 1
63 29 182.498321533 1
63 29 182.785568237 1
63 29 182.868331909 1
63 29 183.845001221 1
63 29 184.54927063 1
63 29 184.655197144 1
63 29 184.672729492 1
63 29 185.549484253 1
63 29 187.500198364 1
63 29 187.555374146 1
63 29 188.31350708 1
63 29 188.51751709 1
63 29 189.850494385 1
63 29 189.892410278 1
63 29 190.212249756 1
63 29 190.564208984 1
63 29 190.980865479 1
63 29 191.952133179 1
63 29 192.373153687 1
63 29 192.593551636 1
63 29 193.005844116 1
63 29 193.474441528 1
63 29 193.559356689 1
63 29 194.030090332 1
63 29 194.371673584 1
63 29 194.584915161 1
63 29 194.914810181 1
63 29 194.944778442 1
63 29 195.190139771 1
63 29 195.457305908 1
63 29 196.727615356 1
63 29 196.744506836 1
63 29 197.176223755 1
63 29 198.047836304 1
63 29 198.210754395 1
63 29 198.696716309 1
63 29 199.031539917 1
63 29 199.290054321 1
63 29 199.360549927 1
63 29 199.632461548 1
63 29 199.767807007 1
63 29 200.801956177 1
63 29 201.690490723 1
63 29 201.696517944 1
63 29 202.0496521 1
63 29 202.639328003 1
63 29 203.059860229 1
63 29 206.354934692 1
63 29 206.463058472 1
63 29 206.503372192 1
63 29 206.842315674 1
63 29 207.532165527 1
63 29 208.30569458 1
63 29 209.270141602 1
63 29 209.850524902 1
63 29 210.165054321 1
63 29 210.377609253 1
63 29 210.46156311 1
63 29 211.274795532 1
63 29 211.872695923 1
63 29 212.182235718 1
63 29 213.654205322 1
63 29 214.61315918 1
63 29 215.012542725 1
63 29 215.203811646 1
63 29 216.349884033 1
63 29 216.980392456 1
63 29 217.326568604 1
63 29 218.548187256 1
63 29 218.904830933 1
63 29 219.506668091 1
63 29 221.70526123 1
63 29 222.015518188 1
63 29 222.26940918 1
63 29 222.645401001 1
63 29 224.470062256 1
63 29 224.91053772 1
63 29 225.151641846 1
63 29 225.316177368 1
63 29 225.929107666 1
63 29 226.530639648 1
63 29 226.615325928 1
63 29 226.823745728 1
63 29 227.662368774 1
63 29 228.467178345 1
63 29 229.763900757 1
63 29 230.257797241 1
63 29 230.512191772 1
63 29 230.92729187 1
63 29 232.372741699 1
63 29 234.615158081 1
63 29 235.106994629 1
63 29 235.18598938 1
63 29 235.779754639 1
63 29 235.793746948 1
63 29 236.11378479 1
63 29 236.6746521 1
63 29 236.894561768 1
63 29 237.056686401 1
63 29 238.104095459 1
63 29 238.499725342 1
63 29 241.615081787 1
63 29 241.63508606 1
63 29 242.205612183 1
63 29 243.752044678 1
63 29 247.053588867 1
63 29 249.289413452 1
63 29 249.856369019 1
63 29 249.96446228 1
63 29 252.407180786 1
63 29 252.431015015 1
63 29 255.140319824 1
63 29 256.734222412 1
63 29 256.925933838 1
63 29 256.996795654 1
63 29 262.88458252 1
63 29 263.755157471 1
63 29 264.436126709 1
63 29 264.701812744 1
63 29 267.009429932 1
63 29 270.382446289 1
63 29 270.505340576 1
63 29 272.563079834 1
63 29 272.968902588 1
63 29 273.054901123 1
63 29 273.330963135 1
63 29 274.128173828 1
63 29 274.210784912 1
63 29 275.645477295 1
63 29 276.205993652 1
63 29 280.002349854 1
63 29 281.601257324 1
63 29 282.067871094 1
63 29 284.901763916 1
63 29 287.492858887 1
63 29 287.759796143 1
63 29 290.184356689 1
63 29 290.230377197 1
63 29 291.747589111 1
63 29 294.758117676 1
63 29 295.852050781 1
63 29 297.661010742 1
63 29 298.74697876 1
63 29 299.903747559 1
63 29 301.411499023 1
63 29 304.425231934 1
63 29 304.995361328 1
63 29 306.36126709 1
63 29 306.915649414 1
63 29 308.482727051 1
63 29 308.949035645 1
63 29 311.423217773 1
63 29 311.778839111 1
63 29 319.339904785 1
63 29 320.280029297 1
63 29 320.563964844 1
63 29 321.460845947 1
63 29 322.572967529 1
63 29 325.505706787 1
63 29 327.004882812 1
63 29 327.669708252 1
63 29 329.537963867 1
63 29 330.287628174 1
63 29 331.624572754 1
63 29 334.386230469 1
63 29 338.574798584 1
63 29 340.662811279 1
63 29 345.207611084 1
63 29 346.71182251 1
63 29 349.378112793 1
63 29 350.362762451 1
63 29 352.935668945 1
63 29 356.51473999 1
63 29 356.63961792 1
63 29 364.487243652 1
63 29 365.06161499 1
63 29 367.781951904 1
63 29 376.323760986 1
63 29 377.479980469 1
63 29 381.150848389 1
63 29 387.433959961 1
63 29 396.34765625 1
63 29 403.36038208 1
63 29 404.658843994 1
63 29 409.997131348 1
63 29 410.988128662 1
63 29 412.240936279 1
63 29 413.674285889 1
63 29 417.871063232 1
63 29 436.859039307 1
63 29 439.382385254 1
63 29 455.29284668 1
63 29 466.79675293 1
63 29 467.587249756 1
63 29 481.215270996 1
63 29 490.421051025 1
63 29 492.262481689 1
63 29 492.503814697 1
63 29 496.932617188 1
63 29 497.152740479 1
63 29 500.554595947 1
63 29 502.559265137 1
63 29 521.051025391 1
63 29 524.518127441 1
63 29 525.654968262 1
63 29 533.986206055 1
63 29 535.573547363 1
63 29 541.065856934 1
63 29 545.967834473 1
63 29 549.718688965 1
63 29 550.613708496 1
63 29 553.953308105 1
63 29 576.288024902 1
63 29 584.551452637 1
63 29 590.037841797 1
63 29 597.366821289 1
63 29 612.268371582 1
63 29 628.252197266 1
63 29 635.263122559 1
63 29 645.713623047 1
63 29 654.256713867 1
63 29 685.395141602 1
63 29 687.423706055 1
63 29 701.16204834 1
63 29 728.809692383 1
63 29 752.004821777 1
63 29 776.963928223 1
63 29 802.437744141 1
63 29 819.078735352 1
63 29 840.113525391 1
63 29 840.584655762 1
63 29 847.864929199 1
63 29 852.197631836 1
63 29 883.422546387 1
63 29 908.751281738 1
63 29 935.815551758 1
63 29 979.746704102 1
63 29 1001.34179688 1
63 29 1016.09716797 1
63 29 1027.97595215 1
63 29 1032.73278809 1
63 29 1063.48693848 1
63 29 1083.48864746 1
63 29 1179.12414551 1
63 29 1476.14489746 1
63 29 1565.61279297 1
63 29 1742.59924316 1
63 29 2372.54321289 1
63 31 95.6922149658 1
63 31 95.8811950684 1
63 31 99.4672470093 1
63 31 102.693321228 1
63 31 103.085250854 1
63 31 104.128692627 1
63 31 105.165275574 1
63 31 106.240203857 1
63 31 106.674446106 1
63 31 107.361076355 1
63 31 107.371437073 1
63 31 107.980812073 1
63 31 109.07800293 1
63 31 109.565231323 1
63 31 109.920783997 1
63 31 110.012832642 1
63 31 110.082443237 1
63 31 110.404556274 1
63 31 110.514778137 1
63 31 111.132400513 1
63 31 111.379356384 1
63 31 111.445289612 1
63 31 111.462501526 1
63 31 111.574981689 1
63 31 111.928108215 1
63 31 111.993331909 1
63 31 112.089385986 1
63 31 112.159355164 1
63 31 112.614654541 1
63 31 113.335464478 1
63 31 113.702796936 1
63 31 113.974487305 1
63 31 114.152275085 1
63 31 114.69077301 1
63 31 114.76461792 1
63 31 114.869407654 1
63 31 114.902793884 1
63 31 114.990638733 1
63 31 115.10521698 1
63 31 115.294464111 1
63 31 115.352218628 1
63 31 115.625205994 1
63 31 115.769088745 1
63 31 115.936042786 1
63 31 116.11365509 1
63 31 116.130218506 1
63 31 116.200088501 1
63 31 116.297683716 1
63 31 116.466346741 1
63 31 116.495933533 1
63 31 116.532569885 1
63 31 117.106521606 1
63 31 117.199295044 1
63 31 117.405982971 1
63 31 117.600341797 1
63 31 117.921554565 1
63 31 118.116424561 1
63 31 118.144096375 1
63 31 118.270370483 1
63 31 118.42098999 1
63 31 119.258926392 1
63 31 119.282951355 1
63 31 119.404380798 1
63 31 120.039611816 1
63 31 120.199371338 1
63 31 120.237625122 1
63 31 120.314163208 1
63 31 120.404800415 1
63 31 121.210975647 1
63 31 121.470817566 1
63 31 121.498413086 1
63 31 121.559196472 1
63 31 121.697776794 1
63 31 122.037796021 1
63 31 122.062660217 1
63 31 122.296653748 1
63 31 122.596641541 1
63 31 122.686088562 1
63 31 122.86100769 1
63 31 122.887626648 1
63 31 122.942749023 1
63 31 122.976043701 1
63 31 123.138496399 1
63 31 123.451805115 1
63 31 123.706809998 1
63 31 124.471687317 1
63 31 124.885993958 1
63 31 124.972244263 1
63 31 125.569335938 1
63 31 125.76272583 1
63 31 125.98639679 1
63 31 126.036338806 1
63 31 126.324928284 1
63 31 126.503440857 1
63 31 127.549232483 1
63 31 127.694343567 1
63 31 128.364364624 1
63 31 128.396392822 1
63 31 128.416137695 1
63 31 128.493560791 1
63 31 128.556274414 1
63 31 129.086013794 1
63 31 129.252380371 1
63 31 129.264038086 1
63 31 129.285247803 1
63 31 130.007263184 1
63 31 130.052581787 1
63 31 130.570709229 1
63 31 130.609771729 1
63 31 131.090698242 1
63 31 131.107055664 1
63 31 131.133163452 1
63 31 131.599060059 1
63 31 131.749359131 1
63 31 132.178649902 1
63 31 132.209991455 1
63 31 132.319076538 1
63 31 132.337219238 1
63 31 132.566574097 1
63 31 132.624176025 1
63 31 133.231719971 1
63 31 133.303375244 1
63 31 133.340164185 1
63 31 133.445587158 1
63 31 133.532485962 1
63 31 133.617752075 1
63 31 133.680389404 1
63 31 134.05947876 1
63 31 134.137680054 1
63 31 134.140563965 1
63 31 134.391998291 1
63 31 134.464492798 1
63 31 134.777038574 1
63 31 134.967910767 1
63 31 134.993347168 1
63 31 135.207855225 1
63 31 135.434967041 1
63 31 135.648086548 1
63 31 135.689743042 1
63 31 135.777511597 1
63 31 135.787322998 1
63 31 136.136810303 1
63 31 136.335281372 1
63 31 136.423828125 1
63 31 136.5259552 1
63 31 136.671081543 1
63 31 136.877304077 1
63 31 137.263778687 1
63 31 137.389450073 1
63 31 137.445266724 1
63 31 137.451828003 1
63 31 137.460876465 1
63 31 137.537155151 1
63 31 137.618255615 1
63 31 137.884277344 1
63 31 137.924880981 1
63 31 138.724853516 1
63 31 138.868972778 1
63 31 138.873672485 1
63 31 138.93296814 1
63 31 139.191726685 1
63 31 139.40562439 1
63 31 139.686645508 1
63 31 139.789962769 1
63 31 140.102615356 1
63 31 140.170471191 1
63 31 140.39440918 1
63 31 140.597076416 1
63 31 140.602310181 1
63 31 140.673568726 1
63 31 141.176589966 1
63 31 141.242782593 1
63 31 141.293518066 1
63 31 141.51348877 1
63 31 141.541915894 1
63 31 141.591659546 1
63 31 142.234268188 1
63 31 142.375823975 1
63 31 142.834655762 1
63 31 143.112365723 1
63 31 143.21282959 1
63 31 143.264511108 1
63 31 143.376251221 1
63 31 143.418624878 1
63 31 143.697631836 1
63 31 143.836959839 1
63 31 144.170822144 1
63 31 144.257904053 1
63 31 144.34211731 1
63 31 144.465179443 1
63 31 144.524139404 1
63 31 144.548797607 1
63 31 144.761047363 1
63 31 144.77432251 1
63 31 144.850341797 1
63 31 145.281173706 1
63 31 145.489486694 1
63 31 145.574676514 1
63 31 145.851379395 1
63 31 146.010528564 1
63 31 146.015426636 1
63 31 146.134750366 1
63 31 146.249694824 1
63 31 146.292297363 1
63 31 146.909805298 1
63 31 147.187362671 1
63 31 147.304107666 1
63 31 147.734924316 1
63 31 147.878448486 1
63 31 148.15763855 1
63 31 148.328903198 1
63 31 148.41116333 1
63 31 148.667037964 1
63 31 148.760299683 1
63 31 148.860076904 1
63 31 148.878067017 1
63 31 148.904556274 1
63 31 149.071563721 1
63 31 149.092346191 1
63 31 149.15057373 1
63 31 149.693267822 1
63 31 149.94909668 1
63 31 150.259185791 1
63 31 150.404144287 1
63 31 150.953292847 1
63 31 151.316833496 1
63 31 151.520202637 1
63 31 151.796554565 1
63 31 151.934417725 1
63 31 151.963500977 1
63 31 152.185287476 1
63 31 152.629302979 1
63 31 152.883071899 1
63 31 152.994857788 1
63 31 152.998626709 1
63 31 153.101882935 1
63 31 153.26348877 1
63 31 153.498291016 1
63 31 153.544174194 1
63 31 153.772155762 1
63 31 153.799972534 1
63 31 153.818984985 1
63 31 153.96913147 1
63 31 153.984710693 1
63 31 153.995101929 1
63 31 154.108108521 1
63 31 154.138000488 1
63 31 154.179977417 1
63 31 154.229797363 1
63 31 154.412322998 1
63 31 154.816635132 1
63 31 155.017837524 1
63 31 155.093978882 1
63 31 155.357345581 1
63 31 155.395553589 1
63 31 155.58265686 1
63 31 155.667419434 1
63 31 155.779388428 1
63 31 155.981735229 1
63 31 156.057281494 1
63 31 156.194702148 1
63 31 156.283432007 1
63 31 156.523712158 1
63 31 156.593673706 1
63 31 156.642730713 1
63 31 156.967498779 1
63 31 156.989990234 1
63 31 157.019561768 1
63 31 157.071105957 1
63 31 157.204910278 1
63 31 158.172424316 1
63 31 158.332717896 1
63 31 158.364624023 1
63 31 158.547439575 1
63 31 158.587203979 1
63 31 158.918289185 1
63 31 159.245880127 1
63 31 159.261703491 1
63 31 159.337783813 1
63 31 159.511047363 1
63 31 159.562164307 1
63 31 159.764556885 1
63 31 160.354187012 1
63 31 160.485305786 1
63 31 160.670944214 1
63 31 161.058654785 1
63 31 161.093704224 1
63 31 161.129013062 1
63 31 161.172103882 1
63 31 161.357894897 1
63 31 161.551300049 1
63 31 161.575332642 1
63 31 161.591217041 1
63 31 161.605880737 1
63 31 162.307785034 1
63 31 162.440811157 1
63 31 162.489273071 1
63 31 162.623947144 1
63 31 162.877090454 1
63 31 162.880020142 1
63 31 163.134109497 1
63 31 163.27305603 1
63 31 163.315078735 1
63 31 163.665237427 1
63 31 163.764877319 1
63 31 163.888702393 1
63 31 163.922988892 1
63 31 164.199081421 1
63 31 164.281204224 1
63 31 165.0128479 1
63 31 165.334197998 1
63 31 165.575439453 1
63 31 165.778778076 1
63 31 166.033355713 1
63 31 166.197113037 1
63 31 166.205352783 1
63 31 166.418457031 1
63 31 166.795669556 1
63 31 166.800689697 1
63 31 166.874450684 1
63 31 167.024536133 1
63 31 167.284057617 1
63 31 167.700714111 1
63 31 167.749984741 1
63 31 168.350997925 1
63 31 168.416778564 1
63 31 168.588699341 1
63 31 168.682342529 1
63 31 169.076950073 1
63 31 169.120147705 1
63 31 169.158325195 1
63 31 169.255249023 1
63 31 169.365859985 1
63 31 169.741424561 1
63 31 170.08795166 1
63 31 170.11555481 1
63 31 170.16960144 1
63 31 170.369430542 1
63 31 170.534805298 1
63 31 170.579086304 1
63 31 170.932937622 1
63 31 171.031036377 1
63 31 171.092453003 1
63 31 171.304321289 1
63 31 171.377120972 1
63 31 171.474151611 1
63 31 171.500595093 1
63 31 171.650283813 1
63 31 171.725357056 1
63 31 171.882797241 1
63 31 171.940216064 1
63 31 171.982788086 1
63 31 172.052307129 1
63 31 172.563369751 1
63 31 172.616256714 1
63 31 172.862243652 1
63 31 173.495071411 1
63 31 173.566314697 1
63 31 173.865310669 1
63 31 174.382049561 1
63 31 174.457473755 1
63 31 174.495666504 1
63 31 174.611694336 1
63 31 174.791671753 1
63 31 174.87840271 1
63 31 175.434143066 1
63 31 175.480728149 1
63 31 175.626205444 1
63 31 175.908859253 1
63 31 176.199493408 1
63 31 176.398986816 1
63 31 176.88482666 1
63 31 176.923553467 1
63 31 177.094345093 1
63 31 177.098815918 1
63 31 177.253616333 1
63 31 177.385787964 1
63 31 177.815170288 1
63 31 178.182220459 1
63 31 178.251739502 1
63 31 178.259002686 1
63 31 178.300643921 1
63 31 178.418579102 1
63 31 178.573974609 1
63 31 178.8487854 1
63 31 178.959655762 1
63 31 179.147186279 1
63 31 179.418334961 1
63 31 179.422958374 1
63 31 179.433319092 1
63 31 179.73399353 1
63 31 180.166564941 1
63 31 180.182815552 1
63 31 180.940261841 1
63 31 181.087295532 1
63 31 181.097473145 1
63 31 181.336486816 1
63 31 181.403717041 1
63 31 181.622940063 1
63 31 181.942672729 1
63 31 182.487747192 1
63 31 182.561630249 1
63 31 183.225143433 1
63 31 183.268936157 1
63 31 183.671264648 1
63 31 183.695739746 1
63 31 183.820648193 1
63 31 184.156219482 1
63 31 184.421035767 1
63 31 184.557723999 1
63 31 185.415496826 1
63 31 185.619232178 1
63 31 186.000030518 1
63 31 186.496948242 1
63 31 186.59564209 1
63 31 187.96585083 1
63 31 188.43019104 1
63 31 188.550476074 1
63 31 189.114517212 1
63 31 189.304489136 1
63 31 189.456069946 1
63 31 189.888336182 1
63 31 189.900222778 1
63 31 190.469146729 1
63 31 190.707427979 1
63 31 191.097824097 1
63 31 191.381973267 1
63 31 191.423812866 1
63 31 191.656982422 1
63 31 191.911560059 1
63 31 192.250717163 1
63 31 192.289260864 1
63 31 192.381958008 1
63 31 192.395584106 1
63 31 192.728500366 1
63 31 193.243362427 1
63 31 193.529266357 1
63 31 193.73526001 1
63 31 193.761199951 1
63 31 193.869750977 1
63 31 194.586700439 1
63 31 194.755279541 1
63 31 194.837432861 1
63 31 195.233718872 1
63 31 195.752807617 1
63 31 195.779312134 1
63 31 196.036239624 1
63 31 196.097427368 1
63 31 196.745010376 1
63 31 196.84413147 1
63 31 197.707565308 1
63 31 197.872772217 1
63 31 198.582809448 1
63 31 199.128387451 1
63 31 199.24055481 1
63 31 199.342147827 1
63 31 199.615859985 1
63 31 199.912017822 1
63 31 200.581390381 1
63 31 201.01423645 1
63 31 201.995071411 1
63 31 202.785491943 1
63 31 202.979751587 1
63 31 203.811584473 1
63 31 203.899917603 1
63 31 204.108016968 1
63 31 204.178268433 1
63 31 204.19934082 1
63 31 204.480133057 1
63 31 204.74647522 1
63 31 204.996627808 1
63 31 206.026855469 1
63 31 206.288879395 1
63 31 206.657989502 1
63 31 206.666427612 1
63 31 206.859420776 1
63 31 207.065246582 1
63 31 207.487762451 1
63 31 207.816131592 1
63 31 208.588562012 1
63 31 209.270385742 1
63 31 209.707244873 1
63 31 210.601486206 1
63 31 210.706604004 1
63 31 210.941864014 1
63 31 211.022445679 1
63 31 211.045959473 1
63 31 212.106033325 1
63 31 212.267471313 1
63 31 212.301071167 1
63 31 212.441711426 1
63 31 212.524658203 1
63 31 213.403198242 1
63 31 214.807922363 1
63 31 215.155395508 1
63 31 215.71937561 1
63 31 217.012054443 1
63 31 218.73298645 1
63 31 218.871231079 1
63 31 218.999603271 1
63 31 222.921478271 1
63 31 224.276855469 1
63 31 224.715179443 1
63 31 224.75553894 1
63 31 224.875793457 1
63 31 225.289154053 1
63 31 225.909820557 1
63 31 226.449493408 1
63 31 226.922317505 1
63 31 227.183242798 1
63 31 227.234344482 1
63 31 227.678573608 1
63 31 227.805725098 1
63 31 227.98651123 1
63 31 228.144073486 1
63 31 228.470062256 1
63 31 228.881134033 1
63 31 228.974029541 1
63 31 228.979034424 1
63 31 229.900085449 1
63 31 230.467514038 1
63 31 230.794662476 1
63 31 231.311935425 1
63 31 231.489135742 1
63 31 232.321121216 1
63 31 232.777130127 1
63 31 233.073287964 1
63 31 233.167633057 1
63 31 234.361160278 1
63 31 235.875900269 1
63 31 236.427536011 1
63 31 237.408508301 1
63 31 237.696563721 1
63 31 238.474243164 1
63 31 239.81463623 1
63 31 240.778533936 1
63 31 241.526565552 1
63 31 242.49055481 1
63 31 242.59552002 1
63 31 244.257522583 1
63 31 244.509887695 1
63 31 245.126358032 1
63 31 246.560546875 1
63 31 246.611343384 1
63 31 247.653213501 1
63 31 249.921005249 1
63 31 250.611663818 1
63 31 251.459915161 1
63 31 252.645080566 1
63 31 252.723129272 1
63 31 252.855545044 1
63 31 252.873764038 1
63 31 253.403991699 1
63 31 253.628204346 1
63 31 253.873260498 1
63 31 253.892318726 1
63 31 254.501266479 1
63 31 254.577835083 1
63 31 256.153656006 1
63 31 256.731933594 1
63 31 256.842407227 1
63 31 258.1640625 1
63 31 258.354675293 1
63 31 258.452697754 1
63 31 258.486694336 1
63 31 258.546478271 1
63 31 258.841583252 1
63 31 259.734893799 1
63 31 261.148956299 1
63 31 261.443023682 1
63 31 262.977233887 1
63 31 264.945465088 1
63 31 264.966094971 1
63 31 265.227539062 1
63 31 267.337768555 1
63 31 268.549865723 1
63 31 269.141479492 1
63 31 269.735046387 1
63 31 271.543121338 1
63 31 271.966888428 1
63 31 274.009185791 1
63 31 274.917633057 1
63 31 275.307678223 1
63 31 275.443969727 1
63 31 275.674041748 1
63 31 276.00567627 1
63 31 279.197723389 1
63 31 280.002075195 1
63 31 280.390869141 1
63 31 281.783508301 1
63 31 281.945617676 1
63 31 282.220428467 1
63 31 283.304840088 1
63 31 283.369506836 1
63 31 284.20425415 1
63 31 284.518066406 1
63 31 285.016998291 1
63 31 285.711914062 1
63 31 286.774810791 1
63 31 287.026702881 1
63 31 288.128295898 1
63 31 288.289916992 1
63 31 288.601135254 1
63 31 291.765472412 1
63 31 294.62991333 1
63 31 295.207092285 1
63 31 295.667358398 1
63 31 295.771240234 1
63 31 296.896697998 1
63 31 297.344329834 1
63 31 297.715789795 1
63 31 298.13381958 1
63 31 298.361114502 1
63 31 298.885406494 1
63 31 299.030792236 1
63 31 299.491394043 1
63 31 302.137207031 1
63 31 302.379608154 1
63 31 303.346008301 1
63 31 304.104919434 1
63 31 305.231933594 1
63 31 305.56439209 1
63 31 308.578643799 1
63 31 308.712768555 1
63 31 310.92980957 1
63 31 312.650482178 1
63 31 314.988555908 1
63 31 318.006103516 1
63 31 319.567474365 1
63 31 319.629852295 1
63 31 322.923950195 1
63 31 323.678192139 1
63 31 324.999511719 1
63 31 325.625030518 1
63 31 326.435424805 1
63 31 326.744506836 1
63 31 329.89755249 1
63 31 333.139373779 1
63 31 335.027954102 1
63 31 335.141662598 1
63 31 335.272460938 1
63 31 335.567779541 1
63 31 336.758880615 1
63 31 337.260803223 1
63 31 341.185638428 1
63 31 341.596099854 1
63 31 342.606109619 1
63 31 344.81854248 1
63 31 345.349273682 1
63 31 346.95513916 1
63 31 347.348052979 1
63 31 347.876495361 1
63 31 348.513793945 1
63 31 350.467895508 1
63 31 350.814208984 1
63 31 351.518371582 1
63 31 357.350616455 1
63 31 358.088470459 1
63 31 358.674591064 1
63 31 365.194122314 1
63 31 367.874206543 1
63 31 368.797241211 1
63 31 370.468170166 1
63 31 372.183807373 1
63 31 377.096862793 1
63 31 377.30758667 1
63 31 377.416107178 1
63 31 381.658294678 1
63 31 382.880584717 1
63 31 385.530181885 1
63 31 386.238616943 1
63 31 388.288299561 1
63 31 388.677490234 1
63 31 390.162414551 1
63 31 393.853881836 1
63 31 394.044525146 1
63 31 395.592987061 1
63 31 397.228637695 1
63 31 397.817962646 1
63 31 400.613494873 1
63 31 404.044464111 1
63 31 405.103149414 1
63 31 405.780700684 1
63 31 407.051727295 1
63 31 408.81539917 1
63 31 409.427246094 1
63 31 412.351196289 1
63 31 412.445709229 1
63 31 413.52230835 1
63 31 414.615325928 1
63 31 414.815216064 1
63 31 416.952056885 1
63 31 421.087402344 1
63 31 421.175842285 1
63 31 422.042724609 1
63 31 423.315490723 1
63 31 423.967102051 1
63 31 428.596160889 1
63 31 429.473236084 1
63 31 436.045898438 1
63 31 452.15435791 1
63 31 455.451171875 1
63 31 458.916717529 1
63 31 459.751342773 1
63 31 467.328338623 1
63 31 484.673370361 1
63 31 489.860046387 1
63 31 491.109222412 1
63 31 492.006622314 1
63 31 498.968383789 1
63 31 500.434753418 1
63 31 508.216064453 1
63 31 508.888763428 1
63 31 511.211517334 1
63 31 519.589782715 1
63 31 521.560791016 1
63 31 526.672119141 1
63 31 534.957580566 1
63 31 540.39831543 1
63 31 547.265258789 1
63 31 547.824584961 1
63 31 558.30480957 1
63 31 559.569458008 1
63 31 561.94342041 1
63 31 566.974121094 1
63 31 575.267211914 1
63 31 584.700378418 1
63 31 585.998901367 1
63 31 601.041748047 1
63 31 617.157287598 1
63 31 622.355895996 1
63 31 627.851196289 1
63 31 627.981811523 1
63 31 628.461547852 1
63 31 634.942443848 1
63 31 640.141418457 1
63 31 645.198181152 1
63 31 691.52923584 1
63 31 693.507568359 1
63 31 746.354858398 1
63 31 751.031005859 1
63 31 753.70300293 1
63 31 761.356872559 1
63 31 770.682006836 1
63 31 774.604370117 1
63 31 796.567871094 1
63 31 827.680236816 1
63 31 847.105285645 1
63 31 851.227539062 1
63 31 881.958312988 1
63 31 889.672973633 1
63 31 1162.49975586 1
63 31 1589.14904785 1
63 31 2444.5690918 1
63 32 189.061584473 1
63 32 191.137176514 1
63 32 192.224487305 1
63 32 196.962768555 1
63 32 198.381607056 1
63 32 201.167236328 1
63 32 204.241424561 1
63 32 205.438491821 1
63 32 208.586151123 1
63 32 208.621246338 1
63 32 210.509429932 1
63 32 211.532821655 1
63 32 213.540496826 1
63 32 214.026412964 1
63 32 216.987808228 1
63 32 217.273849487 1
63 32 218.923599243 1
63 32 220.866760254 1
63 32 221.892349243 1
63 32 228.304733276 1
63 32 230.176071167 1
63 32 232.366653442 1
63 32 233.691635132 1
63 32 235.034133911 1
63 32 235.15977478 1
63 32 235.333892822 1
63 32 238.723587036 1
63 32 241.830169678 1
63 32 242.214187622 1
63 32 242.983688354 1
63 32 243.130096436 1
63 32 243.164550781 1
63 32 244.012863159 1
63 32 244.532302856 1
63 32 247.450805664 1
63 32 247.957519531 1
63 32 248.646453857 1
63 32 248.938278198 1
63 32 249.564819336 1
63 32 250.713897705 1
63 32 253.750991821 1
63 32 254.054458618 1
63 32 254.32824707 1
63 32 254.70413208 1
63 32 256.181762695 1
63 32 256.550018311 1
63 32 257.398712158 1
63 32 257.887939453 1
63 32 257.994049072 1
63 32 260.349822998 1
63 32 260.436950684 1
63 32 261.448486328 1
63 32 261.725128174 1
63 32 261.949676514 1
63 32 262.136688232 1
63 32 262.376251221 1
63 32 263.359924316 1
63 32 264.008056641 1
63 32 265.406280518 1
63 32 266.606750488 1
63 32 266.640228271 1
63 32 267.186706543 1
63 32 267.266784668 1
63 32 267.562103271 1
63 32 267.760986328 1
63 32 268.424194336 1
63 32 268.99597168 1
63 32 271.495117188 1
63 32 273.464996338 1
63 32 273.557891846 1
63 32 273.698547363 1
63 32 273.813049316 1
63 32 276.914672852 1
63 32 278.159362793 1
63 32 278.431945801 1
63 32 279.426116943 1
63 32 280.579833984 1
63 32 283.410949707 1
63 32 287.953674316 1
63 32 288.108978271 1
63 32 288.356170654 1
63 32 290.374542236 1
63 32 291.292236328 1
63 32 294.411071777 1
63 32 297.432434082 1
63 32 298.325012207 1
63 32 299.289764404 1
63 32 300.049621582 1
63 32 300.589538574 1
63 32 300.933532715 1
63 32 301.427093506 1
63 32 301.705444336 1
63 32 302.743286133 1
63 32 304.455932617 1
63 32 305.00201416 1
63 32 305.268920898 1
63 32 305.500579834 1
63 32 305.813873291 1
63 32 305.866699219 1
63 32 306.202331543 1
63 32 309.50100708 1
63 32 309.656036377 1
63 32 310.267578125 1
63 32 310.910705566 1
63 32 313.181976318 1
63 32 313.349487305 1
63 32 315.771850586 1
63 32 320.684417725 1
63 32 321.147125244 1
63 32 322.41809082 1
63 32 323.397827148 1
63 32 324.577667236 1
63 32 325.917510986 1
63 32 326.111419678 1
63 32 326.545196533 1
63 32 327.237731934 1
63 32 335.178253174 1
63 32 337.419708252 1
63 32 339.543945312 1
63 32 339.545257568 1
63 32 341.978790283 1
63 32 349.797821045 1
63 32 352.86315918 1
63 32 356.048400879 1
63 32 364.424865723 1
63 32 367.223175049 1
63 32 367.629058838 1
63 32 370.54095459 1
63 32 373.003540039 1
63 32 376.117919922 1
63 32 377.424224854 1
63 32 379.555755615 1
63 32 382.15133667 1
63 32 387.494537354 1
63 32 388.448516846 1
63 32 389.602722168 1
63 32 391.679718018 1
63 32 399.293273926 1
63 32 402.134735107 1
63 32 402.550018311 1
63 32 405.003540039 1
63 32 405.762359619 1
63 32 405.864349365 1
63 32 411.263183594 1
63 32 414.349487305 1
63 32 418.739959717 1
63 32 420.299957275 1
63 32 422.236846924 1
63 32 423.519226074 1
63 32 425.145111084 1
63 32 435.24911499 1
63 32 437.267150879 1
63 32 444.571563721 1
63 32 447.859619141 1
63 32 450.038909912 1
63 32 450.293365479 1
63 32 452.305664062 1
63 32 457.933959961 1
63 32 461.120452881 1
63 32 461.605072021 1
63 32 475.155029297 1
63 32 497.383209229 1
63 32 505.348907471 1
63 32 511.032897949 1
63 32 514.743835449 1
63 32 515.641540527 1
63 32 516.688781738 1
63 32 517.424438477 1
63 32 519.059387207 1
63 32 519.704772949 1
63 32 530.112182617 1
63 32 534.249084473 1
63 32 540.912231445 1
63 32 546.155944824 1
63 32 546.777404785 1
63 32 548.574279785 1
63 32 565.163574219 1
63 32 583.847595215 1
63 32 599.186035156 1
63 32 600.001220703 1
63 32 623.289367676 1
63 32 627.565856934 1
63 32 640.876159668 1
63 32 664.155029297 1
63 32 667.840759277 1
63 32 673.933837891 1
63 32 715.461975098 1
63 32 760.330688477 1
63 32 777.920166016 1
63 32 808.384399414 1
63 32 867.857299805 1
63 32 1240.18920898 1
63 32 1299.02819824 1
63 32 1982.58728027 1
63 33 333.169464111 1
63 33 335.221069336 1
63 33 351.606781006 1
63 33 365.455566406 1
63 33 369.599914551 1
63 33 372.261657715 1
63 33 378.683959961 1
63 33 382.527770996 1
63 33 390.843292236 1
63 33 391.075775146 1
63 33 393.374633789 1
63 33 402.482055664 1
63 33 422.393432617 1
63 33 425.365844727 1
63 33 427.808746338 1
63 33 445.588165283 1
63 33 456.945495605 1
63 33 483.021759033 1
63 33 495.092102051 1
63 33 513.832702637 1
63 33 552.529907227 1
63 33 585.825439453 1
63 33 601.601623535 1
63 33 617.458557129 1
63 33 677.296691895 1
63 33 743.1328125 1
63 33 882.201293945 1
63 33 1087.01342773 1
63 34 474.370300293 1
63 34 514.310241699 1
63 34 535.15020752 1
63 34 536.60534668 1
63 34 540.210998535 1
63 34 607.793212891 1
63 34 681.319946289 1
63 34 996.47076416 1
64 20 1922.6661377 1
64 24 1588.89575195 1
64 25 1728.79516602 1
64 26 1228.0213623 1
64 26 1408.59863281 1
64 27 821.080932617 1
64 27 826.284057617 1
64 27 837.16986084 1
64 27 1115.4921875 1
64 28 697.388427734 1
64 28 808.170349121 1
64 28 965.722900391 1
64 28 968.394042969 1
64 28 1121.06323242 1
64 28 1125.74768066 1
64 28 1194.06286621 1
64 28 1407.20495605 1
64 28 1519.8704834 1
64 28 1588.89611816 1
64 29 704.177612305 1
64 29 787.472717285 1
64 29 885.00970459 1
64 29 924.125244141 1
64 29 935.978942871 1
64 29 1024.36645508 1
64 29 1051.05493164 1
64 29 1102.3170166 1
64 29 1357.46984863 1
64 29 1357.73303223 1
64 29 1391.96984863 1
64 29 1712.03076172 1
64 30 675.613342285 1
64 30 679.190307617 1
64 30 775.81439209 1
64 30 776.41784668 1
64 30 790.159423828 1
64 30 881.514099121 1
64 30 1076.49243164 1
64 30 1690.76171875 1
64 31 667.374816895 1
64 31 674.300231934 1
64 31 691.827270508 1
64 31 770.529602051 1
64 31 792.594543457 1
64 31 867.471191406 1
64 31 973.939086914 1
64 31 1021.01202393 1
64 31 1440.4621582 1
64 32 662.862426758 1
64 32 1049.7253418 1
64 33 823.191772461 1
64 33 980.689697266 1
64 34 1525.24914551 1
65 26 3013.25708008 1
65 29 1595.69445801 1
65 31 1650.03967285 1
69 26 2569.39648438 1
69 28 1435.48779297 1
69 32 1567.02087402 1
70 25 894.265136719 1
70 25 1032.15576172 1
70 25 1046.8494873 1
70 25 1135.14196777 1
70 26 983.104431152 1
70 26 1104.34020996 1
70 26 1152.11120605 1
70 26 1171.21118164 1
70 27 778.419799805 1
70 27 782.605102539 1
70 27 785.265258789 1
70 27 820.34375 1
70 27 837.914672852 1
70 27 1530.71276855 1
70 27 1650.18847656 1
70 28 712.952819824 1
70 28 714.955322266 1
70 28 767.629516602 1
70 28 787.753356934 1
70 28 825.988830566 1
70 28 829.463317871 1
70 28 831.536010742 1
70 28 851.281738281 1
70 28 982.358703613 1
70 28 1051.06030273 1
70 28 1182.03833008 1
70 28 1340.92419434 1
70 28 1581.66625977 1
70 29 664.057434082 1
70 29 680.002624512 1
70 29 728.13470459 1
70 29 774.456726074 1
70 29 851.390869141 1
70 29 893.552856445 1
70 29 1075.54467773 1
70 29 1323.7800293 1
70 29 2035.49389648 1
70 30 787.988952637 1
70 30 821.609436035 1
70 30 1089.6652832 1
70 30 1102.05859375 1
70 30 1388.19909668 1
70 30 1511.08557129 1
70 30 2386.50146484 1
70 31 731.019775391 1
70 31 778.422912598 1
70 31 1071.95739746 1
70 31 2064.42651367 1
71 24 861.612487793 1
71 24 1020.00982666 1
71 24 2179.37866211 1
71 25 1187.2644043 1
71 26 851.695373535 1
71 26 965.880004883 1
71 27 709.782836914 1
71 27 731.225891113 1
71 27 815.718200684 1
71 27 832.524353027 1
71 27 841.013000488 1
71 27 875.396606445 1
71 27 879.915588379 1
71 27 1965.96069336 1
71 28 642.19519043 1
71 28 788.200134277 1
71 28 852.456542969 1
71 28 856.273681641 1
71 28 880.216369629 1
71 28 911.304138184 1
71 28 926.448242188 1
71 28 1045.06506348 1
71 28 1216.51672363 1
71 28 1315.30505371 1
71 28 1511.25964355 1
71 28 2793.5871582 1
71 29 657.713745117 1
71 29 681.557434082 1
71 29 740.617736816 1
71 29 772.849487305 1
71 29 822.0546875 1
71 29 827.551635742 1
71 29 1248.55322266 1
71 29 1517.01538086 1
71 29 1543.59130859 1
71 30 665.537658691 1
71 30 854.118530273 1
71 30 915.647766113 1
71 30 982.655578613 1
71 30 1019.21618652 1
71 30 1093.45715332 1
71 30 1240.06750488 1
71 30 1842.99291992 1
71 31 747.194274902 1
71 31 767.991760254 1
71 31 1826.66235352 1
71 31 2477.06616211 1
71 32 891.830444336 1
71 32 961.991333008 1
71 32 1444.22363281 1
71 32 1529.52258301 1
71 33 1680.05285645 1
71 34 1024.0168457 1
72 27 1540.13269043 1
72 29 1163.97106934 1
75 21 3258.07299805 1
77 25 1638.1953125 1
78 26 1792.6184082 1
78 28 2128.68969727 1
78 30 1640.03051758 1
