string dom time hits
45 24 1921.01513672 1
53 20 2336.80981445 1
54 19 1599.23022461 1
54 21 1415.8182373 1
54 23 1200.23632812 1
54 24 1104.35766602 1
54 24 1784.63037109 1
54 26 722.733581543 1
54 26 768.687316895 1
54 26 793.832092285 1
54 26 826.13482666 1
54 26 909.741760254 1
54 26 925.764465332 1
54 26 1269.35009766 1
54 27 822.366088867 1
54 27 881.969055176 1
54 27 930.73828125 1
54 27 1020.63171387 1
54 27 1078.26635742 1
54 27 1089.50463867 1
54 27 1187.2578125 1
54 27 1434.32128906 1
54 28 769.775390625 1
54 28 792.699645996 1
54 28 845.775024414 1
54 28 857.00201416 1
54 28 918.148132324 1
54 28 1022.22796631 1
54 28 1138.72766113 1
54 28 1863.77233887 1
54 29 711.090026855 1
54 29 790.907836914 1
54 29 825.226196289 1
54 29 831.772705078 1
54 29 945.870605469 1
54 29 952.91796875 1
54 29 1693.16552734 1
54 29 1908.76672363 1
54 29 2094.6784668 1
54 30 669.711181641 1
54 30 681.569274902 1
54 30 742.30871582 1
54 30 756.346008301 1
54 30 757.21661377 1
54 30 770.574035645 1
54 30 812.959472656 1
54 30 834.81640625 1
54 30 867.579528809 1
54 30 1044.6373291 1
54 30 2335.69555664 1
54 31 1017.28637695 1
54 31 1060.13476562 1
54 31 1176.28930664 1
54 31 1987.43811035 1
54 32 1244.93896484 1
54 32 1823.55627441 1
55 20 2084.03442383 1
55 22 1029.41455078 1
55 25 1034.11206055 1
55 25 1058.00598145 1
55 26 851.39050293 1
55 26 859.454467773 1
55 26 951.625427246 1
55 26 953.035766602 1
55 26 971.007080078 1
55 26 997.823059082 1
55 26 1489.81518555 1
55 26 1495.76794434 1
55 26 1592.57788086 1
55 27 729.553894043 1
55 27 820.411437988 1
55 27 1181.39855957 1
55 27 1552.29052734 1
55 27 1765.41601562 1
55 28 693.750671387 1
55 28 755.638549805 1
55 28 799.606933594 1
55 28 818.199279785 1
55 28 951.969543457 1
55 28 953.348083496 1
55 28 1055.88354492 1
55 28 1284.99987793 1
55 28 1671.3729248 1
55 29 636.022460938 1
55 29 689.96673584 1
55 29 708.89050293 1
55 29 765.467224121 1
55 29 800.788574219 1
55 29 989.811523438 1
55 29 1081.61376953 1
55 29 1180.52770996 1
55 29 1587.23693848 1
55 30 825.113525391 1
55 31 701.281311035 1
55 31 1351.80456543 1
55 31 1611.70568848 1
55 33 1362.30200195 1
56 22 1585.91333008 1
62 20 1396.34155273 1
62 24 945.747497559 1
62 24 1026.29162598 1
62 24 1256.15466309 1
62 24 1440.46887207 1
62 25 855.144042969 1
62 26 804.989318848 1
62 26 838.173095703 1
62 26 845.249633789 1
62 26 958.065979004 1
62 26 987.402038574 1
62 26 1056.0189209 1
62 26 1090.85949707 1
62 26 1441.45031738 1
62 27 735.50604248 1
62 27 760.774169922 1
62 27 782.156311035 1
62 27 840.582214355 1
62 27 894.722106934 1
62 27 1029.73144531 1
62 27 1075.49072266 1
62 27 1356.94824219 1
62 28 730.977844238 1
62 28 731.202392578 1
62 28 777.393249512 1
62 28 846.872375488 1
62 28 860.699401855 1
62 28 1097.9597168 1
62 28 1171.11071777 1
62 28 1218.67565918 1
62 28 1241.53723145 1
62 29 711.315490723 1
62 29 770.624328613 1
62 29 806.960632324 1
62 29 854.922485352 1
62 29 863.096801758 1
62 29 1057.21875 1
62 29 1689.67541504 1
62 29 2121.20654297 1
62 30 618.331115723 1
62 30 737.382080078 1
62 30 873.327880859 1
62 30 1275.38537598 1
62 30 1395.84033203 1
62 30 1997.97021484 1
62 31 1209.94470215 1
62 31 1290.80651855 1
62 31 1547.89404297 1
62 32 965.391967773 1
63 19 1023.76202393 1
63 21 989.552490234 1
63 21 1781.53820801 1
63 22 789.48651123 1
63 22 799.607666016 1
63 22 839.08581543 1
63 22 898.930236816 1
63 22 1871.98388672 1
63 23 600.715393066 1
63 23 623.412475586 1
63 23 628.097229004 1
63 23 639.491760254 1
63 23 694.389160156 1
63 23 707.78112793 1
63 23 733.93951416 1
63 23 838.216491699 1
63 23 1082.06689453 1
63 23 1150.56677246 1
63 23 1258.61108398 1
63 23 1276.14489746 1
63 23 1427.65466309 1
63 24 503.432891846 1
63 24 504.027618408 1
63 24 526.705566406 1
63 24 536.989929199 1
63 24 553.808044434 1
63 24 561.434936523 1
63 24 580.853759766 1
63 24 638.1796875 1
63 24 651.7421875 1
63 24 680.445922852 1
63 24 705.977233887 1
63 24 720.725463867 1
63 24 751.262878418 1
63 24 814.962524414 1
63 24 838.603942871 1
63 24 916.227844238 1
63 24 964.932739258 1
63 24 990.211242676 1
63 24 1008.67938232 1
63 24 1028.078125 1
63 24 1212.94250488 1
63 24 1216.32678223 1
63 24 1222.92687988 1
63 24 1418.14831543 1
63 24 1869.44274902 1
63 25 426.184906006 1
63 25 429.936584473 1
63 25 431.55859375 1
63 25 439.125823975 1
63 25 442.375335693 1
63 25 447.740570068 1
63 25 453.453643799 1
63 25 455.790252686 1
63 25 460.283355713 1
63 25 466.890716553 1
63 25 470.280426025 1
63 25 484.645294189 1
63 25 487.529602051 1
63 25 491.524780273 1
63 25 493.310699463 1
63 25 497.700866699 1
63 25 527.941589355 1
63 25 539.523925781 1
63 25 561.44140625 1
63 25 561.829162598 1
63 25 568.079223633 1
63 25 569.014526367 1
63 25 578.972900391 1
63 25 579.822387695 1
63 25 621.786071777 1
63 25 626.212585449 1
63 25 627.245910645 1
63 25 631.418762207 1
63 25 654.715820312 1
63 25 661.793945312 1
63 25 676.424560547 1
63 25 692.254394531 1
63 25 693.95526123 1
63 25 762.609619141 1
63 25 765.306396484 1
63 25 780.251831055 1
63 25 784.963012695 1
63 25 813.682617188 1
63 25 843.867675781 1
63 25 946.252441406 1
63 25 973.311767578 1
63 25 978.077636719 1
63 25 994.515563965 1
63 25 1073.8807373 1
63 25 1081.24755859 1
63 25 1125.2253418 1
63 25 1172.17797852 1
63 25 1372.85888672 1
63 26 328.59677124 1
63 26 328.912200928 1
63 26 333.650360107 1
63 26 338.118164062 1
63 26 340.434173584 1
63 26 343.417266846 1
63 26 349.19418335 1
63 26 349.910247803 1
63 26 350.754974365 1
63 26 351.697937012 1
63 26 352.020263672 1
63 26 352.794036865 1
63 26 353.177642822 1
63 26 353.36605835 1
63 26 354.360656738 1
63 26 354.750152588 1
63 26 355.043914795 1
63 26 355.339630127 1
63 26 357.212005615 1
63 26 358.937164307 1
63 26 359.73739624 1
63 26 360.076171875 1
63 26 361.680969238 1
63 26 362.0362854 1
63 26 365.245758057 1
63 26 366.833496094 1
63 26 367.121459961 1
63 26 367.841583252 1
63 26 368.369903564 1
63 26 369.14050293 1
63 26 370.391052246 1
63 26 372.930725098 1
63 26 373.346252441 1
63 26 375.756866455 1
63 26 376.319000244 1
63 26 379.340301514 1
63 26 380.038879395 1
63 26 381.029754639 1
63 26 382.295318604 1
63 26 383.595428467 1
63 26 383.621582031 1
63 26 385.475128174 1
63 26 386.90423584 1
63 26 389.821166992 1
63 26 390.349456787 1
63 26 390.649841309 1
63 26 391.228057861 1
63 26 393.369720459 1
63 26 399.425567627 1
63 26 399.602752686 1
63 26 399.971496582 1
63 26 403.654205322 1
63 26 409.924255371 1
63 26 413.46786499 1
63 26 414.116546631 1
63 26 420.968414307 1
63 26 422.726654053 1
63 26 423.661773682 1
63 26 426.608123779 1
63 26 431.144958496 1
63 26 433.405548096 1
63 26 434.881530762 1
63 26 435.142364502 1
63 26 435.472106934 1
63 26 437.314666748 1
63 26 438.62902832 1
63 26 443.943847656 1
63 26 446.756500244 1
63 26 449.129669189 1
63 26 450.12008667 1
63 26 452.315093994 1
63 26 455.325012207 1
63 26 457.832183838 1
63 26 466.491851807 1
63 26 471.236328125 1
63 26 475.68951416 1
63 26 482.599365234 1
63 26 486.449829102 1
63 26 488.694396973 1
63 26 489.867126465 1
63 26 493.53692627 1
63 26 493.730102539 1
63 26 499.106750488 1
63 26 505.037994385 1
63 26 507.778015137 1
63 26 515.053833008 1
63 26 520.391174316 1
63 26 523.657531738 1
63 26 523.834411621 1
63 26 529.72088623 1
63 26 531.856872559 1
63 26 547.487243652 1
63 26 548.998962402 1
63 26 549.602355957 1
63 26 550.34173584 1
63 26 553.129516602 1
63 26 560.444458008 1
63 26 567.229858398 1
63 26 579.793273926 1
63 26 584.342285156 1
63 26 600.951660156 1
63 26 603.809265137 1
63 26 607.49987793 1
63 26 609.991577148 1
63 26 610.908996582 1
63 26 611.860473633 1
63 26 613.256469727 1
63 26 618.144470215 1
63 26 618.958496094 1
63 26 625.461425781 1
63 26 646.341064453 1
63 26 788.026733398 1
63 26 846.274597168 1
63 26 862.532104492 1
63 26 886.502990723 1
63 26 942.387634277 1
63 26 995.188110352 1
63 26 1151.90161133 1
63 26 1284.14526367 1
63 26 1390.90917969 1
63 27 235.816360474 1
63 27 238.541564941 1
63 27 242.700668335 1
63 27 242.793991089 1
63 27 244.021530151 1
63 27 244.456192017 1
63 27 245.063491821 1
63 27 248.277145386 1
63 27 249.420181274 1
63 27 249.850097656 1
63 27 250.232345581 1
63 27 250.298233032 1
63 27 250.634384155 1
63 27 251.082168579 1
63 27 251.288986206 1
63 27 251.410232544 1
63 27 251.645446777 1
63 27 251.780609131 1
63 27 252.669952393 1
63 27 253.319625854 1
63 27 253.343765259 1
63 27 253.638778687 1
63 27 253.660232544 1
63 27 253.692276001 1
63 27 253.76385498 1
63 27 253.817749023 1
63 27 253.916473389 1
63 27 254.10609436 1
63 27 254.508850098 1
63 27 254.525863647 1
63 27 256.920715332 1
63 27 257.263427734 1
63 27 257.894256592 1
63 27 258.356384277 1
63 27 259.054382324 1
63 27 259.190582275 1
63 27 259.296569824 1
63 27 259.682037354 1
63 27 259.954467773 1
63 27 260.585418701 1
63 27 261.556030273 1
63 27 262.339569092 1
63 27 262.852081299 1
63 27 263.059204102 1
63 27 263.152282715 1
63 27 263.583190918 1
63 27 263.944946289 1
63 27 264.014831543 1
63 27 264.022399902 1
63 27 264.072296143 1
63 27 264.162628174 1
63 27 264.325714111 1
63 27 264.504455566 1
63 27 264.643005371 1
63 27 264.764068604 1
63 27 265.264190674 1
63 27 265.361022949 1
63 27 265.632598877 1
63 27 266.353393555 1
63 27 266.708068848 1
63 27 267.076812744 1
63 27 267.300842285 1
63 27 267.762756348 1
63 27 268.358184814 1
63 27 268.549133301 1
63 27 268.739959717 1
63 27 268.832336426 1
63 27 268.98727417 1
63 27 268.99710083 1
63 27 269.362792969 1
63 27 270.255157471 1
63 27 270.352813721 1
63 27 270.62902832 1
63 27 270.684051514 1
63 27 271.548614502 1
63 27 271.62689209 1
63 27 271.802307129 1
63 27 271.816009521 1
63 27 272.194610596 1
63 27 272.608459473 1
63 27 272.649169922 1
63 27 272.878875732 1
63 27 273.573425293 1
63 27 274.017089844 1
63 27 274.049468994 1
63 27 274.05682373 1
63 27 274.423828125 1
63 27 274.570251465 1
63 27 275.531585693 1
63 27 275.643218994 1
63 27 275.718688965 1
63 27 275.809936523 1
63 27 277.069580078 1
63 27 277.114776611 1
63 27 277.735595703 1
63 27 277.829772949 1
63 27 277.843841553 1
63 27 277.949554443 1
63 27 277.967437744 1
63 27 278.172485352 1
63 27 279.586517334 1
63 27 280.011505127 1
63 27 280.096740723 1
63 27 280.206420898 1
63 27 281.184082031 1
63 27 281.558929443 1
63 27 281.619537354 1
63 27 281.837890625 1
63 27 281.957000732 1
63 27 282.509002686 1
63 27 282.761657715 1
63 27 282.893371582 1
63 27 283.4609375 1
63 27 284.913330078 1
63 27 285.070220947 1
63 27 285.739532471 1
63 27 285.816070557 1
63 27 285.99621582 1
63 27 286.100921631 1
63 27 286.535369873 1
63 27 286.747833252 1
63 27 287.166900635 1
63 27 287.467376709 1
63 27 287.928009033 1
63 27 288.102081299 1
63 27 288.193786621 1
63 27 288.368896484 1
63 27 288.400421143 1
63 27 288.473266602 1
63 27 289.583465576 1
63 27 289.958526611 1
63 27 290.163391113 1
63 27 290.345275879 1
63 27 290.787994385 1
63 27 291.159973145 1
63 27 291.366577148 1
63 27 291.930938721 1
63 27 292.249664307 1
63 27 293.024047852 1
63 27 293.251037598 1
63 27 293.51361084 1
63 27 293.719940186 1
63 27 294.074127197 1
63 27 294.12210083 1
63 27 294.432556152 1
63 27 294.453582764 1
63 27 295.537078857 1
63 27 295.592376709 1
63 27 296.634338379 1
63 27 297.634338379 1
63 27 297.696502686 1
63 27 297.791564941 1
63 27 298.336669922 1
63 27 298.661407471 1
63 27 298.910491943 1
63 27 299.182678223 1
63 27 300.419403076 1
63 27 301.596740723 1
63 27 302.82321167 1
63 27 302.885284424 1
63 27 305.629516602 1
63 27 306.720336914 1
63 27 307.648376465 1
63 27 308.630249023 1
63 27 309.077941895 1
63 27 309.549987793 1
63 27 310.2215271 1
63 27 310.268890381 1
63 27 310.345184326 1
63 27 313.283691406 1
63 27 313.691650391 1
63 27 314.079711914 1
63 27 315.608581543 1
63 27 315.624633789 1
63 27 315.704223633 1
63 27 316.178924561 1
63 27 316.596374512 1
63 27 318.199859619 1
63 27 319.904724121 1
63 27 319.914703369 1
63 27 320.310424805 1
63 27 320.66885376 1
63 27 321.410430908 1
63 27 322.006408691 1
63 27 324.166473389 1
63 27 324.494049072 1
63 27 326.205535889 1
63 27 327.401763916 1
63 27 328.546356201 1
63 27 329.345672607 1
63 27 329.446166992 1
63 27 329.464691162 1
63 27 329.667938232 1
63 27 329.972961426 1
63 27 330.107543945 1
63 27 331.103363037 1
63 27 331.576171875 1
63 27 331.833587646 1
63 27 333.722259521 1
63 27 334.385955811 1
63 27 336.586151123 1
63 27 336.700195312 1
63 27 336.979614258 1
63 27 337.872894287 1
63 27 338.325958252 1
63 27 339.551818848 1
63 27 339.69543457 1
63 27 340.850799561 1
63 27 342.008117676 1
63 27 343.305114746 1
63 27 343.723114014 1
63 27 344.307983398 1
63 27 345.528411865 1
63 27 349.434753418 1
63 27 350.646148682 1
63 27 353.458068848 1
63 27 355.829650879 1
63 27 356.352874756 1
63 27 357.997161865 1
63 27 358.187255859 1
63 27 358.285736084 1
63 27 358.759368896 1
63 27 360.182678223 1
63 27 360.514587402 1
63 27 360.524047852 1
63 27 362.062469482 1
63 27 363.943054199 1
63 27 364.620056152 1
63 27 365.106323242 1
63 27 365.516876221 1
63 27 366.067047119 1
63 27 366.622344971 1
63 27 367.346801758 1
63 27 369.776641846 1
63 27 372.086791992 1
63 27 373.282653809 1
63 27 375.062652588 1
63 27 377.168395996 1
63 27 382.313140869 1
63 27 389.724395752 1
63 27 391.216308594 1
63 27 391.624237061 1
63 27 403.346832275 1
63 27 403.353759766 1
63 27 406.367004395 1
63 27 412.970947266 1
63 27 421.17376709 1
63 27 421.32019043 1
63 27 422.571350098 1
63 27 423.201019287 1
63 27 427.366546631 1
63 27 433.514312744 1
63 27 434.803649902 1
63 27 435.475952148 1
63 27 439.998748779 1
63 27 445.643463135 1
63 27 451.786499023 1
63 27 452.661804199 1
63 27 464.347717285 1
63 27 468.68963623 1
63 27 470.178283691 1
63 27 470.601745605 1
63 27 472.825744629 1
63 27 492.500549316 1
63 27 495.051574707 1
63 27 496.974975586 1
63 27 503.597900391 1
63 27 516.562988281 1
63 27 519.284790039 1
63 27 523.79699707 1
63 27 534.276306152 1
63 27 545.434143066 1
63 27 568.949951172 1
63 27 581.252990723 1
63 27 596.998840332 1
63 27 613.278991699 1
63 27 618.475402832 1
63 27 618.503356934 1
63 27 632.223999023 1
63 27 653.946960449 1
63 27 671.563720703 1
63 27 671.719116211 1
63 27 682.910583496 1
63 27 714.746887207 1
63 27 723.464416504 1
63 27 751.783691406 1
63 27 754.687805176 1
63 27 761.878234863 1
63 27 773.102478027 1
63 27 806.839233398 1
63 27 815.205749512 1
63 27 829.274353027 1
63 27 852.067016602 1
63 27 897.409118652 1
63 27 931.56439209 1
63 27 988.206542969 1
63 27 998.874816895 1
63 27 1010.83270264 1
63 27 1028.04187012 1
63 27 1075.00817871 1
63 27 1090.88146973 1
63 27 1106.92578125 1
63 27 1107.09436035 1
63 27 1155.6472168 1
63 27 1165.75878906 1
63 27 1278.10412598 1
63 27 1374.64782715 1
63 27 1432.41577148 1
63 28 160.094390869 1
63 28 161.706481934 1
63 28 161.855819702 1
63 28 162.034683228 1
63 28 162.132904053 1
63 28 162.418487549 1
63 28 163.556854248 1
63 28 163.977645874 1
63 28 163.992767334 1
63 28 164.0184021 1
63 28 164.128448486 1
63 28 164.617401123 1
63 28 164.657043457 1
63 28 164.789581299 1
63 28 164.82081604 1
63 28 164.8515625 1
63 28 164.915603638 1
63 28 165.192306519 1
63 28 165.200805664 1
63 28 165.297988892 1
63 28 165.47467041 1
63 28 165.51449585 1
63 28 165.51550293 1
63 28 165.566574097 1
63 28 165.675476074 1
63 28 166.132995605 1
63 28 166.615951538 1
63 28 166.634063721 1
63 28 166.676376343 1
63 28 167.166046143 1
63 28 167.38835144 1
63 28 167.550170898 1
63 28 167.869812012 1
63 28 168.24937439 1
63 28 168.34538269 1
63 28 168.420547485 1
63 28 168.564163208 1
63 28 168.637710571 1
63 28 168.777877808 1
63 28 168.860794067 1
63 28 169.042419434 1
63 28 169.085662842 1
63 28 169.239730835 1
63 28 169.405715942 1
63 28 169.690139771 1
63 28 169.690246582 1
63 28 169.701202393 1
63 28 169.858123779 1
63 28 170.004241943 1
63 28 170.190826416 1
63 28 170.212753296 1
63 28 170.270782471 1
63 28 170.392623901 1
63 28 170.48651123 1
63 28 170.620803833 1
63 28 170.64855957 1
63 28 170.763137817 1
63 28 170.86932373 1
63 28 170.950378418 1
63 28 170.99659729 1
63 28 171.177444458 1
63 28 171.259124756 1
63 28 171.26210022 1
63 28 171.270462036 1
63 28 171.394134521 1
63 28 171.415557861 1
63 28 171.511856079 1
63 28 171.527435303 1
63 28 171.553405762 1
63 28 171.778137207 1
63 28 171.806854248 1
63 28 171.870956421 1
63 28 171.936645508 1
63 28 172.006637573 1
63 28 172.12059021 1
63 28 172.145584106 1
63 28 172.15802002 1
63 28 172.162841797 1
63 28 172.219390869 1
63 28 172.233596802 1
63 28 172.342910767 1
63 28 172.373214722 1
63 28 172.408813477 1
63 28 172.702651978 1
63 28 172.734863281 1
63 28 172.810287476 1
63 28 172.859313965 1
63 28 172.873016357 1
63 28 172.966506958 1
63 28 173.008041382 1
63 28 173.073364258 1
63 28 173.15171814 1
63 28 173.213577271 1
63 28 173.258560181 1
63 28 173.278869629 1
63 28 173.403015137 1
63 28 173.463195801 1
63 28 173.505203247 1
63 28 173.536697388 1
63 28 173.825302124 1
63 28 173.829696655 1
63 28 173.830230713 1
63 28 173.903121948 1
63 28 173.903274536 1
63 28 173.964248657 1
63 28 173.965744019 1
63 28 173.993591309 1
63 28 174.017654419 1
63 28 174.157958984 1
63 28 174.24458313 1
63 28 174.347290039 1
63 28 174.458679199 1
63 28 174.514129639 1
63 28 174.655960083 1
63 28 174.74760437 1
63 28 174.86076355 1
63 28 174.895248413 1
63 28 174.932571411 1
63 28 175.022827148 1
63 28 175.045501709 1
63 28 175.165542603 1
63 28 175.311538696 1
63 28 175.420593262 1
63 28 175.572799683 1
63 28 175.640945435 1
63 28 175.657058716 1
63 28 175.821289062 1
63 28 175.998168945 1
63 28 176.016387939 1
63 28 176.378036499 1
63 28 176.429321289 1
63 28 176.509979248 1
63 28 176.514755249 1
63 28 176.529830933 1
63 28 176.539199829 1
63 28 176.592636108 1
63 28 176.754196167 1
63 28 176.776779175 1
63 28 176.914093018 1
63 28 176.933776855 1
63 28 176.966461182 1
63 28 177.01763916 1
63 28 177.042617798 1
63 28 177.053985596 1
63 28 177.187057495 1
63 28 177.188903809 1
63 28 177.255981445 1
63 28 177.258834839 1
63 28 177.387451172 1
63 28 177.394165039 1
63 28 177.423339844 1
63 28 177.435165405 1
63 28 177.457366943 1
63 28 177.472412109 1
63 28 177.742980957 1
63 28 177.749954224 1
63 28 177.891906738 1
63 28 178.052001953 1
63 28 178.08416748 1
63 28 178.112197876 1
63 28 178.224746704 1
63 28 178.267211914 1
63 28 178.299942017 1
63 28 178.477371216 1
63 28 178.482162476 1
63 28 178.502838135 1
63 28 178.59765625 1
63 28 178.836029053 1
63 28 178.91065979 1
63 28 178.94380188 1
63 28 178.979949951 1
63 28 178.998703003 1
63 28 179.112579346 1
63 28 179.194442749 1
63 28 179.21786499 1
63 28 179.219085693 1
63 28 179.434860229 1
63 28 179.445709229 1
63 28 179.538208008 1
63 28 179.547332764 1
63 28 179.596618652 1
63 28 179.675720215 1
63 28 179.709686279 1
63 28 179.722106934 1
63 28 179.824417114 1
63 28 179.832489014 1
63 28 179.894958496 1
63 28 179.910415649 1
63 28 179.914962769 1
63 28 180.04284668 1
63 28 180.220977783 1
63 28 180.289886475 1
63 28 180.32925415 1
63 28 180.359146118 1
63 28 180.369293213 1
63 28 180.409942627 1
63 28 180.500015259 1
63 28 180.696640015 1
63 28 180.866424561 1
63 28 180.871200562 1
63 28 180.957778931 1
63 28 181.155822754 1
63 28 181.178741455 1
63 28 181.204559326 1
63 28 181.220703125 1
63 28 181.610031128 1
63 28 181.634643555 1
63 28 181.647949219 1
63 28 181.805206299 1
63 28 181.811004639 1
63 28 181.848754883 1
63 28 181.881881714 1
63 28 181.897705078 1
63 28 181.916885376 1
63 28 182.026321411 1
63 28 182.229858398 1
63 28 182.289886475 1
63 28 182.298919678 1
63 28 182.406402588 1
63 28 182.611633301 1
63 28 182.852096558 1
63 28 182.930435181 1
63 28 183.009490967 1
63 28 183.040100098 1
63 28 183.09034729 1
63 28 183.138931274 1
63 28 183.173614502 1
63 28 183.371231079 1
63 28 183.37550354 1
63 28 183.391708374 1
63 28 183.409072876 1
63 28 183.424377441 1
63 28 183.429504395 1
63 28 183.484558105 1
63 28 183.534347534 1
63 28 183.575500488 1
63 28 183.60987854 1
63 28 183.662857056 1
63 28 183.715393066 1
63 28 183.809036255 1
63 28 183.866424561 1
63 28 183.900283813 1
63 28 183.915725708 1
63 28 183.921005249 1
63 28 183.952972412 1
63 28 184.0443573 1
63 28 184.050933838 1
63 28 184.122558594 1
63 28 184.147613525 1
63 28 184.166091919 1
63 28 184.195968628 1
63 28 184.241439819 1
63 28 184.317611694 1
63 28 184.342254639 1
63 28 184.360580444 1
63 28 184.402770996 1
63 28 184.458648682 1
63 28 184.900421143 1
63 28 184.953918457 1
63 28 185.193359375 1
63 28 185.274490356 1
63 28 185.457672119 1
63 28 185.480026245 1
63 28 185.621231079 1
63 28 185.773391724 1
63 28 185.806884766 1
63 28 185.834182739 1
63 28 185.890777588 1
63 28 185.897903442 1
63 28 186.249969482 1
63 28 186.259567261 1
63 28 186.27053833 1
63 28 186.332244873 1
63 28 186.585144043 1
63 28 186.629821777 1
63 28 186.711502075 1
63 28 186.728134155 1
63 28 186.760482788 1
63 28 186.932632446 1
63 28 187.047729492 1
63 28 187.090988159 1
63 28 187.128250122 1
63 28 187.244277954 1
63 28 187.265899658 1
63 28 187.412826538 1
63 28 187.513870239 1
63 28 187.590286255 1
63 28 187.623443604 1
63 28 187.686172485 1
63 28 187.83656311 1
63 28 187.849105835 1
63 28 188.150848389 1
63 28 188.589523315 1
63 28 188.685791016 1
63 28 188.728057861 1
63 28 188.734771729 1
63 28 188.826934814 1
63 28 188.846008301 1
63 28 188.905456543 1
63 28 188.922088623 1
63 28 189.161895752 1
63 28 189.184967041 1
63 28 189.205718994 1
63 28 189.237670898 1
63 28 189.260360718 1
63 28 189.380691528 1
63 28 189.39604187 1
63 28 189.452835083 1
63 28 189.608596802 1
63 28 189.778839111 1
63 28 189.837799072 1
63 28 189.948486328 1
63 28 189.96043396 1
63 28 190.071075439 1
63 28 190.386032104 1
63 28 190.531845093 1
63 28 190.84046936 1
63 28 191.202209473 1
63 28 191.203170776 1
63 28 191.392730713 1
63 28 191.458282471 1
63 28 191.537277222 1
63 28 191.586807251 1
63 28 191.655731201 1
63 28 191.770690918 1
63 28 191.83833313 1
63 28 192.151046753 1
63 28 192.42805481 1
63 28 192.508880615 1
63 28 192.615005493 1
63 28 193.195983887 1
63 28 193.377090454 1
63 28 193.463058472 1
63 28 193.621582031 1
63 28 193.761245728 1
63 28 193.829116821 1
63 28 193.862442017 1
63 28 194.086425781 1
63 28 194.156326294 1
63 28 194.169891357 1
63 28 194.635131836 1
63 28 194.804229736 1
63 28 194.836853027 1
63 28 194.923095703 1
63 28 195.070098877 1
63 28 195.360824585 1
63 28 195.643630981 1
63 28 195.74420166 1
63 28 196.245910645 1
63 28 196.27734375 1
63 28 196.320022583 1
63 28 196.484710693 1
63 28 196.567382812 1
63 28 196.66835022 1
63 28 196.914810181 1
63 28 196.926467896 1
63 28 196.962585449 1
63 28 197.066589355 1
63 28 197.305297852 1
63 28 197.410675049 1
63 28 197.739532471 1
63 28 197.919998169 1
63 28 197.958023071 1
63 28 198.125045776 1
63 28 198.352828979 1
63 28 198.383102417 1
63 28 198.467193604 1
63 28 198.476821899 1
63 28 198.494949341 1
63 28 198.618743896 1
63 28 198.798965454 1
63 28 198.8099823 1
63 28 199.28817749 1
63 28 199.303787231 1
63 28 199.326766968 1
63 28 199.440292358 1
63 28 199.450576782 1
63 28 199.689071655 1
63 28 199.82850647 1
63 28 199.965332031 1
63 28 200.393371582 1
63 28 200.456680298 1
63 28 200.578933716 1
63 28 200.854034424 1
63 28 200.920928955 1
63 28 200.978713989 1
63 28 201.234313965 1
63 28 201.454940796 1
63 28 201.585006714 1
63 28 201.606719971 1
63 28 201.654571533 1
63 28 201.815414429 1
63 28 201.820632935 1
63 28 201.886383057 1
63 28 202.037490845 1
63 28 202.10269165 1
63 28 202.156112671 1
63 28 202.270553589 1
63 28 202.410491943 1
63 28 202.648025513 1
63 28 202.815093994 1
63 28 203.154495239 1
63 28 203.310958862 1
63 28 203.398101807 1
63 28 203.417770386 1
63 28 203.536254883 1
63 28 203.655685425 1
63 28 204.006408691 1
63 28 204.102935791 1
63 28 204.256271362 1
63 28 204.259780884 1
63 28 204.47883606 1
63 28 204.788925171 1
63 28 204.86340332 1
63 28 205.039382935 1
63 28 205.368515015 1
63 28 205.405059814 1
63 28 205.562347412 1
63 28 205.572006226 1
63 28 205.873031616 1
63 28 206.211837769 1
63 28 206.649581909 1
63 28 206.692428589 1
63 28 207.046585083 1
63 28 207.202041626 1
63 28 207.279022217 1
63 28 207.983444214 1
63 28 208.011520386 1
63 28 208.660140991 1
63 28 208.848632812 1
63 28 209.007507324 1
63 28 209.019851685 1
63 28 209.189315796 1
63 28 209.247680664 1
63 28 209.530914307 1
63 28 209.572113037 1
63 28 209.634429932 1
63 28 209.807830811 1
63 28 209.890777588 1
63 28 210.094268799 1
63 28 210.301300049 1
63 28 210.305999756 1
63 28 210.419876099 1
63 28 210.496887207 1
63 28 210.531585693 1
63 28 212.091186523 1
63 28 212.145019531 1
63 28 212.17427063 1
63 28 212.21333313 1
63 28 212.324462891 1
63 28 212.397109985 1
63 28 212.670730591 1
63 28 212.686187744 1
63 28 213.505584717 1
63 28 213.719802856 1
63 28 214.224563599 1
63 28 214.38053894 1
63 28 214.483718872 1
63 28 214.899139404 1
63 28 216.304534912 1
63 28 217.011459351 1
63 28 217.278121948 1
63 28 217.428451538 1
63 28 217.50213623 1
63 28 217.815872192 1
63 28 217.858947754 1
63 28 218.040588379 1
63 28 218.273956299 1
63 28 218.497741699 1
63 28 218.612823486 1
63 28 218.64553833 1
63 28 219.013839722 1
63 28 219.812225342 1
63 28 220.090270996 1
63 28 220.110061646 1
63 28 220.267089844 1
63 28 220.331665039 1
63 28 220.534820557 1
63 28 220.893051147 1
63 28 221.00920105 1
63 28 222.656204224 1
63 28 222.92805481 1
63 28 223.751968384 1
63 28 224.643844604 1
63 28 224.715591431 1
63 28 225.14666748 1
63 28 225.74647522 1
63 28 225.756072998 1
63 28 225.862014771 1
63 28 226.75302124 1
63 28 227.60748291 1
63 28 228.109786987 1
63 28 230.733718872 1
63 28 231.499649048 1
63 28 232.005432129 1
63 28 232.235595703 1
63 28 232.254043579 1
63 28 232.256713867 1
63 28 232.753417969 1
63 28 233.314575195 1
63 28 234.418426514 1
63 28 234.795288086 1
63 28 235.55557251 1
63 28 235.733108521 1
63 28 236.380599976 1
63 28 236.673858643 1
63 28 236.796539307 1
63 28 238.003952026 1
63 28 238.490203857 1
63 28 238.978607178 1
63 28 239.068695068 1
63 28 240.599578857 1
63 28 240.656066895 1
63 28 240.715072632 1
63 28 242.429763794 1
63 28 243.192489624 1
63 28 244.779907227 1
63 28 244.915435791 1
63 28 245.106033325 1
63 28 246.87840271 1
63 28 246.892028809 1
63 28 247.519622803 1
63 28 249.352706909 1
63 28 249.901489258 1
63 28 249.956802368 1
63 28 250.208435059 1
63 28 250.807266235 1
63 28 252.788513184 1
63 28 253.080841064 1
63 28 253.614089966 1
63 28 254.729995728 1
63 28 254.851791382 1
63 28 255.298034668 1
63 28 255.994018555 1
63 28 256.228881836 1
63 28 256.676208496 1
63 28 257.152862549 1
63 28 258.097412109 1
63 28 259.170166016 1
63 28 262.798675537 1
63 28 265.78918457 1
63 28 270.811004639 1
63 28 271.613037109 1
63 28 272.858215332 1
63 28 272.924133301 1
63 28 275.624420166 1
63 28 275.741760254 1
63 28 276.146606445 1
63 28 277.291809082 1
63 28 277.521331787 1
63 28 279.623626709 1
63 28 280.304534912 1
63 28 280.854492188 1
63 28 281.291809082 1
63 28 282.143371582 1
63 28 285.768127441 1
63 28 285.949737549 1
63 28 287.744140625 1
63 28 289.597320557 1
63 28 293.137634277 1
63 28 293.466949463 1
63 28 294.923187256 1
63 28 296.151855469 1
63 28 298.457702637 1
63 28 299.279815674 1
63 28 301.306243896 1
63 28 302.12197876 1
63 28 307.215942383 1
63 28 307.296478271 1
63 28 307.433502197 1
63 28 309.105133057 1
63 28 309.902160645 1
63 28 312.038360596 1
63 28 313.873687744 1
63 28 314.841033936 1
63 28 315.907806396 1
63 28 316.10144043 1
63 28 316.718353271 1
63 28 317.602081299 1
63 28 318.658111572 1
63 28 318.726043701 1
63 28 319.567474365 1
63 28 324.667114258 1
63 28 327.416534424 1
63 28 330.913879395 1
63 28 333.02911377 1
63 28 333.631011963 1
63 28 341.351409912 1
63 28 343.169311523 1
63 28 343.812194824 1
63 28 346.35244751 1
63 28 346.762481689 1
63 28 349.891174316 1
63 28 350.196533203 1
63 28 359.423156738 1
63 28 366.984039307 1
63 28 367.807159424 1
63 28 369.558563232 1
63 28 372.554016113 1
63 28 378.659637451 1
63 28 380.219299316 1
63 28 380.277496338 1
63 28 381.633880615 1
63 28 381.921325684 1
63 28 393.751525879 1
63 28 396.217834473 1
63 28 400.137908936 1
63 28 404.117523193 1
63 28 406.810852051 1
63 28 413.50479126 1
63 28 415.860534668 1
63 28 427.947235107 1
63 28 428.715789795 1
63 28 437.327087402 1
63 28 440.788970947 1
63 28 440.826904297 1
63 28 488.886260986 1
63 28 509.61932373 1
63 28 515.755493164 1
63 28 536.868286133 1
63 28 540.172485352 1
63 28 546.566223145 1
63 28 562.00177002 1
63 28 565.31036377 1
63 28 587.972229004 1
63 28 613.066711426 1
63 28 614.383422852 1
63 28 618.007995605 1
63 28 618.206420898 1
63 28 627.444030762 1
63 28 632.950622559 1
63 28 663.893859863 1
63 28 685.34185791 1
63 28 689.692260742 1
63 28 717.725524902 1
63 28 727.141479492 1
63 28 737.73815918 1
63 28 737.824584961 1
63 28 738.342956543 1
63 28 777.784057617 1
63 28 819.677490234 1
63 28 826.095214844 1
63 28 836.742675781 1
63 28 839.079650879 1
63 28 845.382995605 1
63 28 867.088500977 1
63 28 888.431518555 1
63 28 934.331787109 1
63 28 985.30670166 1
63 28 1042.671875 1
63 28 1077.7869873 1
63 28 1555.5838623 1
63 29 78.8585357666 1
63 29 79.4160690308 1
63 29 79.612159729 1
63 29 80.1089782715 1
63 29 80.2501220703 1
63 29 80.2605667114 1
63 29 80.4237365723 1
63 29 80.658241272 1
63 29 80.8046569824 1
63 29 80.9077148438 1
63 29 80.9935302734 1
63 29 81.1215820312 1
63 29 81.2176132202 1
63 29 81.2749557495 1
63 29 81.3008346558 1
63 29 81.3771133423 1
63 29 81.4328765869 1
63 29 81.5568313599 1
63 29 81.5690078735 1
63 29 81.57081604 1
63 29 81.6073608398 1
63 29 81.6395721436 1
63 29 81.6749191284 1
63 29 81.9469604492 1
63 29 82.0650405884 1
63 29 82.1312103271 1
63 29 82.1376647949 1
63 29 82.2802276611 1
63 29 82.3013916016 1
63 29 82.3110427856 1
63 29 82.456413269 1
63 29 82.4925079346 1
63 29 82.5517501831 1
63 29 82.6024551392 1
63 29 82.7125396729 1
63 29 82.741897583 1
63 29 82.7724304199 1
63 29 82.8190689087 1
63 29 82.8862304688 1
63 29 82.9792785645 1
63 29 83.0146484375 1
63 29 83.1508789062 1
63 29 83.1745071411 1
63 29 83.2182693481 1
63 29 83.2192611694 1
63 29 83.2535858154 1
63 29 83.2697753906 1
63 29 83.3042526245 1
63 29 83.3877258301 1
63 29 83.4133071899 1
63 29 83.4797058105 1
63 29 83.5694580078 1
63 29 83.7901229858 1
63 29 83.8170852661 1
63 29 83.8546142578 1
63 29 83.8694458008 1
63 29 83.9067611694 1
63 29 83.9304656982 1
63 29 83.9730224609 1
63 29 84.0217971802 1
63 29 84.0740890503 1
63 29 84.0824203491 1
63 29 84.0895080566 1
63 29 84.0999908447 1
63 29 84.1074981689 1
63 29 84.2030181885 1
63 29 84.2612304688 1
63 29 84.2919006348 1
63 29 84.3058624268 1
63 29 84.3202514648 1
63 29 84.3314971924 1
63 29 84.3499755859 1
63 29 84.3511276245 1
63 29 84.3515090942 1
63 29 84.3696289062 1
63 29 84.3783340454 1
63 29 84.3932647705 1
63 29 84.397644043 1
63 29 84.4668121338 1
63 29 84.626083374 1
63 29 84.6446990967 1
63 29 84.7252883911 1
63 29 84.7256393433 1
63 29 84.7390975952 1
63 29 84.7704544067 1
63 29 84.9081497192 1
63 29 84.9176254272 1
63 29 84.9453582764 1
63 29 84.9624557495 1
63 29 84.9742736816 1
63 29 84.9765930176 1
63 29 85.0009689331 1
63 29 85.0768661499 1
63 29 85.0980148315 1
63 29 85.1183319092 1
63 29 85.1243286133 1
63 29 85.1904373169 1
63 29 85.21434021 1
63 29 85.2263565063 1
63 29 85.2372589111 1
63 29 85.2523803711 1
63 29 85.2828292847 1
63 29 85.2985305786 1
63 29 85.2996673584 1
63 29 85.3120193481 1
63 29 85.3169021606 1
63 29 85.3529281616 1
63 29 85.3693008423 1
63 29 85.3775634766 1
63 29 85.4549179077 1
63 29 85.4769592285 1
63 29 85.5225830078 1
63 29 85.5420074463 1
63 29 85.5649490356 1
63 29 85.6006011963 1
63 29 85.6021728516 1
63 29 85.6050872803 1
63 29 85.6099472046 1
63 29 85.6222076416 1
63 29 85.6299057007 1
63 29 85.6406402588 1
63 29 85.6959457397 1
63 29 85.7925796509 1
63 29 85.8162765503 1
63 29 85.8516082764 1
63 29 85.8770065308 1
63 29 85.9062194824 1
63 29 85.9072952271 1
63 29 85.9413909912 1
63 29 85.943687439 1
63 29 85.9819717407 1
63 29 85.9846496582 1
63 29 86.0125427246 1
63 29 86.0563583374 1
63 29 86.0639190674 1
63 29 86.1179733276 1
63 29 86.1216430664 1
63 29 86.1718521118 1
63 29 86.1838912964 1
63 29 86.1913452148 1
63 29 86.222038269 1
63 29 86.24168396 1
63 29 86.2845458984 1
63 29 86.3257522583 1
63 29 86.334312439 1
63 29 86.4535903931 1
63 29 86.4666442871 1
63 29 86.5217056274 1
63 29 86.5289993286 1
63 29 86.5354232788 1
63 29 86.5507202148 1
63 29 86.5688400269 1
63 29 86.5784912109 1
63 29 86.5897140503 1
63 29 86.6022567749 1
63 29 86.6191177368 1
63 29 86.6357269287 1
63 29 86.6468887329 1
63 29 86.6592636108 1
63 29 86.6752624512 1
63 29 86.6934280396 1
63 29 86.6945343018 1
63 29 86.7217559814 1
63 29 86.7556533813 1
63 29 86.7760009766 1
63 29 86.776763916 1
63 29 86.7898330688 1
63 29 86.7996749878 1
63 29 86.806098938 1
63 29 86.903503418 1
63 29 86.9105224609 1
63 29 86.9244842529 1
63 29 86.9657974243 1
63 29 87.0155715942 1
63 29 87.0328216553 1
63 29 87.0392913818 1
63 29 87.0534362793 1
63 29 87.0582504272 1
63 29 87.0751647949 1
63 29 87.08568573 1
63 29 87.0874099731 1
63 29 87.0955505371 1
63 29 87.09790802 1
63 29 87.1117324829 1
63 29 87.1158599854 1
63 29 87.1307449341 1
63 29 87.1426925659 1
63 29 87.1604690552 1
63 29 87.1613769531 1
63 29 87.1652908325 1
63 29 87.259727478 1
63 29 87.2627105713 1
63 29 87.2893676758 1
63 29 87.3358001709 1
63 29 87.3423919678 1
63 29 87.3598480225 1
63 29 87.36328125 1
63 29 87.370223999 1
63 29 87.3736953735 1
63 29 87.4078140259 1
63 29 87.4556884766 1
63 29 87.4614715576 1
63 29 87.4625167847 1
63 29 87.4635391235 1
63 29 87.4907836914 1
63 29 87.5013122559 1
63 29 87.5114212036 1
63 29 87.5146026611 1
63 29 87.5305328369 1
63 29 87.5355300903 1
63 29 87.5532226562 1
63 29 87.5612945557 1
63 29 87.5757598877 1
63 29 87.5761413574 1
63 29 87.5840988159 1
63 29 87.6003112793 1
63 29 87.6064376831 1
63 29 87.6085891724 1
63 29 87.6133422852 1
63 29 87.6192932129 1
63 29 87.6439056396 1
63 29 87.6759567261 1
63 29 87.6915283203 1
63 29 87.7070159912 1
63 29 87.7154312134 1
63 29 87.7241134644 1
63 29 87.7484283447 1
63 29 87.7514877319 1
63 29 87.7591247559 1
63 29 87.7690200806 1
63 29 87.794128418 1
63 29 87.7963104248 1
63 29 87.8276824951 1
63 29 87.8490142822 1
63 29 87.8547439575 1
63 29 87.8756332397 1
63 29 87.8765945435 1
63 29 87.9229507446 1
63 29 87.9306030273 1
63 29 87.9339828491 1
63 29 87.9435958862 1
63 29 87.9585266113 1
63 29 87.9602050781 1
63 29 87.9732666016 1
63 29 87.9927902222 1
63 29 88.014541626 1
63 29 88.0366439819 1
63 29 88.0684890747 1
63 29 88.0740280151 1
63 29 88.0774917603 1
63 29 88.077835083 1
63 29 88.1005172729 1
63 29 88.1078720093 1
63 29 88.1175765991 1
63 29 88.1294784546 1
63 29 88.1497116089 1
63 29 88.1581115723 1
63 29 88.1827850342 1
63 29 88.2108612061 1
63 29 88.2219238281 1
63 29 88.2430725098 1
63 29 88.2431411743 1
63 29 88.2627410889 1
63 29 88.2976989746 1
63 29 88.3645629883 1
63 29 88.3736419678 1
63 29 88.3817214966 1
63 29 88.409072876 1
63 29 88.4406356812 1
63 29 88.4525375366 1
63 29 88.5131454468 1
63 29 88.5246963501 1
63 29 88.5737533569 1
63 29 88.6044692993 1
63 29 88.6106033325 1
63 29 88.6486282349 1
63 29 88.6498260498 1
63 29 88.6586990356 1
63 29 88.6622924805 1
63 29 88.6897659302 1
63 29 88.7143173218 1
63 29 88.7242431641 1
63 29 88.737991333 1
63 29 88.7484741211 1
63 29 88.7586288452 1
63 29 88.7662582397 1
63 29 88.7717819214 1
63 29 88.7825088501 1
63 29 88.8149032593 1
63 29 88.8177261353 1
63 29 88.871963501 1
63 29 88.9084320068 1
63 29 88.9358215332 1
63 29 88.9384002686 1
63 29 88.9652709961 1
63 29 88.9653701782 1
63 29 88.9716110229 1
63 29 88.9792327881 1
63 29 88.9876785278 1
63 29 88.9923477173 1
63 29 88.9937973022 1
63 29 89.0331497192 1
63 29 89.0377960205 1
63 29 89.0386734009 1
63 29 89.0523071289 1
63 29 89.0523300171 1
63 29 89.0751571655 1
63 29 89.0753097534 1
63 29 89.1445999146 1
63 29 89.1496353149 1
63 29 89.1576766968 1
63 29 89.1589736938 1
63 29 89.1694946289 1
63 29 89.1763763428 1
63 29 89.1961364746 1
63 29 89.2665023804 1
63 29 89.2819519043 1
63 29 89.2861938477 1
63 29 89.3079605103 1
63 29 89.3287887573 1
63 29 89.4137268066 1
63 29 89.4457244873 1
63 29 89.4622116089 1
63 29 89.4642486572 1
63 29 89.4776382446 1
63 29 89.4803009033 1
63 29 89.4829483032 1
63 29 89.4892654419 1
63 29 89.4901123047 1
63 29 89.4951324463 1
63 29 89.5164871216 1
63 29 89.5313415527 1
63 29 89.5363693237 1
63 29 89.5727005005 1
63 29 89.5736999512 1
63 29 89.5814285278 1
63 29 89.6171340942 1
63 29 89.6283493042 1
63 29 89.6367645264 1
63 29 89.6373977661 1
63 29 89.664390564 1
63 29 89.6664657593 1
63 29 89.6735687256 1
63 29 89.6748580933 1
63 29 89.6873016357 1
63 29 89.702003479 1
63 29 89.7172851562 1
63 29 89.7540893555 1
63 29 89.7554702759 1
63 29 89.7607498169 1
63 29 89.7644042969 1
63 29 89.7754898071 1
63 29 89.7901229858 1
63 29 89.7953033447 1
63 29 89.8518676758 1
63 29 89.8950881958 1
63 29 89.89818573 1
63 29 89.9039993286 1
63 29 89.941444397 1
63 29 89.9936065674 1
63 29 90.0018005371 1
63 29 90.0218048096 1
63 29 90.0460128784 1
63 29 90.047203064 1
63 29 90.1036529541 1
63 29 90.1131820679 1
63 29 90.1328735352 1
63 29 90.1730194092 1
63 29 90.173538208 1
63 29 90.1804275513 1
63 29 90.1893234253 1
63 29 90.1950302124 1
63 29 90.2398757935 1
63 29 90.2448883057 1
63 29 90.2593383789 1
63 29 90.3454589844 1
63 29 90.3889465332 1
63 29 90.4017715454 1
63 29 90.4026794434 1
63 29 90.403678894 1
63 29 90.4108123779 1
63 29 90.466583252 1
63 29 90.4708938599 1
63 29 90.4891281128 1
63 29 90.5213928223 1
63 29 90.5283660889 1
63 29 90.5322799683 1
63 29 90.5646896362 1
63 29 90.5977020264 1
63 29 90.6035003662 1
63 29 90.6334381104 1
63 29 90.6345214844 1
63 29 90.6414031982 1
63 29 90.6453933716 1
63 29 90.6720352173 1
63 29 90.6821136475 1
63 29 90.6898040771 1
63 29 90.7219009399 1
63 29 90.7399139404 1
63 29 90.7414169312 1
63 29 90.7451400757 1
63 29 90.7518768311 1
63 29 90.7711410522 1
63 29 90.7770233154 1
63 29 90.7895965576 1
63 29 90.8078384399 1
63 29 90.833732605 1
63 29 90.8542480469 1
63 29 90.859375 1
63 29 90.8654022217 1
63 29 90.8662414551 1
63 29 90.8888549805 1
63 29 90.8948440552 1
63 29 90.8960418701 1
63 29 90.9128646851 1
63 29 90.9264984131 1
63 29 90.9336395264 1
63 29 90.9392089844 1
63 29 90.9443206787 1
63 29 90.9535598755 1
63 29 90.9584197998 1
63 29 90.9707946777 1
63 29 90.9880905151 1
63 29 90.9989547729 1
63 29 91.0616607666 1
63 29 91.0767211914 1
63 29 91.09765625 1
63 29 91.1122665405 1
63 29 91.1124572754 1
63 29 91.1208496094 1
63 29 91.1264877319 1
63 29 91.1355056763 1
63 29 91.1514968872 1
63 29 91.1576461792 1
63 29 91.1632614136 1
63 29 91.1729507446 1
63 29 91.196647644 1
63 29 91.2034835815 1
63 29 91.2152938843 1
63 29 91.2160339355 1
63 29 91.2244949341 1
63 29 91.2332229614 1
63 29 91.2364425659 1
63 29 91.240196228 1
63 29 91.2420196533 1
63 29 91.245300293 1
63 29 91.2716751099 1
63 29 91.3059387207 1
63 29 91.3134155273 1
63 29 91.3203887939 1
63 29 91.321762085 1
63 29 91.3242111206 1
63 29 91.3286590576 1
63 29 91.3378143311 1
63 29 91.3531265259 1
63 29 91.3912200928 1
63 29 91.4045791626 1
63 29 91.4328384399 1
63 29 91.4409255981 1
63 29 91.4646224976 1
63 29 91.5208435059 1
63 29 91.5280532837 1
63 29 91.5621490479 1
63 29 91.5687179565 1
63 29 91.5765380859 1
63 29 91.6078262329 1
63 29 91.6177215576 1
63 29 91.6965713501 1
63 29 91.7108840942 1
63 29 91.7289352417 1
63 29 91.7358551025 1
63 29 91.7550430298 1
63 29 91.7611312866 1
63 29 91.7879714966 1
63 29 91.7924804688 1
63 29 91.793838501 1
63 29 91.8076019287 1
63 29 91.8166275024 1
63 29 91.8190841675 1
63 29 91.8229217529 1
63 29 91.8489761353 1
63 29 91.8524398804 1
63 29 91.8623428345 1
63 29 91.8626251221 1
63 29 91.8658981323 1
63 29 91.8674926758 1
63 29 91.8713378906 1
63 29 91.8771820068 1
63 29 91.8867492676 1
63 29 91.897026062 1
63 29 91.898147583 1
63 29 91.9001464844 1
63 29 91.9258499146 1
63 29 91.9314575195 1
63 29 91.9323272705 1
63 29 91.935333252 1
63 29 91.939994812 1
63 29 91.941116333 1
63 29 91.942565918 1
63 29 91.9443588257 1
63 29 91.9449539185 1
63 29 91.9528961182 1
63 29 91.9583587646 1
63 29 91.9619598389 1
63 29 91.965171814 1
63 29 92.0194625854 1
63 29 92.0340499878 1
63 29 92.0540161133 1
63 29 92.0562515259 1
63 29 92.0587158203 1
63 29 92.0625228882 1
63 29 92.064781189 1
63 29 92.0875244141 1
63 29 92.0946731567 1
63 29 92.1057891846 1
63 29 92.1359710693 1
63 29 92.1383590698 1
63 29 92.171081543 1
63 29 92.1868438721 1
63 29 92.1964492798 1
63 29 92.199798584 1
63 29 92.2087936401 1
63 29 92.2194824219 1
63 29 92.2551879883 1
63 29 92.2555923462 1
63 29 92.2562408447 1
63 29 92.2572250366 1
63 29 92.2583694458 1
63 29 92.2964706421 1
63 29 92.3237609863 1
63 29 92.3305435181 1
63 29 92.3508834839 1
63 29 92.3528289795 1
63 29 92.3797836304 1
63 29 92.393409729 1
63 29 92.3969345093 1
63 29 92.4114685059 1
63 29 92.4196853638 1
63 29 92.4206542969 1
63 29 92.4233779907 1
63 29 92.439201355 1
63 29 92.4708709717 1
63 29 92.4755859375 1
63 29 92.479057312 1
63 29 92.4808273315 1
63 29 92.4964599609 1
63 29 92.5094070435 1
63 29 92.5211791992 1
63 29 92.5243835449 1
63 29 92.5364303589 1
63 29 92.5411071777 1
63 29 92.5628585815 1
63 29 92.5725784302 1
63 29 92.5746841431 1
63 29 92.5979537964 1
63 29 92.5988693237 1
63 29 92.6128311157 1
63 29 92.6202468872 1
63 29 92.6244659424 1
63 29 92.6644897461 1
63 29 92.6786117554 1
63 29 92.6811752319 1
63 29 92.6990966797 1
63 29 92.6996765137 1
63 29 92.7094802856 1
63 29 92.7391281128 1
63 29 92.7709503174 1
63 29 92.7725753784 1
63 29 92.7756271362 1
63 29 92.7758178711 1
63 29 92.7909393311 1
63 29 92.7944793701 1
63 29 92.811706543 1
63 29 92.8460464478 1
63 29 92.8521575928 1
63 29 92.8822860718 1
63 29 92.883392334 1
63 29 92.88671875 1
63 29 92.8984222412 1
63 29 92.9159011841 1
63 29 92.9174804688 1
63 29 92.9565582275 1
63 29 92.9569168091 1
63 29 92.9590759277 1
63 29 93.0116195679 1
63 29 93.0325546265 1
63 29 93.0470733643 1
63 29 93.0690078735 1
63 29 93.0865325928 1
63 29 93.1145935059 1
63 29 93.1195449829 1
63 29 93.1366500854 1
63 29 93.1510620117 1
63 29 93.155090332 1
63 29 93.15574646 1
63 29 93.1988372803 1
63 29 93.204246521 1
63 29 93.2260055542 1
63 29 93.2661437988 1
63 29 93.2743606567 1
63 29 93.324508667 1
63 29 93.3471221924 1
63 29 93.3495941162 1
63 29 93.3622894287 1
63 29 93.3657531738 1
63 29 93.3786315918 1
63 29 93.4029541016 1
63 29 93.4154663086 1
63 29 93.4395370483 1
63 29 93.4437255859 1
63 29 93.4447860718 1
63 29 93.4564666748 1
63 29 93.4638061523 1
63 29 93.4668731689 1
63 29 93.4678955078 1
63 29 93.4718170166 1
63 29 93.4794464111 1
63 29 93.4951095581 1
63 29 93.5123291016 1
63 29 93.5248413086 1
63 29 93.532661438 1
63 29 93.5447921753 1
63 29 93.5509643555 1
63 29 93.5701370239 1
63 29 93.5888595581 1
63 29 93.589012146 1
63 29 93.6218261719 1
63 29 93.6574478149 1
63 29 93.661819458 1
63 29 93.6703186035 1
63 29 93.6821899414 1
63 29 93.6993179321 1
63 29 93.7030715942 1
63 29 93.7085723877 1
63 29 93.7135925293 1
63 29 93.7231826782 1
63 29 93.7563018799 1
63 29 93.7575378418 1
63 29 93.7592849731 1
63 29 93.7607879639 1
63 29 93.7730484009 1
63 29 93.7730712891 1
63 29 93.7793884277 1
63 29 93.8049240112 1
63 29 93.808883667 1
63 29 93.835067749 1
63 29 93.8396453857 1
63 29 93.8515167236 1
63 29 93.8599777222 1
63 29 93.8776779175 1
63 29 93.8784637451 1
63 29 93.8952636719 1
63 29 93.9142608643 1
63 29 93.9241638184 1
63 29 93.928527832 1
63 29 93.9370193481 1
63 29 93.9456481934 1
63 29 93.9508895874 1
63 29 93.9795761108 1
63 29 93.9809036255 1
63 29 93.9970779419 1
63 29 94.0087814331 1
63 29 94.0089263916 1
63 29 94.0305175781 1
63 29 94.031791687 1
63 29 94.0351104736 1
63 29 94.036026001 1
63 29 94.0469894409 1
63 29 94.0491867065 1
63 29 94.0596542358 1
63 29 94.0627288818 1
63 29 94.0652923584 1
63 29 94.0882720947 1
63 29 94.0941238403 1
63 29 94.0964355469 1
63 29 94.0990066528 1
63 29 94.1055145264 1
63 29 94.1091918945 1
63 29 94.1145706177 1
63 29 94.1151733398 1
63 29 94.1326675415 1
63 29 94.1327972412 1
63 29 94.1568069458 1
63 29 94.1664886475 1
63 29 94.1755371094 1
63 29 94.1886978149 1
63 29 94.1927642822 1
63 29 94.1943130493 1
63 29 94.201385498 1
63 29 94.226234436 1
63 29 94.2309875488 1
63 29 94.2840499878 1
63 29 94.2893600464 1
63 29 94.3198699951 1
63 29 94.3243865967 1
63 29 94.3610153198 1
63 29 94.3837966919 1
63 29 94.3885650635 1
63 29 94.3911895752 1
63 29 94.4199981689 1
63 29 94.4374389648 1
63 29 94.4405822754 1
63 29 94.4458694458 1
63 29 94.4545135498 1
63 29 94.4578475952 1
63 29 94.4652862549 1
63 29 94.4973907471 1
63 29 94.5149841309 1
63 29 94.5228881836 1
63 29 94.550491333 1
63 29 94.5717163086 1
63 29 94.5831375122 1
63 29 94.6118774414 1
63 29 94.6277923584 1
63 29 94.6357879639 1
63 29 94.6490707397 1
63 29 94.6502914429 1
63 29 94.6722335815 1
63 29 94.6832962036 1
63 29 94.6944046021 1
63 29 94.7010498047 1
63 29 94.7051620483 1
63 29 94.7143249512 1
63 29 94.7197418213 1
63 29 94.7698745728 1
63 29 94.7787094116 1
63 29 94.7877960205 1
63 29 94.7968826294 1
63 29 94.8342132568 1
63 29 94.8363952637 1
63 29 94.8414230347 1
63 29 94.8548355103 1
63 29 94.8715515137 1
63 29 94.9023971558 1
63 29 94.9141464233 1
63 29 94.9172592163 1
63 29 94.9264755249 1
63 29 94.9287490845 1
63 29 94.9321899414 1
63 29 94.937286377 1
63 29 94.9374542236 1
63 29 94.9663619995 1
63 29 94.9709854126 1
63 29 94.9710922241 1
63 29 94.9771270752 1
63 29 94.992515564 1
63 29 94.9997558594 1
63 29 95.0008468628 1
63 29 95.0029144287 1
63 29 95.0106735229 1
63 29 95.0328063965 1
63 29 95.0355377197 1
63 29 95.0371246338 1
63 29 95.0423660278 1
63 29 95.0496749878 1
63 29 95.0549926758 1
63 29 95.0554046631 1
63 29 95.0654067993 1
63 29 95.066947937 1
63 29 95.0681610107 1
63 29 95.1024703979 1
63 29 95.1248855591 1
63 29 95.1250076294 1
63 29 95.1264953613 1
63 29 95.1278533936 1
63 29 95.1389770508 1
63 29 95.1419448853 1
63 29 95.1537780762 1
63 29 95.1665420532 1
63 29 95.1770324707 1
63 29 95.1874237061 1
63 29 95.1960983276 1
63 29 95.1984024048 1
63 29 95.2060317993 1
63 29 95.2264328003 1
63 29 95.2485961914 1
63 29 95.2504272461 1
63 29 95.2520141602 1
63 29 95.2873916626 1
63 29 95.2939758301 1
63 29 95.3115921021 1
63 29 95.3141403198 1
63 29 95.3250045776 1
63 29 95.356552124 1
63 29 95.3628082275 1
63 29 95.3637924194 1
63 29 95.3647232056 1
63 29 95.364982605 1
63 29 95.3716049194 1
63 29 95.4018325806 1
63 29 95.4130630493 1
63 29 95.4215774536 1
63 29 95.4358291626 1
63 29 95.4636764526 1
63 29 95.4956970215 1
63 29 95.5111846924 1
63 29 95.5217437744 1
63 29 95.5227966309 1
63 29 95.5319976807 1
63 29 95.5407028198 1
63 29 95.5434036255 1
63 29 95.5481262207 1
63 29 95.5997467041 1
63 29 95.6044464111 1
63 29 95.6281051636 1
63 29 95.6335067749 1
63 29 95.6355438232 1
63 29 95.6853027344 1
63 29 95.698638916 1
63 29 95.7159576416 1
63 29 95.7301635742 1
63 29 95.7491149902 1
63 29 95.749961853 1
63 29 95.7690429688 1
63 29 95.7965164185 1
63 29 95.7981567383 1
63 29 95.8154678345 1
63 29 95.8272399902 1
63 29 95.843536377 1
63 29 95.8656311035 1
63 29 95.8742294312 1
63 29 95.879486084 1
63 29 95.8870315552 1
63 29 95.8992156982 1
63 29 95.9237823486 1
63 29 95.930519104 1
63 29 95.9428100586 1
63 29 95.9527435303 1
63 29 95.967124939 1
63 29 96.0049209595 1
63 29 96.0081253052 1
63 29 96.0153503418 1
63 29 96.0187759399 1
63 29 96.0276260376 1
63 29 96.0599060059 1
63 29 96.0621109009 1
63 29 96.0765304565 1
63 29 96.0796279907 1
63 29 96.0811462402 1
63 29 96.1092224121 1
63 29 96.1099624634 1
63 29 96.1196365356 1
63 29 96.1351776123 1
63 29 96.1529769897 1
63 29 96.1702880859 1
63 29 96.1739044189 1
63 29 96.1835861206 1
63 29 96.244972229 1
63 29 96.2632980347 1
63 29 96.2927093506 1
63 29 96.2968673706 1
63 29 96.2993240356 1
63 29 96.3015823364 1
63 29 96.318321228 1
63 29 96.3864822388 1
63 29 96.4004669189 1
63 29 96.4156265259 1
63 29 96.4202194214 1
63 29 96.4328384399 1
63 29 96.433631897 1
63 29 96.4477386475 1
63 29 96.4560852051 1
63 29 96.4732208252 1
63 29 96.4771881104 1
63 29 96.49269104 1
63 29 96.5224304199 1
63 29 96.5302963257 1
63 29 96.5313720703 1
63 29 96.556388855 1
63 29 96.5620346069 1
63 29 96.5775375366 1
63 29 96.577583313 1
63 29 96.5860366821 1
63 29 96.5871124268 1
63 29 96.5906143188 1
63 29 96.6123809814 1
63 29 96.6143951416 1
63 29 96.6147766113 1
63 29 96.621635437 1
63 29 96.6318283081 1
63 29 96.635307312 1
63 29 96.65625 1
63 29 96.657661438 1
63 29 96.6768569946 1
63 29 96.6837005615 1
63 29 96.7005462646 1
63 29 96.7157363892 1
63 29 96.7573623657 1
63 29 96.7644348145 1
63 29 96.7845153809 1
63 29 96.7902145386 1
63 29 96.7936248779 1
63 29 96.8064651489 1
63 29 96.8079986572 1
63 29 96.8147506714 1
63 29 96.8328094482 1
63 29 96.8372344971 1
63 29 96.8406677246 1
63 29 96.8666534424 1
63 29 96.8875045776 1
63 29 96.9028015137 1
63 29 96.9255981445 1
63 29 96.9272155762 1
63 29 96.9652786255 1
63 29 96.9853973389 1
63 29 96.9874267578 1
63 29 96.9906692505 1
63 29 96.9912261963 1
63 29 97.0016479492 1
63 29 97.0028991699 1
63 29 97.0076522827 1
63 29 97.018447876 1
63 29 97.0347900391 1
63 29 97.0968933105 1
63 29 97.1214294434 1
63 29 97.1333007812 1
63 29 97.1407928467 1
63 29 97.2015533447 1
63 29 97.2077865601 1
63 29 97.2085189819 1
63 29 97.2182540894 1
63 29 97.2300186157 1
63 29 97.2421875 1
63 29 97.2487716675 1
63 29 97.2554168701 1
63 29 97.2604370117 1
63 29 97.2699584961 1
63 29 97.2975234985 1
63 29 97.3001708984 1
63 29 97.3085327148 1
63 29 97.3127288818 1
63 29 97.3271865845 1
63 29 97.3376312256 1
63 29 97.3482513428 1
63 29 97.3635940552 1
63 29 97.3720550537 1
63 29 97.3750686646 1
63 29 97.3885650635 1
63 29 97.4633331299 1
63 29 97.4667434692 1
63 29 97.4688415527 1
63 29 97.4735488892 1
63 29 97.4758605957 1
63 29 97.514793396 1
63 29 97.523109436 1
63 29 97.5257263184 1
63 29 97.5393600464 1
63 29 97.5424499512 1
63 29 97.5746765137 1
63 29 97.5971984863 1
63 29 97.6137771606 1
63 29 97.6250915527 1
63 29 97.6532821655 1
63 29 97.6671447754 1
63 29 97.6809234619 1
63 29 97.7170410156 1
63 29 97.7276229858 1
63 29 97.7420120239 1
63 29 97.7610244751 1
63 29 97.7695465088 1
63 29 97.7850723267 1
63 29 97.7881240845 1
63 29 97.7914505005 1
63 29 97.8279495239 1
63 29 97.8287963867 1
63 29 97.8304901123 1
63 29 97.83568573 1
63 29 97.8421554565 1
63 29 97.8926391602 1
63 29 97.9155654907 1
63 29 97.9644699097 1
63 29 97.9684371948 1
63 29 97.9850006104 1
63 29 97.9875717163 1
63 29 97.9951324463 1
63 29 98.0181121826 1
63 29 98.0286712646 1
63 29 98.0581130981 1
63 29 98.06199646 1
63 29 98.0915145874 1
63 29 98.1244125366 1
63 29 98.1381149292 1
63 29 98.1591796875 1
63 29 98.1795349121 1
63 29 98.1956710815 1
63 29 98.1965179443 1
63 29 98.1987533569 1
63 29 98.243019104 1
63 29 98.2555007935 1
63 29 98.2634048462 1
63 29 98.2722015381 1
63 29 98.2765045166 1
63 29 98.2783355713 1
63 29 98.2894821167 1
63 29 98.3049926758 1
63 29 98.3367462158 1
63 29 98.3391036987 1
63 29 98.3607025146 1
63 29 98.4038085938 1
63 29 98.4056091309 1
63 29 98.407875061 1
63 29 98.4112625122 1
63 29 98.4232788086 1
63 29 98.428024292 1
63 29 98.4280776978 1
63 29 98.4323654175 1
63 29 98.4403533936 1
63 29 98.5102005005 1
63 29 98.512550354 1
63 29 98.5175323486 1
63 29 98.5402679443 1
63 29 98.5550308228 1
63 29 98.5925674438 1
63 29 98.5946807861 1
63 29 98.6256942749 1
63 29 98.6313323975 1
63 29 98.6729507446 1
63 29 98.6992034912 1
63 29 98.7083282471 1
63 29 98.7284317017 1
63 29 98.7350616455 1
63 29 98.7399673462 1
63 29 98.7641448975 1
63 29 98.8180160522 1
63 29 98.8254699707 1
63 29 98.8563919067 1
63 29 98.901725769 1
63 29 98.9248809814 1
63 29 98.9290542603 1
63 29 98.958732605 1
63 29 99.0167770386 1
63 29 99.0449981689 1
63 29 99.0459136963 1
63 29 99.1172790527 1
63 29 99.1215057373 1
63 29 99.1247634888 1
63 29 99.1261825562 1
63 29 99.1267623901 1
63 29 99.1285476685 1
63 29 99.141242981 1
63 29 99.1475601196 1
63 29 99.1750869751 1
63 29 99.1765213013 1
63 29 99.2274780273 1
63 29 99.2496948242 1
63 29 99.2767791748 1
63 29 99.2872543335 1
63 29 99.2905197144 1
63 29 99.3034744263 1
63 29 99.3069610596 1
63 29 99.3238677979 1
63 29 99.3719329834 1
63 29 99.3820037842 1
63 29 99.384552002 1
63 29 99.3972473145 1
63 29 99.3979949951 1
63 29 99.3988876343 1
63 29 99.4058303833 1
63 29 99.4149932861 1
63 29 99.4247283936 1
63 29 99.431678772 1
63 29 99.440864563 1
63 29 99.4638214111 1
63 29 99.4660339355 1
63 29 99.4792556763 1
63 29 99.509513855 1
63 29 99.5168457031 1
63 29 99.5426025391 1
63 29 99.5533599854 1
63 29 99.5822219849 1
63 29 99.5828857422 1
63 29 99.5902328491 1
63 29 99.5955886841 1
63 29 99.6299667358 1
63 29 99.6360092163 1
63 29 99.642791748 1
63 29 99.6609573364 1
63 29 99.6885070801 1
63 29 99.7090682983 1
63 29 99.7156295776 1
63 29 99.726600647 1
63 29 99.7422943115 1
63 29 99.8079528809 1
63 29 99.8189620972 1
63 29 99.8201217651 1
63 29 99.8256759644 1
63 29 99.8296737671 1
63 29 99.8328781128 1
63 29 99.8574676514 1
63 29 99.8636016846 1
63 29 99.8968582153 1
63 29 99.9062271118 1
63 29 99.9092254639 1
63 29 99.909576416 1
63 29 99.9272384644 1
63 29 99.9275970459 1
63 29 99.9566192627 1
63 29 99.9804763794 1
63 29 100.017021179 1
63 29 100.025764465 1
63 29 100.046005249 1
63 29 100.07118988 1
63 29 100.074775696 1
63 29 100.111595154 1
63 29 100.160545349 1
63 29 100.17805481 1
63 29 100.237693787 1
63 29 100.25025177 1
63 29 100.270462036 1
63 29 100.27368927 1
63 29 100.275947571 1
63 29 100.277015686 1
63 29 100.279449463 1
63 29 100.314125061 1
63 29 100.316833496 1
63 29 100.322822571 1
63 29 100.353500366 1
63 29 100.389129639 1
63 29 100.426773071 1
63 29 100.42881012 1
63 29 100.430374146 1
63 29 100.444335938 1
63 29 100.495750427 1
63 29 100.500785828 1
63 29 100.532447815 1
63 29 100.534820557 1
63 29 100.536758423 1
63 29 100.542572021 1
63 29 100.546279907 1
63 29 100.561859131 1
63 29 100.564064026 1
63 29 100.573928833 1
63 29 100.605789185 1
63 29 100.642562866 1
63 29 100.645149231 1
63 29 100.65561676 1
63 29 100.678649902 1
63 29 100.700942993 1
63 29 100.710449219 1
63 29 100.711967468 1
63 29 100.720169067 1
63 29 100.737960815 1
63 29 100.745269775 1
63 29 100.749588013 1
63 29 100.763542175 1
63 29 100.769721985 1
63 29 100.780784607 1
63 29 100.820137024 1
63 29 100.825279236 1
63 29 100.854492188 1
63 29 100.866470337 1
63 29 100.878990173 1
63 29 100.899635315 1
63 29 100.910629272 1
63 29 100.925811768 1
63 29 100.93535614 1
63 29 100.936500549 1
63 29 100.972000122 1
63 29 100.972518921 1
63 29 101.003883362 1
63 29 101.006607056 1
63 29 101.017623901 1
63 29 101.026390076 1
63 29 101.098815918 1
63 29 101.107116699 1
63 29 101.136268616 1
63 29 101.163345337 1
63 29 101.175308228 1
63 29 101.208732605 1
63 29 101.300857544 1
63 29 101.302879333 1
63 29 101.314910889 1
63 29 101.332466125 1
63 29 101.348510742 1
63 29 101.365982056 1
63 29 101.406044006 1
63 29 101.439582825 1
63 29 101.445709229 1
63 29 101.461433411 1
63 29 101.478752136 1
63 29 101.486442566 1
63 29 101.502792358 1
63 29 101.533401489 1
63 29 101.539672852 1
63 29 101.540878296 1
63 29 101.549880981 1
63 29 101.576683044 1
63 29 101.57926178 1
63 29 101.67401886 1
63 29 101.689308167 1
63 29 101.699310303 1
63 29 101.712463379 1
63 29 101.713447571 1
63 29 101.717018127 1
63 29 101.719451904 1
63 29 101.752403259 1
63 29 101.77117157 1
63 29 101.785926819 1
63 29 101.787384033 1
63 29 101.865135193 1
63 29 101.877220154 1
63 29 101.880134583 1
63 29 101.889549255 1
63 29 101.900192261 1
63 29 101.916038513 1
63 29 101.94128418 1
63 29 102.020401001 1
63 29 102.033226013 1
63 29 102.088783264 1
63 29 102.092063904 1
63 29 102.092918396 1
63 29 102.1015625 1
63 29 102.116256714 1
63 29 102.128646851 1
63 29 102.139564514 1
63 29 102.147468567 1
63 29 102.148826599 1
63 29 102.151596069 1
63 29 102.196601868 1
63 29 102.228919983 1
63 29 102.256736755 1
63 29 102.264846802 1
63 29 102.312194824 1
63 29 102.317832947 1
63 29 102.389656067 1
63 29 102.394607544 1
63 29 102.41091156 1
63 29 102.423477173 1
63 29 102.425262451 1
63 29 102.448638916 1
63 29 102.505836487 1
63 29 102.551521301 1
63 29 102.554031372 1
63 29 102.562942505 1
63 29 102.575210571 1
63 29 102.601699829 1
63 29 102.60307312 1
63 29 102.603210449 1
63 29 102.630470276 1
63 29 102.640045166 1
63 29 102.644378662 1
63 29 102.669425964 1
63 29 102.704101562 1
63 29 102.730674744 1
63 29 102.732467651 1
63 29 102.785202026 1
63 29 102.796539307 1
63 29 102.808692932 1
63 29 102.825317383 1
63 29 102.856117249 1
63 29 102.886978149 1
63 29 102.933830261 1
63 29 102.9506073 1
63 29 102.96522522 1
63 29 102.97013092 1
63 29 102.983055115 1
63 29 103.006111145 1
63 29 103.063903809 1
63 29 103.068733215 1
63 29 103.076660156 1
63 29 103.082191467 1
63 29 103.10332489 1
63 29 103.105476379 1
63 29 103.110671997 1
63 29 103.111122131 1
63 29 103.119544983 1
63 29 103.231216431 1
63 29 103.233833313 1
63 29 103.241706848 1
63 29 103.244064331 1
63 29 103.283287048 1
63 29 103.312072754 1
63 29 103.315467834 1
63 29 103.320396423 1
63 29 103.332359314 1
63 29 103.347869873 1
63 29 103.356071472 1
63 29 103.381576538 1
63 29 103.413276672 1
63 29 103.418052673 1
63 29 103.437950134 1
63 29 103.451660156 1
63 29 103.463218689 1
63 29 103.506057739 1
63 29 103.507316589 1
63 29 103.511032104 1
63 29 103.525268555 1
63 29 103.546966553 1
63 29 103.556373596 1
63 29 103.559928894 1
63 29 103.56690979 1
63 29 103.580215454 1
63 29 103.592651367 1
63 29 103.614990234 1
63 29 103.636375427 1
63 29 103.667282104 1
63 29 103.69367218 1
63 29 103.763031006 1
63 29 103.782035828 1
63 29 103.808860779 1
63 29 103.810890198 1
63 29 103.816574097 1
63 29 103.885704041 1
63 29 103.941673279 1
63 29 103.953613281 1
63 29 103.957420349 1
63 29 103.998085022 1
63 29 104.012786865 1
63 29 104.030220032 1
63 29 104.049034119 1
63 29 104.058624268 1
63 29 104.106781006 1
63 29 104.112251282 1
63 29 104.123535156 1
63 29 104.158477783 1
63 29 104.164703369 1
63 29 104.199295044 1
63 29 104.215797424 1
63 29 104.220153809 1
63 29 104.228729248 1
63 29 104.288337708 1
63 29 104.30796814 1
63 29 104.314353943 1
63 29 104.320480347 1
63 29 104.343177795 1
63 29 104.357711792 1
63 29 104.363861084 1
63 29 104.388435364 1
63 29 104.38936615 1
63 29 104.39981842 1
63 29 104.411819458 1
63 29 104.420402527 1
63 29 104.423942566 1
63 29 104.457122803 1
63 29 104.511810303 1
63 29 104.542381287 1
63 29 104.571182251 1
63 29 104.586372375 1
63 29 104.586555481 1
63 29 104.597351074 1
63 29 104.616386414 1
63 29 104.618553162 1
63 29 104.627296448 1
63 29 104.636207581 1
63 29 104.636238098 1
63 29 104.644111633 1
63 29 104.660934448 1
63 29 104.662559509 1
63 29 104.690460205 1
63 29 104.709625244 1
63 29 104.710083008 1
63 29 104.72102356 1
63 29 104.723213196 1
63 29 104.819007874 1
63 29 104.858833313 1
63 29 104.882522583 1
63 29 104.899635315 1
63 29 104.902351379 1
63 29 104.915664673 1
63 29 104.917907715 1
63 29 104.957931519 1
63 29 104.990776062 1
63 29 105.00995636 1
63 29 105.052192688 1
63 29 105.070503235 1
63 29 105.081359863 1
63 29 105.104957581 1
63 29 105.107711792 1
63 29 105.11631012 1
63 29 105.119789124 1
63 29 105.119796753 1
63 29 105.136009216 1
63 29 105.178672791 1
63 29 105.200050354 1
63 29 105.226287842 1
63 29 105.23085022 1
63 29 105.253593445 1
63 29 105.307449341 1
63 29 105.30897522 1
63 29 105.314666748 1
63 29 105.328445435 1
63 29 105.37562561 1
63 29 105.375984192 1
63 29 105.41027832 1
63 29 105.43422699 1
63 29 105.441734314 1
63 29 105.443969727 1
63 29 105.471694946 1
63 29 105.51108551 1
63 29 105.527053833 1
63 29 105.540359497 1
63 29 105.553131104 1
63 29 105.559211731 1
63 29 105.593986511 1
63 29 105.613952637 1
63 29 105.645210266 1
63 29 105.654953003 1
63 29 105.66204071 1
63 29 105.664825439 1
63 29 105.698974609 1
63 29 105.716888428 1
63 29 105.728942871 1
63 29 105.730606079 1
63 29 105.73853302 1
63 29 105.776138306 1
63 29 105.783843994 1
63 29 105.792648315 1
63 29 105.806976318 1
63 29 105.807060242 1
63 29 105.84299469 1
63 29 105.843521118 1
63 29 105.881248474 1
63 29 105.932685852 1
63 29 105.979049683 1
63 29 106.04875946 1
63 29 106.065917969 1
63 29 106.06703949 1
63 29 106.08972168 1
63 29 106.103569031 1
63 29 106.104904175 1
63 29 106.11290741 1
63 29 106.216644287 1
63 29 106.26449585 1
63 29 106.273849487 1
63 29 106.278083801 1
63 29 106.350570679 1
63 29 106.362663269 1
63 29 106.390220642 1
63 29 106.418968201 1
63 29 106.423995972 1
63 29 106.424072266 1
63 29 106.463890076 1
63 29 106.486930847 1
63 29 106.490661621 1
63 29 106.500938416 1
63 29 106.506690979 1
63 29 106.545608521 1
63 29 106.645500183 1
63 29 106.653381348 1
63 29 106.663047791 1
63 29 106.761322021 1
63 29 106.776023865 1
63 29 106.82900238 1
63 29 106.845275879 1
63 29 106.863105774 1
63 29 106.96635437 1
63 29 106.998718262 1
63 29 107.003791809 1
63 29 107.064682007 1
63 29 107.104469299 1
63 29 107.14793396 1
63 29 107.23135376 1
63 29 107.329627991 1
63 29 107.342758179 1
63 29 107.501571655 1
63 29 107.522239685 1
63 29 107.528831482 1
63 29 107.54447937 1
63 29 107.553314209 1
63 29 107.559440613 1
63 29 107.587005615 1
63 29 107.595321655 1
63 29 107.639450073 1
63 29 107.6769104 1
63 29 107.74433136 1
63 29 107.766311646 1
63 29 107.770233154 1
63 29 107.787788391 1
63 29 107.791847229 1
63 29 107.79271698 1
63 29 107.833625793 1
63 29 107.847702026 1
63 29 107.949485779 1
63 29 107.97505188 1
63 29 107.990486145 1
63 29 108.07056427 1
63 29 108.089508057 1
63 29 108.113723755 1
63 29 108.186721802 1
63 29 108.215820312 1
63 29 108.265205383 1
63 29 108.267242432 1
63 29 108.271247864 1
63 29 108.325523376 1
63 29 108.373023987 1
63 29 108.434776306 1
63 29 108.487556458 1
63 29 108.4894104 1
63 29 108.515983582 1
63 29 108.57837677 1
63 29 108.739303589 1
63 29 108.792030334 1
63 29 108.898925781 1
63 29 108.917884827 1
63 29 108.927879333 1
63 29 108.928939819 1
63 29 108.957290649 1
63 29 109.09564209 1
63 29 109.09928894 1
63 29 109.211845398 1
63 29 109.23134613 1
63 29 109.242462158 1
63 29 109.27986145 1
63 29 109.285919189 1
63 29 109.303070068 1
63 29 109.319595337 1
63 29 109.345420837 1
63 29 109.485954285 1
63 29 109.494468689 1
63 29 109.501815796 1
63 29 109.54498291 1
63 29 109.563568115 1
63 29 109.577720642 1
63 29 109.645950317 1
63 29 109.701408386 1
63 29 109.743377686 1
63 29 109.787719727 1
63 29 109.832931519 1
63 29 109.852935791 1
63 29 109.86479187 1
63 29 109.934501648 1
63 29 109.945800781 1
63 29 109.999519348 1
63 29 109.999992371 1
63 29 110.039260864 1
63 29 110.087188721 1
63 29 110.228225708 1
63 29 110.230117798 1
63 29 110.276405334 1
63 29 110.306716919 1
63 29 110.364738464 1
63 29 110.487083435 1
63 29 110.539497375 1
63 29 110.585655212 1
63 29 110.587005615 1
63 29 110.623802185 1
63 29 110.643157959 1
63 29 110.643257141 1
63 29 110.679443359 1
63 29 110.686973572 1
63 29 110.699020386 1
63 29 110.78137207 1
63 29 110.78717041 1
63 29 110.860809326 1
63 29 110.876617432 1
63 29 110.93347168 1
63 29 110.969917297 1
63 29 110.976646423 1
63 29 110.984130859 1
63 29 111.003829956 1
63 29 111.077026367 1
63 29 111.135513306 1
63 29 111.161254883 1
63 29 111.289360046 1
63 29 111.346443176 1
63 29 111.404983521 1
63 29 111.44908905 1
63 29 111.462997437 1
63 29 111.499382019 1
63 29 111.505447388 1
63 29 111.615814209 1
63 29 111.700210571 1
63 29 111.768768311 1
63 29 111.801521301 1
63 29 111.816093445 1
63 29 111.829345703 1
63 29 111.892860413 1
63 29 111.943054199 1
63 29 112.048912048 1
63 29 112.088394165 1
63 29 112.092674255 1
63 29 112.093688965 1
63 29 112.174636841 1
63 29 112.246109009 1
63 29 112.263320923 1
63 29 112.309112549 1
63 29 112.378463745 1
63 29 112.400932312 1
63 29 112.433624268 1
63 29 112.443778992 1
63 29 112.582344055 1
63 29 112.623146057 1
63 29 112.719680786 1
63 29 112.759109497 1
63 29 112.858795166 1
63 29 112.885986328 1
63 29 112.927635193 1
63 29 112.950668335 1
63 29 112.955085754 1
63 29 113.018211365 1
63 29 113.040023804 1
63 29 113.048171997 1
63 29 113.055130005 1
63 29 113.190040588 1
63 29 113.208404541 1
63 29 113.271003723 1
63 29 113.334472656 1
63 29 113.34211731 1
63 29 113.343757629 1
63 29 113.350585938 1
63 29 113.394729614 1
63 29 113.431190491 1
63 29 113.448059082 1
63 29 113.468742371 1
63 29 113.475532532 1
63 29 113.549026489 1
63 29 113.572357178 1
63 29 113.576675415 1
63 29 113.672615051 1
63 29 113.712722778 1
63 29 113.728042603 1
63 29 113.73009491 1
63 29 113.791755676 1
63 29 113.802253723 1
63 29 113.804862976 1
63 29 113.866699219 1
63 29 113.873916626 1
63 29 113.894706726 1
63 29 113.918060303 1
63 29 113.921295166 1
63 29 114.011375427 1
63 29 114.144828796 1
63 29 114.178375244 1
63 29 114.220199585 1
63 29 114.370475769 1
63 29 114.44127655 1
63 29 114.442901611 1
63 29 114.465118408 1
63 29 114.511787415 1
63 29 114.515617371 1
63 29 114.578689575 1
63 29 114.630622864 1
63 29 114.67301178 1
63 29 114.680183411 1
63 29 114.827217102 1
63 29 114.896011353 1
63 29 114.939109802 1
63 29 115.016967773 1
63 29 115.09223175 1
63 29 115.118728638 1
63 29 115.129371643 1
63 29 115.361717224 1
63 29 115.392448425 1
63 29 115.444976807 1
63 29 115.472297668 1
63 29 115.511413574 1
63 29 115.610710144 1
63 29 115.655990601 1
63 29 115.720252991 1
63 29 115.720710754 1
63 29 115.837608337 1
63 29 115.841766357 1
63 29 115.872001648 1
63 29 115.966133118 1
63 29 115.989700317 1
63 29 116.20198822 1
63 29 116.337776184 1
63 29 116.442344666 1
63 29 116.607666016 1
63 29 116.701774597 1
63 29 116.722244263 1
63 29 116.75693512 1
63 29 116.896270752 1
63 29 116.914611816 1
63 29 116.934791565 1
63 29 117.00806427 1
63 29 117.082572937 1
63 29 117.107521057 1
63 29 117.338294983 1
63 29 117.370895386 1
63 29 117.375747681 1
63 29 117.401817322 1
63 29 117.711357117 1
63 29 117.743919373 1
63 29 117.833282471 1
63 29 117.998703003 1
63 29 118.06161499 1
63 29 118.070220947 1
63 29 118.17527771 1
63 29 118.189842224 1
63 29 118.301864624 1
63 29 118.444976807 1
63 29 118.522506714 1
63 29 118.526741028 1
63 29 118.605567932 1
63 29 118.61756897 1
63 29 118.782211304 1
63 29 118.863899231 1
63 29 118.946617126 1
63 29 119.034286499 1
63 29 119.130073547 1
63 29 119.23739624 1
63 29 119.256774902 1
63 29 119.261795044 1
63 29 119.267654419 1
63 29 119.385345459 1
63 29 119.508422852 1
63 29 119.601249695 1
63 29 119.665054321 1
63 29 119.695213318 1
63 29 119.720703125 1
63 29 119.906898499 1
63 29 119.952880859 1
63 29 120.04473877 1
63 29 120.165359497 1
63 29 120.367286682 1
63 29 120.478652954 1
63 29 120.603904724 1
63 29 120.854545593 1
63 29 120.876922607 1
63 29 121.045448303 1
63 29 121.085700989 1
63 29 121.094329834 1
63 29 121.145149231 1
63 29 121.421173096 1
63 29 121.897247314 1
63 29 122.247673035 1
63 29 122.32308197 1
63 29 122.416236877 1
63 29 122.581893921 1
63 29 122.58429718 1
63 29 122.613128662 1
63 29 122.69443512 1
63 29 122.799888611 1
63 29 122.811920166 1
63 29 122.898422241 1
63 29 122.916267395 1
63 29 122.976860046 1
63 29 123.101623535 1
63 29 123.191009521 1
63 29 123.246192932 1
63 29 123.278404236 1
63 29 123.410873413 1
63 29 123.447624207 1
63 29 123.568153381 1
63 29 123.809265137 1
63 29 123.818656921 1
63 29 123.839149475 1
63 29 123.974380493 1
63 29 123.991371155 1
63 29 124.047431946 1
63 29 124.065834045 1
63 29 124.364616394 1
63 29 124.420631409 1
63 29 124.783241272 1
63 29 124.796768188 1
63 29 124.801727295 1
63 29 124.84147644 1
63 29 124.892753601 1
63 29 124.969818115 1
63 29 125.007293701 1
63 29 125.061393738 1
63 29 125.145828247 1
63 29 125.174728394 1
63 29 125.215827942 1
63 29 125.367958069 1
63 29 125.368469238 1
63 29 125.635437012 1
63 29 125.672401428 1
63 29 125.746253967 1
63 29 125.981956482 1
63 29 126.025283813 1
63 29 126.073699951 1
63 29 126.348701477 1
63 29 126.431686401 1
63 29 126.809516907 1
63 29 126.965919495 1
63 29 127.002906799 1
63 29 127.022155762 1
63 29 127.218215942 1
63 29 127.227867126 1
63 29 127.439094543 1
63 29 127.445655823 1
63 29 127.500358582 1
63 29 127.599914551 1
63 29 127.621871948 1
63 29 127.729232788 1
63 29 127.790802002 1
63 29 128.08833313 1
63 29 128.3125 1
63 29 128.426589966 1
63 29 128.455856323 1
63 29 128.520263672 1
63 29 128.553878784 1
63 29 128.59513855 1
63 29 128.777664185 1
63 29 128.78755188 1
63 29 128.819778442 1
63 29 128.820449829 1
63 29 129.267684937 1
63 29 129.296905518 1
63 29 129.356628418 1
63 29 129.761291504 1
63 29 129.841125488 1
63 29 130.182571411 1
63 29 130.190200806 1
63 29 130.259735107 1
63 29 130.428070068 1
63 29 130.882141113 1
63 29 131.019577026 1
63 29 131.181869507 1
63 29 131.362762451 1
63 29 131.430679321 1
63 29 131.436050415 1
63 29 131.631942749 1
63 29 131.931106567 1
63 29 132.073898315 1
63 29 132.135894775 1
63 29 132.264770508 1
63 29 132.437774658 1
63 29 132.623596191 1
63 29 132.862136841 1
63 29 133.101089478 1
63 29 133.21534729 1
63 29 133.377532959 1
63 29 133.862518311 1
63 29 133.99206543 1
63 29 134.101974487 1
63 29 134.632843018 1
63 29 134.641036987 1
63 29 134.679428101 1
63 29 134.687515259 1
63 29 134.799102783 1
63 29 134.80682373 1
63 29 134.911865234 1
63 29 135.070846558 1
63 29 135.452545166 1
63 29 135.457443237 1
63 29 135.561401367 1
63 29 135.568756104 1
63 29 135.706939697 1
63 29 135.763305664 1
63 29 135.937332153 1
63 29 135.991165161 1
63 29 136.123260498 1
63 29 136.407562256 1
63 29 136.609283447 1
63 29 137.048477173 1
63 29 137.058944702 1
63 29 137.270294189 1
63 29 137.74269104 1
63 29 138.716064453 1
63 29 139.609603882 1
63 29 139.612991333 1
63 29 139.72076416 1
63 29 140.154586792 1
63 29 140.260543823 1
63 29 140.640609741 1
63 29 140.96395874 1
63 29 141.240188599 1
63 29 141.834259033 1
63 29 142.102142334 1
63 29 142.240936279 1
63 29 142.318847656 1
63 29 142.530075073 1
63 29 142.779769897 1
63 29 142.930374146 1
63 29 142.961074829 1
63 29 143.176635742 1
63 29 143.24156189 1
63 29 143.455001831 1
63 29 143.495666504 1
63 29 143.868591309 1
63 29 144.270370483 1
63 29 144.661178589 1
63 29 144.792510986 1
63 29 144.824584961 1
63 29 144.970214844 1
63 29 145.05241394 1
63 29 145.537994385 1
63 29 145.854904175 1
63 29 146.375244141 1
63 29 147.161849976 1
63 29 147.279174805 1
63 29 147.407333374 1
63 29 147.968551636 1
63 29 148.23840332 1
63 29 148.313766479 1
63 29 148.34866333 1
63 29 148.643981934 1
63 29 149.470108032 1
63 29 149.476638794 1
63 29 149.958633423 1
63 29 149.995742798 1
63 29 150.149017334 1
63 29 150.156097412 1
63 29 150.793029785 1
63 29 151.60093689 1
63 29 151.803833008 1
63 29 152.258926392 1
63 29 152.681152344 1
63 29 152.736450195 1
63 29 153.058258057 1
63 29 153.744338989 1
63 29 154.607284546 1
63 29 154.918426514 1
63 29 155.758743286 1
63 29 155.793457031 1
63 29 155.958206177 1
63 29 156.711853027 1
63 29 156.747116089 1
63 29 157.171981812 1
63 29 157.192443848 1
63 29 157.48248291 1
63 29 157.570892334 1
63 29 157.599731445 1
63 29 158.031661987 1
63 29 158.663238525 1
63 29 159.130508423 1
63 29 159.399581909 1
63 29 159.527450562 1
63 29 159.688018799 1
63 29 161.757659912 1
63 29 161.888336182 1
63 29 162.180038452 1
63 29 163.712661743 1
63 29 164.033309937 1
63 29 164.404541016 1
63 29 165.068649292 1
63 29 165.97833252 1
63 29 166.572952271 1
63 29 168.42880249 1
63 29 168.616394043 1
63 29 169.13041687 1
63 29 169.655776978 1
63 29 169.657699585 1
63 29 169.699874878 1
63 29 169.825546265 1
63 29 170.338806152 1
63 29 170.668762207 1
63 29 171.884719849 1
63 29 172.351776123 1
63 29 172.610168457 1
63 29 172.632293701 1
63 29 172.942489624 1
63 29 174.855941772 1
63 29 175.202285767 1
63 29 175.304122925 1
63 29 176.7996521 1
63 29 177.346313477 1
63 29 177.814758301 1
63 29 177.992996216 1
63 29 178.709701538 1
63 29 178.924560547 1
63 29 180.493942261 1
63 29 180.511001587 1
63 29 180.744781494 1
63 29 181.110321045 1
63 29 181.3644104 1
63 29 183.549377441 1
63 29 183.989318848 1
63 29 184.610244751 1
63 29 186.073226929 1
63 29 187.126724243 1
63 29 188.379959106 1
63 29 189.529846191 1
63 29 190.748519897 1
63 29 190.756317139 1
63 29 192.401687622 1
63 29 193.1771698 1
63 29 194.329788208 1
63 29 195.027175903 1
63 29 196.278198242 1
63 29 196.463821411 1
63 29 198.113311768 1
63 29 198.263320923 1
63 29 198.425628662 1
63 29 200.450286865 1
63 29 204.407836914 1
63 29 205.459213257 1
63 29 207.070465088 1
63 29 207.341262817 1
63 29 208.14944458 1
63 29 208.56149292 1
63 29 208.629699707 1
63 29 209.638061523 1
63 29 209.812942505 1
63 29 209.880508423 1
63 29 211.93586731 1
63 29 212.933776855 1
63 29 213.658035278 1
63 29 215.400314331 1
63 29 217.48387146 1
63 29 217.628356934 1
63 29 219.748687744 1
63 29 220.978912354 1
63 29 224.561279297 1
63 29 225.071716309 1
63 29 228.608047485 1
63 29 228.68862915 1
63 29 229.420669556 1
63 29 231.191314697 1
63 29 232.282302856 1
63 29 232.860076904 1
63 29 234.509048462 1
63 29 235.155014038 1
63 29 237.22984314 1
63 29 239.388153076 1
63 29 240.393707275 1
63 29 240.72052002 1
63 29 241.499679565 1
63 29 249.767105103 1
63 29 257.610137939 1
63 29 259.57220459 1
63 29 259.6824646 1
63 29 259.845275879 1
63 29 259.856872559 1
63 29 260.55960083 1
63 29 260.652587891 1
63 29 268.467651367 1
63 29 268.820892334 1
63 29 271.126434326 1
63 29 273.325592041 1
63 29 276.690002441 1
63 29 281.348266602 1
63 29 281.745697021 1
63 29 282.100708008 1
63 29 285.990905762 1
63 29 287.994171143 1
63 29 291.470031738 1
63 29 291.882843018 1
63 29 293.342132568 1
63 29 295.205078125 1
63 29 295.578613281 1
63 29 296.941680908 1
63 29 299.875671387 1
63 29 300.036743164 1
63 29 300.714080811 1
63 29 301.021728516 1
63 29 311.713378906 1
63 29 322.552703857 1
63 29 323.880249023 1
63 29 339.113311768 1
63 29 340.295257568 1
63 29 346.787750244 1
63 29 350.829711914 1
63 29 352.749786377 1
63 29 360.186523438 1
63 29 361.375091553 1
63 29 363.529052734 1
63 29 370.146270752 1
63 29 372.102386475 1
63 29 377.639282227 1
63 29 386.138183594 1
63 29 387.491363525 1
63 29 387.926574707 1
63 29 390.931060791 1
63 29 391.65802002 1
63 29 399.077819824 1
63 29 409.633270264 1
63 29 412.43637085 1
63 29 412.593414307 1
63 29 412.789611816 1
63 29 415.387054443 1
63 29 416.490966797 1
63 29 419.659545898 1
63 29 422.211975098 1
63 29 428.22088623 1
63 29 430.134368896 1
63 29 439.046508789 1
63 29 441.4715271 1
63 29 444.727539062 1
63 29 452.423492432 1
63 29 456.154510498 1
63 29 473.528656006 1
63 29 481.445556641 1
63 29 484.18145752 1
63 29 484.955780029 1
63 29 505.956695557 1
63 29 512.313842773 1
63 29 534.254760742 1
63 29 544.04888916 1
63 29 546.367736816 1
63 29 547.109130859 1
63 29 562.92010498 1
63 29 606.298950195 1
63 29 609.502075195 1
63 29 623.449035645 1
63 29 632.496826172 1
63 29 655.771057129 1
63 29 672.211181641 1
63 29 676.95324707 1
63 29 679.483825684 1
63 29 682.391540527 1
63 29 733.927062988 1
63 29 787.877990723 1
63 29 790.172058105 1
63 29 795.031188965 1
63 29 795.627380371 1
63 29 805.731201172 1
63 29 879.592468262 1
63 29 926.605957031 1
63 29 960.42767334 1
63 29 1108.26391602 1
63 29 1217.20715332 1
63 29 1281.99194336 1
63 29 1426.015625 1
63 29 1433.4453125 1
63 31 97.834815979 1
63 31 98.9514923096 1
63 31 101.395393372 1
63 31 101.488090515 1
63 31 101.524993896 1
63 31 103.593139648 1
63 31 109.651626587 1
63 31 111.489219666 1
63 31 111.896141052 1
63 31 114.523834229 1
63 31 114.806816101 1
63 31 114.870727539 1
63 31 116.147567749 1
63 31 116.233016968 1
63 31 118.355018616 1
63 31 119.436332703 1
63 31 119.597457886 1
63 31 121.542907715 1
63 31 122.154312134 1
63 31 123.502510071 1
63 31 124.745826721 1
63 31 125.086364746 1
63 31 130.445999146 1
63 31 130.912597656 1
63 31 131.286315918 1
63 31 131.450057983 1
63 31 133.165313721 1
63 31 135.46383667 1
63 31 136.588592529 1
63 31 138.73425293 1
63 31 138.916564941 1
63 31 139.171524048 1
63 31 139.730926514 1
63 31 139.962020874 1
63 31 140.693344116 1
63 31 141.265960693 1
63 31 141.635375977 1
63 31 143.66986084 1
63 31 144.232025146 1
63 31 145.118637085 1
63 31 145.237014771 1
63 31 145.306228638 1
63 31 146.154266357 1
63 31 147.765899658 1
63 31 150.720703125 1
63 31 151.544906616 1
63 31 153.78729248 1
63 31 155.350845337 1
63 31 156.105041504 1
63 31 157.680007935 1
63 31 157.937683105 1
63 31 159.912277222 1
63 31 161.52456665 1
63 31 161.587310791 1
63 31 162.116912842 1
63 31 166.412536621 1
63 31 166.779174805 1
63 31 168.012557983 1
63 31 176.647827148 1
63 31 177.236083984 1
63 31 178.071517944 1
63 31 179.481491089 1
63 31 181.281234741 1
63 31 181.513092041 1
63 31 182.592010498 1
63 31 183.645874023 1
63 31 184.189529419 1
63 31 185.670959473 1
63 31 190.010025024 1
63 31 191.178588867 1
63 31 191.934417725 1
63 31 196.044448853 1
63 31 199.036453247 1
63 31 199.723510742 1
63 31 200.687942505 1
63 31 200.953155518 1
63 31 201.015182495 1
63 31 203.492645264 1
63 31 204.385375977 1
63 31 207.352081299 1
63 31 208.875518799 1
63 31 209.367828369 1
63 31 210.46925354 1
63 31 213.27130127 1
63 31 215.191711426 1
63 31 216.628601074 1
63 31 217.724090576 1
63 31 219.435058594 1
63 31 221.398529053 1
63 31 222.601898193 1
63 31 224.366333008 1
63 31 225.133850098 1
63 31 226.251281738 1
63 31 227.00479126 1
63 31 233.901367188 1
63 31 239.555999756 1
63 31 244.163726807 1
63 31 247.586074829 1
63 31 250.119430542 1
63 31 252.809356689 1
63 31 253.695251465 1
63 31 256.391937256 1
63 31 257.385559082 1
63 31 257.48260498 1
63 31 257.94418335 1
63 31 259.15737915 1
63 31 260.469085693 1
63 31 260.516662598 1
63 31 263.085876465 1
63 31 264.374572754 1
63 31 264.394012451 1
63 31 273.112243652 1
63 31 276.376525879 1
63 31 279.764801025 1
63 31 281.599853516 1
63 31 282.169067383 1
63 31 282.411346436 1
63 31 282.747711182 1
63 31 287.433166504 1
63 31 288.500701904 1
63 31 289.952178955 1
63 31 306.894134521 1
63 31 308.066162109 1
63 31 310.527160645 1
63 31 310.915161133 1
63 31 311.732696533 1
63 31 311.743896484 1
63 31 317.364471436 1
63 31 317.438812256 1
63 31 326.734619141 1
63 31 329.611846924 1
63 31 330.470031738 1
63 31 330.881439209 1
63 31 332.963928223 1
63 31 333.923706055 1
63 31 344.20401001 1
63 31 347.985107422 1
63 31 349.329193115 1
63 31 354.748901367 1
63 31 368.493591309 1
63 31 375.396911621 1
63 31 379.817779541 1
63 31 381.305328369 1
63 31 384.330200195 1
63 31 396.600830078 1
63 31 397.761077881 1
63 31 400.217834473 1
63 31 412.008972168 1
63 31 412.28225708 1
63 31 427.980010986 1
63 31 440.965789795 1
63 31 444.331420898 1
63 31 444.952178955 1
63 31 461.346710205 1
63 31 492.087310791 1
63 31 512.116088867 1
63 31 527.056274414 1
63 31 570.004943848 1
63 31 572.445007324 1
63 31 577.450500488 1
63 31 577.646179199 1
63 31 587.955566406 1
63 31 597.956298828 1
63 31 630.059204102 1
63 31 659.207275391 1
63 31 663.298706055 1
63 31 676.574645996 1
63 31 723.591918945 1
63 31 750.257568359 1
63 31 811.083679199 1
63 31 817.904846191 1
63 31 965.113525391 1
63 31 999.904968262 1
63 31 1138.76403809 1
63 31 1139.95288086 1
63 31 1211.50366211 1
63 31 2461.91381836 1
63 32 195.918060303 1
63 32 199.661392212 1
63 32 206.895385742 1
63 32 208.221740723 1
63 32 212.729537964 1
63 32 217.742431641 1
63 32 224.160202026 1
63 32 227.176437378 1
63 32 230.258773804 1
63 32 237.517379761 1
63 32 238.446472168 1
63 32 240.41027832 1
63 32 246.728683472 1
63 32 250.018539429 1
63 32 250.079696655 1
63 32 251.115936279 1
63 32 252.558486938 1
63 32 257.090484619 1
63 32 259.011535645 1
63 32 260.604400635 1
63 32 262.991394043 1
63 32 263.22958374 1
63 32 263.385131836 1
63 32 267.24810791 1
63 32 282.464782715 1
63 32 283.723052979 1
63 32 296.870880127 1
63 32 304.08215332 1
63 32 304.631835938 1
63 32 306.304168701 1
63 32 306.498413086 1
63 32 310.681488037 1
63 32 313.135559082 1
63 32 317.324432373 1
63 32 324.086090088 1
63 32 329.074432373 1
63 32 351.226501465 1
63 32 353.747802734 1
63 32 355.244140625 1
63 32 363.324737549 1
63 32 369.908691406 1
63 32 373.685424805 1
63 32 381.355194092 1
63 32 385.899780273 1
63 32 387.35269165 1
63 32 392.546203613 1
63 32 394.641540527 1
63 32 415.269958496 1
63 32 419.852264404 1
63 32 423.897644043 1
63 32 435.601409912 1
63 32 441.174713135 1
63 32 456.056396484 1
63 32 463.744812012 1
63 32 466.501373291 1
63 32 480.339385986 1
63 32 495.997497559 1
63 32 505.69128418 1
63 32 527.897460938 1
63 32 550.128173828 1
63 32 568.077697754 1
63 32 589.165588379 1
63 32 595.540893555 1
63 32 601.196472168 1
63 32 601.316589355 1
63 32 621.866638184 1
63 32 675.115966797 1
63 32 689.212219238 1
63 32 752.446166992 1
63 32 961.555725098 1
63 32 1187.95153809 1
63 33 395.494720459 1
63 33 396.026855469 1
63 33 431.742431641 1
63 33 450.650146484 1
63 33 456.818634033 1
63 33 506.602203369 1
63 33 656.478759766 1
63 33 687.784362793 1
63 33 737.891357422 1
63 33 778.403442383 1
63 33 785.924438477 1
63 34 560.841247559 1
64 20 1784.07299805 1
64 24 1089.92199707 1
64 27 1081.55529785 1
64 27 1192.12597656 1
64 27 2483.86425781 1
64 28 1085.12365723 1
64 28 1233.88696289 1
64 28 1909.47705078 1
64 28 2179.74560547 1
64 29 773.799865723 1
64 29 818.818847656 1
64 29 851.282165527 1
64 29 899.68560791 1
64 29 1054.81469727 1
64 29 1119.4934082 1
64 29 1330.30871582 1
64 29 1485.20263672 1
64 30 764.296875 1
64 30 859.159851074 1
64 30 1486.57080078 1
64 31 659.498046875 1
64 31 708.646362305 1
64 31 729.916442871 1
64 31 1119.35192871 1
64 31 1586.25756836 1
64 32 708.289306641 1
64 32 839.801208496 1
64 33 1011.39019775 1
64 33 1173.38842773 1
65 30 1756.7557373 1
65 31 2217.17675781 1
69 32 1940.19152832 1
70 18 1521.21289062 1
70 25 1138.75634766 1
70 25 1615.98376465 1
70 26 851.842468262 1
70 26 1080.65979004 1
70 26 1709.73388672 1
70 27 1066.03735352 1
70 27 1423.13696289 1
70 28 659.004272461 1
70 28 664.450317383 1
70 28 665.721069336 1
70 28 837.376037598 1
70 28 1013.12762451 1
70 28 1214.53344727 1
70 28 1236.24987793 1
70 28 1358.11657715 1
70 29 934.531738281 1
70 29 1003.67236328 1
70 29 1039.30078125 1
70 29 1174.1217041 1
70 29 1279.43237305 1
70 29 2595.83154297 1
70 30 675.973388672 1
70 30 730.565551758 1
70 30 792.514892578 1
70 30 989.282531738 1
70 30 994.156005859 1
70 31 1019.32312012 1
70 32 998.116699219 1
70 32 1120.91772461 1
70 32 1636.7722168 1
71 22 1136.77648926 1
71 22 1472.1282959 1
71 23 1738.70605469 1
71 25 1077.74780273 1
71 25 1597.39489746 1
71 26 738.689025879 1
71 26 880.826843262 1
71 26 906.705993652 1
71 26 911.208557129 1
71 26 1024.23400879 1
71 26 1074.46838379 1
71 26 1770.04870605 1
71 26 1862.34484863 1
71 27 706.256652832 1
71 27 720.047790527 1
71 27 908.042541504 1
71 27 941.269104004 1
71 27 1413.04638672 1
71 27 1819.40197754 1
71 28 695.032714844 1
71 28 698.819335938 1
71 28 763.074035645 1
71 28 863.375 1
71 28 875.060119629 1
71 28 878.547241211 1
71 28 907.58782959 1
71 28 914.675415039 1
71 28 950.769897461 1
71 28 985.39251709 1
71 28 1042.87145996 1
71 28 1058.6854248 1
71 28 1122.38891602 1
71 28 1261.58886719 1
71 29 635.539306641 1
71 29 1227.96728516 1
71 30 660.832824707 1
71 30 801.440368652 1
71 30 861.88092041 1
71 30 1015.29748535 1
71 30 1269.8717041 1
71 30 2154.32226562 1
71 31 913.806945801 1
71 31 1367.41760254 1
71 31 1425.22912598 1
71 31 1452.87219238 1
71 32 1390.85058594 1
72 28 1425.15771484 1
72 29 1415.33410645 1
72 30 2548.92529297 1
73 22 3271.7565918 1
76 29 2348.70263672 1
78 29 1453.76367188 1
81 5 2518.27856445 1
