string dom time hits
44 26 1706.39819336 1
45 28 1322.36132812 1
53 20 1985.4342041 1
53 20 3602.47729492 1
53 27 1224.24499512 1
53 28 1919.96655273 1
53 28 2074.66674805 1
54 21 1801.73266602 1
54 23 1021.86914062 1
54 24 1382.90917969 1
54 25 1462.2064209 1
54 26 816.051208496 1
54 26 996.811096191 1
54 26 1650.12390137 1
54 27 680.084228516 1
54 27 711.903991699 1
54 27 886.134216309 1
54 27 921.496704102 1
54 27 1452.27404785 1
54 27 1455.51513672 1
54 28 724.424560547 1
54 28 734.059631348 1
54 28 774.276977539 1
54 28 948.892150879 1
54 28 1095.44299316 1
54 28 1122.61352539 1
54 28 1142.70751953 1
54 28 1254.76049805 1
54 29 688.156555176 1
54 29 748.368530273 1
54 29 770.401977539 1
54 29 788.25201416 1
54 29 858.282531738 1
54 29 975.424438477 1
54 29 1073.43664551 1
54 29 1422.2467041 1
54 29 1499.49035645 1
54 30 656.772155762 1
54 30 683.95916748 1
54 30 793.040161133 1
54 30 801.980651855 1
54 30 802.484130859 1
54 30 1159.9296875 1
54 31 805.553771973 1
54 32 689.782775879 1
54 32 1556.05639648 1
54 32 2241.37109375 1
55 22 1170.84399414 1
55 22 1335.64746094 1
55 24 1050.56323242 1
55 24 2913.21826172 1
55 25 1073.96496582 1
55 25 1194.35241699 1
55 25 1290.4486084 1
55 25 2689.57592773 1
55 26 767.812561035 1
55 26 987.609741211 1
55 26 1127.13256836 1
55 26 1393.63549805 1
55 26 1455.40466309 1
55 26 2023.87561035 1
55 27 768.760437012 1
55 27 787.229492188 1
55 27 1026.29431152 1
55 27 1162.57226562 1
55 27 1439.45898438 1
55 28 764.155151367 1
55 28 817.633239746 1
55 28 890.723632812 1
55 28 899.426513672 1
55 28 911.302490234 1
55 28 1137.19604492 1
55 28 1196.69970703 1
55 28 1289.31201172 1
55 29 761.086669922 1
55 29 820.054992676 1
55 29 1084.66821289 1
55 29 1119.40808105 1
55 29 1208.96643066 1
55 29 2080.20068359 1
55 29 3248.62182617 1
55 30 610.42791748 1
55 30 677.322021484 1
55 30 1229.67834473 1
56 28 1257.65869141 1
62 21 2282.87988281 1
62 22 1624.94873047 1
62 23 1201.65808105 1
62 25 868.813110352 1
62 25 1054.29968262 1
62 25 1150.91748047 1
62 25 2113.01586914 1
62 26 898.389526367 1
62 26 1252.97143555 1
62 26 1414.40563965 1
62 26 1616.12573242 1
62 27 766.640930176 1
62 27 857.68963623 1
62 27 994.343261719 1
62 27 1023.95947266 1
62 27 1103.5970459 1
62 27 1590.93371582 1
62 28 719.723083496 1
62 28 809.206481934 1
62 28 863.964111328 1
62 28 892.493896484 1
62 28 1013.7409668 1
62 28 1742.65869141 1
62 29 649.256225586 1
62 29 653.286743164 1
62 29 662.287780762 1
62 29 702.359436035 1
62 29 741.748596191 1
62 29 900.110351562 1
62 29 904.746582031 1
62 29 1001.70623779 1
62 29 1015.59033203 1
62 29 1236.84387207 1
62 29 1940.59301758 1
62 29 2111.6574707 1
62 30 660.313659668 1
62 30 747.948974609 1
62 30 806.771911621 1
62 30 807.485168457 1
62 30 897.163269043 1
62 30 1014.3729248 1
62 30 1085.71325684 1
62 31 1223.69116211 1
62 32 840.984130859 1
62 32 966.05267334 1
62 32 1067.85083008 1
63 18 1468.60791016 1
63 20 1244.90612793 1
63 20 1486.11987305 1
63 21 803.864074707 1
63 21 1065.37792969 1
63 21 1146.23962402 1
63 21 1228.04919434 1
63 21 1389.11547852 1
63 22 987.327270508 1
63 22 1082.37487793 1
63 22 2596.05639648 1
63 23 738.815856934 1
63 23 756.255004883 1
63 23 779.602722168 1
63 23 861.133544922 1
63 23 911.093261719 1
63 23 1001.92218018 1
63 23 1089.02929688 1
63 23 1624.94360352 1
63 24 518.351989746 1
63 24 558.098022461 1
63 24 574.966186523 1
63 24 602.96105957 1
63 24 610.422363281 1
63 24 629.865234375 1
63 24 668.660949707 1
63 24 709.860229492 1
63 24 726.316223145 1
63 24 731.626037598 1
63 24 735.445983887 1
63 24 801.20703125 1
63 24 857.737121582 1
63 24 975.780151367 1
63 24 1014.0536499 1
63 24 1208.44604492 1
63 24 1288.69970703 1
63 24 2297.30078125 1
63 25 431.583282471 1
63 25 439.359161377 1
63 25 473.571075439 1
63 25 475.238891602 1
63 25 478.470733643 1
63 25 478.869232178 1
63 25 491.223815918 1
63 25 498.405456543 1
63 25 501.465881348 1
63 25 502.484375 1
63 25 515.41204834 1
63 25 517.372375488 1
63 25 531.180419922 1
63 25 537.928588867 1
63 25 556.232421875 1
63 25 569.418212891 1
63 25 572.047546387 1
63 25 573.437072754 1
63 25 600.583374023 1
63 25 604.664733887 1
63 25 606.174804688 1
63 25 641.428039551 1
63 25 642.833007812 1
63 25 643.682861328 1
63 25 651.339416504 1
63 25 662.618652344 1
63 25 689.902282715 1
63 25 712.343200684 1
63 25 718.061706543 1
63 25 732.946655273 1
63 25 765.000061035 1
63 25 848.866210938 1
63 25 865.370544434 1
63 25 869.981628418 1
63 25 871.618225098 1
63 25 877.690673828 1
63 25 889.663024902 1
63 26 328.480163574 1
63 26 330.894256592 1
63 26 332.798278809 1
63 26 333.924285889 1
63 26 334.138366699 1
63 26 334.335174561 1
63 26 334.860351562 1
63 26 334.874969482 1
63 26 334.949707031 1
63 26 337.433532715 1
63 26 338.569702148 1
63 26 340.960601807 1
63 26 343.462005615 1
63 26 347.372558594 1
63 26 347.412322998 1
63 26 347.559112549 1
63 26 347.9921875 1
63 26 348.455047607 1
63 26 348.651641846 1
63 26 350.558929443 1
63 26 353.015563965 1
63 26 355.518554688 1
63 26 357.936706543 1
63 26 358.278869629 1
63 26 358.440826416 1
63 26 358.457183838 1
63 26 358.592315674 1
63 26 359.132354736 1
63 26 360.729614258 1
63 26 360.747558594 1
63 26 362.817993164 1
63 26 362.927215576 1
63 26 367.825866699 1
63 26 368.858734131 1
63 26 371.159851074 1
63 26 373.027496338 1
63 26 373.162078857 1
63 26 373.289886475 1
63 26 373.300476074 1
63 26 375.316894531 1
63 26 375.549438477 1
63 26 375.916900635 1
63 26 378.26348877 1
63 26 380.535522461 1
63 26 381.320159912 1
63 26 382.529266357 1
63 26 383.562255859 1
63 26 386.762084961 1
63 26 388.790588379 1
63 26 389.996429443 1
63 26 391.097198486 1
63 26 392.428314209 1
63 26 392.827880859 1
63 26 392.916931152 1
63 26 394.557098389 1
63 26 394.607299805 1
63 26 394.84197998 1
63 26 396.901672363 1
63 26 400.62677002 1
63 26 401.05569458 1
63 26 402.728790283 1
63 26 402.74786377 1
63 26 405.098602295 1
63 26 407.547576904 1
63 26 409.284179688 1
63 26 410.56048584 1
63 26 410.663024902 1
63 26 413.17376709 1
63 26 414.976013184 1
63 26 419.289520264 1
63 26 420.842712402 1
63 26 422.333984375 1
63 26 423.825378418 1
63 26 424.563781738 1
63 26 426.618164062 1
63 26 426.99130249 1
63 26 427.024719238 1
63 26 428.360198975 1
63 26 428.92376709 1
63 26 437.672119141 1
63 26 439.309539795 1
63 26 444.539276123 1
63 26 447.846221924 1
63 26 449.594848633 1
63 26 451.874053955 1
63 26 454.674255371 1
63 26 462.029754639 1
63 26 462.595153809 1
63 26 467.695068359 1
63 26 471.360168457 1
63 26 474.032470703 1
63 26 477.320617676 1
63 26 483.739044189 1
63 26 488.090789795 1
63 26 492.307617188 1
63 26 503.305786133 1
63 26 508.541595459 1
63 26 510.541290283 1
63 26 514.462646484 1
63 26 520.651855469 1
63 26 526.764282227 1
63 26 526.775817871 1
63 26 537.979736328 1
63 26 563.847167969 1
63 26 566.85760498 1
63 26 576.942016602 1
63 26 577.448669434 1
63 26 583.02947998 1
63 26 584.254699707 1
63 26 593.165344238 1
63 26 599.130126953 1
63 26 602.417663574 1
63 26 606.111877441 1
63 26 630.661865234 1
63 26 652.706848145 1
63 26 656.413818359 1
63 26 673.200195312 1
63 26 710.197998047 1
63 26 710.478027344 1
63 26 734.346252441 1
63 26 750.716064453 1
63 26 780.469909668 1
63 26 840.534912109 1
63 26 868.731811523 1
63 26 869.253051758 1
63 26 873.742431641 1
63 26 891.17565918 1
63 26 949.755981445 1
63 26 1028.05456543 1
63 27 243.622390747 1
63 27 245.108825684 1
63 27 246.606323242 1
63 27 248.279251099 1
63 27 249.115402222 1
63 27 250.166992188 1
63 27 250.183319092 1
63 27 250.56022644 1
63 27 250.93421936 1
63 27 250.9662323 1
63 27 251.091598511 1
63 27 251.411575317 1
63 27 251.596572876 1
63 27 251.601089478 1
63 27 252.361999512 1
63 27 252.369842529 1
63 27 252.43447876 1
63 27 253.036010742 1
63 27 253.046218872 1
63 27 253.170883179 1
63 27 253.296554565 1
63 27 253.398178101 1
63 27 253.770584106 1
63 27 253.93927002 1
63 27 254.337081909 1
63 27 254.673736572 1
63 27 254.746063232 1
63 27 254.761642456 1
63 27 254.966598511 1
63 27 255.122177124 1
63 27 255.678436279 1
63 27 256.061126709 1
63 27 256.202026367 1
63 27 257.065826416 1
63 27 257.132507324 1
63 27 257.224914551 1
63 27 257.379058838 1
63 27 257.692993164 1
63 27 257.845977783 1
63 27 257.999633789 1
63 27 258.583862305 1
63 27 258.950378418 1
63 27 259.048583984 1
63 27 259.263275146 1
63 27 260.110473633 1
63 27 260.255584717 1
63 27 260.310028076 1
63 27 260.634918213 1
63 27 260.744995117 1
63 27 260.888275146 1
63 27 260.89453125 1
63 27 261.594177246 1
63 27 261.816711426 1
63 27 261.964080811 1
63 27 262.03692627 1
63 27 262.23147583 1
63 27 262.283752441 1
63 27 262.442993164 1
63 27 262.525817871 1
63 27 262.754577637 1
63 27 263.830596924 1
63 27 263.948120117 1
63 27 264.285125732 1
63 27 264.481933594 1
63 27 264.622039795 1
63 27 264.664733887 1
63 27 264.708374023 1
63 27 265.106811523 1
63 27 265.145172119 1
63 27 265.353912354 1
63 27 265.578857422 1
63 27 265.616638184 1
63 27 265.787384033 1
63 27 266.487579346 1
63 27 266.74887085 1
63 27 267.283752441 1
63 27 267.64654541 1
63 27 267.687774658 1
63 27 267.723083496 1
63 27 267.891204834 1
63 27 268.021270752 1
63 27 268.021820068 1
63 27 268.400115967 1
63 27 268.440612793 1
63 27 268.611053467 1
63 27 268.903564453 1
63 27 269.252990723 1
63 27 269.313690186 1
63 27 269.369842529 1
63 27 269.454376221 1
63 27 269.700683594 1
63 27 269.831573486 1
63 27 269.850494385 1
63 27 269.897033691 1
63 27 269.956359863 1
63 27 270.182617188 1
63 27 270.375823975 1
63 27 270.504211426 1
63 27 270.677856445 1
63 27 271.509521484 1
63 27 271.890411377 1
63 27 272.35446167 1
63 27 273.174194336 1
63 27 273.1925354 1
63 27 273.327270508 1
63 27 274.001586914 1
63 27 274.075836182 1
63 27 274.105773926 1
63 27 274.188873291 1
63 27 274.261169434 1
63 27 274.787445068 1
63 27 274.939910889 1
63 27 275.239440918 1
63 27 275.912139893 1
63 27 276.575714111 1
63 27 277.113647461 1
63 27 277.167205811 1
63 27 277.708129883 1
63 27 277.991882324 1
63 27 278.876068115 1
63 27 279.1980896 1
63 27 279.944488525 1
63 27 280.013793945 1
63 27 280.064117432 1
63 27 280.312713623 1
63 27 280.325469971 1
63 27 280.480377197 1
63 27 280.614624023 1
63 27 281.07043457 1
63 27 281.204925537 1
63 27 281.786895752 1
63 27 282.661865234 1
63 27 283.00112915 1
63 27 283.016540527 1
63 27 283.051391602 1
63 27 283.411499023 1
63 27 283.527008057 1
63 27 283.678009033 1
63 27 284.104614258 1
63 27 284.181304932 1
63 27 284.269134521 1
63 27 284.962982178 1
63 27 285.145782471 1
63 27 285.14743042 1
63 27 285.232574463 1
63 27 285.458435059 1
63 27 285.469451904 1
63 27 286.078796387 1
63 27 286.528625488 1
63 27 287.428253174 1
63 27 288.010803223 1
63 27 288.817718506 1
63 27 288.824249268 1
63 27 288.870361328 1
63 27 289.275756836 1
63 27 289.397369385 1
63 27 289.526824951 1
63 27 289.726318359 1
63 27 290.090484619 1
63 27 290.467987061 1
63 27 291.008880615 1
63 27 291.200683594 1
63 27 292.160583496 1
63 27 292.371490479 1
63 27 292.376373291 1
63 27 292.569641113 1
63 27 292.970855713 1
63 27 293.110321045 1
63 27 294.964630127 1
63 27 294.979370117 1
63 27 295.012664795 1
63 27 295.515625 1
63 27 295.604248047 1
63 27 296.020599365 1
63 27 296.371368408 1
63 27 296.453308105 1
63 27 296.651916504 1
63 27 296.769378662 1
63 27 297.118469238 1
63 27 297.765319824 1
63 27 298.538146973 1
63 27 299.059570312 1
63 27 299.408447266 1
63 27 299.878051758 1
63 27 299.897705078 1
63 27 300.646484375 1
63 27 301.061981201 1
63 27 301.77154541 1
63 27 301.817047119 1
63 27 305.179138184 1
63 27 306.342987061 1
63 27 306.618743896 1
63 27 308.682983398 1
63 27 310.331268311 1
63 27 310.489501953 1
63 27 311.24206543 1
63 27 311.759643555 1
63 27 312.047637939 1
63 27 312.086669922 1
63 27 312.188537598 1
63 27 313.073394775 1
63 27 313.615905762 1
63 27 314.287902832 1
63 27 317.809936523 1
63 27 318.370941162 1
63 27 318.501983643 1
63 27 319.41619873 1
63 27 319.499206543 1
63 27 319.940704346 1
63 27 320.364349365 1
63 27 320.824584961 1
63 27 321.537567139 1
63 27 322.011413574 1
63 27 322.075836182 1
63 27 322.592956543 1
63 27 323.78616333 1
63 27 324.904998779 1
63 27 327.404754639 1
63 27 327.69039917 1
63 27 328.250579834 1
63 27 328.611328125 1
63 27 330.270690918 1
63 27 330.845672607 1
63 27 331.114990234 1
63 27 331.784423828 1
63 27 333.542938232 1
63 27 333.688110352 1
63 27 333.895233154 1
63 27 334.625854492 1
63 27 339.33984375 1
63 27 340.434295654 1
63 27 341.030090332 1
63 27 341.590362549 1
63 27 343.864929199 1
63 27 345.386779785 1
63 27 345.436737061 1
63 27 345.702880859 1
63 27 346.743652344 1
63 27 349.605041504 1
63 27 350.121948242 1
63 27 352.209075928 1
63 27 355.479980469 1
63 27 356.080596924 1
63 27 356.29006958 1
63 27 356.624755859 1
63 27 356.795471191 1
63 27 365.548370361 1
63 27 374.591583252 1
63 27 375.374694824 1
63 27 376.227813721 1
63 27 378.986816406 1
63 27 380.369384766 1
63 27 381.185394287 1
63 27 381.913696289 1
63 27 385.36505127 1
63 27 385.474914551 1
63 27 385.753173828 1
63 27 386.228607178 1
63 27 386.528533936 1
63 27 386.608673096 1
63 27 386.938781738 1
63 27 394.184967041 1
63 27 394.926422119 1
63 27 395.84677124 1
63 27 398.280609131 1
63 27 402.653045654 1
63 27 403.478240967 1
63 27 405.735443115 1
63 27 408.521606445 1
63 27 411.103118896 1
63 27 411.343963623 1
63 27 425.413787842 1
63 27 427.358642578 1
63 27 428.887542725 1
63 27 431.875701904 1
63 27 433.128662109 1
63 27 433.795410156 1
63 27 437.179840088 1
63 27 437.463867188 1
63 27 440.558624268 1
63 27 445.337982178 1
63 27 445.461334229 1
63 27 447.323699951 1
63 27 452.646850586 1
63 27 477.476348877 1
63 27 479.613952637 1
63 27 479.718017578 1
63 27 480.51763916 1
63 27 491.079956055 1
63 27 493.293762207 1
63 27 493.496765137 1
63 27 512.131591797 1
63 27 514.057189941 1
63 27 524.020202637 1
63 27 533.296569824 1
63 27 536.116455078 1
63 27 537.790161133 1
63 27 540.490661621 1
63 27 549.170043945 1
63 27 555.622009277 1
63 27 563.722412109 1
63 27 567.226928711 1
63 27 579.989501953 1
63 27 617.424194336 1
63 27 621.780822754 1
63 27 628.125793457 1
63 27 634.210876465 1
63 27 675.166015625 1
63 27 678.891357422 1
63 27 705.02331543 1
63 27 711.42199707 1
63 27 735.018737793 1
63 27 756.911315918 1
63 27 757.362731934 1
63 27 778.770507812 1
63 27 781.32623291 1
63 27 801.63885498 1
63 27 823.53125 1
63 27 849.626708984 1
63 27 849.854797363 1
63 27 858.918457031 1
63 27 886.157958984 1
63 27 916.745727539 1
63 27 945.769775391 1
63 27 979.887329102 1
63 27 1022.152771 1
63 27 1037.62133789 1
63 27 1219.33776855 1
63 27 1401.33203125 1
63 27 1429.26318359 1
63 27 1630.57446289 1
63 27 1825.52087402 1
63 27 2247.88330078 1
63 28 160.325164795 1
63 28 160.643585205 1
63 28 161.00592041 1
63 28 162.001113892 1
63 28 162.346191406 1
63 28 163.01739502 1
63 28 163.198898315 1
63 28 163.540115356 1
63 28 163.597229004 1
63 28 163.832168579 1
63 28 164.051956177 1
63 28 164.293060303 1
63 28 165.249557495 1
63 28 165.280548096 1
63 28 165.309921265 1
63 28 165.619522095 1
63 28 165.638320923 1
63 28 165.710739136 1
63 28 165.955215454 1
63 28 166.075241089 1
63 28 166.11555481 1
63 28 166.27293396 1
63 28 166.629302979 1
63 28 166.66293335 1
63 28 166.761917114 1
63 28 166.793121338 1
63 28 166.841796875 1
63 28 166.927062988 1
63 28 166.932327271 1
63 28 166.938842773 1
63 28 167.261413574 1
63 28 167.330047607 1
63 28 167.367538452 1
63 28 167.451065063 1
63 28 167.761550903 1
63 28 167.804519653 1
63 28 168.156936646 1
63 28 168.209197998 1
63 28 168.241882324 1
63 28 168.342529297 1
63 28 168.369979858 1
63 28 168.415008545 1
63 28 168.544815063 1
63 28 168.554000854 1
63 28 168.71307373 1
63 28 168.788406372 1
63 28 168.865631104 1
63 28 168.947799683 1
63 28 169.141723633 1
63 28 169.152404785 1
63 28 169.163604736 1
63 28 169.24446106 1
63 28 169.259521484 1
63 28 169.260116577 1
63 28 169.277282715 1
63 28 169.432418823 1
63 28 169.450057983 1
63 28 169.480178833 1
63 28 169.514694214 1
63 28 169.681900024 1
63 28 169.689025879 1
63 28 169.797622681 1
63 28 169.856063843 1
63 28 169.862365723 1
63 28 169.989562988 1
63 28 170.05519104 1
63 28 170.058547974 1
63 28 170.132263184 1
63 28 170.268676758 1
63 28 170.325973511 1
63 28 170.501281738 1
63 28 170.51612854 1
63 28 170.641815186 1
63 28 170.690124512 1
63 28 170.837631226 1
63 28 170.859405518 1
63 28 170.928527832 1
63 28 171.138885498 1
63 28 171.149291992 1
63 28 171.162307739 1
63 28 171.275680542 1
63 28 171.342376709 1
63 28 171.384429932 1
63 28 171.402786255 1
63 28 171.433532715 1
63 28 171.472229004 1
63 28 171.54788208 1
63 28 171.561706543 1
63 28 171.635925293 1
63 28 171.642990112 1
63 28 171.659362793 1
63 28 171.693847656 1
63 28 171.721206665 1
63 28 171.724365234 1
63 28 171.760055542 1
63 28 171.786682129 1
63 28 171.800064087 1
63 28 172.117538452 1
63 28 172.118240356 1
63 28 172.137405396 1
63 28 172.542556763 1
63 28 172.599151611 1
63 28 172.634338379 1
63 28 172.656906128 1
63 28 172.657180786 1
63 28 172.657348633 1
63 28 172.697418213 1
63 28 172.697616577 1
63 28 172.751113892 1
63 28 172.827926636 1
63 28 172.847366333 1
63 28 172.851409912 1
63 28 172.912368774 1
63 28 172.971099854 1
63 28 172.982711792 1
63 28 173.039978027 1
63 28 173.065963745 1
63 28 173.136322021 1
63 28 173.451065063 1
63 28 173.48878479 1
63 28 173.546157837 1
63 28 173.546264648 1
63 28 173.573669434 1
63 28 173.588897705 1
63 28 173.604675293 1
63 28 173.670928955 1
63 28 173.711776733 1
63 28 173.724884033 1
63 28 173.734024048 1
63 28 173.860076904 1
63 28 173.869949341 1
63 28 173.910934448 1
63 28 173.989501953 1
63 28 174.034332275 1
63 28 174.05657959 1
63 28 174.278884888 1
63 28 174.330703735 1
63 28 174.386856079 1
63 28 174.511413574 1
63 28 174.522750854 1
63 28 174.566116333 1
63 28 174.654983521 1
63 28 174.70501709 1
63 28 174.759155273 1
63 28 174.868499756 1
63 28 174.876449585 1
63 28 174.961196899 1
63 28 175.021972656 1
63 28 175.062194824 1
63 28 175.100784302 1
63 28 175.117645264 1
63 28 175.221130371 1
63 28 175.280792236 1
63 28 175.396896362 1
63 28 175.483581543 1
63 28 175.532623291 1
63 28 175.646774292 1
63 28 175.898147583 1
63 28 176.050613403 1
63 28 176.123794556 1
63 28 176.127151489 1
63 28 176.172409058 1
63 28 176.174514771 1
63 28 176.181518555 1
63 28 176.253433228 1
63 28 176.28314209 1
63 28 176.283798218 1
63 28 176.329452515 1
63 28 176.330062866 1
63 28 176.418869019 1
63 28 176.649459839 1
63 28 176.68901062 1
63 28 176.707839966 1
63 28 176.708404541 1
63 28 176.723937988 1
63 28 176.733428955 1
63 28 176.896575928 1
63 28 176.999053955 1
63 28 177.09046936 1
63 28 177.109741211 1
63 28 177.230361938 1
63 28 177.375640869 1
63 28 177.420013428 1
63 28 177.470291138 1
63 28 177.4790802 1
63 28 177.514266968 1
63 28 177.517776489 1
63 28 177.630767822 1
63 28 177.631149292 1
63 28 177.662368774 1
63 28 177.678543091 1
63 28 177.686294556 1
63 28 177.831008911 1
63 28 177.851745605 1
63 28 177.865005493 1
63 28 178.071609497 1
63 28 178.284683228 1
63 28 178.293014526 1
63 28 178.295227051 1
63 28 178.431686401 1
63 28 178.436630249 1
63 28 178.553436279 1
63 28 178.571975708 1
63 28 178.616043091 1
63 28 178.680206299 1
63 28 178.755264282 1
63 28 178.787094116 1
63 28 178.935806274 1
63 28 179.004714966 1
63 28 179.021835327 1
63 28 179.184509277 1
63 28 179.240585327 1
63 28 179.498046875 1
63 28 179.498733521 1
63 28 179.560302734 1
63 28 179.571136475 1
63 28 179.648773193 1
63 28 179.675521851 1
63 28 180.043823242 1
63 28 180.06993103 1
63 28 180.081420898 1
63 28 180.107559204 1
63 28 180.184494019 1
63 28 180.185806274 1
63 28 180.199996948 1
63 28 180.341110229 1
63 28 180.35218811 1
63 28 180.371292114 1
63 28 180.546859741 1
63 28 180.620254517 1
63 28 180.681762695 1
63 28 180.799438477 1
63 28 180.830291748 1
63 28 180.85244751 1
63 28 180.866409302 1
63 28 180.934967041 1
63 28 180.949478149 1
63 28 181.062164307 1
63 28 181.076766968 1
63 28 181.098937988 1
63 28 181.174163818 1
63 28 181.229949951 1
63 28 181.425537109 1
63 28 181.45664978 1
63 28 181.470932007 1
63 28 181.473526001 1
63 28 181.521972656 1
63 28 181.657196045 1
63 28 181.682067871 1
63 28 181.735305786 1
63 28 181.736434937 1
63 28 181.893783569 1
63 28 181.961135864 1
63 28 181.965637207 1
63 28 182.058486938 1
63 28 182.134155273 1
63 28 182.164916992 1
63 28 182.186325073 1
63 28 182.330291748 1
63 28 182.35836792 1
63 28 182.537399292 1
63 28 182.618850708 1
63 28 182.619750977 1
63 28 182.627380371 1
63 28 182.636764526 1
63 28 182.655456543 1
63 28 182.764877319 1
63 28 182.781936646 1
63 28 182.788635254 1
63 28 182.999130249 1
63 28 183.027572632 1
63 28 183.06451416 1
63 28 183.10798645 1
63 28 183.227508545 1
63 28 183.277633667 1
63 28 183.429000854 1
63 28 183.527740479 1
63 28 183.546737671 1
63 28 183.635925293 1
63 28 183.692474365 1
63 28 183.7550354 1
63 28 183.904174805 1
63 28 183.952011108 1
63 28 183.970214844 1
63 28 183.981658936 1
63 28 184.064651489 1
63 28 184.366973877 1
63 28 184.397384644 1
63 28 184.404037476 1
63 28 184.404815674 1
63 28 184.413986206 1
63 28 184.506225586 1
63 28 184.570587158 1
63 28 184.612014771 1
63 28 184.7447052 1
63 28 184.805358887 1
63 28 184.857131958 1
63 28 184.915405273 1
63 28 184.924362183 1
63 28 184.945571899 1
63 28 184.973083496 1
63 28 185.014160156 1
63 28 185.03352356 1
63 28 185.063156128 1
63 28 185.116363525 1
63 28 185.152313232 1
63 28 185.156951904 1
63 28 185.225601196 1
63 28 185.336532593 1
63 28 185.366134644 1
63 28 185.369796753 1
63 28 185.478088379 1
63 28 185.517410278 1
63 28 185.615814209 1
63 28 185.694580078 1
63 28 185.797348022 1
63 28 185.800949097 1
63 28 185.806884766 1
63 28 185.851287842 1
63 28 185.869354248 1
63 28 185.956710815 1
63 28 186.075805664 1
63 28 186.341827393 1
63 28 186.388504028 1
63 28 186.433288574 1
63 28 186.494277954 1
63 28 186.521591187 1
63 28 186.585189819 1
63 28 186.602966309 1
63 28 186.612167358 1
63 28 186.846221924 1
63 28 186.848587036 1
63 28 186.857009888 1
63 28 186.869018555 1
63 28 186.937423706 1
63 28 186.995910645 1
63 28 187.010894775 1
63 28 187.029525757 1
63 28 187.065231323 1
63 28 187.08821106 1
63 28 187.140090942 1
63 28 187.337905884 1
63 28 187.391357422 1
63 28 187.5181427 1
63 28 187.571533203 1
63 28 187.675567627 1
63 28 187.925689697 1
63 28 187.982208252 1
63 28 188.031829834 1
63 28 188.082397461 1
63 28 188.095855713 1
63 28 188.197372437 1
63 28 188.210250854 1
63 28 188.285552979 1
63 28 188.322860718 1
63 28 188.332458496 1
63 28 188.338317871 1
63 28 188.377059937 1
63 28 188.434783936 1
63 28 188.652313232 1
63 28 188.923812866 1
63 28 189.153610229 1
63 28 189.15512085 1
63 28 189.160476685 1
63 28 189.204620361 1
63 28 189.214065552 1
63 28 189.476959229 1
63 28 189.480148315 1
63 28 189.512863159 1
63 28 189.540496826 1
63 28 189.611480713 1
63 28 189.642654419 1
63 28 189.646575928 1
63 28 189.67427063 1
63 28 189.722595215 1
63 28 189.846008301 1
63 28 189.975708008 1
63 28 189.985534668 1
63 28 190.067047119 1
63 28 190.288360596 1
63 28 190.289581299 1
63 28 190.547927856 1
63 28 190.572280884 1
63 28 190.843460083 1
63 28 190.919921875 1
63 28 191.010513306 1
63 28 191.039093018 1
63 28 191.041152954 1
63 28 191.101013184 1
63 28 191.17918396 1
63 28 191.358169556 1
63 28 191.644592285 1
63 28 191.661514282 1
63 28 191.779510498 1
63 28 191.794219971 1
63 28 191.85635376 1
63 28 191.921035767 1
63 28 191.931289673 1
63 28 191.989929199 1
63 28 192.302017212 1
63 28 192.327423096 1
63 28 192.828155518 1
63 28 192.888320923 1
63 28 192.902160645 1
63 28 192.954116821 1
63 28 193.057907104 1
63 28 193.21105957 1
63 28 193.241668701 1
63 28 193.245635986 1
63 28 193.370071411 1
63 28 193.406509399 1
63 28 193.452575684 1
63 28 193.474014282 1
63 28 193.560684204 1
63 28 193.734359741 1
63 28 193.761627197 1
63 28 193.854888916 1
63 28 193.894927979 1
63 28 194.001739502 1
63 28 194.093734741 1
63 28 194.204620361 1
63 28 194.386444092 1
63 28 194.75112915 1
63 28 194.820648193 1
63 28 194.949813843 1
63 28 195.06137085 1
63 28 195.16835022 1
63 28 195.191513062 1
63 28 195.19682312 1
63 28 195.220123291 1
63 28 195.258148193 1
63 28 195.280731201 1
63 28 195.282302856 1
63 28 195.288101196 1
63 28 195.332962036 1
63 28 195.337265015 1
63 28 195.480133057 1
63 28 195.502593994 1
63 28 195.702560425 1
63 28 195.829788208 1
63 28 195.869003296 1
63 28 195.885574341 1
63 28 195.938842773 1
63 28 196.168289185 1
63 28 196.337921143 1
63 28 196.440261841 1
63 28 196.95741272 1
63 28 197.101715088 1
63 28 197.158035278 1
63 28 197.163284302 1
63 28 197.463150024 1
63 28 197.593887329 1
63 28 197.683135986 1
63 28 197.896652222 1
63 28 197.953521729 1
63 28 198.000518799 1
63 28 198.019592285 1
63 28 198.137313843 1
63 28 198.3777771 1
63 28 198.382247925 1
63 28 198.549514771 1
63 28 198.553115845 1
63 28 198.889938354 1
63 28 198.89932251 1
63 28 199.030654907 1
63 28 199.200088501 1
63 28 199.224243164 1
63 28 199.35144043 1
63 28 199.643844604 1
63 28 199.669448853 1
63 28 199.728393555 1
63 28 199.809692383 1
63 28 199.954589844 1
63 28 199.985061646 1
63 28 200.434402466 1
63 28 200.558700562 1
63 28 200.629501343 1
63 28 200.735076904 1
63 28 200.899978638 1
63 28 201.207199097 1
63 28 201.214920044 1
63 28 201.322021484 1
63 28 201.462692261 1
63 28 201.519393921 1
63 28 201.657958984 1
63 28 201.909851074 1
63 28 201.999145508 1
63 28 202.017242432 1
63 28 202.176239014 1
63 28 202.184234619 1
63 28 202.224807739 1
63 28 202.356842041 1
63 28 202.390838623 1
63 28 202.504943848 1
63 28 203.085922241 1
63 28 203.106231689 1
63 28 203.153076172 1
63 28 203.205780029 1
63 28 203.305725098 1
63 28 203.385864258 1
63 28 203.411529541 1
63 28 203.928894043 1
63 28 203.971847534 1
63 28 204.050430298 1
63 28 204.637939453 1
63 28 204.654067993 1
63 28 204.706390381 1
63 28 204.70880127 1
63 28 204.936584473 1
63 28 204.985870361 1
63 28 205.71307373 1
63 28 205.867630005 1
63 28 205.907775879 1
63 28 205.910552979 1
63 28 206.007293701 1
63 28 206.009002686 1
63 28 206.057022095 1
63 28 206.243530273 1
63 28 206.360122681 1
63 28 206.459579468 1
63 28 206.817687988 1
63 28 207.492126465 1
63 28 207.726287842 1
63 28 207.812850952 1
63 28 207.955276489 1
63 28 208.052947998 1
63 28 208.202285767 1
63 28 208.297958374 1
63 28 209.303329468 1
63 28 209.428192139 1
63 28 209.499557495 1
63 28 209.858963013 1
63 28 210.015335083 1
63 28 210.242126465 1
63 28 210.739807129 1
63 28 211.094055176 1
63 28 211.164245605 1
63 28 211.643814087 1
63 28 212.138473511 1
63 28 213.263946533 1
63 28 213.33241272 1
63 28 213.595397949 1
63 28 213.996795654 1
63 28 214.295730591 1
63 28 214.338668823 1
63 28 215.108093262 1
63 28 215.133972168 1
63 28 215.26550293 1
63 28 215.500335693 1
63 28 215.866500854 1
63 28 215.948471069 1
63 28 216.478805542 1
63 28 216.520904541 1
63 28 216.613571167 1
63 28 216.886932373 1
63 28 217.002807617 1
63 28 217.30708313 1
63 28 218.038650513 1
63 28 218.690475464 1
63 28 218.903503418 1
63 28 219.417236328 1
63 28 219.792541504 1
63 28 219.823410034 1
63 28 220.642684937 1
63 28 220.642700195 1
63 28 221.103408813 1
63 28 221.246307373 1
63 28 221.279449463 1
63 28 221.922195435 1
63 28 222.28817749 1
63 28 222.438018799 1
63 28 222.488693237 1
63 28 222.516326904 1
63 28 222.791137695 1
63 28 222.829193115 1
63 28 223.449859619 1
63 28 223.638580322 1
63 28 223.639221191 1
63 28 223.671859741 1
63 28 224.005935669 1
63 28 224.26008606 1
63 28 224.361801147 1
63 28 224.758743286 1
63 28 225.399291992 1
63 28 226.533630371 1
63 28 227.082321167 1
63 28 227.124511719 1
63 28 227.207672119 1
63 28 227.344009399 1
63 28 227.785705566 1
63 28 227.937744141 1
63 28 228.151779175 1
63 28 228.423782349 1
63 28 228.837219238 1
63 28 229.179031372 1
63 28 229.71987915 1
63 28 229.787490845 1
63 28 230.25958252 1
63 28 230.525878906 1
63 28 230.574020386 1
63 28 230.873641968 1
63 28 231.460754395 1
63 28 232.832321167 1
63 28 232.853515625 1
63 28 232.856811523 1
63 28 232.961151123 1
63 28 233.747177124 1
63 28 233.893493652 1
63 28 233.969543457 1
63 28 234.28263855 1
63 28 234.606079102 1
63 28 235.059112549 1
63 28 235.893218994 1
63 28 235.957946777 1
63 28 236.71647644 1
63 28 237.835739136 1
63 28 237.882644653 1
63 28 238.911315918 1
63 28 239.712387085 1
63 28 239.789047241 1
63 28 240.342559814 1
63 28 240.753463745 1
63 28 241.23008728 1
63 28 241.693649292 1
63 28 241.796310425 1
63 28 242.080444336 1
63 28 242.986755371 1
63 28 243.438095093 1
63 28 244.946472168 1
63 28 245.464233398 1
63 28 246.355606079 1
63 28 246.596817017 1
63 28 247.036560059 1
63 28 248.960800171 1
63 28 250.1222229 1
63 28 250.791030884 1
63 28 251.002166748 1
63 28 251.540176392 1
63 28 252.153030396 1
63 28 253.475387573 1
63 28 258.114593506 1
63 28 259.210632324 1
63 28 259.394104004 1
63 28 259.742004395 1
63 28 260.213745117 1
63 28 261.155151367 1
63 28 263.045379639 1
63 28 263.128204346 1
63 28 263.873931885 1
63 28 267.380523682 1
63 28 267.672393799 1
63 28 268.737579346 1
63 28 269.244567871 1
63 28 271.114379883 1
63 28 271.17666626 1
63 28 271.434051514 1
63 28 272.417816162 1
63 28 272.429107666 1
63 28 274.137542725 1
63 28 274.845245361 1
63 28 276.463745117 1
63 28 277.244445801 1
63 28 277.746887207 1
63 28 279.451843262 1
63 28 279.485961914 1
63 28 280.192016602 1
63 28 280.52935791 1
63 28 282.91696167 1
63 28 285.144714355 1
63 28 285.855438232 1
63 28 287.135986328 1
63 28 288.153839111 1
63 28 288.632110596 1
63 28 288.911224365 1
63 28 292.196014404 1
63 28 293.178985596 1
63 28 302.158599854 1
63 28 303.313720703 1
63 28 305.070495605 1
63 28 306.682098389 1
63 28 307.091186523 1
63 28 307.5831604 1
63 28 309.172851562 1
63 28 309.838226318 1
63 28 310.094482422 1
63 28 310.775909424 1
63 28 317.760650635 1
63 28 318.212341309 1
63 28 318.522613525 1
63 28 320.016235352 1
63 28 321.806488037 1
63 28 321.851654053 1
63 28 324.547851562 1
63 28 326.880859375 1
63 28 328.031433105 1
63 28 330.419311523 1
63 28 335.482879639 1
63 28 341.721801758 1
63 28 344.171417236 1
63 28 353.638275146 1
63 28 355.528564453 1
63 28 358.627929688 1
63 28 361.342681885 1
63 28 363.175476074 1
63 28 371.166381836 1
63 28 373.51953125 1
63 28 375.668426514 1
63 28 376.577209473 1
63 28 379.461151123 1
63 28 386.060852051 1
63 28 391.845245361 1
63 28 403.465881348 1
63 28 413.629974365 1
63 28 413.818634033 1
63 28 416.325744629 1
63 28 417.244384766 1
63 28 418.920928955 1
63 28 425.157409668 1
63 28 433.04107666 1
63 28 436.320220947 1
63 28 436.32635498 1
63 28 437.246643066 1
63 28 437.937042236 1
63 28 441.649810791 1
63 28 446.83984375 1
63 28 448.628967285 1
63 28 458.643676758 1
63 28 458.983337402 1
63 28 460.172607422 1
63 28 460.244476318 1
63 28 460.283081055 1
63 28 463.147644043 1
63 28 481.251251221 1
63 28 482.911346436 1
63 28 491.236022949 1
63 28 492.534484863 1
63 28 500.161193848 1
63 28 519.523925781 1
63 28 521.168640137 1
63 28 522.856506348 1
63 28 525.625488281 1
63 28 526.592285156 1
63 28 526.595947266 1
63 28 534.711975098 1
63 28 535.986022949 1
63 28 541.588806152 1
63 28 552.907226562 1
63 28 562.078613281 1
63 28 565.822570801 1
63 28 581.936157227 1
63 28 589.282714844 1
63 28 595.398742676 1
63 28 595.774291992 1
63 28 599.065368652 1
63 28 606.410461426 1
63 28 615.517150879 1
63 28 615.998657227 1
63 28 628.295349121 1
63 28 638.351989746 1
63 28 651.96875 1
63 28 718.713623047 1
63 28 757.987182617 1
63 28 758.353759766 1
63 28 773.091064453 1
63 28 784.122741699 1
63 28 799.169250488 1
63 28 799.57611084 1
63 28 809.755187988 1
63 28 836.456726074 1
63 28 839.16217041 1
63 28 893.38104248 1
63 28 924.230285645 1
63 28 951.862243652 1
63 28 958.79473877 1
63 28 1063.91552734 1
63 28 1257.64404297 1
63 28 1273.69262695 1
63 28 1591.3203125 1
63 28 2782.1628418 1
63 29 77.6442642212 1
63 29 79.0968780518 1
63 29 79.6460723877 1
63 29 79.8146591187 1
63 29 80.1061248779 1
63 29 80.4089355469 1
63 29 81.1553726196 1
63 29 81.2825012207 1
63 29 81.523475647 1
63 29 81.5766830444 1
63 29 81.6391677856 1
63 29 81.7362213135 1
63 29 81.7458343506 1
63 29 81.7503356934 1
63 29 81.7787780762 1
63 29 81.7852401733 1
63 29 81.7873840332 1
63 29 81.7891082764 1
63 29 81.8093109131 1
63 29 81.8664627075 1
63 29 81.8937606812 1
63 29 82.0325469971 1
63 29 82.0757598877 1
63 29 82.0793228149 1
63 29 82.2650375366 1
63 29 82.5210800171 1
63 29 82.6030044556 1
63 29 82.645362854 1
63 29 82.7653121948 1
63 29 82.8400115967 1
63 29 82.8656082153 1
63 29 82.8760528564 1
63 29 82.9208679199 1
63 29 82.9477081299 1
63 29 83.0100250244 1
63 29 83.0209274292 1
63 29 83.0874099731 1
63 29 83.1649856567 1
63 29 83.2531585693 1
63 29 83.3596115112 1
63 29 83.3599090576 1
63 29 83.407585144 1
63 29 83.5539932251 1
63 29 83.5629043579 1
63 29 83.5981750488 1
63 29 83.6056060791 1
63 29 83.6447906494 1
63 29 83.7096176147 1
63 29 83.8410263062 1
63 29 83.845741272 1
63 29 83.8975830078 1
63 29 83.9535827637 1
63 29 83.9665908813 1
63 29 83.9763183594 1
63 29 84.0700302124 1
63 29 84.0791778564 1
63 29 84.0923233032 1
63 29 84.2673873901 1
63 29 84.2772598267 1
63 29 84.2801208496 1
63 29 84.2958526611 1
63 29 84.3846359253 1
63 29 84.6256484985 1
63 29 84.6297683716 1
63 29 84.6437149048 1
63 29 84.6560668945 1
63 29 84.658706665 1
63 29 84.6736450195 1
63 29 84.7137680054 1
63 29 84.7262954712 1
63 29 84.7558898926 1
63 29 84.8082809448 1
63 29 84.8732452393 1
63 29 84.935760498 1
63 29 84.9509887695 1
63 29 85.0413360596 1
63 29 85.0625610352 1
63 29 85.0642929077 1
63 29 85.0657424927 1
63 29 85.0795059204 1
63 29 85.0844192505 1
63 29 85.0893859863 1
63 29 85.1004180908 1
63 29 85.1248474121 1
63 29 85.151802063 1
63 29 85.1947784424 1
63 29 85.250328064 1
63 29 85.3063735962 1
63 29 85.3445663452 1
63 29 85.3569335938 1
63 29 85.3719863892 1
63 29 85.3841934204 1
63 29 85.395866394 1
63 29 85.4165039062 1
63 29 85.4628448486 1
63 29 85.4752120972 1
63 29 85.5171661377 1
63 29 85.5222549438 1
63 29 85.5366897583 1
63 29 85.6134033203 1
63 29 85.6686248779 1
63 29 85.6708068848 1
63 29 85.6852874756 1
63 29 85.6978759766 1
63 29 85.705329895 1
63 29 85.7171096802 1
63 29 85.73777771 1
63 29 85.7444992065 1
63 29 85.7590560913 1
63 29 85.7874298096 1
63 29 85.7994232178 1
63 29 85.8068695068 1
63 29 85.8746871948 1
63 29 85.9075927734 1
63 29 85.9336624146 1
63 29 85.9420318604 1
63 29 85.9748077393 1
63 29 85.975692749 1
63 29 85.996673584 1
63 29 86.0240249634 1
63 29 86.0458297729 1
63 29 86.1278686523 1
63 29 86.1287689209 1
63 29 86.157661438 1
63 29 86.1792373657 1
63 29 86.2072143555 1
63 29 86.2294998169 1
63 29 86.2352218628 1
63 29 86.2364044189 1
63 29 86.2402572632 1
63 29 86.2601013184 1
63 29 86.2665863037 1
63 29 86.2722244263 1
63 29 86.2886047363 1
63 29 86.3040542603 1
63 29 86.306640625 1
63 29 86.3145599365 1
63 29 86.3474273682 1
63 29 86.3580780029 1
63 29 86.3618545532 1
63 29 86.3689117432 1
63 29 86.3740997314 1
63 29 86.3773422241 1
63 29 86.42993927 1
63 29 86.5099411011 1
63 29 86.5129699707 1
63 29 86.5233230591 1
63 29 86.5827331543 1
63 29 86.5912094116 1
63 29 86.6342391968 1
63 29 86.6480712891 1
63 29 86.6495285034 1
63 29 86.6945800781 1
63 29 86.7255325317 1
63 29 86.7613296509 1
63 29 86.7716217041 1
63 29 86.7888946533 1
63 29 86.7895278931 1
63 29 86.7931442261 1
63 29 86.8184280396 1
63 29 86.8204193115 1
63 29 86.8607406616 1
63 29 86.8639526367 1
63 29 86.8649978638 1
63 29 86.899307251 1
63 29 86.9483261108 1
63 29 86.9840087891 1
63 29 87.0063400269 1
63 29 87.0629043579 1
63 29 87.0709686279 1
63 29 87.0721435547 1
63 29 87.0794525146 1
63 29 87.0805053711 1
63 29 87.0958938599 1
63 29 87.115020752 1
63 29 87.1265792847 1
63 29 87.1336135864 1
63 29 87.1361923218 1
63 29 87.1534423828 1
63 29 87.1748962402 1
63 29 87.1861190796 1
63 29 87.1967391968 1
63 29 87.2251586914 1
63 29 87.2299118042 1
63 29 87.2475280762 1
63 29 87.260925293 1
63 29 87.3023681641 1
63 29 87.3048934937 1
63 29 87.3108520508 1
63 29 87.3172073364 1
63 29 87.328918457 1
63 29 87.3359527588 1
63 29 87.3387069702 1
63 29 87.3391036987 1
63 29 87.3851394653 1
63 29 87.3893432617 1
63 29 87.4324493408 1
63 29 87.4420623779 1
63 29 87.4483337402 1
63 29 87.4599761963 1
63 29 87.4689712524 1
63 29 87.5050201416 1
63 29 87.5116271973 1
63 29 87.5185928345 1
63 29 87.5335617065 1
63 29 87.5348739624 1
63 29 87.5524978638 1
63 29 87.6070709229 1
63 29 87.6080932617 1
63 29 87.6301956177 1
63 29 87.633140564 1
63 29 87.655670166 1
63 29 87.6765289307 1
63 29 87.6826553345 1
63 29 87.6912307739 1
63 29 87.6963119507 1
63 29 87.7468032837 1
63 29 87.7645111084 1
63 29 87.809463501 1
63 29 87.8193588257 1
63 29 87.8246002197 1
63 29 87.8291320801 1
63 29 87.864074707 1
63 29 87.8820877075 1
63 29 87.8955078125 1
63 29 87.9218292236 1
63 29 87.9407653809 1
63 29 87.9468612671 1
63 29 87.9545593262 1
63 29 87.9547424316 1
63 29 87.9591217041 1
63 29 87.9674453735 1
63 29 87.9824371338 1
63 29 87.9913330078 1
63 29 87.9943008423 1
63 29 87.9969940186 1
63 29 87.9972305298 1
63 29 88.0157852173 1
63 29 88.0209503174 1
63 29 88.025100708 1
63 29 88.0291976929 1
63 29 88.0299758911 1
63 29 88.032623291 1
63 29 88.0792694092 1
63 29 88.1063537598 1
63 29 88.1226196289 1
63 29 88.1346435547 1
63 29 88.1391830444 1
63 29 88.1845092773 1
63 29 88.2080230713 1
63 29 88.2379226685 1
63 29 88.2466049194 1
63 29 88.262840271 1
63 29 88.2836532593 1
63 29 88.2947845459 1
63 29 88.2957382202 1
63 29 88.3198318481 1
63 29 88.3391189575 1
63 29 88.3715896606 1
63 29 88.3754119873 1
63 29 88.4125061035 1
63 29 88.4253768921 1
63 29 88.4437026978 1
63 29 88.4460296631 1
63 29 88.4739837646 1
63 29 88.4777908325 1
63 29 88.4802856445 1
63 29 88.4946975708 1
63 29 88.5156478882 1
63 29 88.5241241455 1
63 29 88.5253677368 1
63 29 88.5282211304 1
63 29 88.5304336548 1
63 29 88.5576705933 1
63 29 88.5802001953 1
63 29 88.6038284302 1
63 29 88.6162719727 1
63 29 88.6292877197 1
63 29 88.6377868652 1
63 29 88.6652450562 1
63 29 88.6674957275 1
63 29 88.6722488403 1
63 29 88.6762084961 1
63 29 88.6946487427 1
63 29 88.6961364746 1
63 29 88.7021865845 1
63 29 88.7232894897 1
63 29 88.7269439697 1
63 29 88.7505340576 1
63 29 88.7663269043 1
63 29 88.7744064331 1
63 29 88.8024139404 1
63 29 88.8419799805 1
63 29 88.8448181152 1
63 29 88.865234375 1
63 29 88.8673858643 1
63 29 88.8818206787 1
63 29 88.8833770752 1
63 29 88.8876876831 1
63 29 88.9130859375 1
63 29 88.9217224121 1
63 29 88.9315490723 1
63 29 88.941619873 1
63 29 88.9581756592 1
63 29 88.9710235596 1
63 29 88.9723358154 1
63 29 88.9787521362 1
63 29 89.0107879639 1
63 29 89.0130004883 1
63 29 89.0355682373 1
63 29 89.0459823608 1
63 29 89.0597991943 1
63 29 89.0629577637 1
63 29 89.0802230835 1
63 29 89.0810165405 1
63 29 89.092010498 1
63 29 89.0952453613 1
63 29 89.1018829346 1
63 29 89.105178833 1
63 29 89.1188964844 1
63 29 89.1720504761 1
63 29 89.2030334473 1
63 29 89.2478103638 1
63 29 89.2740402222 1
63 29 89.3158950806 1
63 29 89.3269424438 1
63 29 89.3823623657 1
63 29 89.3895263672 1
63 29 89.4180755615 1
63 29 89.4251098633 1
63 29 89.4390182495 1
63 29 89.5274124146 1
63 29 89.5330963135 1
63 29 89.5508422852 1
63 29 89.5530166626 1
63 29 89.5860824585 1
63 29 89.5885467529 1
63 29 89.6122436523 1
63 29 89.6171569824 1
63 29 89.6369857788 1
63 29 89.637550354 1
63 29 89.654258728 1
63 29 89.6688537598 1
63 29 89.6908416748 1
63 29 89.7247467041 1
63 29 89.7511749268 1
63 29 89.7588272095 1
63 29 89.7675094604 1
63 29 89.7926712036 1
63 29 89.8368835449 1
63 29 89.8408126831 1
63 29 89.8706054688 1
63 29 89.8742828369 1
63 29 89.8844070435 1
63 29 89.8846511841 1
63 29 89.9046554565 1
63 29 89.910736084 1
63 29 89.9139633179 1
63 29 89.9276657104 1
63 29 89.931060791 1
63 29 89.9310760498 1
63 29 89.9621963501 1
63 29 89.9715270996 1
63 29 89.9798965454 1
63 29 89.9807891846 1
63 29 89.9892501831 1
63 29 90.0020370483 1
63 29 90.0154342651 1
63 29 90.0254592896 1
63 29 90.0276031494 1
63 29 90.0345993042 1
63 29 90.039276123 1
63 29 90.0751419067 1
63 29 90.0881881714 1
63 29 90.0947189331 1
63 29 90.0996246338 1
63 29 90.1035232544 1
63 29 90.1250610352 1
63 29 90.1535110474 1
63 29 90.157585144 1
63 29 90.1681137085 1
63 29 90.1778564453 1
63 29 90.1895370483 1
63 29 90.1916885376 1
63 29 90.2432861328 1
63 29 90.2492446899 1
63 29 90.255279541 1
63 29 90.2585144043 1
63 29 90.2585601807 1
63 29 90.2953033447 1
63 29 90.3022613525 1
63 29 90.3093185425 1
63 29 90.3267059326 1
63 29 90.3389892578 1
63 29 90.369758606 1
63 29 90.3807601929 1
63 29 90.3819351196 1
63 29 90.3825836182 1
63 29 90.388710022 1
63 29 90.3993148804 1
63 29 90.4236450195 1
63 29 90.4301986694 1
63 29 90.4752655029 1
63 29 90.4831619263 1
63 29 90.4965820312 1
63 29 90.4970932007 1
63 29 90.4979248047 1
63 29 90.5039901733 1
63 29 90.5138244629 1
63 29 90.5153656006 1
63 29 90.5279464722 1
63 29 90.5312652588 1
63 29 90.5333404541 1
63 29 90.5506744385 1
63 29 90.5882110596 1
63 29 90.5892562866 1
63 29 90.5905990601 1
63 29 90.6041946411 1
63 29 90.6061248779 1
63 29 90.6208190918 1
63 29 90.6212539673 1
63 29 90.6309738159 1
63 29 90.6428756714 1
63 29 90.6613845825 1
63 29 90.6752700806 1
63 29 90.7051467896 1
63 29 90.7085571289 1
63 29 90.7200698853 1
63 29 90.740272522 1
63 29 90.7635574341 1
63 29 90.7674942017 1
63 29 90.8114089966 1
63 29 90.8146743774 1
63 29 90.8617630005 1
63 29 90.884513855 1
63 29 90.8878707886 1
63 29 90.9128341675 1
63 29 90.9152908325 1
63 29 90.9204406738 1
63 29 90.9367675781 1
63 29 90.9443359375 1
63 29 90.9545516968 1
63 29 90.9565658569 1
63 29 90.9610824585 1
63 29 90.9676895142 1
63 29 90.9819030762 1
63 29 90.9831085205 1
63 29 90.9897766113 1
63 29 90.9942779541 1
63 29 91.0160217285 1
63 29 91.0163574219 1
63 29 91.0168151855 1
63 29 91.0175552368 1
63 29 91.0470809937 1
63 29 91.051651001 1
63 29 91.0877838135 1
63 29 91.0895614624 1
63 29 91.0900344849 1
63 29 91.0962982178 1
63 29 91.119720459 1
63 29 91.1210479736 1
63 29 91.1359100342 1
63 29 91.1392669678 1
63 29 91.156829834 1
63 29 91.1625595093 1
63 29 91.166519165 1
63 29 91.16771698 1
63 29 91.1717681885 1
63 29 91.1745605469 1
63 29 91.1771621704 1
63 29 91.1898040771 1
63 29 91.1960754395 1
63 29 91.196762085 1
63 29 91.2035140991 1
63 29 91.2087173462 1
63 29 91.2508163452 1
63 29 91.272315979 1
63 29 91.2730102539 1
63 29 91.2734222412 1
63 29 91.2843170166 1
63 29 91.2854766846 1
63 29 91.2873001099 1
63 29 91.2974624634 1
63 29 91.3013839722 1
63 29 91.3099899292 1
63 29 91.3106689453 1
63 29 91.3192749023 1
63 29 91.3460540771 1
63 29 91.34790802 1
63 29 91.3480224609 1
63 29 91.3520202637 1
63 29 91.3856887817 1
63 29 91.3897705078 1
63 29 91.4004364014 1
63 29 91.4034881592 1
63 29 91.4038925171 1
63 29 91.4324188232 1
63 29 91.4432754517 1
63 29 91.4552230835 1
63 29 91.4582977295 1
63 29 91.4621658325 1
63 29 91.4622955322 1
63 29 91.4661102295 1
63 29 91.5001754761 1
63 29 91.5138244629 1
63 29 91.5398101807 1
63 29 91.5509490967 1
63 29 91.5609664917 1
63 29 91.5892562866 1
63 29 91.6051483154 1
63 29 91.6077575684 1
63 29 91.6095275879 1
63 29 91.6240692139 1
63 29 91.6424713135 1
63 29 91.6474838257 1
63 29 91.6510620117 1
63 29 91.6519851685 1
63 29 91.6595687866 1
63 29 91.6641387939 1
63 29 91.6775588989 1
63 29 91.6935043335 1
63 29 91.7207107544 1
63 29 91.7218322754 1
63 29 91.7334518433 1
63 29 91.7490005493 1
63 29 91.75756073 1
63 29 91.7626800537 1
63 29 91.8112945557 1
63 29 91.8125457764 1
63 29 91.8224105835 1
63 29 91.8273925781 1
63 29 91.8295669556 1
63 29 91.8639602661 1
63 29 91.8758010864 1
63 29 91.8831634521 1
63 29 91.8887252808 1
63 29 91.8986663818 1
63 29 91.9088821411 1
63 29 91.9091033936 1
63 29 91.9187164307 1
63 29 91.9203109741 1
63 29 91.9285049438 1
63 29 91.9374694824 1
63 29 91.9599609375 1
63 29 91.9626693726 1
63 29 91.9705429077 1
63 29 91.972328186 1
63 29 91.9982452393 1
63 29 92.0130386353 1
63 29 92.0416564941 1
63 29 92.0538024902 1
63 29 92.060005188 1
63 29 92.0624008179 1
63 29 92.0631561279 1
63 29 92.0641708374 1
63 29 92.0713653564 1
63 29 92.078956604 1
63 29 92.1002502441 1
63 29 92.1029434204 1
63 29 92.1215209961 1
63 29 92.1261520386 1
63 29 92.1580963135 1
63 29 92.1652908325 1
63 29 92.1827163696 1
63 29 92.1936035156 1
63 29 92.2026443481 1
63 29 92.2087249756 1
63 29 92.2172393799 1
63 29 92.2236175537 1
63 29 92.2356491089 1
63 29 92.2456207275 1
63 29 92.2677078247 1
63 29 92.2752761841 1
63 29 92.2887573242 1
63 29 92.2901916504 1
63 29 92.3007659912 1
63 29 92.3055725098 1
63 29 92.3253936768 1
63 29 92.3310546875 1
63 29 92.3326873779 1
63 29 92.3385848999 1
63 29 92.3709182739 1
63 29 92.3729858398 1
63 29 92.3794555664 1
63 29 92.4083862305 1
63 29 92.4117279053 1
63 29 92.4280090332 1
63 29 92.4386825562 1
63 29 92.4511795044 1
63 29 92.4537277222 1
63 29 92.4643096924 1
63 29 92.467590332 1
63 29 92.4815979004 1
63 29 92.4828338623 1
63 29 92.4843978882 1
63 29 92.4968032837 1
63 29 92.5108261108 1
63 29 92.5112075806 1
63 29 92.5529327393 1
63 29 92.5561141968 1
63 29 92.559928894 1
63 29 92.5620117188 1
63 29 92.5760574341 1
63 29 92.5970306396 1
63 29 92.6041946411 1
63 29 92.6165618896 1
63 29 92.617149353 1
63 29 92.629119873 1
63 29 92.636505127 1
63 29 92.6467285156 1
63 29 92.6523513794 1
63 29 92.6552124023 1
63 29 92.6672286987 1
63 29 92.6688308716 1
63 29 92.6821365356 1
63 29 92.6837081909 1
63 29 92.6838912964 1
63 29 92.7020797729 1
63 29 92.706161499 1
63 29 92.7192993164 1
63 29 92.7287063599 1
63 29 92.7670288086 1
63 29 92.7677841187 1
63 29 92.767868042 1
63 29 92.7752609253 1
63 29 92.7924423218 1
63 29 92.7995376587 1
63 29 92.8133010864 1
63 29 92.8197250366 1
63 29 92.836555481 1
63 29 92.841255188 1
63 29 92.907875061 1
63 29 92.9200363159 1
63 29 92.9294128418 1
63 29 92.9303741455 1
63 29 92.9388122559 1
63 29 92.9412231445 1
63 29 92.9421005249 1
63 29 92.9433441162 1
63 29 92.9466018677 1
63 29 92.9497375488 1
63 29 92.9568710327 1
63 29 92.9598770142 1
63 29 92.965057373 1
63 29 92.9764404297 1
63 29 92.9931945801 1
63 29 92.9938430786 1
63 29 92.9944000244 1
63 29 93.0033721924 1
63 29 93.0132675171 1
63 29 93.0159454346 1
63 29 93.0170059204 1
63 29 93.0215759277 1
63 29 93.0230789185 1
63 29 93.0521316528 1
63 29 93.0563964844 1
63 29 93.0770187378 1
63 29 93.092010498 1
63 29 93.0956420898 1
63 29 93.1073455811 1
63 29 93.1163864136 1
63 29 93.1298675537 1
63 29 93.1541595459 1
63 29 93.1638793945 1
63 29 93.1754760742 1
63 29 93.1807479858 1
63 29 93.2166366577 1
63 29 93.2204208374 1
63 29 93.2312927246 1
63 29 93.2413864136 1
63 29 93.2497558594 1
63 29 93.2497558594 1
63 29 93.2643585205 1
63 29 93.2738876343 1
63 29 93.2811737061 1
63 29 93.292098999 1
63 29 93.2990341187 1
63 29 93.3385848999 1
63 29 93.3820571899 1
63 29 93.3928375244 1
63 29 93.4195709229 1
63 29 93.4438781738 1
63 29 93.4462814331 1
63 29 93.4536972046 1
63 29 93.4670410156 1
63 29 93.4690551758 1
63 29 93.4851913452 1
63 29 93.4936141968 1
63 29 93.512260437 1
63 29 93.523475647 1
63 29 93.5250701904 1
63 29 93.5318984985 1
63 29 93.540397644 1
63 29 93.5447616577 1
63 29 93.5660095215 1
63 29 93.5677566528 1
63 29 93.5806121826 1
63 29 93.5819778442 1
63 29 93.6074447632 1
63 29 93.6310577393 1
63 29 93.6367111206 1
63 29 93.6394958496 1
63 29 93.6434555054 1
63 29 93.6511306763 1
63 29 93.6678161621 1
63 29 93.6690216064 1
63 29 93.6897201538 1
63 29 93.6952590942 1
63 29 93.6997909546 1
63 29 93.7046127319 1
63 29 93.7254104614 1
63 29 93.7293243408 1
63 29 93.7518157959 1
63 29 93.7651519775 1
63 29 93.7719345093 1
63 29 93.7899093628 1
63 29 93.7996826172 1
63 29 93.819480896 1
63 29 93.826751709 1
63 29 93.8345565796 1
63 29 93.834815979 1
63 29 93.835067749 1
63 29 93.8547210693 1
63 29 93.8590164185 1
63 29 93.8606948853 1
63 29 93.8703613281 1
63 29 93.873046875 1
63 29 93.8851089478 1
63 29 93.8852920532 1
63 29 93.8857498169 1
63 29 93.885887146 1
63 29 93.9313354492 1
63 29 93.9475021362 1
63 29 93.9586257935 1
63 29 93.9648361206 1
63 29 93.969367981 1
63 29 93.9726257324 1
63 29 93.9726867676 1
63 29 93.9953689575 1
63 29 93.9977493286 1
63 29 94.0031967163 1
63 29 94.0057983398 1
63 29 94.0133361816 1
63 29 94.0431594849 1
63 29 94.0968780518 1
63 29 94.1044845581 1
63 29 94.124168396 1
63 29 94.1348724365 1
63 29 94.1350860596 1
63 29 94.1361541748 1
63 29 94.1453857422 1
63 29 94.1503295898 1
63 29 94.152305603 1
63 29 94.1786956787 1
63 29 94.1932220459 1
63 29 94.1980056763 1
63 29 94.2438354492 1
63 29 94.2526397705 1
63 29 94.2755584717 1
63 29 94.3018493652 1
63 29 94.3108444214 1
63 29 94.3117294312 1
63 29 94.3243484497 1
63 29 94.3265838623 1
63 29 94.3315200806 1
63 29 94.3364028931 1
63 29 94.3492202759 1
63 29 94.3596115112 1
63 29 94.3642196655 1
63 29 94.3812103271 1
63 29 94.396156311 1
63 29 94.3963546753 1
63 29 94.3970870972 1
63 29 94.4009094238 1
63 29 94.4279785156 1
63 29 94.4374389648 1
63 29 94.4487380981 1
63 29 94.4571990967 1
63 29 94.46484375 1
63 29 94.4804077148 1
63 29 94.4927215576 1
63 29 94.5049514771 1
63 29 94.5353012085 1
63 29 94.5357589722 1
63 29 94.545791626 1
63 29 94.5504608154 1
63 29 94.5599060059 1
63 29 94.5688705444 1
63 29 94.6153869629 1
63 29 94.6320800781 1
63 29 94.6417160034 1
63 29 94.6563568115 1
63 29 94.6616897583 1
63 29 94.6729812622 1
63 29 94.6859817505 1
63 29 94.6878128052 1
63 29 94.6917419434 1
63 29 94.7028808594 1
63 29 94.7052841187 1
63 29 94.7181930542 1
63 29 94.7322769165 1
63 29 94.7326660156 1
63 29 94.7329406738 1
63 29 94.7491836548 1
63 29 94.7553329468 1
63 29 94.7584991455 1
63 29 94.7603683472 1
63 29 94.7799835205 1
63 29 94.8024673462 1
63 29 94.8359222412 1
63 29 94.8470153809 1
63 29 94.8620071411 1
63 29 94.8635482788 1
63 29 94.8915405273 1
63 29 94.9018554688 1
63 29 94.9065093994 1
63 29 94.9215087891 1
63 29 94.9345092773 1
63 29 94.9365539551 1
63 29 94.9566345215 1
63 29 94.9568634033 1
63 29 94.9664001465 1
63 29 95.009803772 1
63 29 95.0130004883 1
63 29 95.01587677 1
63 29 95.0414581299 1
63 29 95.0470123291 1
63 29 95.0625152588 1
63 29 95.0715637207 1
63 29 95.0732879639 1
63 29 95.100944519 1
63 29 95.1082839966 1
63 29 95.1216583252 1
63 29 95.1244506836 1
63 29 95.1310806274 1
63 29 95.1645889282 1
63 29 95.1821746826 1
63 29 95.214263916 1
63 29 95.2529983521 1
63 29 95.2539825439 1
63 29 95.2615280151 1
63 29 95.2694549561 1
63 29 95.2822799683 1
63 29 95.2905426025 1
63 29 95.2941131592 1
63 29 95.3062362671 1
63 29 95.307762146 1
63 29 95.3188171387 1
63 29 95.3248291016 1
63 29 95.356590271 1
63 29 95.3566818237 1
63 29 95.3600387573 1
63 29 95.3623199463 1
63 29 95.3668289185 1
63 29 95.3835830688 1
63 29 95.3858337402 1
63 29 95.4135360718 1
63 29 95.4280319214 1
63 29 95.4393234253 1
63 29 95.4549102783 1
63 29 95.4554595947 1
63 29 95.4563903809 1
63 29 95.4631195068 1
63 29 95.4828796387 1
63 29 95.4926223755 1
63 29 95.5178985596 1
63 29 95.5185317993 1
63 29 95.5233764648 1
63 29 95.5293426514 1
63 29 95.5347595215 1
63 29 95.5378189087 1
63 29 95.5736694336 1
63 29 95.5796356201 1
63 29 95.5809707642 1
63 29 95.5906219482 1
63 29 95.6068344116 1
63 29 95.6128845215 1
63 29 95.6132965088 1
63 29 95.614112854 1
63 29 95.6186904907 1
63 29 95.6338272095 1
63 29 95.6384353638 1
63 29 95.6668701172 1
63 29 95.6734924316 1
63 29 95.6748504639 1
63 29 95.6832733154 1
63 29 95.7215576172 1
63 29 95.7293624878 1
63 29 95.7478866577 1
63 29 95.7513122559 1
63 29 95.7522125244 1
63 29 95.7593688965 1
63 29 95.7751464844 1
63 29 95.7788925171 1
63 29 95.7807693481 1
63 29 95.7870559692 1
63 29 95.7901992798 1
63 29 95.8018875122 1
63 29 95.8060836792 1
63 29 95.8195343018 1
63 29 95.8237609863 1
63 29 95.8322143555 1
63 29 95.8408508301 1
63 29 95.8857498169 1
63 29 95.8882293701 1
63 29 95.89087677 1
63 29 95.8912506104 1
63 29 95.8954315186 1
63 29 95.8973007202 1
63 29 95.9086914062 1
63 29 95.9194488525 1
63 29 95.9416351318 1
63 29 95.941947937 1
63 29 95.9460754395 1
63 29 95.9471206665 1
63 29 95.9498214722 1
63 29 95.9708862305 1
63 29 95.9709091187 1
63 29 95.9859848022 1
63 29 96.0092391968 1
63 29 96.0139923096 1
63 29 96.0367126465 1
63 29 96.0417251587 1
63 29 96.0492324829 1
63 29 96.0557327271 1
63 29 96.0619812012 1
63 29 96.0743408203 1
63 29 96.0747528076 1
63 29 96.1177825928 1
63 29 96.1181564331 1
63 29 96.1246643066 1
63 29 96.1323852539 1
63 29 96.139213562 1
63 29 96.1399688721 1
63 29 96.1570892334 1
63 29 96.1623687744 1
63 29 96.1719818115 1
63 29 96.188041687 1
63 29 96.1985549927 1
63 29 96.2098236084 1
63 29 96.2256317139 1
63 29 96.2448272705 1
63 29 96.2986679077 1
63 29 96.3159408569 1
63 29 96.3174285889 1
63 29 96.317855835 1
63 29 96.32472229 1
63 29 96.3334121704 1
63 29 96.3436431885 1
63 29 96.3465805054 1
63 29 96.3519134521 1
63 29 96.3526229858 1
63 29 96.356552124 1
63 29 96.3571777344 1
63 29 96.3631134033 1
63 29 96.3788986206 1
63 29 96.3812866211 1
63 29 96.3828659058 1
63 29 96.4041748047 1
63 29 96.4077377319 1
63 29 96.4080505371 1
63 29 96.4112701416 1
63 29 96.4179382324 1
63 29 96.4299316406 1
63 29 96.4515457153 1
63 29 96.4596633911 1
63 29 96.4657058716 1
63 29 96.4693222046 1
63 29 96.4740219116 1
63 29 96.4788513184 1
63 29 96.486907959 1
63 29 96.4996032715 1
63 29 96.5091323853 1
63 29 96.5102462769 1
63 29 96.5139160156 1
63 29 96.513961792 1
63 29 96.5183181763 1
63 29 96.531211853 1
63 29 96.5333709717 1
63 29 96.5469284058 1
63 29 96.5544967651 1
63 29 96.5603408813 1
63 29 96.5871124268 1
63 29 96.5872039795 1
63 29 96.5888671875 1
63 29 96.6058349609 1
63 29 96.6249313354 1
63 29 96.646736145 1
63 29 96.6559753418 1
63 29 96.6571350098 1
63 29 96.6700820923 1
63 29 96.6776733398 1
63 29 96.6880493164 1
63 29 96.6983413696 1
63 29 96.6983413696 1
63 29 96.701133728 1
63 29 96.7119674683 1
63 29 96.713432312 1
63 29 96.7173538208 1
63 29 96.72240448 1
63 29 96.7313919067 1
63 29 96.7341918945 1
63 29 96.7459640503 1
63 29 96.7691345215 1
63 29 96.769203186 1
63 29 96.7706069946 1
63 29 96.7715377808 1
63 29 96.7731018066 1
63 29 96.7887573242 1
63 29 96.7899780273 1
63 29 96.8048629761 1
63 29 96.8134155273 1
63 29 96.8205566406 1
63 29 96.8236083984 1
63 29 96.8332595825 1
63 29 96.8587799072 1
63 29 96.8684158325 1
63 29 96.8717346191 1
63 29 96.8763961792 1
63 29 96.9030609131 1
63 29 96.9054031372 1
63 29 96.9081573486 1
63 29 96.9138717651 1
63 29 96.9787750244 1
63 29 96.9871444702 1
63 29 96.9909896851 1
63 29 97.0053710938 1
63 29 97.0126495361 1
63 29 97.0249862671 1
63 29 97.0278244019 1
63 29 97.034072876 1
63 29 97.0371246338 1
63 29 97.0483551025 1
63 29 97.1116943359 1
63 29 97.1307296753 1
63 29 97.1323776245 1
63 29 97.1347579956 1
63 29 97.143196106 1
63 29 97.1500167847 1
63 29 97.1577148438 1
63 29 97.1584777832 1
63 29 97.1886520386 1
63 29 97.197555542 1
63 29 97.2142562866 1
63 29 97.2382278442 1
63 29 97.2506332397 1
63 29 97.2596130371 1
63 29 97.2607955933 1
63 29 97.2727813721 1
63 29 97.2840042114 1
63 29 97.2885513306 1
63 29 97.3036346436 1
63 29 97.3066253662 1
63 29 97.3142318726 1
63 29 97.3183822632 1
63 29 97.3266067505 1
63 29 97.3350982666 1
63 29 97.337059021 1
63 29 97.3482208252 1
63 29 97.3555908203 1
63 29 97.3725738525 1
63 29 97.3734817505 1
63 29 97.3749542236 1
63 29 97.3836364746 1
63 29 97.3945999146 1
63 29 97.3950042725 1
63 29 97.3953018188 1
63 29 97.4008178711 1
63 29 97.4113082886 1
63 29 97.4140853882 1
63 29 97.4184646606 1
63 29 97.4218826294 1
63 29 97.4298782349 1
63 29 97.4482727051 1
63 29 97.4670639038 1
63 29 97.5016174316 1
63 29 97.5021896362 1
63 29 97.5048141479 1
63 29 97.5088272095 1
63 29 97.5314559937 1
63 29 97.5317611694 1
63 29 97.5882644653 1
63 29 97.5956420898 1
63 29 97.5979919434 1
63 29 97.5995254517 1
63 29 97.6013259888 1
63 29 97.6215744019 1
63 29 97.623260498 1
63 29 97.6243591309 1
63 29 97.6268081665 1
63 29 97.6416320801 1
63 29 97.6484298706 1
63 29 97.6516952515 1
63 29 97.677116394 1
63 29 97.6789245605 1
63 29 97.6848068237 1
63 29 97.6987686157 1
63 29 97.7012786865 1
63 29 97.7366409302 1
63 29 97.7652511597 1
63 29 97.7676391602 1
63 29 97.7686691284 1
63 29 97.7776031494 1
63 29 97.8018188477 1
63 29 97.8074264526 1
63 29 97.8091125488 1
63 29 97.8231430054 1
63 29 97.830291748 1
63 29 97.8326644897 1
63 29 97.8468704224 1
63 29 97.8691329956 1
63 29 97.8820495605 1
63 29 97.9247741699 1
63 29 97.9345703125 1
63 29 97.9644012451 1
63 29 97.9650115967 1
63 29 97.9693984985 1
63 29 97.9783401489 1
63 29 98.015083313 1
63 29 98.0381546021 1
63 29 98.0765457153 1
63 29 98.0793457031 1
63 29 98.0807189941 1
63 29 98.0927581787 1
63 29 98.103515625 1
63 29 98.1036834717 1
63 29 98.1041183472 1
63 29 98.133140564 1
63 29 98.1341171265 1
63 29 98.1430282593 1
63 29 98.1462173462 1
63 29 98.1786727905 1
63 29 98.1840133667 1
63 29 98.1929931641 1
63 29 98.1941375732 1
63 29 98.1983718872 1
63 29 98.2092208862 1
63 29 98.2130050659 1
63 29 98.2821578979 1
63 29 98.2826385498 1
63 29 98.2850265503 1
63 29 98.2886352539 1
63 29 98.3085021973 1
63 29 98.3195266724 1
63 29 98.3336486816 1
63 29 98.3570251465 1
63 29 98.3665008545 1
63 29 98.3731307983 1
63 29 98.3786697388 1
63 29 98.3789672852 1
63 29 98.3832550049 1
63 29 98.3864135742 1
63 29 98.3893890381 1
63 29 98.3950653076 1
63 29 98.4026641846 1
63 29 98.4028320312 1
63 29 98.4225540161 1
63 29 98.4303283691 1
63 29 98.4438400269 1
63 29 98.4570159912 1
63 29 98.5263061523 1
63 29 98.5370254517 1
63 29 98.5400390625 1
63 29 98.5480957031 1
63 29 98.5549468994 1
63 29 98.5602416992 1
63 29 98.5666351318 1
63 29 98.5781860352 1
63 29 98.5929489136 1
63 29 98.6099777222 1
63 29 98.6614532471 1
63 29 98.6701431274 1
63 29 98.692565918 1
63 29 98.7062301636 1
63 29 98.7083053589 1
63 29 98.712562561 1
63 29 98.7184829712 1
63 29 98.7197036743 1
63 29 98.7260055542 1
63 29 98.7263946533 1
63 29 98.7537994385 1
63 29 98.7638168335 1
63 29 98.7858276367 1
63 29 98.7875671387 1
63 29 98.8218917847 1
63 29 98.8232727051 1
63 29 98.8404693604 1
63 29 98.8405303955 1
63 29 98.8425445557 1
63 29 98.8480148315 1
63 29 98.8569717407 1
63 29 98.8605270386 1
63 29 98.8806610107 1
63 29 98.8818893433 1
63 29 98.8980865479 1
63 29 98.9030075073 1
63 29 98.9257354736 1
63 29 98.9664611816 1
63 29 98.9701080322 1
63 29 98.9863967896 1
63 29 98.9961776733 1
63 29 99.017906189 1
63 29 99.0184783936 1
63 29 99.0235519409 1
63 29 99.0319671631 1
63 29 99.0383148193 1
63 29 99.0426559448 1
63 29 99.0966415405 1
63 29 99.1449050903 1
63 29 99.2434921265 1
63 29 99.2634658813 1
63 29 99.2676620483 1
63 29 99.2885971069 1
63 29 99.2999725342 1
63 29 99.3150558472 1
63 29 99.3218612671 1
63 29 99.326385498 1
63 29 99.3350830078 1
63 29 99.3372879028 1
63 29 99.3393783569 1
63 29 99.3476867676 1
63 29 99.3579788208 1
63 29 99.3748855591 1
63 29 99.3754501343 1
63 29 99.3847122192 1
63 29 99.3950958252 1
63 29 99.4022064209 1
63 29 99.4152374268 1
63 29 99.418258667 1
63 29 99.4214248657 1
63 29 99.4265670776 1
63 29 99.4278717041 1
63 29 99.4313812256 1
63 29 99.4385223389 1
63 29 99.4512786865 1
63 29 99.4536056519 1
63 29 99.5215682983 1
63 29 99.5318069458 1
63 29 99.5429229736 1
63 29 99.5749053955 1
63 29 99.5822906494 1
63 29 99.5938491821 1
63 29 99.6381149292 1
63 29 99.6381378174 1
63 29 99.6447601318 1
63 29 99.6780395508 1
63 29 99.6809539795 1
63 29 99.6854248047 1
63 29 99.7081756592 1
63 29 99.7220687866 1
63 29 99.7234725952 1
63 29 99.7241363525 1
63 29 99.7367553711 1
63 29 99.7604522705 1
63 29 99.7638626099 1
63 29 99.7653198242 1
63 29 99.7856140137 1
63 29 99.7879714966 1
63 29 99.823600769 1
63 29 99.9038848877 1
63 29 99.9101257324 1
63 29 99.9561843872 1
63 29 99.9935302734 1
63 29 99.9997329712 1
63 29 100.003219604 1
63 29 100.018440247 1
63 29 100.028327942 1
63 29 100.040534973 1
63 29 100.056640625 1
63 29 100.075317383 1
63 29 100.112663269 1
63 29 100.128646851 1
63 29 100.138458252 1
63 29 100.155708313 1
63 29 100.164039612 1
63 29 100.205635071 1
63 29 100.213577271 1
63 29 100.238105774 1
63 29 100.23916626 1
63 29 100.284088135 1
63 29 100.309005737 1
63 29 100.322402954 1
63 29 100.37525177 1
63 29 100.392410278 1
63 29 100.413414001 1
63 29 100.415115356 1
63 29 100.424377441 1
63 29 100.424743652 1
63 29 100.440872192 1
63 29 100.443191528 1
63 29 100.458381653 1
63 29 100.463249207 1
63 29 100.468292236 1
63 29 100.524681091 1
63 29 100.537521362 1
63 29 100.5835495 1
63 29 100.593788147 1
63 29 100.620323181 1
63 29 100.620422363 1
63 29 100.652656555 1
63 29 100.658660889 1
63 29 100.687904358 1
63 29 100.692764282 1
63 29 100.693557739 1
63 29 100.703804016 1
63 29 100.73739624 1
63 29 100.764709473 1
63 29 100.783401489 1
63 29 100.784034729 1
63 29 100.802505493 1
63 29 100.819023132 1
63 29 100.840164185 1
63 29 100.843765259 1
63 29 100.848983765 1
63 29 100.86516571 1
63 29 100.867500305 1
63 29 100.906166077 1
63 29 100.923789978 1
63 29 100.97215271 1
63 29 100.972633362 1
63 29 101.014648438 1
63 29 101.029258728 1
63 29 101.033424377 1
63 29 101.075500488 1
63 29 101.084136963 1
63 29 101.106575012 1
63 29 101.139678955 1
63 29 101.141464233 1
63 29 101.143669128 1
63 29 101.152282715 1
63 29 101.18283844 1
63 29 101.19682312 1
63 29 101.202041626 1
63 29 101.207366943 1
63 29 101.259765625 1
63 29 101.273033142 1
63 29 101.317565918 1
63 29 101.320243835 1
63 29 101.329277039 1
63 29 101.33681488 1
63 29 101.351875305 1
63 29 101.355300903 1
63 29 101.380653381 1
63 29 101.388214111 1
63 29 101.404121399 1
63 29 101.405097961 1
63 29 101.412528992 1
63 29 101.430267334 1
63 29 101.434265137 1
63 29 101.459602356 1
63 29 101.460067749 1
63 29 101.471961975 1
63 29 101.474357605 1
63 29 101.494827271 1
63 29 101.501930237 1
63 29 101.551719666 1
63 29 101.571159363 1
63 29 101.57484436 1
63 29 101.611488342 1
63 29 101.648002625 1
63 29 101.648139954 1
63 29 101.670379639 1
63 29 101.705589294 1
63 29 101.723144531 1
63 29 101.723625183 1
63 29 101.749855042 1
63 29 101.808158875 1
63 29 101.875114441 1
63 29 101.879478455 1
63 29 101.908729553 1
63 29 101.917304993 1
63 29 101.928718567 1
63 29 101.985343933 1
63 29 101.997657776 1
63 29 102.040878296 1
63 29 102.047409058 1
63 29 102.051864624 1
63 29 102.06438446 1
63 29 102.098144531 1
63 29 102.118041992 1
63 29 102.144439697 1
63 29 102.164810181 1
63 29 102.171081543 1
63 29 102.210166931 1
63 29 102.229309082 1
63 29 102.289894104 1
63 29 102.296348572 1
63 29 102.311080933 1
63 29 102.316101074 1
63 29 102.344680786 1
63 29 102.373222351 1
63 29 102.378379822 1
63 29 102.38217926 1
63 29 102.416641235 1
63 29 102.417411804 1
63 29 102.42779541 1
63 29 102.445549011 1
63 29 102.479698181 1
63 29 102.512245178 1
63 29 102.528312683 1
63 29 102.554046631 1
63 29 102.554679871 1
63 29 102.563026428 1
63 29 102.568214417 1
63 29 102.617897034 1
63 29 102.644134521 1
63 29 102.660423279 1
63 29 102.681564331 1
63 29 102.691177368 1
63 29 102.697525024 1
63 29 102.725334167 1
63 29 102.736587524 1
63 29 102.750259399 1
63 29 102.755058289 1
63 29 102.786231995 1
63 29 102.794364929 1
63 29 102.800811768 1
63 29 102.808273315 1
63 29 102.924453735 1
63 29 102.992042542 1
63 29 102.998832703 1
63 29 103.009269714 1
63 29 103.032608032 1
63 29 103.056297302 1
63 29 103.073287964 1
63 29 103.102561951 1
63 29 103.116516113 1
63 29 103.116752625 1
63 29 103.144546509 1
63 29 103.144607544 1
63 29 103.197097778 1
63 29 103.256774902 1
63 29 103.29750824 1
63 29 103.327354431 1
63 29 103.32749939 1
63 29 103.366188049 1
63 29 103.377990723 1
63 29 103.388298035 1
63 29 103.431869507 1
63 29 103.473648071 1
63 29 103.53944397 1
63 29 103.556182861 1
63 29 103.562614441 1
63 29 103.582015991 1
63 29 103.586868286 1
63 29 103.637062073 1
63 29 103.637557983 1
63 29 103.641670227 1
63 29 103.699836731 1
63 29 103.764732361 1
63 29 103.771003723 1
63 29 103.779632568 1
63 29 103.780792236 1
63 29 103.797477722 1
63 29 103.809059143 1
63 29 103.85194397 1
63 29 103.880279541 1
63 29 103.898033142 1
63 29 103.965087891 1
63 29 104.015563965 1
63 29 104.03188324 1
63 29 104.049728394 1
63 29 104.073074341 1
63 29 104.083244324 1
63 29 104.088615417 1
63 29 104.107849121 1
63 29 104.198547363 1
63 29 104.23273468 1
63 29 104.241386414 1
63 29 104.288665771 1
63 29 104.294555664 1
63 29 104.320098877 1
63 29 104.345169067 1
63 29 104.35975647 1
63 29 104.369674683 1
63 29 104.49079895 1
63 29 104.522018433 1
63 29 104.522071838 1
63 29 104.535346985 1
63 29 104.615089417 1
63 29 104.629753113 1
63 29 104.630058289 1
63 29 104.696960449 1
63 29 104.709182739 1
63 29 104.715774536 1
63 29 104.724731445 1
63 29 104.735145569 1
63 29 104.742599487 1
63 29 104.742614746 1
63 29 104.813682556 1
63 29 104.815536499 1
63 29 104.859146118 1
63 29 104.861633301 1
63 29 104.893608093 1
63 29 104.905487061 1
63 29 104.915435791 1
63 29 104.946846008 1
63 29 104.989295959 1
63 29 105.022438049 1
63 29 105.035346985 1
63 29 105.039047241 1
63 29 105.064025879 1
63 29 105.08467865 1
63 29 105.090759277 1
63 29 105.131744385 1
63 29 105.140289307 1
63 29 105.179679871 1
63 29 105.19329071 1
63 29 105.196731567 1
63 29 105.298286438 1
63 29 105.364334106 1
63 29 105.449707031 1
63 29 105.470542908 1
63 29 105.501663208 1
63 29 105.510253906 1
63 29 105.532997131 1
63 29 105.540252686 1
63 29 105.545394897 1
63 29 105.578575134 1
63 29 105.592948914 1
63 29 105.599746704 1
63 29 105.606719971 1
63 29 105.610328674 1
63 29 105.630134583 1
63 29 105.648612976 1
63 29 105.697357178 1
63 29 105.714057922 1
63 29 105.834022522 1
63 29 105.837203979 1
63 29 105.864250183 1
63 29 105.951812744 1
63 29 105.962165833 1
63 29 105.980552673 1
63 29 106.010574341 1
63 29 106.06072998 1
63 29 106.114143372 1
63 29 106.154838562 1
63 29 106.155738831 1
63 29 106.211654663 1
63 29 106.294364929 1
63 29 106.302474976 1
63 29 106.341957092 1
63 29 106.342391968 1
63 29 106.356079102 1
63 29 106.373893738 1
63 29 106.390419006 1
63 29 106.411842346 1
63 29 106.425460815 1
63 29 106.436103821 1
63 29 106.439826965 1
63 29 106.474212646 1
63 29 106.591934204 1
63 29 106.596282959 1
63 29 106.649719238 1
63 29 106.671920776 1
63 29 106.676826477 1
63 29 106.680465698 1
63 29 106.714645386 1
63 29 106.717887878 1
63 29 106.742347717 1
63 29 106.788719177 1
63 29 106.789894104 1
63 29 106.84236908 1
63 29 106.845710754 1
63 29 106.910430908 1
63 29 106.917198181 1
63 29 107.022857666 1
63 29 107.049316406 1
63 29 107.145896912 1
63 29 107.18661499 1
63 29 107.188270569 1
63 29 107.205940247 1
63 29 107.241325378 1
63 29 107.305084229 1
63 29 107.340034485 1
63 29 107.377822876 1
63 29 107.381660461 1
63 29 107.413040161 1
63 29 107.437034607 1
63 29 107.450843811 1
63 29 107.480125427 1
63 29 107.506546021 1
63 29 107.515647888 1
63 29 107.651649475 1
63 29 107.654411316 1
63 29 107.695358276 1
63 29 107.749862671 1
63 29 107.762069702 1
63 29 107.791183472 1
63 29 107.796188354 1
63 29 107.873077393 1
63 29 107.879508972 1
63 29 107.891708374 1
63 29 107.903442383 1
63 29 107.928108215 1
63 29 107.946174622 1
63 29 107.968254089 1
63 29 107.972091675 1
63 29 107.978294373 1
63 29 107.995033264 1
63 29 108.000732422 1
63 29 108.088111877 1
63 29 108.090110779 1
63 29 108.113296509 1
63 29 108.135887146 1
63 29 108.16468811 1
63 29 108.189109802 1
63 29 108.207466125 1
63 29 108.237167358 1
63 29 108.254562378 1
63 29 108.271499634 1
63 29 108.309043884 1
63 29 108.378120422 1
63 29 108.37991333 1
63 29 108.412147522 1
63 29 108.425621033 1
63 29 108.497131348 1
63 29 108.507606506 1
63 29 108.554771423 1
63 29 108.583503723 1
63 29 108.630569458 1
63 29 108.639228821 1
63 29 108.641059875 1
63 29 108.662368774 1
63 29 108.723548889 1
63 29 108.73866272 1
63 29 108.806091309 1
63 29 108.821624756 1
63 29 108.822631836 1
63 29 108.888587952 1
63 29 108.889961243 1
63 29 108.934082031 1
63 29 109.069717407 1
63 29 109.070953369 1
63 29 109.096374512 1
63 29 109.144592285 1
63 29 109.225296021 1
63 29 109.244636536 1
63 29 109.267967224 1
63 29 109.352310181 1
63 29 109.427505493 1
63 29 109.493164062 1
63 29 109.523895264 1
63 29 109.542984009 1
63 29 109.610443115 1
63 29 109.615257263 1
63 29 109.649017334 1
63 29 109.664337158 1
63 29 109.694656372 1
63 29 109.703422546 1
63 29 109.711006165 1
63 29 109.750823975 1
63 29 109.763877869 1
63 29 109.794120789 1
63 29 109.876625061 1
63 29 109.931114197 1
63 29 109.960014343 1
63 29 109.984153748 1
63 29 110.124061584 1
63 29 110.24760437 1
63 29 110.332054138 1
63 29 110.364837646 1
63 29 110.369865417 1
63 29 110.422042847 1
63 29 110.540481567 1
63 29 110.622192383 1
63 29 110.638664246 1
63 29 110.65448761 1
63 29 110.664299011 1
63 29 110.668762207 1
63 29 110.678497314 1
63 29 110.702415466 1
63 29 110.718757629 1
63 29 110.763969421 1
63 29 110.79888916 1
63 29 110.818359375 1
63 29 110.864303589 1
63 29 110.88457489 1
63 29 110.901626587 1
63 29 110.941864014 1
63 29 110.943244934 1
63 29 111.081787109 1
63 29 111.119049072 1
63 29 111.14251709 1
63 29 111.215995789 1
63 29 111.256874084 1
63 29 111.2603302 1
63 29 111.288879395 1
63 29 111.42427063 1
63 29 111.433609009 1
63 29 111.528007507 1
63 29 111.582725525 1
63 29 111.70475769 1
63 29 111.938980103 1
63 29 111.939949036 1
63 29 112.028831482 1
63 29 112.09412384 1
63 29 112.240013123 1
63 29 112.31325531 1
63 29 112.510437012 1
63 29 112.528457642 1
63 29 112.609046936 1
63 29 112.648086548 1
63 29 112.742774963 1
63 29 112.757080078 1
63 29 112.848861694 1
63 29 112.877639771 1
63 29 112.885108948 1
63 29 112.970252991 1
63 29 113.025802612 1
63 29 113.048942566 1
63 29 113.090751648 1
63 29 113.099487305 1
63 29 113.20513916 1
63 29 113.303451538 1
63 29 113.311843872 1
63 29 113.340034485 1
63 29 113.341293335 1
63 29 113.355323792 1
63 29 113.363143921 1
63 29 113.397422791 1
63 29 113.41608429 1
63 29 113.552848816 1
63 29 113.561721802 1
63 29 113.567062378 1
63 29 113.600257874 1
63 29 113.644203186 1
63 29 113.683380127 1
63 29 113.693733215 1
63 29 113.71270752 1
63 29 113.754928589 1
63 29 113.766113281 1
63 29 113.895523071 1
63 29 113.997596741 1
63 29 114.055740356 1
63 29 114.056739807 1
63 29 114.075874329 1
63 29 114.120346069 1
63 29 114.171432495 1
63 29 114.19568634 1
63 29 114.203742981 1
63 29 114.21231842 1
63 29 114.229393005 1
63 29 114.27822113 1
63 29 114.315361023 1
63 29 114.360198975 1
63 29 114.381568909 1
63 29 114.393119812 1
63 29 114.496398926 1
63 29 114.547744751 1
63 29 114.569198608 1
63 29 114.585708618 1
63 29 114.600250244 1
63 29 114.691642761 1
63 29 114.766860962 1
63 29 114.798751831 1
63 29 114.834014893 1
63 29 114.93321991 1
63 29 114.957710266 1
63 29 114.9998703 1
63 29 115.034301758 1
63 29 115.052604675 1
63 29 115.153236389 1
63 29 115.154563904 1
63 29 115.173805237 1
63 29 115.283699036 1
63 29 115.288909912 1
63 29 115.333137512 1
63 29 115.432975769 1
63 29 115.46723175 1
63 29 115.528625488 1
63 29 115.552963257 1
63 29 115.650222778 1
63 29 115.665649414 1
63 29 115.743415833 1
63 29 115.974525452 1
63 29 116.009407043 1
63 29 116.055122375 1
63 29 116.063056946 1
63 29 116.089042664 1
63 29 116.175842285 1
63 29 116.256202698 1
63 29 116.261985779 1
63 29 116.262802124 1
63 29 116.273269653 1
63 29 116.315185547 1
63 29 116.342857361 1
63 29 116.385719299 1
63 29 116.46710968 1
63 29 116.576560974 1
63 29 116.641990662 1
63 29 116.723472595 1
63 29 116.729896545 1
63 29 116.754524231 1
63 29 116.76259613 1
63 29 116.76688385 1
63 29 116.77596283 1
63 29 116.936210632 1
63 29 116.967666626 1
63 29 117.014511108 1
63 29 117.057655334 1
63 29 117.062919617 1
63 29 117.10395813 1
63 29 117.257301331 1
63 29 117.306121826 1
63 29 117.372894287 1
63 29 117.521980286 1
63 29 117.535560608 1
63 29 117.61139679 1
63 29 117.654663086 1
63 29 117.740074158 1
63 29 117.829116821 1
63 29 117.902816772 1
63 29 117.907829285 1
63 29 117.922683716 1
63 29 117.964538574 1
63 29 117.974769592 1
63 29 117.989685059 1
63 29 118.013687134 1
63 29 118.032325745 1
63 29 118.039855957 1
63 29 118.051780701 1
63 29 118.055000305 1
63 29 118.056770325 1
63 29 118.081062317 1
63 29 118.19354248 1
63 29 118.226867676 1
63 29 118.263267517 1
63 29 118.441810608 1
63 29 118.565895081 1
63 29 118.621299744 1
63 29 118.648162842 1
63 29 118.684509277 1
63 29 118.755081177 1
63 29 118.777511597 1
63 29 118.843788147 1
63 29 118.870773315 1
63 29 118.946342468 1
63 29 118.988204956 1
63 29 119.007118225 1
63 29 119.017448425 1
63 29 119.027442932 1
63 29 119.080688477 1
63 29 119.325538635 1
63 29 119.347885132 1
63 29 119.439781189 1
63 29 119.53150177 1
63 29 119.571037292 1
63 29 119.574836731 1
63 29 119.66519165 1
63 29 119.669456482 1
63 29 119.71257019 1
63 29 119.87651062 1
63 29 120.121292114 1
63 29 120.151786804 1
63 29 120.161453247 1
63 29 120.170043945 1
63 29 120.196487427 1
63 29 120.354667664 1
63 29 120.564109802 1
63 29 120.572685242 1
63 29 120.591186523 1
63 29 120.620597839 1
63 29 120.661956787 1
63 29 120.775779724 1
63 29 120.960601807 1
63 29 120.99269104 1
63 29 121.064468384 1
63 29 121.160652161 1
63 29 121.294120789 1
63 29 121.313621521 1
63 29 121.345626831 1
63 29 121.404266357 1
63 29 121.575843811 1
63 29 121.57585907 1
63 29 121.657234192 1
63 29 121.815917969 1
63 29 121.914009094 1
63 29 121.918022156 1
63 29 121.960067749 1
63 29 122.078521729 1
63 29 122.121398926 1
63 29 122.196876526 1
63 29 122.204032898 1
63 29 122.210403442 1
63 29 122.221435547 1
63 29 122.224479675 1
63 29 122.306739807 1
63 29 122.321151733 1
63 29 122.51385498 1
63 29 122.64390564 1
63 29 122.779129028 1
63 29 122.790107727 1
63 29 123.029464722 1
63 29 123.101028442 1
63 29 123.219825745 1
63 29 123.326789856 1
63 29 123.434944153 1
63 29 123.500602722 1
63 29 123.579170227 1
63 29 123.683616638 1
63 29 124.064323425 1
63 29 124.074928284 1
63 29 124.077163696 1
63 29 124.077560425 1
63 29 124.153701782 1
63 29 124.320106506 1
63 29 124.401039124 1
63 29 124.614082336 1
63 29 124.650787354 1
63 29 124.755233765 1
63 29 124.798530579 1
63 29 124.853919983 1
63 29 125.016891479 1
63 29 125.038299561 1
63 29 125.085365295 1
63 29 125.195114136 1
63 29 125.23740387 1
63 29 125.255973816 1
63 29 125.278457642 1
63 29 125.299201965 1
63 29 125.348464966 1
63 29 125.417221069 1
63 29 125.607452393 1
63 29 125.865539551 1
63 29 126.126083374 1
63 29 126.276321411 1
63 29 126.415336609 1
63 29 126.888900757 1
63 29 126.943115234 1
63 29 127.086372375 1
63 29 127.097549438 1
63 29 127.114738464 1
63 29 127.22051239 1
63 29 127.358375549 1
63 29 127.403648376 1
63 29 127.413619995 1
63 29 127.526481628 1
63 29 127.533454895 1
63 29 127.571968079 1
63 29 127.59375 1
63 29 127.616691589 1
63 29 127.627113342 1
63 29 127.713790894 1
63 29 127.829719543 1
63 29 127.894386292 1
63 29 127.98034668 1
63 29 128.105911255 1
63 29 128.15788269 1
63 29 128.322387695 1
63 29 128.324890137 1
63 29 128.425292969 1
63 29 128.894836426 1
63 29 129.157485962 1
63 29 129.302398682 1
63 29 129.363311768 1
63 29 129.375656128 1
63 29 129.459762573 1
63 29 129.750350952 1
63 29 129.982040405 1
63 29 130.168624878 1
63 29 130.227523804 1
63 29 130.32144165 1
63 29 130.47102356 1
63 29 130.738967896 1
63 29 130.777374268 1
63 29 130.984817505 1
63 29 131.079833984 1
63 29 131.152252197 1
63 29 131.168579102 1
63 29 131.318084717 1
63 29 131.47706604 1
63 29 131.489044189 1
63 29 131.592590332 1
63 29 131.892669678 1
63 29 132.139221191 1
63 29 132.444351196 1
63 29 132.716781616 1
63 29 132.728271484 1
63 29 132.788528442 1
63 29 132.830047607 1
63 29 132.86265564 1
63 29 132.896133423 1
63 29 132.971588135 1
63 29 133.155975342 1
63 29 133.282608032 1
63 29 133.659164429 1
63 29 133.759719849 1
63 29 133.769241333 1
63 29 134.125259399 1
63 29 134.179244995 1
63 29 134.207794189 1
63 29 134.356719971 1
63 29 134.357040405 1
63 29 134.534194946 1
63 29 134.685791016 1
63 29 134.777481079 1
63 29 135.014770508 1
63 29 135.09942627 1
63 29 136.022796631 1
63 29 136.324630737 1
63 29 136.365478516 1
63 29 137.514083862 1
63 29 137.863235474 1
63 29 138.169540405 1
63 29 138.405883789 1
63 29 138.515365601 1
63 29 138.543212891 1
63 29 138.655059814 1
63 29 138.893356323 1
63 29 139.087646484 1
63 29 139.632171631 1
63 29 139.670959473 1
63 29 139.67565918 1
63 29 140.074188232 1
63 29 140.155776978 1
63 29 140.201690674 1
63 29 140.25692749 1
63 29 140.390777588 1
63 29 140.430587769 1
63 29 141.401992798 1
63 29 141.457641602 1
63 29 141.535430908 1
63 29 141.713195801 1
63 29 142.422531128 1
63 29 142.664779663 1
63 29 142.752349854 1
63 29 142.866653442 1
63 29 143.362442017 1
63 29 143.792678833 1
63 29 143.876312256 1
63 29 144.317489624 1
63 29 144.561737061 1
63 29 144.708190918 1
63 29 144.780975342 1
63 29 145.018569946 1
63 29 145.027099609 1
63 29 145.027191162 1
63 29 145.194061279 1
63 29 145.392929077 1
63 29 145.663406372 1
63 29 145.689117432 1
63 29 146.065551758 1
63 29 146.820571899 1
63 29 147.269317627 1
63 29 147.333374023 1
63 29 147.572311401 1
63 29 148.076309204 1
63 29 148.25994873 1
63 29 148.41734314 1
63 29 148.476119995 1
63 29 148.722290039 1
63 29 148.912857056 1
63 29 149.059738159 1
63 29 149.291152954 1
63 29 149.32270813 1
63 29 149.577270508 1
63 29 149.690170288 1
63 29 149.924133301 1
63 29 150.00328064 1
63 29 150.409378052 1
63 29 151.027526855 1
63 29 151.447647095 1
63 29 151.48274231 1
63 29 151.535171509 1
63 29 151.864547729 1
63 29 151.964508057 1
63 29 152.732040405 1
63 29 153.521621704 1
63 29 154.694732666 1
63 29 155.371841431 1
63 29 155.401519775 1
63 29 157.001693726 1
63 29 157.463623047 1
63 29 157.884506226 1
63 29 158.285858154 1
63 29 158.345214844 1
63 29 158.900665283 1
63 29 159.408905029 1
63 29 159.802429199 1
63 29 160.258148193 1
63 29 161.514587402 1
63 29 162.273071289 1
63 29 162.81300354 1
63 29 163.056152344 1
63 29 163.071731567 1
63 29 163.385894775 1
63 29 163.925308228 1
63 29 163.927566528 1
63 29 164.543624878 1
63 29 164.629714966 1
63 29 165.73651123 1
63 29 165.782836914 1
63 29 166.172988892 1
63 29 167.146743774 1
63 29 167.923614502 1
63 29 168.160797119 1
63 29 168.432037354 1
63 29 170.216033936 1
63 29 170.380264282 1
63 29 171.048171997 1
63 29 171.559890747 1
63 29 171.591690063 1
63 29 172.093994141 1
63 29 172.125549316 1
63 29 172.527160645 1
63 29 173.627761841 1
63 29 173.910934448 1
63 29 174.46812439 1
63 29 174.907150269 1
63 29 175.195205688 1
63 29 176.315231323 1
63 29 176.543182373 1
63 29 176.907653809 1
63 29 177.661209106 1
63 29 177.90486145 1
63 29 178.708145142 1
63 29 178.936386108 1
63 29 179.010803223 1
63 29 179.645751953 1
63 29 180.466110229 1
63 29 181.309753418 1
63 29 181.682662964 1
63 29 181.750228882 1
63 29 182.062866211 1
63 29 182.764358521 1
63 29 182.867782593 1
63 29 183.086898804 1
63 29 184.99861145 1
63 29 185.713287354 1
63 29 188.065170288 1
63 29 188.451980591 1
63 29 188.509521484 1
63 29 191.415939331 1
63 29 192.561294556 1
63 29 192.615600586 1
63 29 194.864181519 1
63 29 195.686676025 1
63 29 196.455047607 1
63 29 197.543060303 1
63 29 197.903533936 1
63 29 198.377639771 1
63 29 199.650009155 1
63 29 201.051559448 1
63 29 201.193344116 1
63 29 204.902572632 1
63 29 206.02130127 1
63 29 209.7706604 1
63 29 213.153778076 1
63 29 213.684936523 1
63 29 213.886169434 1
63 29 213.954803467 1
63 29 214.108886719 1
63 29 214.379760742 1
63 29 215.132568359 1
63 29 217.871688843 1
63 29 220.549560547 1
63 29 221.790542603 1
63 29 223.937179565 1
63 29 226.535430908 1
63 29 232.764541626 1
63 29 232.853240967 1
63 29 235.944793701 1
63 29 236.046920776 1
63 29 241.20892334 1
63 29 246.332778931 1
63 29 246.657180786 1
63 29 247.460449219 1
63 29 250.393661499 1
63 29 250.405822754 1
63 29 253.343292236 1
63 29 259.142425537 1
63 29 259.296295166 1
63 29 262.254425049 1
63 29 262.313934326 1
63 29 262.519714355 1
63 29 263.641448975 1
63 29 264.64743042 1
63 29 268.504608154 1
63 29 269.783111572 1
63 29 271.402038574 1
63 29 273.834869385 1
63 29 275.444915771 1
63 29 277.163269043 1
63 29 278.457763672 1
63 29 279.739349365 1
63 29 280.109771729 1
63 29 283.922088623 1
63 29 288.299377441 1
63 29 291.193389893 1
63 29 291.59463501 1
63 29 291.900268555 1
63 29 293.08972168 1
63 29 295.212646484 1
63 29 295.44720459 1
63 29 300.979736328 1
63 29 301.978118896 1
63 29 302.980957031 1
63 29 307.566467285 1
63 29 310.714508057 1
63 29 316.810211182 1
63 29 317.570343018 1
63 29 320.660675049 1
63 29 320.949920654 1
63 29 321.939910889 1
63 29 322.475372314 1
63 29 336.047637939 1
63 29 336.229064941 1
63 29 342.950012207 1
63 29 345.281219482 1
63 29 347.844207764 1
63 29 348.049255371 1
63 29 350.675720215 1
63 29 350.939025879 1
63 29 358.294372559 1
63 29 358.916168213 1
63 29 359.469299316 1
63 29 364.788208008 1
63 29 369.209289551 1
63 29 369.571228027 1
63 29 377.486541748 1
63 29 379.795379639 1
63 29 380.793487549 1
63 29 386.286865234 1
63 29 390.066131592 1
63 29 395.981292725 1
63 29 397.912353516 1
63 29 400.573516846 1
63 29 402.173187256 1
63 29 412.793701172 1
63 29 413.218505859 1
63 29 414.542419434 1
63 29 415.87789917 1
63 29 420.72769165 1
63 29 421.989440918 1
63 29 423.403869629 1
63 29 423.986297607 1
63 29 425.279846191 1
63 29 430.661560059 1
63 29 435.877838135 1
63 29 438.146881104 1
63 29 445.150482178 1
63 29 448.623626709 1
63 29 453.559234619 1
63 29 464.863647461 1
63 29 473.104858398 1
63 29 486.498077393 1
63 29 505.114715576 1
63 29 508.66015625 1
63 29 509.924804688 1
63 29 522.789611816 1
63 29 530.207458496 1
63 29 531.350585938 1
63 29 535.856689453 1
63 29 537.227233887 1
63 29 541.907592773 1
63 29 549.620056152 1
63 29 566.1796875 1
63 29 573.88885498 1
63 29 584.416809082 1
63 29 585.388916016 1
63 29 590.777038574 1
63 29 611.170532227 1
63 29 623.11932373 1
63 29 624.50592041 1
63 29 629.254455566 1
63 29 636.471496582 1
63 29 643.07623291 1
63 29 645.770568848 1
63 29 647.386535645 1
63 29 652.313659668 1
63 29 656.424316406 1
63 29 660.720092773 1
63 29 663.299377441 1
63 29 664.500549316 1
63 29 679.776794434 1
63 29 693.770751953 1
63 29 715.121154785 1
63 29 725.053283691 1
63 29 728.035217285 1
63 29 740.551147461 1
63 29 820.305419922 1
63 29 826.435424805 1
63 29 836.316223145 1
63 29 840.335083008 1
63 29 845.029846191 1
63 29 889.961853027 1
63 29 893.810852051 1
63 29 913.76171875 1
63 29 923.742980957 1
63 29 978.402404785 1
63 29 993.629150391 1
63 29 1083.13745117 1
63 29 1172.7434082 1
63 29 1173.06384277 1
63 29 1197.36999512 1
63 29 1318.20385742 1
63 29 1368.55651855 1
63 29 1400.47277832 1
63 29 1413.95019531 1
63 29 1705.59802246 1
63 29 1720.8560791 1
63 31 95.7274703979 1
63 31 104.319328308 1
63 31 106.156051636 1
63 31 107.082046509 1
63 31 111.72794342 1
63 31 115.172897339 1
63 31 123.377120972 1
63 31 124.407348633 1
63 31 124.672821045 1
63 31 125.042129517 1
63 31 125.392532349 1
63 31 126.123123169 1
63 31 127.193511963 1
63 31 128.230575562 1
63 31 129.326644897 1
63 31 129.585525513 1
63 31 129.934646606 1
63 31 132.578338623 1
63 31 134.172546387 1
63 31 134.208068848 1
63 31 134.564239502 1
63 31 135.632568359 1
63 31 137.272338867 1
63 31 137.431396484 1
63 31 138.123626709 1
63 31 139.674423218 1
63 31 140.630462646 1
63 31 141.746841431 1
63 31 142.034759521 1
63 31 142.239685059 1
63 31 143.059921265 1
63 31 143.480804443 1
63 31 144.416687012 1
63 31 146.385986328 1
63 31 148.607116699 1
63 31 148.918395996 1
63 31 149.439559937 1
63 31 149.588104248 1
63 31 153.541015625 1
63 31 154.331115723 1
63 31 155.707061768 1
63 31 155.782028198 1
63 31 157.724227905 1
63 31 158.034591675 1
63 31 158.231292725 1
63 31 159.204559326 1
63 31 160.739746094 1
63 31 162.009765625 1
63 31 162.266433716 1
63 31 165.067245483 1
63 31 165.169052124 1
63 31 165.827926636 1
63 31 169.475769043 1
63 31 171.671478271 1
63 31 172.474258423 1
63 31 173.276809692 1
63 31 174.07585144 1
63 31 175.121994019 1
63 31 177.335006714 1
63 31 178.511688232 1
63 31 179.882598877 1
63 31 180.175323486 1
63 31 180.268066406 1
63 31 182.696594238 1
63 31 183.634872437 1
63 31 185.455169678 1
63 31 187.204208374 1
63 31 188.9894104 1
63 31 189.927780151 1
63 31 193.68208313 1
63 31 193.958267212 1
63 31 194.182540894 1
63 31 194.607330322 1
63 31 195.46522522 1
63 31 196.925598145 1
63 31 196.9425354 1
63 31 198.016204834 1
63 31 198.841339111 1
63 31 199.927642822 1
63 31 200.508453369 1
63 31 200.526580811 1
63 31 201.935821533 1
63 31 202.149215698 1
63 31 203.440444946 1
63 31 203.53692627 1
63 31 204.993652344 1
63 31 205.878585815 1
63 31 206.066146851 1
63 31 206.071136475 1
63 31 206.453323364 1
63 31 206.549804688 1
63 31 208.256469727 1
63 31 209.211456299 1
63 31 209.408126831 1
63 31 209.903152466 1
63 31 211.18939209 1
63 31 211.703048706 1
63 31 213.286819458 1
63 31 216.203567505 1
63 31 217.249023438 1
63 31 217.416671753 1
63 31 222.341400146 1
63 31 222.937088013 1
63 31 223.736450195 1
63 31 224.774047852 1
63 31 224.894424438 1
63 31 225.048141479 1
63 31 226.455825806 1
63 31 227.157684326 1
63 31 228.198623657 1
63 31 232.634506226 1
63 31 235.547729492 1
63 31 236.05065918 1
63 31 236.060073853 1
63 31 236.061172485 1
63 31 240.655044556 1
63 31 244.453353882 1
63 31 244.788772583 1
63 31 245.810806274 1
63 31 246.608184814 1
63 31 249.283081055 1
63 31 250.432006836 1
63 31 251.657333374 1
63 31 253.814056396 1
63 31 257.534790039 1
63 31 261.785980225 1
63 31 266.76675415 1
63 31 268.857116699 1
63 31 269.786560059 1
63 31 272.932525635 1
63 31 276.561859131 1
63 31 280.785369873 1
63 31 281.03817749 1
63 31 282.312225342 1
63 31 285.446533203 1
63 31 288.257415771 1
63 31 291.273101807 1
63 31 291.423522949 1
63 31 291.442565918 1
63 31 292.801422119 1
63 31 297.041564941 1
63 31 303.514221191 1
63 31 304.883270264 1
63 31 305.82434082 1
63 31 305.98236084 1
63 31 307.238311768 1
63 31 312.921264648 1
63 31 318.441986084 1
63 31 326.533477783 1
63 31 327.270477295 1
63 31 331.195953369 1
63 31 333.294006348 1
63 31 349.103302002 1
63 31 349.350250244 1
63 31 353.79586792 1
63 31 354.044586182 1
63 31 358.586334229 1
63 31 364.003234863 1
63 31 370.475341797 1
63 31 374.712524414 1
63 31 374.817352295 1
63 31 382.475921631 1
63 31 383.66784668 1
63 31 390.492431641 1
63 31 390.53793335 1
63 31 399.372253418 1
63 31 403.042510986 1
63 31 403.52822876 1
63 31 421.236541748 1
63 31 423.082366943 1
63 31 430.715057373 1
63 31 433.493438721 1
63 31 433.693969727 1
63 31 441.886077881 1
63 31 447.598754883 1
63 31 452.924926758 1
63 31 462.458282471 1
63 31 471.789886475 1
63 31 473.173431396 1
63 31 474.802886963 1
63 31 475.790588379 1
63 31 508.916778564 1
63 31 567.158081055 1
63 31 586.203552246 1
63 31 597.682678223 1
63 31 618.575500488 1
63 31 630.817932129 1
63 31 654.87121582 1
63 31 662.654907227 1
63 31 729.395629883 1
63 31 765.516052246 1
63 31 776.367553711 1
63 31 911.356079102 1
63 31 1035.48486328 1
63 31 1299.41162109 1
63 31 1472.50085449 1
63 31 1487.23791504 1
63 31 1608.86755371 1
63 31 2527.97607422 1
63 32 197.817230225 1
63 32 199.878952026 1
63 32 218.72303772 1
63 32 219.839126587 1
63 32 235.368301392 1
63 32 246.442840576 1
63 32 247.8465271 1
63 32 256.596466064 1
63 32 260.757659912 1
63 32 269.194488525 1
63 32 271.923217773 1
63 32 280.287750244 1
63 32 281.423950195 1
63 32 287.553649902 1
63 32 289.10269165 1
63 32 294.841705322 1
63 32 297.820678711 1
63 32 306.646972656 1
63 32 309.776123047 1
63 32 312.731628418 1
63 32 318.628814697 1
63 32 321.157745361 1
63 32 321.237884521 1
63 32 322.233062744 1
63 32 325.132904053 1
63 32 330.716949463 1
63 32 331.877563477 1
63 32 341.832336426 1
63 32 348.627960205 1
63 32 349.379211426 1
63 32 363.694824219 1
63 32 369.822265625 1
63 32 380.230163574 1
63 32 380.239715576 1
63 32 380.742218018 1
63 32 390.624328613 1
63 32 392.653747559 1
63 32 393.441467285 1
63 32 396.66885376 1
63 32 414.07119751 1
63 32 428.594055176 1
63 32 436.288360596 1
63 32 441.550201416 1
63 32 441.756286621 1
63 32 452.526763916 1
63 32 467.500396729 1
63 32 467.760620117 1
63 32 480.398010254 1
63 32 483.908630371 1
63 32 492.831268311 1
63 32 498.84463501 1
63 32 510.892181396 1
63 32 517.717285156 1
63 32 550.596496582 1
63 32 633.126220703 1
63 32 690.472595215 1
63 32 729.350891113 1
63 32 870.486816406 1
63 32 996.004638672 1
63 33 341.797943115 1
63 33 405.894927979 1
63 33 486.023651123 1
63 33 487.531921387 1
63 33 604.301452637 1
63 33 745.077087402 1
63 33 841.518920898 1
63 33 844.937805176 1
63 34 414.144378662 1
63 34 801.967041016 1
63 34 890.140625 1
64 22 1060.30773926 1
64 26 796.877990723 1
64 26 990.862487793 1
64 26 1172.16577148 1
64 26 1358.07958984 1
64 27 839.729797363 1
64 27 865.93762207 1
64 27 881.734619141 1
64 27 931.451171875 1
64 27 989.042175293 1
64 27 1032.30725098 1
64 27 1090.8861084 1
64 27 1322.36975098 1
64 27 1441.15405273 1
64 28 809.479980469 1
64 28 819.371459961 1
64 28 891.716247559 1
64 28 917.637695312 1
64 28 927.905334473 1
64 28 1085.54638672 1
64 28 1114.72851562 1
64 29 641.130981445 1
64 29 691.035888672 1
64 29 698.499755859 1
64 29 704.423156738 1
64 29 732.785339355 1
64 29 779.833557129 1
64 29 799.206359863 1
64 29 867.538391113 1
64 29 894.471008301 1
64 29 963.725708008 1
64 29 994.787475586 1
64 29 1008.84881592 1
64 29 1044.42810059 1
64 29 1170.24572754 1
64 29 1324.01171875 1
64 30 696.709899902 1
64 30 850.551452637 1
64 30 887.0390625 1
64 30 891.66973877 1
64 30 979.060058594 1
64 30 1040.53601074 1
64 30 1505.01916504 1
64 30 2205.71801758 1
64 31 691.227905273 1
64 31 709.208190918 1
64 31 755.524108887 1
64 31 756.418640137 1
64 31 858.912597656 1
64 31 864.929443359 1
64 31 882.149658203 1
64 31 1166.25708008 1
64 31 1268.44934082 1
64 31 1623.27807617 1
64 32 692.921447754 1
64 32 760.148132324 1
64 32 981.810302734 1
64 32 1459.78356934 1
64 32 1589.26379395 1
64 33 784.151550293 1
64 33 1344.42443848 1
70 21 2332.34228516 1
70 22 1805.51867676 1
70 23 1004.37414551 1
70 25 1072.96264648 1
70 25 2107.08837891 1
70 26 877.381408691 1
70 26 1085.79797363 1
70 26 1130.29040527 1
70 26 1242.61010742 1
70 26 1291.65905762 1
70 26 1413.23132324 1
70 26 2808.83984375 1
70 27 699.296630859 1
70 27 708.831726074 1
70 27 882.762512207 1
70 27 884.440490723 1
70 27 1121.34204102 1
70 27 1320.33032227 1
70 27 2707.25878906 1
70 28 685.226928711 1
70 28 687.588317871 1
70 28 721.646362305 1
70 28 762.077148438 1
70 28 787.813171387 1
70 28 824.086486816 1
70 28 1195.58007812 1
70 28 1257.34094238 1
70 28 1276.7232666 1
70 29 612.153625488 1
70 29 635.437744141 1
70 29 650.538085938 1
70 29 686.849609375 1
70 29 689.664916992 1
70 29 714.386169434 1
70 29 714.671936035 1
70 29 722.990234375 1
70 29 733.647460938 1
70 29 736.176330566 1
70 29 865.579284668 1
70 29 1121.25061035 1
70 29 1130.92663574 1
70 29 1306.35876465 1
70 29 1387.9543457 1
70 29 1700.02990723 1
70 30 911.84185791 1
70 30 1084.92993164 1
70 31 752.416442871 1
70 31 1215.59362793 1
70 32 736.85925293 1
70 32 843.781982422 1
70 32 1216.97961426 1
71 21 1543.32104492 1
71 22 1147.40612793 1
71 25 1131.78356934 1
71 25 1338.01379395 1
71 26 1436.5769043 1
71 27 679.176574707 1
71 27 715.427856445 1
71 27 759.766357422 1
71 27 832.858276367 1
71 27 851.983886719 1
71 28 822.960876465 1
71 28 833.824707031 1
71 28 880.723999023 1
71 28 1114.95361328 1
71 29 678.6015625 1
71 29 698.744140625 1
71 29 719.262573242 1
71 29 832.10736084 1
71 29 869.591064453 1
71 29 1001.55999756 1
71 29 1079.05114746 1
71 29 1250.53747559 1
71 29 1328.23242188 1
71 29 1567.0970459 1
71 29 2595.90405273 1
71 30 639.766540527 1
71 30 758.66595459 1
71 30 808.547424316 1
71 30 881.02355957 1
71 30 1056.24914551 1
71 30 1243.18933105 1
71 31 904.439208984 1
71 31 966.448730469 1
71 31 1125.4543457 1
71 31 1850.77954102 1
71 34 1393.80432129 1
71 34 1445.47607422 1
72 27 1671.79858398 1
72 27 1943.56762695 1
72 28 1360.46704102 1
72 29 1326.19250488 1
76 26 2250.43457031 1
76 27 1732.37353516 1
77 21 2368.30883789 1
77 22 1947.60754395 1
77 29 1253.67431641 1
77 30 1819.9276123 1
78 27 2548.47924805 1
78 29 2084.87963867 1
