000 398.0 0.0 1000000.0
008 350.0 0.0 1000000.0
009 363.0 0.0 1000000.0
010 348.0 0.0 1000000.0
011 386.0 0.0 1000000.0
013 341.0 0.0 1000000.0
016 339.0 0.0 1000000.0
022 339.0 0.0 1000000.0
027 340.0 0.0 1000000.0
034 302.0 0.0 1000000.0
045 292.0 0.0 1000000.0
063 225.0 0.0 1000000.0
090 151.0 0.0 1000000.0
117 82.0 0.0 1000000.0
135 51.0 0.0 1000000.0
146 27.0 0.0 1000000.0
153 18.0 0.0 1000000.0
158 18.0 0.0 1000000.0
162 17.0 0.0 1000000.0
164 19.0 0.0 1000000.0
166 21.0 0.0 1000000.0
167 12.0 0.0 1000000.0
169 18.0 0.0 1000000.0
171 18.0 0.0 1000000.0
172 19.0 0.0 1000000.0
180 15.0 0.0 1000000.0
