string dom time hits
45 31 1378.37768555 1
53 30 1727.17236328 1
53 32 1720.34838867 1
54 22 1503.62731934 1
54 25 1241.50805664 1
54 25 1623.03430176 1
54 25 2529.86254883 1
54 26 774.817626953 1
54 26 813.730224609 1
54 26 913.096862793 1
54 26 1056.02197266 1
54 26 1125.42822266 1
54 26 1154.28088379 1
54 26 1301.64257812 1
54 26 1330.62438965 1
54 26 1741.80456543 1
54 27 750.04309082 1
54 27 753.419006348 1
54 27 778.259460449 1
54 27 784.168762207 1
54 27 823.199707031 1
54 27 851.839416504 1
54 27 896.758544922 1
54 27 944.755249023 1
54 27 1020.70672607 1
54 27 1033.0234375 1
54 27 1081.25024414 1
54 27 1226.21447754 1
54 27 1297.36706543 1
54 27 1425.76428223 1
54 27 2326.80224609 1
54 27 2982.27172852 1
54 28 712.840270996 1
54 28 774.301391602 1
54 28 792.385314941 1
54 28 858.367248535 1
54 28 919.057678223 1
54 28 1071.29309082 1
54 28 1108.58251953 1
54 28 1215.93774414 1
54 28 1774.57629395 1
54 28 3131.74682617 1
54 29 780.223754883 1
54 29 824.284423828 1
54 29 867.641418457 1
54 29 959.950073242 1
54 29 1024.85375977 1
54 29 1226.64282227 1
54 29 1369.36376953 1
54 29 1512.00439453 1
54 30 696.518493652 1
54 30 741.144042969 1
54 30 762.099853516 1
54 30 796.528991699 1
54 30 843.398132324 1
54 30 893.382324219 1
54 30 1086.35595703 1
54 30 1262.98498535 1
54 30 1283.8137207 1
54 30 1310.16491699 1
54 31 718.577636719 1
54 31 785.184997559 1
54 31 828.641784668 1
54 31 895.636108398 1
54 31 958.03704834 1
54 31 1012.83721924 1
54 31 1542.24975586 1
54 31 2191.54516602 1
54 32 813.545410156 1
54 33 902.996276855 1
55 22 2084.17358398 1
55 23 1192.66186523 1
55 23 1302.06030273 1
55 24 1035.50463867 1
55 24 1383.73522949 1
55 25 1299.56140137 1
55 26 1061.53198242 1
55 26 1156.68725586 1
55 26 1302.2791748 1
55 26 1371.9342041 1
55 27 896.230651855 1
55 27 998.376220703 1
55 27 1004.37493896 1
55 27 1035.37866211 1
55 27 1036.45043945 1
55 27 1038.93847656 1
55 27 1096.01464844 1
55 27 1458.98925781 1
55 27 1464.58288574 1
55 28 646.531066895 1
55 28 749.250488281 1
55 28 779.315856934 1
55 28 783.281799316 1
55 28 830.750549316 1
55 28 842.894226074 1
55 28 855.86529541 1
55 28 974.177490234 1
55 28 1006.65039062 1
55 28 1072.03601074 1
55 28 1264.46289062 1
55 28 1265.32202148 1
55 28 1271.3034668 1
55 28 1417.44934082 1
55 29 751.535766602 1
55 29 778.055419922 1
55 29 811.600769043 1
55 29 863.739929199 1
55 29 877.374145508 1
55 29 905.333068848 1
55 29 926.61138916 1
55 29 937.383483887 1
55 29 960.92376709 1
55 29 1007.28900146 1
55 29 1017.94372559 1
55 29 1023.49462891 1
55 29 1105.1027832 1
55 29 1219.88269043 1
55 29 1224.14709473 1
55 29 1434.79846191 1
55 29 1507.15197754 1
55 29 1517.80053711 1
55 29 1827.68078613 1
55 29 1905.9263916 1
55 29 2725.77148438 1
55 30 704.05090332 1
55 30 764.588500977 1
55 30 766.193908691 1
55 30 789.805175781 1
55 30 829.392272949 1
55 30 917.730834961 1
55 30 970.989379883 1
55 30 1020.0255127 1
55 30 1024.2833252 1
55 30 1060.38244629 1
55 30 1098.68811035 1
55 30 1121.51367188 1
55 30 1195.83374023 1
55 31 892.24230957 1
55 31 951.857543945 1
55 31 965.138122559 1
55 31 1015.3996582 1
55 31 1173.24768066 1
55 31 1187.12976074 1
55 31 1353.43383789 1
55 31 1403.99926758 1
55 31 1648.57116699 1
55 32 704.649475098 1
55 32 1249.06799316 1
56 27 1859.96154785 1
56 28 1316.44567871 1
56 28 1766.6105957 1
56 30 1770.09619141 1
56 31 1456.43530273 1
60 30 4175.35205078 1
61 27 1666.55249023 1
62 24 1212.42687988 1
62 24 1360.47924805 1
62 24 1406.60375977 1
62 25 1579.54748535 1
62 25 1595.57641602 1
62 26 873.469177246 1
62 26 996.316955566 1
62 26 1264.27746582 1
62 26 1312.21691895 1
62 26 1457.51147461 1
62 26 1760.44189453 1
62 27 703.199401855 1
62 27 821.094238281 1
62 27 840.519042969 1
62 27 848.047607422 1
62 27 896.689758301 1
62 27 997.90826416 1
62 27 1034.88146973 1
62 27 1148.31323242 1
62 27 1196.42578125 1
62 27 1270.98400879 1
62 27 1282.3815918 1
62 27 1479.77099609 1
62 27 1570.32324219 1
62 27 2332.56542969 1
62 28 646.250732422 1
62 28 720.648864746 1
62 28 724.739196777 1
62 28 736.617492676 1
62 28 740.709106445 1
62 28 778.434692383 1
62 28 782.510559082 1
62 28 825.029968262 1
62 28 880.438659668 1
62 28 946.508300781 1
62 28 1013.38049316 1
62 28 1248.9777832 1
62 28 1295.78527832 1
62 28 1367.99755859 1
62 28 1533.21459961 1
62 28 1860.28149414 1
62 29 718.437866211 1
62 29 724.269897461 1
62 29 725.205322266 1
62 29 745.684509277 1
62 29 762.78717041 1
62 29 940.518005371 1
62 29 946.295959473 1
62 29 949.359802246 1
62 29 976.122497559 1
62 29 985.016540527 1
62 29 1039.43884277 1
62 29 1079.67687988 1
62 29 1274.80493164 1
62 29 1509.30834961 1
62 29 1641.52954102 1
62 29 1960.77819824 1
62 30 757.013000488 1
62 30 798.510192871 1
62 30 835.208984375 1
62 30 886.154907227 1
62 30 998.157836914 1
62 30 1013.51983643 1
62 30 1115.92077637 1
62 30 1202.52832031 1
62 30 1579.40014648 1
62 30 1622.73144531 1
62 31 803.567260742 1
62 31 1264.94812012 1
62 31 1397.55432129 1
62 31 1618.37304688 1
62 32 844.619750977 1
62 32 1211.64575195 1
62 33 1300.64318848 1
63 20 1167.11291504 1
63 20 1643.59851074 1
63 20 1674.45605469 1
63 21 1756.1517334 1
63 22 880.724365234 1
63 22 902.473754883 1
63 22 946.856140137 1
63 22 965.58972168 1
63 22 1009.36981201 1
63 22 1087.88745117 1
63 22 1124.16455078 1
63 22 1221.17675781 1
63 22 1232.75390625 1
63 22 1350.26599121 1
63 23 733.78137207 1
63 23 938.903686523 1
63 23 983.859619141 1
63 23 1088.33044434 1
63 23 1145.82141113 1
63 23 1217.58300781 1
63 23 1561.54516602 1
63 23 1723.91223145 1
63 24 579.028808594 1
63 24 614.73223877 1
63 24 671.885925293 1
63 24 682.297851562 1
63 24 736.422241211 1
63 24 843.023620605 1
63 24 893.809692383 1
63 24 896.294189453 1
63 24 899.671630859 1
63 24 902.133544922 1
63 24 1066.2857666 1
63 24 1069.25280762 1
63 24 1087.14123535 1
63 24 1146.98779297 1
63 24 1187.50512695 1
63 24 1332.14892578 1
63 24 1585.62597656 1
63 25 449.811004639 1
63 25 484.677032471 1
63 25 510.557495117 1
63 25 523.166381836 1
63 25 527.195617676 1
63 25 533.961120605 1
63 25 546.779724121 1
63 25 548.959899902 1
63 25 550.43737793 1
63 25 564.358703613 1
63 25 564.429931641 1
63 25 584.072998047 1
63 25 595.895019531 1
63 25 601.524963379 1
63 25 608.098571777 1
63 25 612.578063965 1
63 25 621.818664551 1
63 25 630.611877441 1
63 25 637.733520508 1
63 25 659.19317627 1
63 25 670.324951172 1
63 25 678.967346191 1
63 25 692.673400879 1
63 25 697.437255859 1
63 25 724.205993652 1
63 25 730.228637695 1
63 25 753.441589355 1
63 25 760.965393066 1
63 25 773.002380371 1
63 25 780.713623047 1
63 25 789.168701172 1
63 25 790.291992188 1
63 25 799.979797363 1
63 25 806.17565918 1
63 25 812.111206055 1
63 25 816.572509766 1
63 25 828.503295898 1
63 25 841.027770996 1
63 25 875.796813965 1
63 25 927.471313477 1
63 25 933.037841797 1
63 25 939.936462402 1
63 25 940.350524902 1
63 25 951.204040527 1
63 25 1007.39727783 1
63 25 1122.74182129 1
63 25 1247.30957031 1
63 25 1341.74279785 1
63 25 1347.88183594 1
63 25 1375.07641602 1
63 26 371.901672363 1
63 26 379.742248535 1
63 26 381.74609375 1
63 26 382.958496094 1
63 26 386.951934814 1
63 26 387.960723877 1
63 26 389.193603516 1
63 26 392.642822266 1
63 26 394.142120361 1
63 26 397.264587402 1
63 26 400.970062256 1
63 26 401.659057617 1
63 26 403.012664795 1
63 26 403.093109131 1
63 26 407.924957275 1
63 26 421.086761475 1
63 26 424.402099609 1
63 26 424.677764893 1
63 26 427.863067627 1
63 26 435.926513672 1
63 26 436.064849854 1
63 26 436.867431641 1
63 26 440.047637939 1
63 26 441.027191162 1
63 26 443.893005371 1
63 26 446.175872803 1
63 26 446.872375488 1
63 26 446.999359131 1
63 26 449.146942139 1
63 26 454.677185059 1
63 26 457.250640869 1
63 26 457.730773926 1
63 26 459.917205811 1
63 26 461.824127197 1
63 26 462.360687256 1
63 26 465.286895752 1
63 26 467.768463135 1
63 26 468.012756348 1
63 26 469.247070312 1
63 26 474.454345703 1
63 26 477.243438721 1
63 26 477.426391602 1
63 26 478.84197998 1
63 26 479.77130127 1
63 26 479.871337891 1
63 26 487.167999268 1
63 26 488.140777588 1
63 26 489.067779541 1
63 26 490.888702393 1
63 26 492.328155518 1
63 26 494.177642822 1
63 26 495.441101074 1
63 26 496.913696289 1
63 26 498.088897705 1
63 26 498.300018311 1
63 26 498.372924805 1
63 26 498.426452637 1
63 26 500.310821533 1
63 26 501.953521729 1
63 26 508.883514404 1
63 26 513.628967285 1
63 26 518.254394531 1
63 26 518.776123047 1
63 26 519.228271484 1
63 26 527.307373047 1
63 26 530.958862305 1
63 26 536.31427002 1
63 26 536.860595703 1
63 26 538.873046875 1
63 26 542.019165039 1
63 26 542.275634766 1
63 26 552.593078613 1
63 26 558.969482422 1
63 26 559.923339844 1
63 26 561.05670166 1
63 26 569.527099609 1
63 26 569.734802246 1
63 26 572.219848633 1
63 26 573.605529785 1
63 26 575.428222656 1
63 26 589.006958008 1
63 26 596.575073242 1
63 26 606.481872559 1
63 26 610.067626953 1
63 26 614.981079102 1
63 26 619.933654785 1
63 26 620.45513916 1
63 26 621.835998535 1
63 26 624.262268066 1
63 26 641.766845703 1
63 26 644.866699219 1
63 26 645.422058105 1
63 26 648.979614258 1
63 26 649.977966309 1
63 26 651.588317871 1
63 26 652.613220215 1
63 26 668.278686523 1
63 26 686.482421875 1
63 26 687.662841797 1
63 26 693.809814453 1
63 26 695.557739258 1
63 26 701.432067871 1
63 26 717.460327148 1
63 26 733.766540527 1
63 26 744.039672852 1
63 26 764.872619629 1
63 26 770.715881348 1
63 26 773.723022461 1
63 26 779.809143066 1
63 26 821.75567627 1
63 26 829.495300293 1
63 26 859.270263672 1
63 26 862.238830566 1
63 26 897.17590332 1
63 26 906.607849121 1
63 26 908.09765625 1
63 26 920.778808594 1
63 26 934.719238281 1
63 26 970.484008789 1
63 26 983.396606445 1
63 26 983.712402344 1
63 26 1015.63092041 1
63 26 1101.27246094 1
63 26 1117.23498535 1
63 26 1198.71252441 1
63 26 1280.01098633 1
63 26 1317.82397461 1
63 26 1379.52331543 1
63 26 1389.58276367 1
63 26 1468.86572266 1
63 26 1638.79711914 1
63 26 2742.08642578 1
63 27 247.55531311 1
63 27 254.299423218 1
63 27 256.394470215 1
63 27 257.679412842 1
63 27 261.366943359 1
63 27 264.855773926 1
63 27 265.037109375 1
63 27 265.351623535 1
63 27 265.708587646 1
63 27 267.088287354 1
63 27 271.774719238 1
63 27 272.093536377 1
63 27 272.777587891 1
63 27 273.255584717 1
63 27 273.538604736 1
63 27 277.235107422 1
63 27 278.192932129 1
63 27 280.45892334 1
63 27 281.09854126 1
63 27 282.612304688 1
63 27 283.466949463 1
63 27 283.548736572 1
63 27 283.977355957 1
63 27 284.35244751 1
63 27 284.541168213 1
63 27 286.65145874 1
63 27 287.546630859 1
63 27 287.879394531 1
63 27 288.674804688 1
63 27 288.781188965 1
63 27 289.9559021 1
63 27 291.107452393 1
63 27 291.306762695 1
63 27 291.415466309 1
63 27 292.905639648 1
63 27 295.453155518 1
63 27 295.55645752 1
63 27 296.139923096 1
63 27 296.678192139 1
63 27 297.122711182 1
63 27 297.260772705 1
63 27 298.45791626 1
63 27 298.670410156 1
63 27 301.564819336 1
63 27 303.008300781 1
63 27 303.673248291 1
63 27 303.904724121 1
63 27 305.265350342 1
63 27 305.286499023 1
63 27 305.741027832 1
63 27 306.232391357 1
63 27 306.850189209 1
63 27 310.560424805 1
63 27 310.824493408 1
63 27 311.280670166 1
63 27 312.060302734 1
63 27 312.825927734 1
63 27 313.908172607 1
63 27 314.845428467 1
63 27 315.663269043 1
63 27 317.19821167 1
63 27 317.262176514 1
63 27 317.275939941 1
63 27 317.894104004 1
63 27 317.98260498 1
63 27 318.110351562 1
63 27 318.611419678 1
63 27 318.683868408 1
63 27 322.290252686 1
63 27 324.745819092 1
63 27 324.981750488 1
63 27 325.474914551 1
63 27 326.923675537 1
63 27 328.957519531 1
63 27 329.925292969 1
63 27 330.025909424 1
63 27 330.314239502 1
63 27 332.035400391 1
63 27 332.498504639 1
63 27 332.618865967 1
63 27 332.648925781 1
63 27 332.93927002 1
63 27 333.356048584 1
63 27 333.676635742 1
63 27 333.843841553 1
63 27 335.916870117 1
63 27 337.075042725 1
63 27 337.354370117 1
63 27 338.140777588 1
63 27 338.388061523 1
63 27 339.637786865 1
63 27 339.912872314 1
63 27 340.556549072 1
63 27 342.308776855 1
63 27 342.922241211 1
63 27 343.11706543 1
63 27 345.740600586 1
63 27 346.217803955 1
63 27 346.570739746 1
63 27 347.432373047 1
63 27 347.877532959 1
63 27 348.17010498 1
63 27 348.669799805 1
63 27 348.833862305 1
63 27 351.864471436 1
63 27 352.19152832 1
63 27 353.219848633 1
63 27 354.441101074 1
63 27 354.716644287 1
63 27 354.937225342 1
63 27 355.847686768 1
63 27 356.369598389 1
63 27 356.443817139 1
63 27 357.491760254 1
63 27 358.236602783 1
63 27 359.59286499 1
63 27 359.624633789 1
63 27 360.350097656 1
63 27 360.903106689 1
63 27 362.797668457 1
63 27 363.200958252 1
63 27 363.729370117 1
63 27 363.987884521 1
63 27 365.061309814 1
63 27 366.735137939 1
63 27 368.184387207 1
63 27 369.891113281 1
63 27 370.462860107 1
63 27 372.03302002 1
63 27 372.506713867 1
63 27 372.866485596 1
63 27 373.443511963 1
63 27 373.737243652 1
63 27 376.735076904 1
63 27 385.94241333 1
63 27 386.389160156 1
63 27 388.131774902 1
63 27 388.33392334 1
63 27 388.546386719 1
63 27 390.067840576 1
63 27 391.577270508 1
63 27 393.67678833 1
63 27 393.759185791 1
63 27 400.038024902 1
63 27 401.422393799 1
63 27 401.529083252 1
63 27 401.715667725 1
63 27 403.119415283 1
63 27 403.294708252 1
63 27 404.829772949 1
63 27 408.53225708 1
63 27 408.580047607 1
63 27 408.774291992 1
63 27 417.427093506 1
63 27 417.803649902 1
63 27 418.367431641 1
63 27 420.696716309 1
63 27 421.744018555 1
63 27 421.812072754 1
63 27 422.383575439 1
63 27 424.893249512 1
63 27 425.629974365 1
63 27 426.2890625 1
63 27 427.190093994 1
63 27 427.883361816 1
63 27 429.943389893 1
63 27 430.074645996 1
63 27 436.242553711 1
63 27 436.743865967 1
63 27 437.163452148 1
63 27 438.042297363 1
63 27 439.637145996 1
63 27 441.9402771 1
63 27 444.70098877 1
63 27 455.149688721 1
63 27 458.491394043 1
63 27 461.249206543 1
63 27 461.513702393 1
63 27 466.553070068 1
63 27 466.997528076 1
63 27 472.586853027 1
63 27 474.04486084 1
63 27 480.05279541 1
63 27 482.999176025 1
63 27 483.315582275 1
63 27 489.075958252 1
63 27 489.806854248 1
63 27 490.943359375 1
63 27 498.817962646 1
63 27 501.58795166 1
63 27 506.667419434 1
63 27 512.81427002 1
63 27 517.530944824 1
63 27 520.495849609 1
63 27 535.148803711 1
63 27 537.41595459 1
63 27 552.49017334 1
63 27 554.684387207 1
63 27 556.003723145 1
63 27 558.813964844 1
63 27 559.710144043 1
63 27 561.130371094 1
63 27 569.908630371 1
63 27 573.555969238 1
63 27 583.682006836 1
63 27 586.017822266 1
63 27 591.215270996 1
63 27 594.435058594 1
63 27 599.915222168 1
63 27 600.488586426 1
63 27 601.781188965 1
63 27 610.557861328 1
63 27 615.282897949 1
63 27 617.935241699 1
63 27 629.663757324 1
63 27 638.769714355 1
63 27 650.932128906 1
63 27 652.9609375 1
63 27 654.028991699 1
63 27 656.513671875 1
63 27 663.812561035 1
63 27 690.950195312 1
63 27 694.666259766 1
63 27 697.217529297 1
63 27 703.722351074 1
63 27 719.786987305 1
63 27 725.901794434 1
63 27 732.294006348 1
63 27 732.711730957 1
63 27 740.266418457 1
63 27 786.728759766 1
63 27 790.189819336 1
63 27 805.304931641 1
63 27 807.800537109 1
63 27 808.327514648 1
63 27 815.832275391 1
63 27 822.477905273 1
63 27 828.819946289 1
63 27 832.218933105 1
63 27 834.807556152 1
63 27 836.424194336 1
63 27 844.356994629 1
63 27 855.89855957 1
63 27 895.80065918 1
63 27 899.944152832 1
63 27 902.217407227 1
63 27 910.649963379 1
63 27 970.371337891 1
63 27 972.451538086 1
63 27 983.685974121 1
63 27 989.268859863 1
63 27 1017.14398193 1
63 27 1035.12341309 1
63 27 1051.95654297 1
63 27 1057.14672852 1
63 27 1279.28967285 1
63 27 1355.70629883 1
63 27 1491.09643555 1
63 27 2052.93725586 1
63 28 172.147460938 1
63 28 173.817901611 1
63 28 174.544021606 1
63 28 178.022094727 1
63 28 178.218612671 1
63 28 178.461517334 1
63 28 179.700836182 1
63 28 180.895141602 1
63 28 181.837005615 1
63 28 182.651000977 1
63 28 183.529663086 1
63 28 184.014160156 1
63 28 184.433883667 1
63 28 185.413146973 1
63 28 185.778411865 1
63 28 188.211685181 1
63 28 188.694015503 1
63 28 188.717071533 1
63 28 192.03793335 1
63 28 192.117370605 1
63 28 193.359695435 1
63 28 194.486221313 1
63 28 194.599334717 1
63 28 194.716629028 1
63 28 194.725280762 1
63 28 195.272735596 1
63 28 196.26449585 1
63 28 197.036483765 1
63 28 197.073730469 1
63 28 197.984436035 1
63 28 199.085922241 1
63 28 199.237335205 1
63 28 199.828704834 1
63 28 200.530410767 1
63 28 200.575012207 1
63 28 201.13873291 1
63 28 201.280029297 1
63 28 201.326202393 1
63 28 201.715179443 1
63 28 201.753509521 1
63 28 202.822280884 1
63 28 203.464172363 1
63 28 204.163238525 1
63 28 204.382659912 1
63 28 204.666793823 1
63 28 204.943466187 1
63 28 205.32232666 1
63 28 206.319900513 1
63 28 208.390686035 1
63 28 208.661239624 1
63 28 209.143096924 1
63 28 209.182296753 1
63 28 209.211898804 1
63 28 209.405899048 1
63 28 209.595489502 1
63 28 210.366638184 1
63 28 210.373779297 1
63 28 210.59602356 1
63 28 211.191955566 1
63 28 211.662216187 1
63 28 211.996902466 1
63 28 212.022903442 1
63 28 212.344085693 1
63 28 212.976119995 1
63 28 212.988296509 1
63 28 213.025863647 1
63 28 213.283691406 1
63 28 213.708847046 1
63 28 214.285385132 1
63 28 214.324050903 1
63 28 214.409133911 1
63 28 214.497161865 1
63 28 214.50831604 1
63 28 214.533432007 1
63 28 215.952774048 1
63 28 215.984710693 1
63 28 216.526168823 1
63 28 216.691345215 1
63 28 217.362762451 1
63 28 217.911758423 1
63 28 218.145874023 1
63 28 221.306747437 1
63 28 221.603530884 1
63 28 222.07043457 1
63 28 222.119598389 1
63 28 222.83782959 1
63 28 222.930145264 1
63 28 222.947860718 1
63 28 223.209579468 1
63 28 223.654296875 1
63 28 223.74786377 1
63 28 223.870178223 1
63 28 224.28755188 1
63 28 225.016769409 1
63 28 225.077957153 1
63 28 225.302810669 1
63 28 225.691452026 1
63 28 226.474349976 1
63 28 226.850982666 1
63 28 226.917755127 1
63 28 227.31312561 1
63 28 227.442459106 1
63 28 227.456802368 1
63 28 228.661026001 1
63 28 228.865005493 1
63 28 229.335739136 1
63 28 229.896453857 1
63 28 229.977020264 1
63 28 230.25831604 1
63 28 230.72253418 1
63 28 231.08215332 1
63 28 231.491958618 1
63 28 231.867462158 1
63 28 231.95703125 1
63 28 232.569030762 1
63 28 232.57069397 1
63 28 233.287139893 1
63 28 233.411148071 1
63 28 234.463317871 1
63 28 234.919311523 1
63 28 235.277572632 1
63 28 235.412872314 1
63 28 235.582260132 1
63 28 235.876342773 1
63 28 236.63772583 1
63 28 236.797393799 1
63 28 236.877944946 1
63 28 236.939239502 1
63 28 236.946899414 1
63 28 237.599502563 1
63 28 237.643814087 1
63 28 238.300125122 1
63 28 238.412109375 1
63 28 239.289520264 1
63 28 239.677383423 1
63 28 240.202850342 1
63 28 240.852600098 1
63 28 240.934967041 1
63 28 241.017288208 1
63 28 241.159729004 1
63 28 241.343185425 1
63 28 241.343276978 1
63 28 241.398345947 1
63 28 242.177062988 1
63 28 242.863418579 1
63 28 243.306381226 1
63 28 243.389099121 1
63 28 243.621612549 1
63 28 243.695175171 1
63 28 243.830749512 1
63 28 244.131286621 1
63 28 244.302719116 1
63 28 244.354568481 1
63 28 245.228530884 1
63 28 245.992996216 1
63 28 246.430145264 1
63 28 246.624542236 1
63 28 246.789993286 1
63 28 248.126800537 1
63 28 248.460983276 1
63 28 249.081283569 1
63 28 250.299942017 1
63 28 250.84928894 1
63 28 251.282211304 1
63 28 251.646850586 1
63 28 252.506896973 1
63 28 252.578048706 1
63 28 252.876022339 1
63 28 253.536071777 1
63 28 253.874252319 1
63 28 254.228759766 1
63 28 254.455123901 1
63 28 255.272918701 1
63 28 255.311386108 1
63 28 256.096343994 1
63 28 256.238586426 1
63 28 256.519287109 1
63 28 256.731536865 1
63 28 257.418487549 1
63 28 257.697113037 1
63 28 258.516021729 1
63 28 259.334899902 1
63 28 259.98526001 1
63 28 260.736968994 1
63 28 260.933166504 1
63 28 261.01272583 1
63 28 261.607757568 1
63 28 261.62902832 1
63 28 261.872314453 1
63 28 262.42276001 1
63 28 264.657897949 1
63 28 264.857177734 1
63 28 265.077178955 1
63 28 266.273498535 1
63 28 266.925750732 1
63 28 266.965789795 1
63 28 267.175567627 1
63 28 267.180999756 1
63 28 269.262481689 1
63 28 269.449005127 1
63 28 269.89956665 1
63 28 270.173675537 1
63 28 270.886566162 1
63 28 271.472137451 1
63 28 272.692474365 1
63 28 273.690979004 1
63 28 273.756134033 1
63 28 273.939117432 1
63 28 273.957519531 1
63 28 274.180664062 1
63 28 274.710083008 1
63 28 275.234741211 1
63 28 275.537811279 1
63 28 277.766326904 1
63 28 277.965393066 1
63 28 278.057769775 1
63 28 278.215484619 1
63 28 278.300262451 1
63 28 278.884490967 1
63 28 279.084259033 1
63 28 279.264404297 1
63 28 279.355163574 1
63 28 280.307220459 1
63 28 281.174407959 1
63 28 281.221130371 1
63 28 281.671813965 1
63 28 282.596099854 1
63 28 282.601409912 1
63 28 282.850646973 1
63 28 283.586853027 1
63 28 284.265319824 1
63 28 284.618438721 1
63 28 284.712097168 1
63 28 285.080352783 1
63 28 285.875274658 1
63 28 285.961975098 1
63 28 286.398376465 1
63 28 286.432891846 1
63 28 286.685821533 1
63 28 286.73626709 1
63 28 286.826477051 1
63 28 286.92288208 1
63 28 287.78692627 1
63 28 288.23348999 1
63 28 288.340301514 1
63 28 288.668487549 1
63 28 289.079101562 1
63 28 291.437133789 1
63 28 291.468994141 1
63 28 291.635345459 1
63 28 293.11630249 1
63 28 294.551727295 1
63 28 295.650482178 1
63 28 295.843963623 1
63 28 296.834747314 1
63 28 297.965209961 1
63 28 298.389038086 1
63 28 300.618560791 1
63 28 302.17489624 1
63 28 302.797912598 1
63 28 304.501220703 1
63 28 305.700378418 1
63 28 306.150299072 1
63 28 306.52722168 1
63 28 306.990997314 1
63 28 307.356231689 1
63 28 307.863586426 1
63 28 308.274536133 1
63 28 308.918670654 1
63 28 309.083740234 1
63 28 309.550079346 1
63 28 309.995635986 1
63 28 310.923217773 1
63 28 311.512817383 1
63 28 313.267852783 1
63 28 314.788543701 1
63 28 315.618133545 1
63 28 317.004943848 1
63 28 317.724853516 1
63 28 317.741851807 1
63 28 317.761199951 1
63 28 318.254577637 1
63 28 318.470001221 1
63 28 318.835021973 1
63 28 319.687133789 1
63 28 325.136413574 1
63 28 325.403259277 1
63 28 327.560668945 1
63 28 328.746002197 1
63 28 330.276031494 1
63 28 331.479919434 1
63 28 331.852874756 1
63 28 335.101409912 1
63 28 336.49697876 1
63 28 340.309906006 1
63 28 340.36026001 1
63 28 340.816955566 1
63 28 341.232910156 1
63 28 341.26461792 1
63 28 344.068908691 1
63 28 344.433776855 1
63 28 346.360290527 1
63 28 346.710449219 1
63 28 348.792694092 1
63 28 348.968170166 1
63 28 349.48223877 1
63 28 352.567810059 1
63 28 352.856689453 1
63 28 356.030548096 1
63 28 357.470306396 1
63 28 357.556304932 1
63 28 358.618011475 1
63 28 359.080200195 1
63 28 361.799621582 1
63 28 363.237548828 1
63 28 364.518493652 1
63 28 364.583740234 1
63 28 364.927520752 1
63 28 366.174530029 1
63 28 368.860717773 1
63 28 371.328094482 1
63 28 371.735595703 1
63 28 372.550567627 1
63 28 373.302307129 1
63 28 375.749603271 1
63 28 375.934631348 1
63 28 377.408325195 1
63 28 378.028717041 1
63 28 378.2684021 1
63 28 382.346588135 1
63 28 383.505004883 1
63 28 384.300109863 1
63 28 387.027679443 1
63 28 391.513641357 1
63 28 394.387054443 1
63 28 395.05291748 1
63 28 398.743652344 1
63 28 403.064880371 1
63 28 404.619110107 1
63 28 408.546966553 1
63 28 412.037750244 1
63 28 414.658599854 1
63 28 415.081939697 1
63 28 418.996307373 1
63 28 419.739624023 1
63 28 423.264190674 1
63 28 423.680908203 1
63 28 425.151245117 1
63 28 425.870910645 1
63 28 427.219512939 1
63 28 427.39855957 1
63 28 427.723327637 1
63 28 429.470031738 1
63 28 431.093536377 1
63 28 433.881744385 1
63 28 438.729034424 1
63 28 439.198425293 1
63 28 441.776062012 1
63 28 442.446838379 1
63 28 446.413696289 1
63 28 447.919372559 1
63 28 452.972167969 1
63 28 459.855773926 1
63 28 468.961395264 1
63 28 471.491210938 1
63 28 473.363830566 1
63 28 473.610900879 1
63 28 476.840118408 1
63 28 480.044525146 1
63 28 480.91418457 1
63 28 488.491699219 1
63 28 496.611938477 1
63 28 497.212158203 1
63 28 497.583526611 1
63 28 499.367248535 1
63 28 504.490783691 1
63 28 505.438446045 1
63 28 505.58416748 1
63 28 507.40411377 1
63 28 519.547973633 1
63 28 520.658874512 1
63 28 532.528869629 1
63 28 544.87878418 1
63 28 554.266052246 1
63 28 555.337036133 1
63 28 571.239135742 1
63 28 574.215820312 1
63 28 578.051940918 1
63 28 579.114013672 1
63 28 584.687744141 1
63 28 602.076965332 1
63 28 603.958251953 1
63 28 604.913757324 1
63 28 611.145019531 1
63 28 611.293945312 1
63 28 635.322143555 1
63 28 648.615966797 1
63 28 651.728515625 1
63 28 654.786682129 1
63 28 655.44354248 1
63 28 655.943664551 1
63 28 660.297241211 1
63 28 664.653076172 1
63 28 666.206176758 1
63 28 667.272644043 1
63 28 684.822387695 1
63 28 707.807922363 1
63 28 708.058654785 1
63 28 712.565429688 1
63 28 717.335205078 1
63 28 718.190368652 1
63 28 723.438781738 1
63 28 734.531311035 1
63 28 738.965332031 1
63 28 764.199768066 1
63 28 768.306213379 1
63 28 785.008850098 1
63 28 791.789855957 1
63 28 817.222839355 1
63 28 835.503601074 1
63 28 855.551879883 1
63 28 855.9453125 1
63 28 860.097106934 1
63 28 893.47668457 1
63 28 925.347961426 1
63 28 955.260314941 1
63 28 966.267456055 1
63 28 973.00402832 1
63 28 977.218933105 1
63 28 1032.37280273 1
63 28 1048.0045166 1
63 28 1060.66418457 1
63 28 1068.76623535 1
63 28 1090.08569336 1
63 28 1140.7364502 1
63 28 1205.13513184 1
63 28 1246.63586426 1
63 28 1318.9206543 1
63 28 1325.89318848 1
63 28 1364.54040527 1
63 28 1555.48242188 1
63 28 1623.20349121 1
63 28 1720.47521973 1
63 28 1857.07116699 1
63 28 1960.72143555 1
63 28 2101.28466797 1
63 29 87.4953918457 1
63 29 87.5919799805 1
63 29 88.1890106201 1
63 29 88.2571716309 1
63 29 90.2815551758 1
63 29 90.4079208374 1
63 29 91.7061538696 1
63 29 92.5083312988 1
63 29 92.8232269287 1
63 29 93.0461730957 1
63 29 93.0791625977 1
63 29 94.0066452026 1
63 29 94.4964523315 1
63 29 94.7397079468 1
63 29 94.8857955933 1
63 29 94.899887085 1
63 29 95.1342163086 1
63 29 95.2501907349 1
63 29 95.5041885376 1
63 29 95.5091323853 1
63 29 95.5964660645 1
63 29 96.0407028198 1
63 29 96.2077331543 1
63 29 96.2129974365 1
63 29 96.2324371338 1
63 29 96.4181442261 1
63 29 96.7707595825 1
63 29 97.0487976074 1
63 29 97.2379684448 1
63 29 98.1465072632 1
63 29 98.3699188232 1
63 29 98.4544067383 1
63 29 98.6920776367 1
63 29 99.2264785767 1
63 29 99.255821228 1
63 29 100.570968628 1
63 29 100.811126709 1
63 29 100.865501404 1
63 29 101.126907349 1
63 29 101.403564453 1
63 29 101.43270874 1
63 29 101.492156982 1
63 29 101.535560608 1
63 29 101.599151611 1
63 29 101.671203613 1
63 29 101.714439392 1
63 29 101.91834259 1
63 29 102.25 1
63 29 102.415748596 1
63 29 102.421424866 1
63 29 102.518218994 1
63 29 102.670799255 1
63 29 102.959663391 1
63 29 103.19102478 1
63 29 103.341209412 1
63 29 103.611549377 1
63 29 103.643409729 1
63 29 103.719062805 1
63 29 104.199256897 1
63 29 104.218086243 1
63 29 104.294296265 1
63 29 104.849838257 1
63 29 104.88671875 1
63 29 105.20149231 1
63 29 105.306671143 1
63 29 105.365013123 1
63 29 105.446922302 1
63 29 105.586029053 1
63 29 105.681739807 1
63 29 105.695755005 1
63 29 105.705177307 1
63 29 105.920211792 1
63 29 106.148979187 1
63 29 106.633766174 1
63 29 106.752204895 1
63 29 106.902793884 1
63 29 107.0860672 1
63 29 107.571861267 1
63 29 107.680419922 1
63 29 107.722129822 1
63 29 107.841415405 1
63 29 107.955619812 1
63 29 107.979530334 1
63 29 108.136116028 1
63 29 108.273475647 1
63 29 108.41217041 1
63 29 108.540153503 1
63 29 108.602531433 1
63 29 108.62638855 1
63 29 108.840057373 1
63 29 108.985603333 1
63 29 109.240013123 1
63 29 109.818229675 1
63 29 109.875541687 1
63 29 110.002441406 1
63 29 110.221496582 1
63 29 110.385444641 1
63 29 110.545707703 1
63 29 110.834602356 1
63 29 110.864120483 1
63 29 111.014762878 1
63 29 111.106185913 1
63 29 111.203659058 1
63 29 111.52973938 1
63 29 111.545768738 1
63 29 111.679954529 1
63 29 111.906982422 1
63 29 111.948066711 1
63 29 112.250854492 1
63 29 112.390808105 1
63 29 112.41583252 1
63 29 112.445732117 1
63 29 112.613983154 1
63 29 112.707725525 1
63 29 112.779640198 1
63 29 113.075546265 1
63 29 113.111824036 1
63 29 113.175949097 1
63 29 113.301177979 1
63 29 113.315162659 1
63 29 113.316574097 1
63 29 113.320358276 1
63 29 113.588317871 1
63 29 113.65851593 1
63 29 113.693748474 1
63 29 114.046310425 1
63 29 114.175834656 1
63 29 114.232841492 1
63 29 114.313148499 1
63 29 114.515396118 1
63 29 114.690338135 1
63 29 114.914237976 1
63 29 114.921775818 1
63 29 115.961578369 1
63 29 115.962471008 1
63 29 115.99571991 1
63 29 115.998954773 1
63 29 116.284797668 1
63 29 116.302345276 1
63 29 116.322731018 1
63 29 116.715881348 1
63 29 116.786186218 1
63 29 116.787666321 1
63 29 116.817680359 1
63 29 116.830108643 1
63 29 116.895820618 1
63 29 117.033088684 1
63 29 117.377105713 1
63 29 117.768730164 1
63 29 117.869033813 1
63 29 118.179534912 1
63 29 118.229286194 1
63 29 118.313026428 1
63 29 118.346069336 1
63 29 118.550819397 1
63 29 118.690917969 1
63 29 118.820846558 1
63 29 118.903800964 1
63 29 119.090591431 1
63 29 119.242843628 1
63 29 119.270309448 1
63 29 119.295806885 1
63 29 119.321868896 1
63 29 119.56678772 1
63 29 119.611282349 1
63 29 119.662620544 1
63 29 119.83921814 1
63 29 119.873641968 1
63 29 119.920257568 1
63 29 120.039329529 1
63 29 120.211837769 1
63 29 120.283500671 1
63 29 120.367431641 1
63 29 120.559242249 1
63 29 120.592201233 1
63 29 120.918067932 1
63 29 121.064193726 1
63 29 121.073066711 1
63 29 121.18862915 1
63 29 121.477523804 1
63 29 121.534179688 1
63 29 121.560333252 1
63 29 121.715774536 1
63 29 121.726493835 1
63 29 121.781913757 1
63 29 121.878868103 1
63 29 121.98601532 1
63 29 121.990943909 1
63 29 122.187431335 1
63 29 122.350769043 1
63 29 122.73739624 1
63 29 122.82572937 1
63 29 122.870117188 1
63 29 122.963943481 1
63 29 122.983016968 1
63 29 123.187812805 1
63 29 123.229530334 1
63 29 123.291343689 1
63 29 123.380226135 1
63 29 123.404151917 1
63 29 123.555648804 1
63 29 124.106971741 1
63 29 124.218727112 1
63 29 124.227775574 1
63 29 124.285850525 1
63 29 124.289825439 1
63 29 124.313560486 1
63 29 124.378746033 1
63 29 124.542152405 1
63 29 124.86239624 1
63 29 125.236984253 1
63 29 125.504470825 1
63 29 125.675300598 1
63 29 126.24886322 1
63 29 126.572563171 1
63 29 126.581771851 1
63 29 126.614151001 1
63 29 126.665924072 1
63 29 126.678749084 1
63 29 126.684745789 1
63 29 126.761291504 1
63 29 126.762329102 1
63 29 126.772338867 1
63 29 126.98034668 1
63 29 127.003395081 1
63 29 127.229354858 1
63 29 127.415290833 1
63 29 127.4818573 1
63 29 127.610267639 1
63 29 127.624801636 1
63 29 127.753578186 1
63 29 127.90952301 1
63 29 127.975006104 1
63 29 128.010467529 1
63 29 128.17666626 1
63 29 128.238983154 1
63 29 128.370132446 1
63 29 128.66305542 1
63 29 128.784912109 1
63 29 129.044036865 1
63 29 129.122802734 1
63 29 129.595565796 1
63 29 129.603607178 1
63 29 129.852157593 1
63 29 129.942398071 1
63 29 130.122543335 1
63 29 130.277420044 1
63 29 130.300628662 1
63 29 130.338623047 1
63 29 130.365570068 1
63 29 130.386306763 1
63 29 130.430496216 1
63 29 130.485671997 1
63 29 130.632858276 1
63 29 130.778930664 1
63 29 131.137176514 1
63 29 131.138717651 1
63 29 131.196289062 1
63 29 131.34526062 1
63 29 131.447158813 1
63 29 131.524673462 1
63 29 131.614532471 1
63 29 131.637161255 1
63 29 131.764938354 1
63 29 131.832397461 1
63 29 131.842910767 1
63 29 131.975738525 1
63 29 131.99647522 1
63 29 132.084823608 1
63 29 132.159103394 1
63 29 132.292266846 1
63 29 132.378356934 1
63 29 132.435943604 1
63 29 132.470214844 1
63 29 132.645751953 1
63 29 132.783981323 1
63 29 132.792495728 1
63 29 133.002029419 1
63 29 133.441299438 1
63 29 133.559692383 1
63 29 133.570922852 1
63 29 133.659240723 1
63 29 133.843658447 1
63 29 133.991516113 1
63 29 134.182907104 1
63 29 134.213500977 1
63 29 134.377380371 1
63 29 134.611114502 1
63 29 134.652862549 1
63 29 134.782943726 1
63 29 135.081253052 1
63 29 135.187805176 1
63 29 135.225479126 1
63 29 135.520111084 1
63 29 135.582336426 1
63 29 135.636550903 1
63 29 135.690765381 1
63 29 135.70513916 1
63 29 135.826446533 1
63 29 135.863189697 1
63 29 135.915679932 1
63 29 136.065841675 1
63 29 136.18788147 1
63 29 136.411865234 1
63 29 136.439758301 1
63 29 136.45501709 1
63 29 136.708999634 1
63 29 136.832473755 1
63 29 136.891281128 1
63 29 136.901855469 1
63 29 137.150863647 1
63 29 137.228088379 1
63 29 137.307754517 1
63 29 137.399520874 1
63 29 137.451278687 1
63 29 137.459655762 1
63 29 137.5052948 1
63 29 137.5703125 1
63 29 137.686035156 1
63 29 137.737136841 1
63 29 137.829421997 1
63 29 137.867782593 1
63 29 137.938781738 1
63 29 137.99369812 1
63 29 138.13609314 1
63 29 138.430969238 1
63 29 138.45980835 1
63 29 138.90284729 1
63 29 138.956756592 1
63 29 139.023452759 1
63 29 139.189437866 1
63 29 139.57963562 1
63 29 139.727584839 1
63 29 139.815170288 1
63 29 139.858459473 1
63 29 139.901702881 1
63 29 140.040283203 1
63 29 140.077941895 1
63 29 140.096481323 1
63 29 140.226074219 1
63 29 140.424530029 1
63 29 140.621307373 1
63 29 140.745834351 1
63 29 140.814880371 1
63 29 141.028289795 1
63 29 141.140197754 1
63 29 141.364486694 1
63 29 141.384063721 1
63 29 141.413024902 1
63 29 141.43522644 1
63 29 141.444366455 1
63 29 141.464279175 1
63 29 141.811401367 1
63 29 142.007888794 1
63 29 142.751846313 1
63 29 142.834197998 1
63 29 142.887390137 1
63 29 143.25189209 1
63 29 143.36781311 1
63 29 143.37727356 1
63 29 143.546478271 1
63 29 143.719009399 1
63 29 143.720077515 1
63 29 143.732192993 1
63 29 143.764053345 1
63 29 143.9400177 1
63 29 144.098587036 1
63 29 144.239944458 1
63 29 144.31036377 1
63 29 144.369003296 1
63 29 144.413986206 1
63 29 144.587799072 1
63 29 144.651824951 1
63 29 144.710678101 1
63 29 144.732772827 1
63 29 144.750137329 1
63 29 144.777130127 1
63 29 144.965408325 1
63 29 144.979217529 1
63 29 145.029312134 1
63 29 145.153671265 1
63 29 145.210098267 1
63 29 145.231719971 1
63 29 145.297805786 1
63 29 145.345169067 1
63 29 145.443054199 1
63 29 145.446929932 1
63 29 145.674209595 1
63 29 145.719863892 1
63 29 145.764404297 1
63 29 145.786300659 1
63 29 145.803848267 1
63 29 145.998764038 1
63 29 146.25680542 1
63 29 146.299942017 1
63 29 146.310150146 1
63 29 146.391235352 1
63 29 146.43850708 1
63 29 146.554885864 1
63 29 146.623901367 1
63 29 146.650161743 1
63 29 146.799301147 1
63 29 146.917175293 1
63 29 147.115707397 1
63 29 147.134216309 1
63 29 147.4506073 1
63 29 147.504699707 1
63 29 147.521987915 1
63 29 147.668624878 1
63 29 147.688919067 1
63 29 147.86138916 1
63 29 147.970336914 1
63 29 147.98878479 1
63 29 148.153991699 1
63 29 148.348846436 1
63 29 148.39465332 1
63 29 148.400238037 1
63 29 148.454711914 1
63 29 148.463775635 1
63 29 148.855941772 1
63 29 148.894561768 1
63 29 148.896270752 1
63 29 148.901443481 1
63 29 148.903289795 1
63 29 148.927642822 1
63 29 149.16595459 1
63 29 149.171310425 1
63 29 149.210144043 1
63 29 149.245361328 1
63 29 149.335876465 1
63 29 149.376647949 1
63 29 149.471176147 1
63 29 149.558868408 1
63 29 149.590927124 1
63 29 149.596786499 1
63 29 149.606582642 1
63 29 149.753768921 1
63 29 149.988357544 1
63 29 150.013946533 1
63 29 150.016189575 1
63 29 150.084655762 1
63 29 150.326385498 1
63 29 150.586013794 1
63 29 150.7162323 1
63 29 150.833908081 1
63 29 150.88293457 1
63 29 150.976516724 1
63 29 151.168502808 1
63 29 151.398361206 1
63 29 151.620864868 1
63 29 151.763473511 1
63 29 152.177307129 1
63 29 152.227050781 1
63 29 152.25440979 1
63 29 152.272964478 1
63 29 152.687515259 1
63 29 152.806793213 1
63 29 152.839187622 1
63 29 152.925674438 1
63 29 152.975357056 1
63 29 153.000549316 1
63 29 153.083435059 1
63 29 153.148910522 1
63 29 153.443466187 1
63 29 153.452026367 1
63 29 153.62272644 1
63 29 153.662628174 1
63 29 153.771636963 1
63 29 153.799102783 1
63 29 153.819351196 1
63 29 153.835968018 1
63 29 154.090179443 1
63 29 154.105545044 1
63 29 154.309860229 1
63 29 154.491638184 1
63 29 154.755508423 1
63 29 154.765426636 1
63 29 155.07699585 1
63 29 155.129653931 1
63 29 155.233352661 1
63 29 155.304351807 1
63 29 155.311279297 1
63 29 155.34552002 1
63 29 155.488327026 1
63 29 155.715560913 1
63 29 155.786422729 1
63 29 155.803039551 1
63 29 155.813217163 1
63 29 156.39831543 1
63 29 156.417037964 1
63 29 156.42137146 1
63 29 156.458557129 1
63 29 156.50831604 1
63 29 156.676864624 1
63 29 156.698120117 1
63 29 156.706985474 1
63 29 156.854049683 1
63 29 156.884552002 1
63 29 157.171798706 1
63 29 157.172012329 1
63 29 157.233840942 1
63 29 157.465362549 1
63 29 157.600982666 1
63 29 157.611755371 1
63 29 157.634460449 1
63 29 157.77494812 1
63 29 157.888137817 1
63 29 157.967880249 1
63 29 157.99571228 1
63 29 158.173324585 1
63 29 158.394515991 1
63 29 158.417556763 1
63 29 158.520614624 1
63 29 158.59526062 1
63 29 158.660446167 1
63 29 158.748962402 1
63 29 159.062164307 1
63 29 159.261917114 1
63 29 159.601135254 1
63 29 160.064865112 1
63 29 160.240661621 1
63 29 160.308837891 1
63 29 160.473922729 1
63 29 160.668899536 1
63 29 160.792037964 1
63 29 161.08934021 1
63 29 161.188430786 1
63 29 161.376586914 1
63 29 161.41809082 1
63 29 161.535766602 1
63 29 161.563339233 1
63 29 161.613342285 1
63 29 161.651123047 1
63 29 161.818222046 1
63 29 161.967315674 1
63 29 162.247650146 1
63 29 162.263244629 1
63 29 162.285064697 1
63 29 162.429550171 1
63 29 162.51008606 1
63 29 162.510223389 1
63 29 162.734436035 1
63 29 162.805740356 1
63 29 162.867828369 1
63 29 162.94303894 1
63 29 162.948287964 1
63 29 163.523178101 1
63 29 163.590270996 1
63 29 163.669952393 1
63 29 163.709213257 1
63 29 163.881408691 1
63 29 163.906555176 1
63 29 164.087280273 1
63 29 164.255630493 1
63 29 164.377975464 1
63 29 164.383560181 1
63 29 164.45149231 1
63 29 164.484069824 1
63 29 164.666107178 1
63 29 164.848342896 1
63 29 165.015594482 1
63 29 165.028488159 1
63 29 165.092834473 1
63 29 165.252487183 1
63 29 165.532089233 1
63 29 165.614730835 1
63 29 165.747787476 1
63 29 165.9503479 1
63 29 166.066711426 1
63 29 166.170059204 1
63 29 166.332519531 1
63 29 166.67300415 1
63 29 166.723205566 1
63 29 166.821685791 1
63 29 166.842895508 1
63 29 167.014709473 1
63 29 167.051757812 1
63 29 167.181732178 1
63 29 167.26499939 1
63 29 167.44493103 1
63 29 167.656448364 1
63 29 167.941589355 1
63 29 168.019714355 1
63 29 168.046066284 1
63 29 168.085128784 1
63 29 168.708404541 1
63 29 169.036315918 1
63 29 169.125366211 1
63 29 169.296417236 1
63 29 169.335601807 1
63 29 169.604919434 1
63 29 169.611541748 1
63 29 169.669784546 1
63 29 169.688537598 1
63 29 169.855377197 1
63 29 170.035949707 1
63 29 170.12272644 1
63 29 170.225585938 1
63 29 170.300506592 1
63 29 170.440979004 1
63 29 170.453216553 1
63 29 170.551940918 1
63 29 170.586883545 1
63 29 170.752059937 1
63 29 171.173248291 1
63 29 171.311096191 1
63 29 171.448806763 1
63 29 171.449050903 1
63 29 171.621749878 1
63 29 171.667602539 1
63 29 171.728988647 1
63 29 171.767288208 1
63 29 172.033493042 1
63 29 172.120529175 1
63 29 172.151596069 1
63 29 172.361297607 1
63 29 172.512329102 1
63 29 172.82951355 1
63 29 172.947631836 1
63 29 172.952713013 1
63 29 173.276367188 1
63 29 173.544387817 1
63 29 173.629577637 1
63 29 173.997497559 1
63 29 174.167984009 1
63 29 174.3046875 1
63 29 174.47984314 1
63 29 174.487136841 1
63 29 174.501205444 1
63 29 174.641052246 1
63 29 174.726425171 1
63 29 175.009094238 1
63 29 175.036911011 1
63 29 175.061416626 1
63 29 175.068527222 1
63 29 175.375 1
63 29 175.416427612 1
63 29 175.616546631 1
63 29 175.694442749 1
63 29 175.746307373 1
63 29 176.091415405 1
63 29 176.212646484 1
63 29 176.265304565 1
63 29 176.313446045 1
63 29 176.348007202 1
63 29 176.427810669 1
63 29 176.820709229 1
63 29 176.873306274 1
63 29 177.094421387 1
63 29 177.518386841 1
63 29 178.331970215 1
63 29 178.743164062 1
63 29 179.000396729 1
63 29 179.02015686 1
63 29 179.133666992 1
63 29 179.452804565 1
63 29 179.63973999 1
63 29 179.911224365 1
63 29 180.001449585 1
63 29 180.030685425 1
63 29 180.412887573 1
63 29 180.417190552 1
63 29 180.662460327 1
63 29 180.788619995 1
63 29 180.938705444 1
63 29 180.945404053 1
63 29 181.132797241 1
63 29 181.390350342 1
63 29 181.428085327 1
63 29 181.708709717 1
63 29 181.727050781 1
63 29 182.133132935 1
63 29 182.266082764 1
63 29 182.444763184 1
63 29 182.525680542 1
63 29 182.717422485 1
63 29 182.736740112 1
63 29 182.874710083 1
63 29 183.508575439 1
63 29 183.730300903 1
63 29 184.04045105 1
63 29 184.352233887 1
63 29 184.556716919 1
63 29 184.766830444 1
63 29 185.217315674 1
63 29 185.983505249 1
63 29 186.224716187 1
63 29 187.001144409 1
63 29 188.175796509 1
63 29 188.42956543 1
63 29 188.632507324 1
63 29 189.073898315 1
63 29 189.112045288 1
63 29 189.738067627 1
63 29 190.134170532 1
63 29 190.147445679 1
63 29 190.181091309 1
63 29 190.389984131 1
63 29 190.849105835 1
63 29 190.939208984 1
63 29 190.986968994 1
63 29 190.997543335 1
63 29 191.258956909 1
63 29 191.430541992 1
63 29 191.590026855 1
63 29 191.658843994 1
63 29 191.933120728 1
63 29 192.067901611 1
63 29 192.182434082 1
63 29 192.293991089 1
63 29 193.628417969 1
63 29 193.63659668 1
63 29 193.777954102 1
63 29 194.048416138 1
63 29 194.13142395 1
63 29 194.497085571 1
63 29 194.667175293 1
63 29 195.151412964 1
63 29 195.452148438 1
63 29 195.699996948 1
63 29 196.091140747 1
63 29 196.790237427 1
63 29 196.842086792 1
63 29 197.389038086 1
63 29 197.924942017 1
63 29 197.948989868 1
63 29 198.207672119 1
63 29 198.411270142 1
63 29 198.519210815 1
63 29 199.257095337 1
63 29 199.275344849 1
63 29 199.509643555 1
63 29 200.083877563 1
63 29 200.124481201 1
63 29 200.234710693 1
63 29 200.452194214 1
63 29 200.51890564 1
63 29 200.701019287 1
63 29 201.081970215 1
63 29 201.389984131 1
63 29 201.758621216 1
63 29 201.839630127 1
63 29 202.222732544 1
63 29 202.271560669 1
63 29 203.299697876 1
63 29 203.376953125 1
63 29 203.524917603 1
63 29 203.703384399 1
63 29 204.734405518 1
63 29 204.913330078 1
63 29 205.21774292 1
63 29 205.378036499 1
63 29 205.542572021 1
63 29 206.33152771 1
63 29 206.379547119 1
63 29 206.493942261 1
63 29 206.697982788 1
63 29 206.870422363 1
63 29 207.009277344 1
63 29 207.011672974 1
63 29 207.027328491 1
63 29 207.653488159 1
63 29 208.064529419 1
63 29 208.34223938 1
63 29 208.643463135 1
63 29 209.535995483 1
63 29 209.826171875 1
63 29 210.041717529 1
63 29 210.589553833 1
63 29 211.180343628 1
63 29 211.386566162 1
63 29 211.484527588 1
63 29 212.593734741 1
63 29 212.767379761 1
63 29 212.903381348 1
63 29 214.17956543 1
63 29 214.498733521 1
63 29 214.696212769 1
63 29 215.104354858 1
63 29 215.376556396 1
63 29 217.052932739 1
63 29 217.267913818 1
63 29 217.579406738 1
63 29 218.547439575 1
63 29 218.590164185 1
63 29 220.43888855 1
63 29 221.301055908 1
63 29 221.473937988 1
63 29 221.71282959 1
63 29 221.833709717 1
63 29 222.085632324 1
63 29 222.086532593 1
63 29 222.265563965 1
63 29 222.814346313 1
63 29 223.11907959 1
63 29 224.363464355 1
63 29 224.470245361 1
63 29 224.533035278 1
63 29 224.820587158 1
63 29 225.068008423 1
63 29 226.211166382 1
63 29 226.314300537 1
63 29 226.57093811 1
63 29 228.296035767 1
63 29 229.065078735 1
63 29 230.152359009 1
63 29 230.482421875 1
63 29 230.681671143 1
63 29 230.86819458 1
63 29 231.824996948 1
63 29 231.837860107 1
63 29 232.49369812 1
63 29 232.645095825 1
63 29 232.743835449 1
63 29 232.848922729 1
63 29 233.135314941 1
63 29 233.269989014 1
63 29 233.500244141 1
63 29 234.191452026 1
63 29 235.005493164 1
63 29 235.901535034 1
63 29 235.98677063 1
63 29 236.135116577 1
63 29 236.16784668 1
63 29 236.714660645 1
63 29 237.555740356 1
63 29 237.589981079 1
63 29 238.582260132 1
63 29 240.471160889 1
63 29 241.153686523 1
63 29 241.839691162 1
63 29 242.654006958 1
63 29 242.830047607 1
63 29 243.590209961 1
63 29 243.650970459 1
63 29 243.886276245 1
63 29 245.346954346 1
63 29 245.486572266 1
63 29 245.641708374 1
63 29 246.048934937 1
63 29 248.472549438 1
63 29 249.073120117 1
63 29 249.407058716 1
63 29 249.514602661 1
63 29 249.516143799 1
63 29 250.718597412 1
63 29 250.871627808 1
63 29 251.201873779 1
63 29 252.442092896 1
63 29 253.204772949 1
63 29 254.152069092 1
63 29 255.69694519 1
63 29 255.911499023 1
63 29 256.699737549 1
63 29 257.341644287 1
63 29 257.486785889 1
63 29 259.002624512 1
63 29 260.653198242 1
63 29 261.450683594 1
63 29 263.539306641 1
63 29 264.83581543 1
63 29 265.757263184 1
63 29 266.184814453 1
63 29 267.510742188 1
63 29 268.75479126 1
63 29 268.907348633 1
63 29 269.066680908 1
63 29 269.608184814 1
63 29 270.486450195 1
63 29 270.657775879 1
63 29 270.961578369 1
63 29 270.975158691 1
63 29 272.085388184 1
63 29 276.18927002 1
63 29 276.623016357 1
63 29 278.264801025 1
63 29 280.168365479 1
63 29 280.184387207 1
63 29 281.572052002 1
63 29 281.762878418 1
63 29 282.48135376 1
63 29 284.156646729 1
63 29 284.170562744 1
63 29 284.713195801 1
63 29 284.88381958 1
63 29 287.147277832 1
63 29 287.362792969 1
63 29 287.3671875 1
63 29 288.252685547 1
63 29 288.32925415 1
63 29 288.512969971 1
63 29 288.527252197 1
63 29 288.960418701 1
63 29 289.661651611 1
63 29 289.695129395 1
63 29 290.160919189 1
63 29 291.896820068 1
63 29 292.030456543 1
63 29 292.356506348 1
63 29 295.097900391 1
63 29 297.696289062 1
63 29 298.387969971 1
63 29 299.954467773 1
63 29 300.322143555 1
63 29 300.350280762 1
63 29 301.15838623 1
63 29 301.188232422 1
63 29 301.674926758 1
63 29 303.253265381 1
63 29 304.53338623 1
63 29 305.469390869 1
63 29 305.750823975 1
63 29 306.905334473 1
63 29 309.222473145 1
63 29 310.430847168 1
63 29 315.467895508 1
63 29 317.140228271 1
63 29 321.303405762 1
63 29 322.341796875 1
63 29 323.779968262 1
63 29 323.886901855 1
63 29 324.996307373 1
63 29 325.836639404 1
63 29 327.497497559 1
63 29 328.070007324 1
63 29 328.887237549 1
63 29 331.629425049 1
63 29 333.24395752 1
63 29 333.434814453 1
63 29 335.864929199 1
63 29 337.308166504 1
63 29 338.809814453 1
63 29 339.023803711 1
63 29 340.686035156 1
63 29 345.18572998 1
63 29 349.277984619 1
63 29 351.427825928 1
63 29 353.853607178 1
63 29 355.799285889 1
63 29 357.790161133 1
63 29 358.313049316 1
63 29 358.858154297 1
63 29 359.205535889 1
63 29 359.91317749 1
63 29 360.780578613 1
63 29 361.248931885 1
63 29 364.458770752 1
63 29 365.789123535 1
63 29 366.500732422 1
63 29 369.172973633 1
63 29 370.074920654 1
63 29 371.356445312 1
63 29 372.276824951 1
63 29 372.926147461 1
63 29 373.575592041 1
63 29 373.591491699 1
63 29 375.519042969 1
63 29 375.72253418 1
63 29 376.934509277 1
63 29 381.120147705 1
63 29 382.157897949 1
63 29 382.654541016 1
63 29 383.601959229 1
63 29 384.186767578 1
63 29 386.396575928 1
63 29 387.943572998 1
63 29 388.378051758 1
63 29 389.871704102 1
63 29 393.05166626 1
63 29 393.636413574 1
63 29 397.645263672 1
63 29 399.370544434 1
63 29 399.705413818 1
63 29 400.136627197 1
63 29 401.430633545 1
63 29 401.609619141 1
63 29 402.736114502 1
63 29 403.873443604 1
63 29 407.146026611 1
63 29 410.204559326 1
63 29 415.151702881 1
63 29 423.984863281 1
63 29 424.574645996 1
63 29 426.036193848 1
63 29 428.362518311 1
63 29 431.176940918 1
63 29 433.127593994 1
63 29 436.226470947 1
63 29 439.853668213 1
63 29 444.159179688 1
63 29 444.520629883 1
63 29 445.117675781 1
63 29 449.352294922 1
63 29 450.757232666 1
63 29 452.069610596 1
63 29 454.616333008 1
63 29 456.995819092 1
63 29 461.464416504 1
63 29 467.481018066 1
63 29 469.388092041 1
63 29 470.140228271 1
63 29 472.921905518 1
63 29 473.132324219 1
63 29 473.521209717 1
63 29 477.567199707 1
63 29 485.059844971 1
63 29 489.38961792 1
63 29 497.977386475 1
63 29 505.729705811 1
63 29 511.223937988 1
63 29 512.443237305 1
63 29 513.514648438 1
63 29 514.258239746 1
63 29 519.463745117 1
63 29 527.212585449 1
63 29 530.591308594 1
63 29 535.02532959 1
63 29 538.922973633 1
63 29 552.57824707 1
63 29 556.026672363 1
63 29 556.635131836 1
63 29 557.419677734 1
63 29 567.642333984 1
63 29 568.999572754 1
63 29 570.895996094 1
63 29 574.958251953 1
63 29 575.120727539 1
63 29 575.282775879 1
63 29 586.311401367 1
63 29 592.903259277 1
63 29 595.22644043 1
63 29 597.415588379 1
63 29 597.607727051 1
63 29 610.676818848 1
63 29 615.396118164 1
63 29 622.135009766 1
63 29 625.198242188 1
63 29 635.262390137 1
63 29 638.654296875 1
63 29 648.493652344 1
63 29 648.520385742 1
63 29 658.12310791 1
63 29 668.314758301 1
63 29 669.368103027 1
63 29 675.279907227 1
63 29 676.285888672 1
63 29 680.500366211 1
63 29 681.229797363 1
63 29 681.643676758 1
63 29 684.54864502 1
63 29 684.864929199 1
63 29 687.053771973 1
63 29 704.020446777 1
63 29 709.942199707 1
63 29 712.247375488 1
63 29 725.863586426 1
63 29 745.059509277 1
63 29 752.869995117 1
63 29 760.079956055 1
63 29 767.340087891 1
63 29 831.213500977 1
63 29 831.764587402 1
63 29 834.890930176 1
63 29 838.641479492 1
63 29 842.819519043 1
63 29 870.057067871 1
63 29 882.602172852 1
63 29 895.351745605 1
63 29 897.921447754 1
63 29 953.411071777 1
63 29 955.139770508 1
63 29 991.700622559 1
63 29 992.078735352 1
63 29 997.44152832 1
63 29 1023.38879395 1
63 29 1043.94396973 1
63 29 1069.51306152 1
63 29 1095.7364502 1
63 29 1109.06091309 1
63 29 1140.22131348 1
63 29 1386.78881836 1
63 29 1418.18359375 1
63 29 1539.00622559 1
63 29 1713.53808594 1
63 31 92.5870361328 1
63 31 93.6164627075 1
63 31 93.6381072998 1
63 31 94.1768951416 1
63 31 96.3399581909 1
63 31 96.4929199219 1
63 31 97.3243408203 1
63 31 97.3315963745 1
63 31 97.6401748657 1
63 31 97.8593444824 1
63 31 97.8598937988 1
63 31 98.2551193237 1
63 31 99.0128555298 1
63 31 99.5304946899 1
63 31 99.569732666 1
63 31 100.065811157 1
63 31 100.402488708 1
63 31 100.528747559 1
63 31 101.187484741 1
63 31 101.443565369 1
63 31 101.44506073 1
63 31 101.589630127 1
63 31 101.66607666 1
63 31 101.852310181 1
63 31 102.1300354 1
63 31 102.531860352 1
63 31 103.122535706 1
63 31 103.603553772 1
63 31 103.711456299 1
63 31 104.231559753 1
63 31 104.395278931 1
63 31 105.008010864 1
63 31 105.207038879 1
63 31 105.341171265 1
63 31 105.480865479 1
63 31 105.710350037 1
63 31 106.119865417 1
63 31 106.825073242 1
63 31 106.836112976 1
63 31 106.897354126 1
63 31 107.339347839 1
63 31 107.344154358 1
63 31 107.849319458 1
63 31 108.146156311 1
63 31 108.326332092 1
63 31 108.327507019 1
63 31 108.441436768 1
63 31 108.572044373 1
63 31 109.453224182 1
63 31 110.023536682 1
63 31 110.356002808 1
63 31 110.672943115 1
63 31 110.916252136 1
63 31 111.033340454 1
63 31 111.286903381 1
63 31 111.304168701 1
63 31 111.425712585 1
63 31 111.516639709 1
63 31 111.609466553 1
63 31 111.640441895 1
63 31 111.744544983 1
63 31 111.972335815 1
63 31 112.135185242 1
63 31 112.499420166 1
63 31 112.533195496 1
63 31 112.596305847 1
63 31 112.617141724 1
63 31 112.618934631 1
63 31 112.721572876 1
63 31 112.830665588 1
63 31 112.875846863 1
63 31 112.926689148 1
63 31 113.028884888 1
63 31 113.817756653 1
63 31 114.078018188 1
63 31 114.115570068 1
63 31 114.139945984 1
63 31 114.273017883 1
63 31 114.323692322 1
63 31 114.422653198 1
63 31 114.501869202 1
63 31 114.652984619 1
63 31 114.896385193 1
63 31 114.978347778 1
63 31 115.118354797 1
63 31 115.458778381 1
63 31 115.833457947 1
63 31 115.887023926 1
63 31 115.967681885 1
63 31 116.197219849 1
63 31 116.226028442 1
63 31 116.467857361 1
63 31 116.506141663 1
63 31 116.903953552 1
63 31 116.983917236 1
63 31 117.20955658 1
63 31 117.349128723 1
63 31 117.589324951 1
63 31 117.640899658 1
63 31 117.831489563 1
63 31 117.83203125 1
63 31 117.88092804 1
63 31 118.117835999 1
63 31 118.263175964 1
63 31 118.590744019 1
63 31 118.653762817 1
63 31 118.696228027 1
63 31 119.048995972 1
63 31 119.071273804 1
63 31 119.098045349 1
63 31 119.265739441 1
63 31 119.88923645 1
63 31 120.525253296 1
63 31 120.61076355 1
63 31 120.633995056 1
63 31 120.683387756 1
63 31 121.229530334 1
63 31 121.291618347 1
63 31 121.3385849 1
63 31 121.462753296 1
63 31 121.652786255 1
63 31 121.779602051 1
63 31 121.791397095 1
63 31 121.877922058 1
63 31 122.111885071 1
63 31 122.237564087 1
63 31 122.549713135 1
63 31 122.676116943 1
63 31 122.737014771 1
63 31 122.776557922 1
63 31 123.371940613 1
63 31 123.424751282 1
63 31 123.52040863 1
63 31 123.599464417 1
63 31 123.734451294 1
63 31 123.884658813 1
63 31 123.900588989 1
63 31 124.461593628 1
63 31 124.465835571 1
63 31 124.489501953 1
63 31 124.657226562 1
63 31 124.777130127 1
63 31 124.85080719 1
63 31 125.001434326 1
63 31 125.075248718 1
63 31 125.105857849 1
63 31 125.188537598 1
63 31 125.376724243 1
63 31 125.527130127 1
63 31 125.573928833 1
63 31 125.989204407 1
63 31 125.99041748 1
63 31 126.110824585 1
63 31 126.361557007 1
63 31 126.903236389 1
63 31 127.111595154 1
63 31 127.215927124 1
63 31 127.242599487 1
63 31 127.26222229 1
63 31 127.352378845 1
63 31 127.383926392 1
63 31 127.425773621 1
63 31 127.457267761 1
63 31 127.480201721 1
63 31 127.70640564 1
63 31 127.769744873 1
63 31 127.859161377 1
63 31 128.591156006 1
63 31 128.642440796 1
63 31 128.655090332 1
63 31 128.84677124 1
63 31 129.155166626 1
63 31 129.16204834 1
63 31 130.030654907 1
63 31 130.147354126 1
63 31 130.216186523 1
63 31 130.37638855 1
63 31 130.453109741 1
63 31 130.811859131 1
63 31 130.950775146 1
63 31 131.11114502 1
63 31 131.116775513 1
63 31 131.268493652 1
63 31 131.282409668 1
63 31 131.339553833 1
63 31 131.49961853 1
63 31 131.601974487 1
63 31 131.629501343 1
63 31 131.756713867 1
63 31 131.91053772 1
63 31 131.923141479 1
63 31 131.966964722 1
63 31 132.039581299 1
63 31 132.160293579 1
63 31 132.166320801 1
63 31 132.398452759 1
63 31 132.414382935 1
63 31 132.490386963 1
63 31 132.583938599 1
63 31 132.596694946 1
63 31 132.649124146 1
63 31 133.081695557 1
63 31 133.081848145 1
63 31 133.12651062 1
63 31 133.234741211 1
63 31 133.273681641 1
63 31 133.52671814 1
63 31 133.707626343 1
63 31 133.751739502 1
63 31 133.809753418 1
63 31 133.818893433 1
63 31 133.880264282 1
63 31 133.881072998 1
63 31 134.051177979 1
63 31 134.076263428 1
63 31 134.184936523 1
63 31 134.313598633 1
63 31 134.511856079 1
63 31 134.767333984 1
63 31 134.811416626 1
63 31 135.237426758 1
63 31 135.266555786 1
63 31 135.494354248 1
63 31 135.548141479 1
63 31 135.592651367 1
63 31 135.634368896 1
63 31 135.647598267 1
63 31 135.768844604 1
63 31 135.826599121 1
63 31 135.886291504 1
63 31 136.011672974 1
63 31 136.066085815 1
63 31 136.288742065 1
63 31 136.333877563 1
63 31 136.437561035 1
63 31 136.686080933 1
63 31 136.77116394 1
63 31 136.786071777 1
63 31 136.982025146 1
63 31 137.180740356 1
63 31 137.189437866 1
63 31 137.223571777 1
63 31 137.416213989 1
63 31 137.825775146 1
63 31 137.947555542 1
63 31 138.350189209 1
63 31 138.378936768 1
63 31 138.429534912 1
63 31 138.478408813 1
63 31 138.613006592 1
63 31 138.658782959 1
63 31 138.824462891 1
63 31 139.007003784 1
63 31 139.018463135 1
63 31 139.121963501 1
63 31 139.205276489 1
63 31 139.260726929 1
63 31 139.269470215 1
63 31 139.432983398 1
63 31 139.45892334 1
63 31 139.61340332 1
63 31 139.670379639 1
63 31 139.715301514 1
63 31 139.767974854 1
63 31 140.22756958 1
63 31 140.280151367 1
63 31 140.376266479 1
63 31 140.387405396 1
63 31 140.435821533 1
63 31 140.527374268 1
63 31 140.710250854 1
63 31 140.717971802 1
63 31 141.009048462 1
63 31 141.27394104 1
63 31 141.320877075 1
63 31 141.421981812 1
63 31 141.60269165 1
63 31 141.642715454 1
63 31 141.700439453 1
63 31 141.710617065 1
63 31 141.745742798 1
63 31 141.987594604 1
63 31 142.004135132 1
63 31 142.172836304 1
63 31 142.227005005 1
63 31 142.321640015 1
63 31 142.465286255 1
63 31 142.503997803 1
63 31 142.726959229 1
63 31 142.890167236 1
63 31 142.99105835 1
63 31 143.117156982 1
63 31 143.140487671 1
63 31 143.503601074 1
63 31 143.531723022 1
63 31 143.668670654 1
63 31 143.758712769 1
63 31 143.806091309 1
63 31 144.012710571 1
63 31 144.205780029 1
63 31 144.404495239 1
63 31 144.514526367 1
63 31 144.643173218 1
63 31 144.751480103 1
63 31 144.954910278 1
63 31 145.055099487 1
63 31 145.070129395 1
63 31 145.434082031 1
63 31 145.46786499 1
63 31 145.502670288 1
63 31 145.752593994 1
63 31 146.118362427 1
63 31 146.175506592 1
63 31 146.496551514 1
63 31 146.701080322 1
63 31 146.812454224 1
63 31 146.922088623 1
63 31 147.123168945 1
63 31 147.627319336 1
63 31 147.637084961 1
63 31 147.855621338 1
63 31 148.037963867 1
63 31 148.220809937 1
63 31 148.327590942 1
63 31 148.383758545 1
63 31 148.38999939 1
63 31 148.416351318 1
63 31 148.574676514 1
63 31 148.617889404 1
63 31 148.726989746 1
63 31 148.846801758 1
63 31 149.072311401 1
63 31 149.180496216 1
63 31 149.274688721 1
63 31 149.313796997 1
63 31 149.447601318 1
63 31 149.460906982 1
63 31 149.519683838 1
63 31 149.553665161 1
63 31 149.651107788 1
63 31 149.653152466 1
63 31 149.906066895 1
63 31 150.005874634 1
63 31 150.008499146 1
63 31 150.109909058 1
63 31 150.311721802 1
63 31 150.322860718 1
63 31 150.341003418 1
63 31 150.485549927 1
63 31 150.528366089 1
63 31 150.556091309 1
63 31 150.809402466 1
63 31 150.847381592 1
63 31 150.87210083 1
63 31 150.925918579 1
63 31 150.928390503 1
63 31 151.033126831 1
63 31 151.610626221 1
63 31 151.620544434 1
63 31 151.801971436 1
63 31 151.915924072 1
63 31 151.93107605 1
63 31 151.942749023 1
63 31 151.973251343 1
63 31 152.215515137 1
63 31 152.648849487 1
63 31 152.911117554 1
63 31 152.990631104 1
63 31 153.03717041 1
63 31 153.117019653 1
63 31 153.31918335 1
63 31 153.55947876 1
63 31 153.628143311 1
63 31 153.855941772 1
63 31 153.919723511 1
63 31 154.039764404 1
63 31 154.096130371 1
63 31 154.233551025 1
63 31 154.409805298 1
63 31 154.461181641 1
63 31 154.635787964 1
63 31 154.689590454 1
63 31 154.72819519 1
63 31 154.775894165 1
63 31 154.871109009 1
63 31 154.917327881 1
63 31 155.111816406 1
63 31 155.288024902 1
63 31 155.326797485 1
63 31 155.355026245 1
63 31 155.366973877 1
63 31 155.441955566 1
63 31 155.658599854 1
63 31 155.692520142 1
63 31 155.769989014 1
63 31 156.025924683 1
63 31 156.138366699 1
63 31 156.164657593 1
63 31 156.225891113 1
63 31 156.252944946 1
63 31 156.40814209 1
63 31 156.508529663 1
63 31 156.520950317 1
63 31 156.652832031 1
63 31 156.667953491 1
63 31 156.913314819 1
63 31 157.068695068 1
63 31 157.473709106 1
63 31 157.514328003 1
63 31 157.953857422 1
63 31 157.955581665 1
63 31 158.06022644 1
63 31 158.158569336 1
63 31 158.190307617 1
63 31 158.377365112 1
63 31 158.56149292 1
63 31 158.715927124 1
63 31 158.854324341 1
63 31 159.048492432 1
63 31 159.451751709 1
63 31 159.541748047 1
63 31 159.580673218 1
63 31 159.691726685 1
63 31 159.842254639 1
63 31 159.909805298 1
63 31 159.974395752 1
63 31 160.020767212 1
63 31 160.126953125 1
63 31 160.182525635 1
63 31 160.334320068 1
63 31 160.523971558 1
63 31 160.53527832 1
63 31 160.565811157 1
63 31 160.738220215 1
63 31 160.808349609 1
63 31 160.835098267 1
63 31 161.044036865 1
63 31 161.07661438 1
63 31 161.326889038 1
63 31 161.439102173 1
63 31 161.446884155 1
63 31 161.628601074 1
63 31 161.946472168 1
63 31 161.950958252 1
63 31 162.072463989 1
63 31 162.245910645 1
63 31 162.281677246 1
63 31 162.300231934 1
63 31 162.353622437 1
63 31 162.584259033 1
63 31 162.763320923 1
63 31 162.858505249 1
63 31 162.956253052 1
63 31 163.018264771 1
63 31 163.039474487 1
63 31 163.136734009 1
63 31 163.160842896 1
63 31 163.332977295 1
63 31 163.356384277 1
63 31 163.42388916 1
63 31 163.496246338 1
63 31 163.628067017 1
63 31 163.944778442 1
63 31 164.032028198 1
63 31 164.121582031 1
63 31 164.164474487 1
63 31 164.182495117 1
63 31 164.273773193 1
63 31 164.637985229 1
63 31 164.809295654 1
63 31 164.828903198 1
63 31 164.877288818 1
63 31 165.01574707 1
63 31 165.046051025 1
63 31 165.13394165 1
63 31 165.24357605 1
63 31 165.395477295 1
63 31 165.407989502 1
63 31 165.832107544 1
63 31 165.870193481 1
63 31 165.928359985 1
63 31 165.98336792 1
63 31 166.004302979 1
63 31 166.427307129 1
63 31 166.444641113 1
63 31 166.513961792 1
63 31 166.522903442 1
63 31 166.608276367 1
63 31 166.620269775 1
63 31 166.642318726 1
63 31 166.669082642 1
63 31 166.699157715 1
63 31 166.900024414 1
63 31 166.945037842 1
63 31 167.028640747 1
63 31 167.034317017 1
63 31 167.174606323 1
63 31 167.242126465 1
63 31 167.286911011 1
63 31 167.413269043 1
63 31 167.858398438 1
63 31 168.057723999 1
63 31 168.100326538 1
63 31 168.137741089 1
63 31 168.211593628 1
63 31 168.223632812 1
63 31 168.401168823 1
63 31 168.508285522 1
63 31 168.511108398 1
63 31 168.606018066 1
63 31 168.778823853 1
63 31 168.953445435 1
63 31 168.991104126 1
63 31 169.306869507 1
63 31 169.391799927 1
63 31 169.417495728 1
63 31 169.519668579 1
63 31 169.52104187 1
63 31 169.622283936 1
63 31 169.666381836 1
63 31 169.750991821 1
63 31 169.793823242 1
63 31 169.90713501 1
63 31 169.958053589 1
63 31 169.973617554 1
63 31 170.136001587 1
63 31 170.334228516 1
63 31 170.455947876 1
63 31 170.504714966 1
63 31 170.5234375 1
63 31 170.625701904 1
63 31 170.837387085 1
63 31 170.888687134 1
63 31 170.981292725 1
63 31 171.023254395 1
63 31 171.11164856 1
63 31 171.144058228 1
63 31 171.595230103 1
63 31 171.615829468 1
63 31 171.627593994 1
63 31 171.643722534 1
63 31 171.806518555 1
63 31 171.809082031 1
63 31 171.876266479 1
63 31 172.098602295 1
63 31 172.105285645 1
63 31 172.120452881 1
63 31 172.2865448 1
63 31 172.376449585 1
63 31 172.40234375 1
63 31 172.412689209 1
63 31 172.888824463 1
63 31 172.901687622 1
63 31 173.465881348 1
63 31 173.479873657 1
63 31 173.504257202 1
63 31 173.65802002 1
63 31 173.71647644 1
63 31 174.3177948 1
63 31 174.597244263 1
63 31 175.131896973 1
63 31 175.193634033 1
63 31 175.208435059 1
63 31 175.399398804 1
63 31 175.616043091 1
63 31 175.669082642 1
63 31 175.707794189 1
63 31 175.865570068 1
63 31 175.874816895 1
63 31 175.88192749 1
63 31 176.036453247 1
63 31 176.433914185 1
63 31 176.71661377 1
63 31 176.72718811 1
63 31 176.817504883 1
63 31 177.0521698 1
63 31 177.176391602 1
63 31 177.304244995 1
63 31 177.319976807 1
63 31 177.366149902 1
63 31 177.610610962 1
63 31 177.639602661 1
63 31 177.711898804 1
63 31 178.320709229 1
63 31 178.459579468 1
63 31 178.487976074 1
63 31 178.554489136 1
63 31 178.701858521 1
63 31 178.745193481 1
63 31 178.79649353 1
63 31 178.853851318 1
63 31 179.050750732 1
63 31 179.118774414 1
63 31 179.197647095 1
63 31 179.265136719 1
63 31 179.352966309 1
63 31 179.438522339 1
63 31 179.444732666 1
63 31 179.874603271 1
63 31 179.91557312 1
63 31 180.008453369 1
63 31 180.105697632 1
63 31 180.338546753 1
63 31 180.371902466 1
63 31 180.460922241 1
63 31 180.75163269 1
63 31 180.892623901 1
63 31 181.041885376 1
63 31 181.057220459 1
63 31 181.339599609 1
63 31 181.424911499 1
63 31 181.551055908 1
63 31 181.594116211 1
63 31 181.627304077 1
63 31 181.739547729 1
63 31 181.840103149 1
63 31 181.992797852 1
63 31 182.13760376 1
63 31 182.579986572 1
63 31 182.785339355 1
63 31 182.788528442 1
63 31 182.890869141 1
63 31 183.008026123 1
63 31 183.066070557 1
63 31 183.142318726 1
63 31 183.331069946 1
63 31 184.152038574 1
63 31 184.834197998 1
63 31 184.924560547 1
63 31 184.94960022 1
63 31 184.999130249 1
63 31 185.682754517 1
63 31 185.812332153 1
63 31 185.92868042 1
63 31 186.01713562 1
63 31 186.746368408 1
63 31 186.982803345 1
63 31 187.402587891 1
63 31 187.838272095 1
63 31 188.304473877 1
63 31 188.359222412 1
63 31 188.454452515 1
63 31 189.188232422 1
63 31 189.27684021 1
63 31 189.48979187 1
63 31 189.806533813 1
63 31 189.929656982 1
63 31 190.223205566 1
63 31 190.225875854 1
63 31 190.363845825 1
63 31 190.392730713 1
63 31 190.490127563 1
63 31 190.801208496 1
63 31 190.926635742 1
63 31 191.811538696 1
63 31 192.060577393 1
63 31 192.27583313 1
63 31 192.317047119 1
63 31 192.350082397 1
63 31 193.079177856 1
63 31 193.257904053 1
63 31 193.347167969 1
63 31 193.357269287 1
63 31 193.60496521 1
63 31 194.384841919 1
63 31 194.508041382 1
63 31 194.518356323 1
63 31 194.662368774 1
63 31 195.396347046 1
63 31 195.527008057 1
63 31 195.73085022 1
63 31 195.792602539 1
63 31 195.975875854 1
63 31 196.022415161 1
63 31 196.124893188 1
63 31 196.674087524 1
63 31 197.116912842 1
63 31 197.719055176 1
63 31 197.81036377 1
63 31 197.84538269 1
63 31 197.86932373 1
63 31 197.965438843 1
63 31 198.21484375 1
63 31 198.224868774 1
63 31 198.356399536 1
63 31 198.579025269 1
63 31 198.91027832 1
63 31 198.964645386 1
63 31 199.047302246 1
63 31 199.154525757 1
63 31 199.200958252 1
63 31 199.283508301 1
63 31 199.323623657 1
63 31 199.360244751 1
63 31 199.845108032 1
63 31 200.279815674 1
63 31 200.405227661 1
63 31 200.510635376 1
63 31 200.59034729 1
63 31 201.204177856 1
63 31 201.351974487 1
63 31 201.970962524 1
63 31 202.015686035 1
63 31 202.463562012 1
63 31 202.638961792 1
63 31 202.901046753 1
63 31 202.979217529 1
63 31 203.277694702 1
63 31 203.463562012 1
63 31 203.533737183 1
63 31 203.577713013 1
63 31 203.697097778 1
63 31 204.068252563 1
63 31 205.05519104 1
63 31 205.277404785 1
63 31 205.497451782 1
63 31 206.665527344 1
63 31 206.764511108 1
63 31 206.957595825 1
63 31 207.737167358 1
63 31 207.889434814 1
63 31 208.070404053 1
63 31 208.14994812 1
63 31 209.058654785 1
63 31 209.148880005 1
63 31 209.318618774 1
63 31 209.989532471 1
63 31 210.708267212 1
63 31 210.748657227 1
63 31 210.760040283 1
63 31 211.045654297 1
63 31 211.08732605 1
63 31 211.416122437 1
63 31 211.598022461 1
63 31 211.934051514 1
63 31 212.614532471 1
63 31 213.642776489 1
63 31 214.037399292 1
63 31 214.336151123 1
63 31 214.362106323 1
63 31 214.457504272 1
63 31 214.911407471 1
63 31 215.042800903 1
63 31 215.219970703 1
63 31 215.539245605 1
63 31 215.70765686 1
63 31 215.735809326 1
63 31 215.864776611 1
63 31 216.243759155 1
63 31 216.53968811 1
63 31 217.179107666 1
63 31 217.65397644 1
63 31 218.340393066 1
63 31 218.490890503 1
63 31 218.668243408 1
63 31 218.835479736 1
63 31 219.400222778 1
63 31 219.437606812 1
63 31 220.096405029 1
63 31 220.220977783 1
63 31 221.997497559 1
63 31 222.106506348 1
63 31 222.235214233 1
63 31 222.697525024 1
63 31 222.829742432 1
63 31 223.283676147 1
63 31 223.321853638 1
63 31 223.418457031 1
63 31 223.641067505 1
63 31 223.671951294 1
63 31 223.939620972 1
63 31 224.135772705 1
63 31 224.38458252 1
63 31 224.479354858 1
63 31 224.60925293 1
63 31 224.762908936 1
63 31 224.775222778 1
63 31 225.015151978 1
63 31 225.181365967 1
63 31 225.550201416 1
63 31 225.703582764 1
63 31 225.729660034 1
63 31 226.051223755 1
63 31 226.135299683 1
63 31 226.553863525 1
63 31 226.86000061 1
63 31 226.903244019 1
63 31 227.203231812 1
63 31 227.891952515 1
63 31 228.734329224 1
63 31 230.102966309 1
63 31 230.374069214 1
63 31 230.457977295 1
63 31 230.710021973 1
63 31 230.99710083 1
63 31 232.508377075 1
63 31 232.542068481 1
63 31 232.944961548 1
63 31 233.587387085 1
63 31 234.851089478 1
63 31 236.076980591 1
63 31 236.904953003 1
63 31 236.980239868 1
63 31 237.365188599 1
63 31 237.633926392 1
63 31 238.134292603 1
63 31 239.190429688 1
63 31 239.383743286 1
63 31 240.177612305 1
63 31 240.35206604 1
63 31 240.36529541 1
63 31 240.391311646 1
63 31 240.80897522 1
63 31 240.907775879 1
63 31 240.949066162 1
63 31 241.654907227 1
63 31 241.885986328 1
63 31 242.044570923 1
63 31 242.214202881 1
63 31 243.201965332 1
63 31 243.258102417 1
63 31 243.435745239 1
63 31 243.502090454 1
63 31 243.694320679 1
63 31 245.022964478 1
63 31 245.148361206 1
63 31 245.418609619 1
63 31 245.46661377 1
63 31 245.515869141 1
63 31 245.673080444 1
63 31 245.688796997 1
63 31 245.958190918 1
63 31 246.622848511 1
63 31 247.077072144 1
63 31 247.466247559 1
63 31 248.80368042 1
63 31 248.832427979 1
63 31 249.006896973 1
63 31 249.093734741 1
63 31 249.615524292 1
63 31 250.020492554 1
63 31 250.604675293 1
63 31 250.831253052 1
63 31 251.477508545 1
63 31 251.679504395 1
63 31 252.812347412 1
63 31 252.838180542 1
63 31 253.902114868 1
63 31 254.482925415 1
63 31 254.925750732 1
63 31 255.217147827 1
63 31 255.879943848 1
63 31 255.929748535 1
63 31 256.226348877 1
63 31 257.437683105 1
63 31 257.67678833 1
63 31 258.292175293 1
63 31 258.704528809 1
63 31 258.887451172 1
63 31 258.978393555 1
63 31 259.32623291 1
63 31 259.715209961 1
63 31 259.776428223 1
63 31 262.071350098 1
63 31 263.354949951 1
63 31 263.569641113 1
63 31 263.764007568 1
63 31 266.126495361 1
63 31 266.151580811 1
63 31 266.209777832 1
63 31 266.438201904 1
63 31 267.615692139 1
63 31 267.687683105 1
63 31 268.190765381 1
63 31 268.422027588 1
63 31 268.974273682 1
63 31 269.168731689 1
63 31 269.18762207 1
63 31 270.095581055 1
63 31 270.6378479 1
63 31 271.195953369 1
63 31 271.31918335 1
63 31 271.568206787 1
63 31 271.581970215 1
63 31 272.00579834 1
63 31 273.248016357 1
63 31 273.825866699 1
63 31 274.323730469 1
63 31 274.980621338 1
63 31 275.536376953 1
63 31 275.890686035 1
63 31 276.430358887 1
63 31 276.555511475 1
63 31 276.740753174 1
63 31 277.088378906 1
63 31 279.056884766 1
63 31 279.559509277 1
63 31 280.488342285 1
63 31 280.503875732 1
63 31 280.75567627 1
63 31 281.015869141 1
63 31 281.527618408 1
63 31 282.912841797 1
63 31 283.483276367 1
63 31 284.489196777 1
63 31 285.356201172 1
63 31 285.4402771 1
63 31 285.977111816 1
63 31 286.192626953 1
63 31 286.532287598 1
63 31 288.543670654 1
63 31 288.655914307 1
63 31 289.022979736 1
63 31 289.515045166 1
63 31 290.483001709 1
63 31 291.173339844 1
63 31 291.894134521 1
63 31 295.563720703 1
63 31 297.408569336 1
63 31 298.164520264 1
63 31 298.944091797 1
63 31 299.55581665 1
63 31 300.368896484 1
63 31 302.19442749 1
63 31 303.221343994 1
63 31 305.695007324 1
63 31 309.03704834 1
63 31 310.102050781 1
63 31 310.302246094 1
63 31 311.198455811 1
63 31 312.342651367 1
63 31 314.018951416 1
63 31 314.257324219 1
63 31 314.749053955 1
63 31 315.338684082 1
63 31 315.422698975 1
63 31 315.805603027 1
63 31 316.214660645 1
63 31 316.307220459 1
63 31 317.574523926 1
63 31 318.037078857 1
63 31 318.172912598 1
63 31 318.346069336 1
63 31 319.543884277 1
63 31 320.380981445 1
63 31 321.838287354 1
63 31 322.225708008 1
63 31 323.640075684 1
63 31 323.978118896 1
63 31 324.293304443 1
63 31 325.029388428 1
63 31 325.88949585 1
63 31 326.110595703 1
63 31 327.396179199 1
63 31 328.362731934 1
63 31 328.914337158 1
63 31 329.601043701 1
63 31 331.445617676 1
63 31 332.84262085 1
63 31 332.857666016 1
63 31 334.538482666 1
63 31 334.725097656 1
63 31 335.011322021 1
63 31 335.511901855 1
63 31 335.752075195 1
63 31 339.382293701 1
63 31 341.5574646 1
63 31 341.840332031 1
63 31 342.643157959 1
63 31 342.706665039 1
63 31 343.576873779 1
63 31 344.050201416 1
63 31 345.176635742 1
63 31 345.354888916 1
63 31 346.214294434 1
63 31 346.247558594 1
63 31 347.743560791 1
63 31 348.431274414 1
63 31 353.308044434 1
63 31 354.15423584 1
63 31 355.103668213 1
63 31 355.158111572 1
63 31 355.234985352 1
63 31 355.68850708 1
63 31 356.306976318 1
63 31 356.638793945 1
63 31 357.739776611 1
63 31 358.43572998 1
63 31 360.646453857 1
63 31 360.925567627 1
63 31 361.567901611 1
63 31 361.761108398 1
63 31 362.163635254 1
63 31 362.269897461 1
63 31 364.536560059 1
63 31 364.553009033 1
63 31 364.693664551 1
63 31 366.125701904 1
63 31 366.436401367 1
63 31 367.327423096 1
63 31 367.431030273 1
63 31 367.822631836 1
63 31 369.794830322 1
63 31 369.877655029 1
63 31 370.448120117 1
63 31 371.584442139 1
63 31 374.413421631 1
63 31 376.532043457 1
63 31 378.127838135 1
63 31 383.952972412 1
63 31 384.732727051 1
63 31 388.97479248 1
63 31 393.639556885 1
63 31 395.177185059 1
63 31 395.403717041 1
63 31 396.130737305 1
63 31 397.004302979 1
63 31 397.421203613 1
63 31 397.646026611 1
63 31 398.233398438 1
63 31 398.902191162 1
63 31 399.410491943 1
63 31 402.181121826 1
63 31 403.751586914 1
63 31 408.081573486 1
63 31 408.848876953 1
63 31 409.085449219 1
63 31 411.442016602 1
63 31 414.222900391 1
63 31 414.565032959 1
63 31 416.629241943 1
63 31 416.833221436 1
63 31 421.15725708 1
63 31 422.413146973 1
63 31 425.287902832 1
63 31 427.318328857 1
63 31 429.390686035 1
63 31 430.795898438 1
63 31 431.617919922 1
63 31 432.782165527 1
63 31 436.066467285 1
63 31 439.522094727 1
63 31 440.565002441 1
63 31 443.5859375 1
63 31 448.000732422 1
63 31 451.477172852 1
63 31 458.614196777 1
63 31 458.721160889 1
63 31 460.802215576 1
63 31 463.194213867 1
63 31 465.263702393 1
63 31 465.343383789 1
63 31 466.159484863 1
63 31 472.819061279 1
63 31 479.779663086 1
63 31 481.027069092 1
63 31 482.200531006 1
63 31 489.360748291 1
63 31 499.784118652 1
63 31 500.348449707 1
63 31 504.152587891 1
63 31 506.139862061 1
63 31 507.622802734 1
63 31 508.419433594 1
63 31 508.621124268 1
63 31 509.570373535 1
63 31 514.65234375 1
63 31 518.885681152 1
63 31 524.429077148 1
63 31 527.323730469 1
63 31 529.039611816 1
63 31 529.487121582 1
63 31 532.644348145 1
63 31 533.23840332 1
63 31 538.78338623 1
63 31 542.442016602 1
63 31 545.351074219 1
63 31 547.729492188 1
63 31 550.960144043 1
63 31 558.86895752 1
63 31 560.318054199 1
63 31 564.222229004 1
63 31 571.069519043 1
63 31 572.586608887 1
63 31 574.899719238 1
63 31 575.668334961 1
63 31 587.408813477 1
63 31 588.238952637 1
63 31 591.081787109 1
63 31 591.176330566 1
63 31 596.65246582 1
63 31 597.452209473 1
63 31 601.272155762 1
63 31 601.951293945 1
63 31 604.398498535 1
63 31 609.668701172 1
63 31 611.876403809 1
63 31 614.505737305 1
63 31 619.054016113 1
63 31 627.512451172 1
63 31 634.75012207 1
63 31 644.102050781 1
63 31 646.566101074 1
63 31 647.909790039 1
63 31 650.484558105 1
63 31 652.824401855 1
63 31 658.421569824 1
63 31 659.338195801 1
63 31 660.768981934 1
63 31 671.132995605 1
63 31 676.735046387 1
63 31 689.509277344 1
63 31 690.383666992 1
63 31 712.562927246 1
63 31 723.836669922 1
63 31 729.006286621 1
63 31 733.740356445 1
63 31 787.784545898 1
63 31 799.042297363 1
63 31 804.133728027 1
63 31 833.33605957 1
63 31 841.123535156 1
63 31 868.224304199 1
63 31 868.898925781 1
63 31 872.015563965 1
63 31 886.903137207 1
63 31 894.978210449 1
63 31 942.801879883 1
63 31 955.90222168 1
63 31 967.27734375 1
63 31 970.157653809 1
63 31 991.52734375 1
63 31 1000.95288086 1
63 31 1013.99139404 1
63 31 1059.83300781 1
63 31 1082.08398438 1
63 31 1096.28686523 1
63 31 1119.35205078 1
63 31 1145.12084961 1
63 31 1164.61730957 1
63 31 1367.50927734 1
63 31 1555.8416748 1
63 32 171.625457764 1
63 32 179.656585693 1
63 32 192.062454224 1
63 32 196.961227417 1
63 32 199.966384888 1
63 32 200.22052002 1
63 32 200.228652954 1
63 32 200.522918701 1
63 32 202.180053711 1
63 32 203.154846191 1
63 32 207.943740845 1
63 32 211.09463501 1
63 32 213.917221069 1
63 32 215.747802734 1
63 32 216.600540161 1
63 32 217.016448975 1
63 32 219.468032837 1
63 32 220.787780762 1
63 32 221.164550781 1
63 32 221.31980896 1
63 32 221.978210449 1
63 32 222.614944458 1
63 32 223.332611084 1
63 32 223.630172729 1
63 32 224.51991272 1
63 32 225.212249756 1
63 32 225.474014282 1
63 32 226.04045105 1
63 32 226.189956665 1
63 32 226.652282715 1
63 32 227.740371704 1
63 32 227.785171509 1
63 32 227.793991089 1
63 32 228.463516235 1
63 32 229.414505005 1
63 32 231.695785522 1
63 32 231.954681396 1
63 32 233.963928223 1
63 32 235.182922363 1
63 32 235.62940979 1
63 32 235.811386108 1
63 32 235.811950684 1
63 32 236.613739014 1
63 32 237.643508911 1
63 32 237.835113525 1
63 32 238.318984985 1
63 32 238.588104248 1
63 32 238.764709473 1
63 32 238.779647827 1
63 32 238.987945557 1
63 32 239.201553345 1
63 32 239.789886475 1
63 32 240.339477539 1
63 32 241.061538696 1
63 32 241.216369629 1
63 32 241.765869141 1
63 32 242.142913818 1
63 32 243.571212769 1
63 32 244.404846191 1
63 32 244.453826904 1
63 32 245.929214478 1
63 32 246.901809692 1
63 32 248.23588562 1
63 32 249.096786499 1
63 32 249.257369995 1
63 32 249.479797363 1
63 32 249.938446045 1
63 32 250.51512146 1
63 32 252.166992188 1
63 32 253.844161987 1
63 32 254.050964355 1
63 32 254.237579346 1
63 32 254.400985718 1
63 32 254.734176636 1
63 32 254.879455566 1
63 32 254.929168701 1
63 32 254.999511719 1
63 32 255.701400757 1
63 32 256.539398193 1
63 32 256.615966797 1
63 32 256.825469971 1
63 32 256.854370117 1
63 32 257.613067627 1
63 32 257.708984375 1
63 32 257.958770752 1
63 32 259.289916992 1
63 32 260.179443359 1
63 32 261.071105957 1
63 32 261.446624756 1
63 32 261.665283203 1
63 32 262.361785889 1
63 32 263.372497559 1
63 32 264.016723633 1
63 32 264.617401123 1
63 32 264.786682129 1
63 32 265.416351318 1
63 32 265.541625977 1
63 32 267.448944092 1
63 32 267.519165039 1
63 32 267.639923096 1
63 32 267.887237549 1
63 32 268.480621338 1
63 32 268.530273438 1
63 32 268.783416748 1
63 32 274.538360596 1
63 32 277.113006592 1
63 32 277.317260742 1
63 32 277.905548096 1
63 32 278.298950195 1
63 32 278.37298584 1
63 32 279.098022461 1
63 32 279.879608154 1
63 32 281.324005127 1
63 32 281.921203613 1
63 32 284.017364502 1
63 32 284.075286865 1
63 32 285.04284668 1
63 32 285.086273193 1
63 32 286.602874756 1
63 32 286.613525391 1
63 32 286.848083496 1
63 32 287.033966064 1
63 32 287.38394165 1
63 32 289.415466309 1
63 32 290.284790039 1
63 32 291.788696289 1
63 32 292.581970215 1
63 32 293.301757812 1
63 32 294.377868652 1
63 32 294.555725098 1
63 32 295.647644043 1
63 32 295.71762085 1
63 32 296.395446777 1
63 32 296.796600342 1
63 32 298.588134766 1
63 32 300.84475708 1
63 32 302.576934814 1
63 32 304.974731445 1
63 32 305.015319824 1
63 32 305.049835205 1
63 32 305.209106445 1
63 32 305.333068848 1
63 32 305.390014648 1
63 32 306.009552002 1
63 32 307.118988037 1
63 32 307.355743408 1
63 32 308.756652832 1
63 32 308.930541992 1
63 32 309.16696167 1
63 32 309.796783447 1
63 32 310.816070557 1
63 32 311.378753662 1
63 32 312.610076904 1
63 32 313.523132324 1
63 32 313.865020752 1
63 32 314.407165527 1
63 32 314.934112549 1
63 32 316.185211182 1
63 32 317.082855225 1
63 32 317.270599365 1
63 32 317.655853271 1
63 32 317.897338867 1
63 32 318.286621094 1
63 32 318.489868164 1
63 32 319.119262695 1
63 32 320.765899658 1
63 32 321.118530273 1
63 32 321.241333008 1
63 32 322.291229248 1
63 32 324.291381836 1
63 32 327.995574951 1
63 32 328.906829834 1
63 32 329.680206299 1
63 32 331.384033203 1
63 32 331.56036377 1
63 32 332.179107666 1
63 32 332.839202881 1
63 32 333.073913574 1
63 32 334.23260498 1
63 32 335.077087402 1
63 32 336.207305908 1
63 32 336.826080322 1
63 32 338.446136475 1
63 32 339.580596924 1
63 32 340.094696045 1
63 32 341.993621826 1
63 32 343.008636475 1
63 32 343.06427002 1
63 32 343.329833984 1
63 32 346.0262146 1
63 32 347.074432373 1
63 32 349.500061035 1
63 32 350.91204834 1
63 32 352.029846191 1
63 32 352.190429688 1
63 32 352.730438232 1
63 32 352.731506348 1
63 32 353.114349365 1
63 32 355.535003662 1
63 32 355.584411621 1
63 32 356.387481689 1
63 32 357.597808838 1
63 32 357.737091064 1
63 32 358.582641602 1
63 32 360.50189209 1
63 32 360.602172852 1
63 32 360.60925293 1
63 32 361.176269531 1
63 32 361.565063477 1
63 32 362.371032715 1
63 32 365.162963867 1
63 32 365.562774658 1
63 32 366.342773438 1
63 32 367.94519043 1
63 32 369.376617432 1
63 32 372.9637146 1
63 32 374.052337646 1
63 32 378.672973633 1
63 32 379.123321533 1
63 32 379.635528564 1
63 32 380.754089355 1
63 32 381.928344727 1
63 32 382.64541626 1
63 32 384.558135986 1
63 32 385.378265381 1
63 32 388.834442139 1
63 32 389.3543396 1
63 32 392.534881592 1
63 32 394.277404785 1
63 32 397.460083008 1
63 32 397.681274414 1
63 32 400.605010986 1
63 32 407.220581055 1
63 32 407.453979492 1
63 32 409.041992188 1
63 32 409.532531738 1
63 32 419.167144775 1
63 32 419.510070801 1
63 32 425.332824707 1
63 32 425.793212891 1
63 32 425.99786377 1
63 32 426.187652588 1
63 32 429.365539551 1
63 32 431.191101074 1
63 32 434.961425781 1
63 32 435.606414795 1
63 32 435.64440918 1
63 32 438.75402832 1
63 32 440.974334717 1
63 32 447.995574951 1
63 32 450.207580566 1
63 32 451.892730713 1
63 32 452.385864258 1
63 32 452.661529541 1
63 32 454.341003418 1
63 32 454.401916504 1
63 32 460.069793701 1
63 32 464.09463501 1
63 32 465.176239014 1
63 32 466.192901611 1
63 32 471.331359863 1
63 32 472.67010498 1
63 32 473.272094727 1
63 32 480.79284668 1
63 32 488.319732666 1
63 32 493.252075195 1
63 32 500.09552002 1
63 32 503.380889893 1
63 32 509.786499023 1
63 32 512.956359863 1
63 32 514.913879395 1
63 32 543.406738281 1
63 32 544.930480957 1
63 32 547.226013184 1
63 32 558.879699707 1
63 32 559.016235352 1
63 32 561.74420166 1
63 32 565.375183105 1
63 32 565.494873047 1
63 32 565.695068359 1
63 32 570.375915527 1
63 32 573.391296387 1
63 32 582.406005859 1
63 32 588.542785645 1
63 32 597.368530273 1
63 32 609.946960449 1
63 32 624.032592773 1
63 32 625.449462891 1
63 32 640.144958496 1
63 32 645.342651367 1
63 32 661.513305664 1
63 32 683.287963867 1
63 32 691.943115234 1
63 32 694.912658691 1
63 32 700.997924805 1
63 32 708.875244141 1
63 32 715.924743652 1
63 32 731.547851562 1
63 32 742.252441406 1
63 32 743.459777832 1
63 32 746.256774902 1
63 32 781.969116211 1
63 32 785.171691895 1
63 32 876.619689941 1
63 32 883.814819336 1
63 32 892.241271973 1
63 32 904.600097656 1
63 32 954.823242188 1
63 32 1013.8460083 1
63 32 1019.0255127 1
63 32 1097.70690918 1
63 32 1138.54858398 1
63 32 1176.59484863 1
63 32 1373.01037598 1
63 33 293.497467041 1
63 33 297.531341553 1
63 33 300.371429443 1
63 33 311.359588623 1
63 33 316.243896484 1
63 33 332.354644775 1
63 33 336.181304932 1
63 33 336.904876709 1
63 33 343.000579834 1
63 33 344.977416992 1
63 33 350.07723999 1
63 33 352.532653809 1
63 33 353.803344727 1
63 33 363.494873047 1
63 33 368.486816406 1
63 33 377.983123779 1
63 33 387.679046631 1
63 33 389.19039917 1
63 33 394.573638916 1
63 33 395.146636963 1
63 33 397.481140137 1
63 33 399.416412354 1
63 33 402.558898926 1
63 33 404.478302002 1
63 33 405.843505859 1
63 33 415.928985596 1
63 33 416.098358154 1
63 33 419.196075439 1
63 33 421.017120361 1
63 33 429.409057617 1
63 33 430.735198975 1
63 33 452.921295166 1
63 33 458.825195312 1
63 33 461.253875732 1
63 33 469.04800415 1
63 33 472.666351318 1
63 33 527.470092773 1
63 33 531.868103027 1
63 33 549.247253418 1
63 33 553.540161133 1
63 33 557.91394043 1
63 33 562.442199707 1
63 33 564.101074219 1
63 33 575.39666748 1
63 33 586.513305664 1
63 33 660.849609375 1
63 33 663.664489746 1
63 33 676.013183594 1
63 33 682.748840332 1
63 33 686.321533203 1
63 33 689.192016602 1
63 33 693.615539551 1
63 33 693.889831543 1
63 33 703.749450684 1
63 33 724.449707031 1
63 33 772.496765137 1
63 33 872.205871582 1
63 33 883.912780762 1
63 33 927.914978027 1
63 33 943.471557617 1
63 33 947.066894531 1
63 33 1633.77709961 1
63 34 400.490936279 1
63 34 483.416473389 1
63 34 530.28717041 1
63 34 662.121337891 1
63 34 760.90637207 1
63 34 769.330383301 1
63 34 864.141906738 1
64 25 1219.88220215 1
64 25 2213.34936523 1
64 27 861.165893555 1
64 27 863.25579834 1
64 27 1052.0513916 1
64 27 1178.66003418 1
64 27 1201.25061035 1
64 28 705.534118652 1
64 28 717.77545166 1
64 28 726.832336426 1
64 28 741.652404785 1
64 28 780.117370605 1
64 28 816.737426758 1
64 28 893.706665039 1
64 28 953.975585938 1
64 28 1083.17956543 1
64 28 1108.05834961 1
64 28 1139.9041748 1
64 28 1152.14294434 1
64 28 1183.61804199 1
64 28 1228.59631348 1
64 28 1248.68737793 1
64 28 1323.90100098 1
64 28 1360.74902344 1
64 28 1465.99353027 1
64 28 1489.5982666 1
64 28 1769.51013184 1
64 29 720.258422852 1
64 29 732.418273926 1
64 29 736.765441895 1
64 29 800.667358398 1
64 29 874.193908691 1
64 29 937.39239502 1
64 29 1023.60931396 1
64 29 1032.84753418 1
64 29 1035.01342773 1
64 29 1036.88842773 1
64 29 1086.32177734 1
64 29 1126.04528809 1
64 29 1150.63037109 1
64 29 1188.10498047 1
64 29 1211.23815918 1
64 29 1385.47497559 1
64 29 1415.5357666 1
64 30 667.065979004 1
64 30 743.031616211 1
64 30 802.018249512 1
64 30 810.340942383 1
64 30 814.191345215 1
64 30 826.770263672 1
64 30 865.737915039 1
64 30 871.916931152 1
64 30 912.559509277 1
64 30 935.013366699 1
64 30 1024.09558105 1
64 30 1105.0645752 1
64 30 1130.70275879 1
64 30 1218.3807373 1
64 30 1257.89990234 1
64 30 2203.66943359 1
64 30 2275.1027832 1
64 31 640.317871094 1
64 31 677.189086914 1
64 31 702.846069336 1
64 31 722.859130859 1
64 31 977.410888672 1
64 31 1039.63366699 1
64 31 1147.36279297 1
64 31 1279.54785156 1
64 31 1585.31164551 1
64 31 1635.92700195 1
64 31 2007.00561523 1
64 31 2439.33691406 1
64 32 776.828613281 1
64 32 782.286193848 1
64 32 785.797668457 1
64 32 856.848571777 1
64 32 1023.73791504 1
64 32 1061.83129883 1
64 32 1071.67468262 1
64 32 1075.70275879 1
64 32 1111.88696289 1
64 32 1214.7154541 1
64 32 1298.33935547 1
64 32 1497.97790527 1
64 32 1738.09509277 1
64 33 755.870178223 1
64 33 893.514526367 1
64 33 1006.59490967 1
64 33 1083.12023926 1
64 33 1285.90795898 1
64 33 1348.34155273 1
64 33 2193.95874023 1
64 34 854.170654297 1
65 28 1716.30847168 1
65 30 1342.57043457 1
65 31 1420.71362305 1
69 21 2603.99902344 1
69 26 1697.88208008 1
69 26 1882.52722168 1
69 30 1746.46655273 1
69 30 2014.85546875 1
70 21 1936.72363281 1
70 22 1246.4708252 1
70 25 1199.5324707 1
70 25 1354.11022949 1
70 25 1563.57434082 1
70 25 1893.51452637 1
70 26 895.601013184 1
70 26 901.489868164 1
70 26 927.523864746 1
70 26 1004.02661133 1
70 26 1058.82714844 1
70 26 1080.73193359 1
70 26 1803.88659668 1
70 27 826.766662598 1
70 27 834.209411621 1
70 27 950.561584473 1
70 27 972.201965332 1
70 27 1113.0098877 1
70 27 1332.29663086 1
70 27 1385.27770996 1
70 27 1731.4510498 1
70 27 2668.50976562 1
70 28 675.530578613 1
70 28 698.342895508 1
70 28 773.08581543 1
70 28 852.018432617 1
70 28 859.02545166 1
70 28 948.465942383 1
70 28 984.947631836 1
70 28 1023.62219238 1
70 28 1062.03771973 1
70 28 1188.88720703 1
70 28 1210.68676758 1
70 28 1211.61328125 1
70 28 1228.91577148 1
70 28 1287.09143066 1
70 28 1500.44482422 1
70 28 2205.73583984 1
70 29 708.985900879 1
70 29 731.665771484 1
70 29 756.827026367 1
70 29 798.023925781 1
70 29 828.146057129 1
70 29 828.760925293 1
70 29 838.248901367 1
70 29 856.026733398 1
70 29 934.595275879 1
70 29 999.445983887 1
70 29 1006.52825928 1
70 29 1007.65203857 1
70 29 1087.67663574 1
70 29 1132.109375 1
70 29 1151.70153809 1
70 29 1185.40246582 1
70 29 1237.67407227 1
70 29 1250.11181641 1
70 29 1296.85400391 1
70 29 1502.15759277 1
70 30 764.396057129 1
70 30 772.439208984 1
70 30 847.578613281 1
70 30 883.981018066 1
70 30 913.428894043 1
70 30 919.743530273 1
70 30 1150.87414551 1
70 30 1196.75744629 1
70 30 1690.48474121 1
70 30 1750.0369873 1
70 30 2326.1472168 1
70 31 845.116149902 1
70 31 870.837768555 1
70 31 954.440673828 1
70 31 1133.26220703 1
70 31 1154.80432129 1
70 31 1812.20324707 1
70 31 2320.24414062 1
71 21 1743.14538574 1
71 24 1108.35510254 1
71 24 1155.72839355 1
71 24 1406.95800781 1
71 25 986.203125 1
71 25 1143.90869141 1
71 25 1481.93054199 1
71 26 984.430236816 1
71 26 1064.38146973 1
71 26 1102.74914551 1
71 26 1178.09887695 1
71 27 695.507568359 1
71 27 726.347412109 1
71 27 802.401489258 1
71 27 809.821594238 1
71 27 835.106933594 1
71 27 836.040344238 1
71 27 847.984741211 1
71 27 1050.09924316 1
71 27 1057.63818359 1
71 27 1145.94567871 1
71 27 1256.43408203 1
71 27 1268.82507324 1
71 27 1391.39685059 1
71 27 1414.49169922 1
71 27 2442.0090332 1
71 27 3423.02172852 1
71 28 696.15435791 1
71 28 747.836608887 1
71 28 828.499267578 1
71 28 850.299560547 1
71 28 851.17767334 1
71 28 853.877868652 1
71 28 899.374145508 1
71 28 1001.72937012 1
71 28 1011.34979248 1
71 28 1034.51745605 1
71 28 1149.2286377 1
71 28 1273.86108398 1
71 28 1537.9095459 1
71 28 1608.82312012 1
71 28 2054.26123047 1
71 28 2410.61669922 1
71 29 713.734741211 1
71 29 730.325439453 1
71 29 764.184204102 1
71 29 848.065307617 1
71 29 879.087585449 1
71 29 923.025817871 1
71 29 927.266357422 1
71 29 928.676208496 1
71 29 977.017272949 1
71 29 1157.79138184 1
71 29 1198.3996582 1
71 29 1397.77514648 1
71 29 1443.32263184 1
71 29 1504.42919922 1
71 29 1510.67590332 1
71 29 2304.21630859 1
71 30 666.305969238 1
71 30 766.922607422 1
71 30 818.124694824 1
71 30 979.429870605 1
71 30 980.792602539 1
71 30 1002.4319458 1
71 30 1127.11828613 1
71 30 1353.44836426 1
71 31 647.047058105 1
71 31 876.171691895 1
71 31 930.631530762 1
71 31 1160.48364258 1
71 31 1691.88623047 1
71 32 868.959350586 1
71 32 896.856628418 1
71 32 899.650634766 1
71 32 1064.83398438 1
72 28 1443.02197266 1
77 25 1478.09130859 1
77 28 1433.9987793 1
77 28 1981.31164551 1
77 30 1743.53173828 1
77 30 1924.32946777 1
77 31 1457.15405273 1
77 31 2253.49755859 1
78 28 2056.89794922 1
