string dom time hits
44 23 2520.375 1
45 20 1908.50695801 1
45 24 1515.11437988 1
45 26 2587.1706543 1
45 29 1146.0390625 1
45 32 2058.01586914 1
46 27 2120.50732422 1
47 20 2230.0300293 1
53 29 1580.45068359 1
54 21 2186.57861328 1
54 22 1309.55627441 1
54 23 1305.18261719 1
54 24 1252.70153809 1
54 25 1160.46459961 1
54 25 1678.25427246 1
54 25 1900.98840332 1
54 26 999.09954834 1
54 27 710.805664062 1
54 27 742.334655762 1
54 27 767.532409668 1
54 27 822.782104492 1
54 27 987.946228027 1
54 27 1040.70495605 1
54 27 1144.66113281 1
54 27 1271.2545166 1
54 27 1277.10754395 1
54 27 1406.94909668 1
54 27 1465.92724609 1
54 27 1509.60913086 1
54 27 1544.46508789 1
54 28 714.585693359 1
54 28 724.927001953 1
54 28 744.184204102 1
54 28 848.087158203 1
54 28 874.859008789 1
54 28 920.148986816 1
54 28 1079.72875977 1
54 28 1123.09753418 1
54 28 1134.03417969 1
54 28 1147.77575684 1
54 28 1202.95910645 1
54 28 1210.7322998 1
54 28 1247.12780762 1
54 28 1287.5736084 1
54 28 1610.48388672 1
54 29 737.723388672 1
54 29 793.204772949 1
54 29 813.803894043 1
54 29 892.736328125 1
54 29 897.431884766 1
54 29 957.767700195 1
54 29 962.045410156 1
54 29 1067.01916504 1
54 29 1085.8560791 1
54 29 1356.57861328 1
54 29 1381.20495605 1
54 30 633.412414551 1
54 30 731.731994629 1
54 30 874.016967773 1
54 30 896.679321289 1
54 30 1133.8572998 1
54 31 756.181640625 1
54 31 831.801879883 1
54 31 1235.27380371 1
54 31 1663.46362305 1
54 32 1128.50085449 1
54 32 1164.63427734 1
54 32 2564.76855469 1
54 33 777.359069824 1
55 21 2508.32983398 1
55 22 1775.19616699 1
55 22 1924.86120605 1
55 24 867.519836426 1
55 25 1193.80114746 1
55 26 847.969116211 1
55 26 868.606506348 1
55 26 932.829040527 1
55 26 963.438720703 1
55 26 1251.14123535 1
55 26 2756.02197266 1
55 27 738.846984863 1
55 27 823.627197266 1
55 27 849.527770996 1
55 27 1199.25354004 1
55 27 1544.75878906 1
55 28 715.41986084 1
55 28 758.866149902 1
55 28 800.969421387 1
55 28 846.865356445 1
55 28 859.896972656 1
55 28 872.797485352 1
55 28 915.87322998 1
55 28 962.123291016 1
55 28 1047.82019043 1
55 28 1242.47937012 1
55 28 1533.86218262 1
55 28 1768.16625977 1
55 29 677.244934082 1
55 29 729.366149902 1
55 29 735.677734375 1
55 29 752.149841309 1
55 29 838.047729492 1
55 29 894.327331543 1
55 29 917.49017334 1
55 29 944.405090332 1
55 29 960.073364258 1
55 29 1031.32885742 1
55 29 1036.82641602 1
55 29 1112.1484375 1
55 29 1228.56811523 1
55 29 1280.85913086 1
55 30 729.330810547 1
55 30 731.498291016 1
55 30 766.313110352 1
55 30 875.899963379 1
55 30 1002.92077637 1
55 30 1081.12023926 1
55 30 1091.16357422 1
55 30 1254.61914062 1
55 30 1401.10449219 1
55 30 1507.81140137 1
55 31 754.206115723 1
55 31 762.062561035 1
55 31 767.145080566 1
55 31 797.906555176 1
55 31 944.677246094 1
55 31 1174.09558105 1
55 31 1456.21203613 1
55 31 1986.8067627 1
55 32 715.217895508 1
55 32 858.618408203 1
55 32 1079.38012695 1
56 25 1360.94213867 1
56 26 1342.29394531 1
56 29 1792.89050293 1
56 29 1852.89550781 1
56 31 1651.28369141 1
61 26 1941.52807617 1
61 31 1685.44299316 1
62 20 2502.41040039 1
62 20 3471.69506836 1
62 22 1484.07788086 1
62 23 1876.24084473 1
62 24 1491.01171875 1
62 25 889.36315918 1
62 25 1326.65368652 1
62 25 1595.05285645 1
62 25 1907.99194336 1
62 25 1967.27392578 1
62 26 810.922851562 1
62 26 980.709533691 1
62 26 990.618713379 1
62 26 993.692077637 1
62 26 1042.17102051 1
62 26 1075.78417969 1
62 27 735.41229248 1
62 27 838.850830078 1
62 27 864.345825195 1
62 27 891.460449219 1
62 27 1086.89440918 1
62 27 1123.62756348 1
62 27 1211.99707031 1
62 27 1675.0690918 1
62 27 1976.74035645 1
62 28 720.792480469 1
62 28 834.272033691 1
62 28 871.17578125 1
62 28 915.463378906 1
62 28 1070.86523438 1
62 28 1109.70117188 1
62 28 1120.04406738 1
62 28 1136.46508789 1
62 28 1152.69873047 1
62 28 1519.78894043 1
62 28 1881.75756836 1
62 28 2048.26098633 1
62 29 617.603759766 1
62 29 619.030151367 1
62 29 762.227783203 1
62 29 899.950378418 1
62 29 915.543334961 1
62 29 970.195800781 1
62 29 1027.35839844 1
62 29 1117.30810547 1
62 29 1199.0567627 1
62 29 1264.64611816 1
62 29 1442.11560059 1
62 29 1808.25854492 1
62 29 1876.08996582 1
62 30 672.002990723 1
62 30 717.880554199 1
62 30 740.821166992 1
62 30 752.981140137 1
62 30 903.56451416 1
62 30 963.348510742 1
62 30 970.519104004 1
62 30 1324.07910156 1
62 30 3229.6418457 1
62 31 715.383361816 1
62 31 794.528137207 1
62 31 1223.99633789 1
62 31 1266.92504883 1
62 31 1267.40600586 1
62 31 1571.93432617 1
62 31 2013.94213867 1
62 32 2304.10400391 1
63 21 843.310974121 1
63 21 1088.4831543 1
63 21 1312.28234863 1
63 21 1455.20898438 1
63 21 2273.98706055 1
63 22 1020.57293701 1
63 22 1071.54638672 1
63 22 1714.14453125 1
63 23 683.775756836 1
63 23 697.86529541 1
63 23 978.394714355 1
63 23 1046.65856934 1
63 23 1149.39575195 1
63 23 1303.22265625 1
63 24 636.923339844 1
63 24 639.206481934 1
63 24 663.694458008 1
63 24 724.594787598 1
63 24 756.327026367 1
63 24 823.782043457 1
63 24 827.799499512 1
63 24 829.214050293 1
63 24 831.194641113 1
63 24 930.253051758 1
63 24 969.920227051 1
63 24 990.852478027 1
63 24 1228.82165527 1
63 24 1662.08874512 1
63 25 483.978424072 1
63 25 489.445556641 1
63 25 492.085876465 1
63 25 509.072479248 1
63 25 511.682769775 1
63 25 520.319458008 1
63 25 528.81060791 1
63 25 530.885314941 1
63 25 536.492004395 1
63 25 547.817504883 1
63 25 551.417907715 1
63 25 566.803100586 1
63 25 583.13861084 1
63 25 591.249816895 1
63 25 594.931335449 1
63 25 616.999694824 1
63 25 619.771362305 1
63 25 624.617797852 1
63 25 631.698730469 1
63 25 644.684936523 1
63 25 653.797119141 1
63 25 656.10534668 1
63 25 658.493835449 1
63 25 668.759338379 1
63 25 689.084960938 1
63 25 750.596313477 1
63 25 765.896972656 1
63 25 801.101196289 1
63 25 841.151550293 1
63 25 863.449279785 1
63 25 927.36541748 1
63 25 946.671569824 1
63 25 986.355041504 1
63 25 1000.62597656 1
63 25 1129.88232422 1
63 25 1259.36865234 1
63 25 1543.83813477 1
63 26 355.129516602 1
63 26 363.904815674 1
63 26 368.509033203 1
63 26 369.237030029 1
63 26 384.005462646 1
63 26 385.751800537 1
63 26 394.677520752 1
63 26 398.439086914 1
63 26 403.22442627 1
63 26 406.970001221 1
63 26 408.223876953 1
63 26 416.914581299 1
63 26 419.767944336 1
63 26 425.853973389 1
63 26 430.859710693 1
63 26 433.043548584 1
63 26 433.168884277 1
63 26 435.385375977 1
63 26 437.871856689 1
63 26 439.896392822 1
63 26 448.968383789 1
63 26 451.295318604 1
63 26 452.202301025 1
63 26 460.582855225 1
63 26 463.761474609 1
63 26 472.262878418 1
63 26 472.682403564 1
63 26 478.955474854 1
63 26 485.587615967 1
63 26 491.813262939 1
63 26 494.140899658 1
63 26 503.753234863 1
63 26 516.301757812 1
63 26 516.877258301 1
63 26 525.337768555 1
63 26 525.579101562 1
63 26 526.671020508 1
63 26 529.453063965 1
63 26 533.895263672 1
63 26 534.621704102 1
63 26 537.818969727 1
63 26 546.54876709 1
63 26 550.857727051 1
63 26 554.402038574 1
63 26 559.363098145 1
63 26 567.45703125 1
63 26 571.342407227 1
63 26 571.53338623 1
63 26 580.305908203 1
63 26 582.617797852 1
63 26 601.023254395 1
63 26 628.647338867 1
63 26 632.475219727 1
63 26 634.044494629 1
63 26 641.518859863 1
63 26 651.595458984 1
63 26 660.28918457 1
63 26 663.008605957 1
63 26 700.100769043 1
63 26 723.927612305 1
63 26 724.218566895 1
63 26 727.573425293 1
63 26 728.062438965 1
63 26 769.231689453 1
63 26 775.022094727 1
63 26 776.567810059 1
63 26 777.261474609 1
63 26 798.227050781 1
63 26 804.130432129 1
63 26 804.771972656 1
63 26 821.987976074 1
63 26 823.822265625 1
63 26 876.839294434 1
63 26 937.239074707 1
63 26 947.223815918 1
63 26 1016.71697998 1
63 26 1088.46789551 1
63 26 1096.72912598 1
63 26 1101.04150391 1
63 26 1110.51721191 1
63 26 1116.06567383 1
63 26 1158.15856934 1
63 26 1300.19177246 1
63 26 1358.80847168 1
63 26 1436.39001465 1
63 26 1651.93017578 1
63 26 1726.89770508 1
63 26 2430.51538086 1
63 27 256.575195312 1
63 27 264.959625244 1
63 27 266.561737061 1
63 27 271.073181152 1
63 27 279.17074585 1
63 27 281.182800293 1
63 27 281.354187012 1
63 27 282.991943359 1
63 27 284.017089844 1
63 27 284.253265381 1
63 27 289.351409912 1
63 27 290.597229004 1
63 27 291.531280518 1
63 27 291.828857422 1
63 27 292.384002686 1
63 27 297.350006104 1
63 27 299.443054199 1
63 27 302.466125488 1
63 27 303.902069092 1
63 27 305.297088623 1
63 27 307.543151855 1
63 27 308.889373779 1
63 27 309.134124756 1
63 27 309.623016357 1
63 27 313.032073975 1
63 27 313.703125 1
63 27 316.125030518 1
63 27 319.40020752 1
63 27 321.90826416 1
63 27 322.074829102 1
63 27 325.153076172 1
63 27 325.551086426 1
63 27 327.652374268 1
63 27 328.138305664 1
63 27 329.596984863 1
63 27 330.91998291 1
63 27 333.525268555 1
63 27 334.353851318 1
63 27 335.618591309 1
63 27 335.680908203 1
63 27 336.531005859 1
63 27 336.625274658 1
63 27 338.098693848 1
63 27 338.575256348 1
63 27 338.698638916 1
63 27 339.108551025 1
63 27 340.465454102 1
63 27 341.166564941 1
63 27 341.318023682 1
63 27 343.675750732 1
63 27 343.696472168 1
63 27 345.166320801 1
63 27 345.292816162 1
63 27 346.339935303 1
63 27 347.298980713 1
63 27 347.305023193 1
63 27 347.331390381 1
63 27 348.31137085 1
63 27 348.44418335 1
63 27 348.644439697 1
63 27 351.567749023 1
63 27 351.59375 1
63 27 352.393096924 1
63 27 352.707183838 1
63 27 353.817047119 1
63 27 357.181243896 1
63 27 358.577575684 1
63 27 362.443725586 1
63 27 362.68347168 1
63 27 364.632904053 1
63 27 366.53994751 1
63 27 367.84564209 1
63 27 369.559020996 1
63 27 369.900054932 1
63 27 370.800842285 1
63 27 372.728088379 1
63 27 373.125396729 1
63 27 374.145233154 1
63 27 375.5703125 1
63 27 376.246734619 1
63 27 378.130981445 1
63 27 378.744750977 1
63 27 380.525085449 1
63 27 380.760925293 1
63 27 382.376190186 1
63 27 383.020782471 1
63 27 386.689056396 1
63 27 388.761169434 1
63 27 389.317657471 1
63 27 389.387359619 1
63 27 390.106109619 1
63 27 397.261505127 1
63 27 397.283477783 1
63 27 398.113098145 1
63 27 399.257232666 1
63 27 399.644958496 1
63 27 400.696655273 1
63 27 408.167938232 1
63 27 408.284423828 1
63 27 412.538116455 1
63 27 413.565368652 1
63 27 417.37890625 1
63 27 420.003753662 1
63 27 424.286682129 1
63 27 424.43737793 1
63 27 425.887420654 1
63 27 426.158538818 1
63 27 426.616119385 1
63 27 432.487884521 1
63 27 434.449951172 1
63 27 434.871856689 1
63 27 435.099914551 1
63 27 443.0859375 1
63 27 444.923919678 1
63 27 447.497528076 1
63 27 452.124084473 1
63 27 456.724365234 1
63 27 456.925201416 1
63 27 457.765930176 1
63 27 460.014221191 1
63 27 461.416992188 1
63 27 462.350646973 1
63 27 464.81741333 1
63 27 469.952301025 1
63 27 471.146087646 1
63 27 474.866394043 1
63 27 477.25 1
63 27 478.416442871 1
63 27 483.609375 1
63 27 488.916778564 1
63 27 496.276489258 1
63 27 497.013885498 1
63 27 498.948516846 1
63 27 499.091918945 1
63 27 501.160858154 1
63 27 503.811218262 1
63 27 505.4246521 1
63 27 507.365203857 1
63 27 511.97467041 1
63 27 513.532165527 1
63 27 515.587585449 1
63 27 517.744384766 1
63 27 518.61932373 1
63 27 537.659790039 1
63 27 538.432861328 1
63 27 541.196105957 1
63 27 548.042724609 1
63 27 551.245483398 1
63 27 554.112060547 1
63 27 563.422485352 1
63 27 572.678466797 1
63 27 574.428588867 1
63 27 577.604797363 1
63 27 598.123168945 1
63 27 599.41394043 1
63 27 615.742980957 1
63 27 617.672424316 1
63 27 617.892944336 1
63 27 618.390258789 1
63 27 620.30090332 1
63 27 632.552490234 1
63 27 633.674621582 1
63 27 638.49597168 1
63 27 643.577941895 1
63 27 645.949523926 1
63 27 651.14654541 1
63 27 661.642944336 1
63 27 695.317016602 1
63 27 696.605102539 1
63 27 699.087280273 1
63 27 701.099182129 1
63 27 712.599609375 1
63 27 729.566894531 1
63 27 748.24005127 1
63 27 749.45513916 1
63 27 753.809875488 1
63 27 756.070800781 1
63 27 756.933044434 1
63 27 761.246948242 1
63 27 766.32220459 1
63 27 786.957702637 1
63 27 796.205810547 1
63 27 808.811096191 1
63 27 815.148620605 1
63 27 821.094787598 1
63 27 821.346618652 1
63 27 832.873718262 1
63 27 833.246459961 1
63 27 845.116333008 1
63 27 845.22052002 1
63 27 848.812683105 1
63 27 856.906494141 1
63 27 866.152160645 1
63 27 892.943908691 1
63 27 903.285766602 1
63 27 996.101928711 1
63 27 1002.83215332 1
63 27 1012.27905273 1
63 27 1015.54675293 1
63 27 1091.20751953 1
63 27 1114.80847168 1
63 27 1189.12036133 1
63 27 1283.37133789 1
63 27 1316.71154785 1
63 27 1364.11645508 1
63 27 1389.79321289 1
63 27 1593.11230469 1
63 27 1595.00561523 1
63 27 1606.80187988 1
63 27 1655.78222656 1
63 27 2640.16796875 1
63 28 168.121948242 1
63 28 173.198928833 1
63 28 175.536865234 1
63 28 178.251480103 1
63 28 180.036392212 1
63 28 180.46736145 1
63 28 181.514877319 1
63 28 183.955459595 1
63 28 187.525558472 1
63 28 189.602081299 1
63 28 189.968948364 1
63 28 191.763381958 1
63 28 193.992385864 1
63 28 195.288742065 1
63 28 196.190048218 1
63 28 197.693695068 1
63 28 199.050384521 1
63 28 199.916763306 1
63 28 200.106399536 1
63 28 200.943603516 1
63 28 201.089080811 1
63 28 201.599487305 1
63 28 201.743637085 1
63 28 202.47026062 1
63 28 202.68850708 1
63 28 203.188491821 1
63 28 203.743041992 1
63 28 204.141036987 1
63 28 205.406494141 1
63 28 205.504180908 1
63 28 205.582122803 1
63 28 207.02281189 1
63 28 207.208770752 1
63 28 207.859176636 1
63 28 209.892974854 1
63 28 210.488739014 1
63 28 210.567138672 1
63 28 211.047821045 1
63 28 212.986160278 1
63 28 214.414779663 1
63 28 215.335678101 1
63 28 215.525115967 1
63 28 216.041793823 1
63 28 217.938674927 1
63 28 218.136184692 1
63 28 218.723190308 1
63 28 219.090744019 1
63 28 219.246109009 1
63 28 219.562744141 1
63 28 219.780715942 1
63 28 220.315246582 1
63 28 220.493103027 1
63 28 220.784622192 1
63 28 221.840667725 1
63 28 222.048080444 1
63 28 223.172027588 1
63 28 223.217773438 1
63 28 223.234634399 1
63 28 223.418716431 1
63 28 224.88911438 1
63 28 225.425247192 1
63 28 225.603759766 1
63 28 225.681365967 1
63 28 225.935333252 1
63 28 226.724136353 1
63 28 226.846313477 1
63 28 226.900665283 1
63 28 227.085083008 1
63 28 227.508300781 1
63 28 228.216781616 1
63 28 228.744598389 1
63 28 229.028961182 1
63 28 229.449630737 1
63 28 229.9609375 1
63 28 229.989227295 1
63 28 230.47593689 1
63 28 230.703598022 1
63 28 231.249389648 1
63 28 231.258560181 1
63 28 232.010040283 1
63 28 232.04649353 1
63 28 232.416122437 1
63 28 233.3177948 1
63 28 233.787139893 1
63 28 234.923202515 1
63 28 234.978256226 1
63 28 235.105957031 1
63 28 236.310241699 1
63 28 236.783035278 1
63 28 236.921203613 1
63 28 236.94442749 1
63 28 237.00151062 1
63 28 237.390426636 1
63 28 237.541778564 1
63 28 238.498474121 1
63 28 238.744873047 1
63 28 239.128601074 1
63 28 240.880645752 1
63 28 241.056427002 1
63 28 241.209976196 1
63 28 241.940795898 1
63 28 242.0884552 1
63 28 242.10925293 1
63 28 243.2943573 1
63 28 243.349777222 1
63 28 243.431030273 1
63 28 243.453948975 1
63 28 243.961517334 1
63 28 244.200042725 1
63 28 244.623397827 1
63 28 245.342544556 1
63 28 245.827316284 1
63 28 246.194412231 1
63 28 246.917404175 1
63 28 247.013061523 1
63 28 247.765090942 1
63 28 247.84576416 1
63 28 248.242401123 1
63 28 248.323791504 1
63 28 248.524230957 1
63 28 248.67098999 1
63 28 249.011047363 1
63 28 249.596191406 1
63 28 249.6277771 1
63 28 249.887054443 1
63 28 250.163284302 1
63 28 250.873336792 1
63 28 251.608551025 1
63 28 251.983444214 1
63 28 252.610656738 1
63 28 252.660552979 1
63 28 253.083404541 1
63 28 253.121353149 1
63 28 253.515945435 1
63 28 255.888000488 1
63 28 256.579681396 1
63 28 256.66708374 1
63 28 257.023712158 1
63 28 257.304718018 1
63 28 257.463195801 1
63 28 257.911987305 1
63 28 258.026092529 1
63 28 258.87878418 1
63 28 260.855957031 1
63 28 261.224456787 1
63 28 261.599639893 1
63 28 261.873443604 1
63 28 262.817138672 1
63 28 263.315795898 1
63 28 263.616363525 1
63 28 264.029083252 1
63 28 264.110748291 1
63 28 264.217590332 1
63 28 267.043121338 1
63 28 267.874725342 1
63 28 268.012329102 1
63 28 268.115020752 1
63 28 268.716278076 1
63 28 268.767730713 1
63 28 268.883911133 1
63 28 269.603912354 1
63 28 269.64654541 1
63 28 270.299255371 1
63 28 270.338592529 1
63 28 270.454864502 1
63 28 271.217041016 1
63 28 271.484863281 1
63 28 272.390716553 1
63 28 272.674682617 1
63 28 272.754882812 1
63 28 273.179534912 1
63 28 273.354217529 1
63 28 274.128143311 1
63 28 274.445220947 1
63 28 274.678833008 1
63 28 275.277862549 1
63 28 276.384155273 1
63 28 277.361053467 1
63 28 277.494049072 1
63 28 277.904968262 1
63 28 279.04977417 1
63 28 279.223052979 1
63 28 279.432800293 1
63 28 279.937530518 1
63 28 280.740234375 1
63 28 281.418182373 1
63 28 281.965911865 1
63 28 282.080566406 1
63 28 282.175872803 1
63 28 282.341003418 1
63 28 282.463134766 1
63 28 283.906921387 1
63 28 287.738891602 1
63 28 288.138031006 1
63 28 289.723297119 1
63 28 290.119049072 1
63 28 290.540771484 1
63 28 291.580047607 1
63 28 293.656829834 1
63 28 293.782104492 1
63 28 294.001190186 1
63 28 295.234466553 1
63 28 295.628265381 1
63 28 297.264251709 1
63 28 298.588287354 1
63 28 298.837799072 1
63 28 299.109680176 1
63 28 300.291748047 1
63 28 300.825805664 1
63 28 301.069702148 1
63 28 302.110015869 1
63 28 303.460296631 1
63 28 305.088928223 1
63 28 306.798187256 1
63 28 307.915283203 1
63 28 308.511047363 1
63 28 311.74697876 1
63 28 312.878417969 1
63 28 313.327789307 1
63 28 314.567230225 1
63 28 314.907592773 1
63 28 315.521026611 1
63 28 318.670013428 1
63 28 319.321350098 1
63 28 321.561828613 1
63 28 322.145446777 1
63 28 323.583953857 1
63 28 323.633422852 1
63 28 324.004302979 1
63 28 324.303436279 1
63 28 325.014831543 1
63 28 326.165313721 1
63 28 328.217956543 1
63 28 329.477111816 1
63 28 330.519744873 1
63 28 330.638916016 1
63 28 331.085754395 1
63 28 331.265899658 1
63 28 332.985931396 1
63 28 333.022796631 1
63 28 335.20425415 1
63 28 335.403503418 1
63 28 335.404937744 1
63 28 335.853485107 1
63 28 338.005432129 1
63 28 338.644592285 1
63 28 343.492980957 1
63 28 344.348999023 1
63 28 344.651550293 1
63 28 344.709381104 1
63 28 345.668518066 1
63 28 346.459411621 1
63 28 347.183013916 1
63 28 349.471588135 1
63 28 349.490081787 1
63 28 350.456237793 1
63 28 350.66305542 1
63 28 351.910369873 1
63 28 354.935760498 1
63 28 355.160095215 1
63 28 356.09387207 1
63 28 356.132720947 1
63 28 358.803527832 1
63 28 359.092102051 1
63 28 362.039550781 1
63 28 362.749481201 1
63 28 363.223175049 1
63 28 366.553924561 1
63 28 367.231750488 1
63 28 367.983001709 1
63 28 369.05267334 1
63 28 369.969970703 1
63 28 373.606719971 1
63 28 374.151824951 1
63 28 375.854858398 1
63 28 377.918395996 1
63 28 378.918701172 1
63 28 379.887329102 1
63 28 388.328094482 1
63 28 389.030578613 1
63 28 393.195983887 1
63 28 398.274536133 1
63 28 399.640777588 1
63 28 400.035369873 1
63 28 402.528289795 1
63 28 403.900604248 1
63 28 404.332763672 1
63 28 404.741638184 1
63 28 409.697662354 1
63 28 411.428283691 1
63 28 412.839538574 1
63 28 416.867279053 1
63 28 417.027069092 1
63 28 417.501434326 1
63 28 420.775299072 1
63 28 421.147399902 1
63 28 426.601348877 1
63 28 432.337768555 1
63 28 432.434082031 1
63 28 433.670532227 1
63 28 434.162628174 1
63 28 437.273956299 1
63 28 441.29586792 1
63 28 447.077484131 1
63 28 448.672241211 1
63 28 452.21673584 1
63 28 462.452087402 1
63 28 464.628936768 1
63 28 467.539215088 1
63 28 476.958557129 1
63 28 480.102172852 1
63 28 486.721740723 1
63 28 500.414703369 1
63 28 505.732574463 1
63 28 507.895141602 1
63 28 512.511108398 1
63 28 519.010559082 1
63 28 524.923278809 1
63 28 525.918701172 1
63 28 529.262145996 1
63 28 532.555358887 1
63 28 534.327392578 1
63 28 537.598693848 1
63 28 538.501281738 1
63 28 541.88104248 1
63 28 548.239990234 1
63 28 560.530212402 1
63 28 566.370056152 1
63 28 584.74432373 1
63 28 594.139953613 1
63 28 612.246459961 1
63 28 612.900878906 1
63 28 620.679138184 1
63 28 621.590576172 1
63 28 625.044006348 1
63 28 628.837219238 1
63 28 631.258850098 1
63 28 632.216064453 1
63 28 638.752990723 1
63 28 640.542602539 1
63 28 644.899414062 1
63 28 645.054626465 1
63 28 650.611999512 1
63 28 660.739746094 1
63 28 673.059387207 1
63 28 689.152587891 1
63 28 689.879760742 1
63 28 698.832885742 1
63 28 704.68737793 1
63 28 713.817565918 1
63 28 756.58984375 1
63 28 758.804382324 1
63 28 777.026977539 1
63 28 778.908508301 1
63 28 782.88671875 1
63 28 805.131713867 1
63 28 806.443115234 1
63 28 844.886352539 1
63 28 867.421020508 1
63 28 922.32244873 1
63 28 926.545776367 1
63 28 933.362487793 1
63 28 947.708679199 1
63 28 1004.76708984 1
63 28 1068.22509766 1
63 28 1102.05615234 1
63 28 1102.64880371 1
63 28 1106.15490723 1
63 28 1109.20166016 1
63 28 1129.16052246 1
63 28 1155.64160156 1
63 28 1160.48071289 1
63 28 1160.59667969 1
63 28 1179.88049316 1
63 28 1194.95056152 1
63 28 1247.3939209 1
63 28 1306.48828125 1
63 28 1433.98059082 1
63 28 1612.8236084 1
63 28 1778.18737793 1
63 29 86.943107605 1
63 29 89.7886734009 1
63 29 90.0083618164 1
63 29 90.5914916992 1
63 29 90.8289871216 1
63 29 91.3587188721 1
63 29 92.7267379761 1
63 29 93.6328353882 1
63 29 94.5084075928 1
63 29 95.5738754272 1
63 29 95.9707946777 1
63 29 96.0355834961 1
63 29 96.101348877 1
63 29 96.5060501099 1
63 29 96.6824493408 1
63 29 96.7536773682 1
63 29 96.8940887451 1
63 29 96.9317550659 1
63 29 97.1215744019 1
63 29 97.1889801025 1
63 29 98.3621902466 1
63 29 98.7128219604 1
63 29 98.8776092529 1
63 29 98.9582977295 1
63 29 99.4534378052 1
63 29 99.7924957275 1
63 29 100.386009216 1
63 29 100.730247498 1
63 29 100.926856995 1
63 29 101.374992371 1
63 29 101.659133911 1
63 29 101.710906982 1
63 29 101.977539062 1
63 29 102.145385742 1
63 29 102.245674133 1
63 29 102.286026001 1
63 29 102.644325256 1
63 29 102.976104736 1
63 29 103.090942383 1
63 29 103.14125824 1
63 29 103.27243042 1
63 29 103.533821106 1
63 29 103.809555054 1
63 29 103.968658447 1
63 29 104.399925232 1
63 29 104.425521851 1
63 29 104.622512817 1
63 29 105.078666687 1
63 29 105.381614685 1
63 29 106.000099182 1
63 29 106.069587708 1
63 29 106.23274231 1
63 29 106.26071167 1
63 29 106.321800232 1
63 29 106.787826538 1
63 29 106.904029846 1
63 29 106.913032532 1
63 29 106.917770386 1
63 29 107.098442078 1
63 29 107.92980957 1
63 29 108.03553772 1
63 29 108.381370544 1
63 29 109.048530579 1
63 29 109.122802734 1
63 29 109.174926758 1
63 29 109.304344177 1
63 29 109.492591858 1
63 29 110.462661743 1
63 29 110.475250244 1
63 29 110.55153656 1
63 29 110.677406311 1
63 29 110.887191772 1
63 29 111.067375183 1
63 29 111.387298584 1
63 29 111.511528015 1
63 29 111.556541443 1
63 29 112.070327759 1
63 29 112.118232727 1
63 29 112.284416199 1
63 29 112.742362976 1
63 29 113.20778656 1
63 29 114.098320007 1
63 29 114.237831116 1
63 29 114.425102234 1
63 29 114.528091431 1
63 29 114.547927856 1
63 29 114.679733276 1
63 29 114.812210083 1
63 29 114.916725159 1
63 29 115.170204163 1
63 29 115.402404785 1
63 29 115.48979187 1
63 29 115.964782715 1
63 29 116.067611694 1
63 29 116.518753052 1
63 29 117.09588623 1
63 29 117.420944214 1
63 29 117.564788818 1
63 29 117.592399597 1
63 29 117.938613892 1
63 29 118.055953979 1
63 29 118.156669617 1
63 29 118.273124695 1
63 29 118.515815735 1
63 29 118.52394104 1
63 29 118.573608398 1
63 29 118.957580566 1
63 29 119.030670166 1
63 29 119.051605225 1
63 29 119.111488342 1
63 29 119.607444763 1
63 29 119.697784424 1
63 29 119.951461792 1
63 29 119.995491028 1
63 29 120.129905701 1
63 29 120.19241333 1
63 29 120.705337524 1
63 29 120.727043152 1
63 29 120.771911621 1
63 29 120.913589478 1
63 29 121.208000183 1
63 29 121.280784607 1
63 29 121.458763123 1
63 29 121.471160889 1
63 29 121.491638184 1
63 29 121.966995239 1
63 29 122.046974182 1
63 29 122.145439148 1
63 29 122.384628296 1
63 29 122.502227783 1
63 29 122.638687134 1
63 29 122.778213501 1
63 29 122.969062805 1
63 29 123.028297424 1
63 29 123.054496765 1
63 29 123.12638855 1
63 29 123.188652039 1
63 29 123.225723267 1
63 29 123.749382019 1
63 29 123.811302185 1
63 29 123.896202087 1
63 29 124.299530029 1
63 29 124.389251709 1
63 29 124.589012146 1
63 29 124.610115051 1
63 29 124.658279419 1
63 29 124.769371033 1
63 29 124.924728394 1
63 29 125.212417603 1
63 29 125.239112854 1
63 29 125.287139893 1
63 29 125.391464233 1
63 29 125.570640564 1
63 29 126.008789062 1
63 29 126.230453491 1
63 29 126.2526474 1
63 29 126.280288696 1
63 29 126.548400879 1
63 29 126.576904297 1
63 29 126.899032593 1
63 29 126.917053223 1
63 29 126.932548523 1
63 29 127.004463196 1
63 29 127.273086548 1
63 29 127.383918762 1
63 29 127.499702454 1
63 29 127.525627136 1
63 29 127.591674805 1
63 29 127.808494568 1
63 29 128.292007446 1
63 29 128.359649658 1
63 29 128.468841553 1
63 29 128.677581787 1
63 29 128.733047485 1
63 29 128.958648682 1
63 29 128.990005493 1
63 29 129.143264771 1
63 29 129.183135986 1
63 29 129.20262146 1
63 29 129.553833008 1
63 29 129.693695068 1
63 29 129.713562012 1
63 29 129.846343994 1
63 29 129.994766235 1
63 29 130.052017212 1
63 29 130.05871582 1
63 29 130.37701416 1
63 29 130.405807495 1
63 29 130.455718994 1
63 29 130.516448975 1
63 29 131.014541626 1
63 29 131.148620605 1
63 29 131.23348999 1
63 29 131.516860962 1
63 29 131.550506592 1
63 29 131.581130981 1
63 29 131.606964111 1
63 29 131.625396729 1
63 29 131.651596069 1
63 29 131.659332275 1
63 29 131.848266602 1
63 29 131.888656616 1
63 29 132.203903198 1
63 29 132.282180786 1
63 29 132.424407959 1
63 29 133.116104126 1
63 29 133.38520813 1
63 29 133.885406494 1
63 29 134.006378174 1
63 29 134.078903198 1
63 29 134.330703735 1
63 29 134.667724609 1
63 29 134.790115356 1
63 29 134.800338745 1
63 29 134.886871338 1
63 29 135.039169312 1
63 29 135.107223511 1
63 29 135.197494507 1
63 29 135.480484009 1
63 29 135.686325073 1
63 29 135.686569214 1
63 29 135.848983765 1
63 29 135.871017456 1
63 29 136.052825928 1
63 29 136.206115723 1
63 29 136.210372925 1
63 29 136.368591309 1
63 29 136.521560669 1
63 29 136.55682373 1
63 29 136.590805054 1
63 29 136.602203369 1
63 29 136.682449341 1
63 29 136.737014771 1
63 29 136.925643921 1
63 29 136.966369629 1
63 29 137.530715942 1
63 29 137.857376099 1
63 29 138.111343384 1
63 29 138.238388062 1
63 29 138.279067993 1
63 29 138.439849854 1
63 29 138.513656616 1
63 29 138.515777588 1
63 29 138.517227173 1
63 29 138.83164978 1
63 29 139.206863403 1
63 29 139.676315308 1
63 29 139.729263306 1
63 29 139.802276611 1
63 29 140.138580322 1
63 29 140.338119507 1
63 29 140.544006348 1
63 29 140.932327271 1
63 29 140.932876587 1
63 29 141.194885254 1
63 29 141.226470947 1
63 29 141.380722046 1
63 29 141.452926636 1
63 29 141.518981934 1
63 29 141.549026489 1
63 29 141.65020752 1
63 29 141.822616577 1
63 29 142.020889282 1
63 29 142.360687256 1
63 29 142.425109863 1
63 29 142.569122314 1
63 29 143.074661255 1
63 29 143.317367554 1
63 29 143.366378784 1
63 29 143.483139038 1
63 29 143.496246338 1
63 29 143.541412354 1
63 29 143.80607605 1
63 29 143.842407227 1
63 29 143.978851318 1
63 29 144.158035278 1
63 29 144.510238647 1
63 29 144.524536133 1
63 29 144.658584595 1
63 29 144.875289917 1
63 29 145.035400391 1
63 29 145.113128662 1
63 29 145.146011353 1
63 29 145.373413086 1
63 29 145.473556519 1
63 29 145.84413147 1
63 29 145.85760498 1
63 29 146.111877441 1
63 29 146.165405273 1
63 29 146.242416382 1
63 29 146.439910889 1
63 29 146.495422363 1
63 29 146.60760498 1
63 29 146.660491943 1
63 29 146.951522827 1
63 29 147.185882568 1
63 29 147.216522217 1
63 29 147.478012085 1
63 29 147.547515869 1
63 29 147.709274292 1
63 29 147.846618652 1
63 29 147.899581909 1
63 29 147.918655396 1
63 29 147.922454834 1
63 29 148.26411438 1
63 29 148.300140381 1
63 29 148.766357422 1
63 29 148.833526611 1
63 29 148.84777832 1
63 29 148.924118042 1
63 29 149.110321045 1
63 29 149.450561523 1
63 29 149.705352783 1
63 29 149.951309204 1
63 29 150.095672607 1
63 29 150.121398926 1
63 29 150.132080078 1
63 29 150.239013672 1
63 29 150.247924805 1
63 29 150.259674072 1
63 29 150.496566772 1
63 29 150.816635132 1
63 29 151.117965698 1
63 29 151.146102905 1
63 29 151.306411743 1
63 29 151.373733521 1
63 29 151.734222412 1
63 29 151.773071289 1
63 29 151.82925415 1
63 29 151.842819214 1
63 29 152.124664307 1
63 29 152.131256104 1
63 29 152.41633606 1
63 29 152.419540405 1
63 29 152.505386353 1
63 29 152.653030396 1
63 29 152.696762085 1
63 29 152.937835693 1
63 29 153.1668396 1
63 29 153.182998657 1
63 29 153.204711914 1
63 29 153.513824463 1
63 29 153.657363892 1
63 29 153.927627563 1
63 29 154.353103638 1
63 29 154.620132446 1
63 29 154.667266846 1
63 29 154.681030273 1
63 29 154.713546753 1
63 29 154.857284546 1
63 29 154.90625 1
63 29 154.961120605 1
63 29 154.966842651 1
63 29 155.061538696 1
63 29 155.069900513 1
63 29 155.072433472 1
63 29 155.298019409 1
63 29 155.394561768 1
63 29 155.443115234 1
63 29 155.483932495 1
63 29 155.844802856 1
63 29 155.935348511 1
63 29 155.962509155 1
63 29 156.28578186 1
63 29 156.453659058 1
63 29 156.532669067 1
63 29 156.728302002 1
63 29 156.778762817 1
63 29 156.781539917 1
63 29 156.886154175 1
63 29 156.892120361 1
63 29 157.046096802 1
63 29 157.287033081 1
63 29 157.623672485 1
63 29 157.797973633 1
63 29 158.091842651 1
63 29 158.11088562 1
63 29 158.162918091 1
63 29 158.168380737 1
63 29 158.292404175 1
63 29 158.327575684 1
63 29 158.349182129 1
63 29 158.357269287 1
63 29 158.420944214 1
63 29 158.501846313 1
63 29 158.720779419 1
63 29 158.844863892 1
63 29 158.925598145 1
63 29 158.950561523 1
63 29 159.153656006 1
63 29 159.182067871 1
63 29 159.252578735 1
63 29 159.804122925 1
63 29 159.858779907 1
63 29 159.883560181 1
63 29 159.973754883 1
63 29 160.124206543 1
63 29 160.164367676 1
63 29 160.273330688 1
63 29 160.419525146 1
63 29 160.420501709 1
63 29 160.559631348 1
63 29 160.639022827 1
63 29 160.835189819 1
63 29 160.890808105 1
63 29 161.258529663 1
63 29 161.440673828 1
63 29 161.516326904 1
63 29 161.54826355 1
63 29 161.632125854 1
63 29 161.76651001 1
63 29 162.439971924 1
63 29 162.510803223 1
63 29 162.627105713 1
63 29 162.807785034 1
63 29 163.10836792 1
63 29 163.172866821 1
63 29 163.393966675 1
63 29 163.560302734 1
63 29 163.6381073 1
63 29 164.034423828 1
63 29 164.091674805 1
63 29 164.225021362 1
63 29 164.331893921 1
63 29 164.662216187 1
63 29 164.676818848 1
63 29 164.692398071 1
63 29 164.793624878 1
63 29 164.860473633 1
63 29 165.361038208 1
63 29 165.503433228 1
63 29 165.609313965 1
63 29 165.766601562 1
63 29 165.898849487 1
63 29 166.297836304 1
63 29 166.63659668 1
63 29 166.786865234 1
63 29 167.140899658 1
63 29 167.343887329 1
63 29 167.531845093 1
63 29 167.819137573 1
63 29 167.833633423 1
63 29 167.965118408 1
63 29 168.24331665 1
63 29 168.337081909 1
63 29 168.803863525 1
63 29 168.857727051 1
63 29 168.997314453 1
63 29 169.153884888 1
63 29 169.163696289 1
63 29 169.473693848 1
63 29 169.473983765 1
63 29 169.47744751 1
63 29 169.539489746 1
63 29 169.569549561 1
63 29 169.629196167 1
63 29 170.049530029 1
63 29 170.052581787 1
63 29 170.246734619 1
63 29 170.290725708 1
63 29 170.441940308 1
63 29 170.578887939 1
63 29 170.63949585 1
63 29 170.742904663 1
63 29 170.748947144 1
63 29 170.857040405 1
63 29 171.204544067 1
63 29 171.214935303 1
63 29 171.22038269 1
63 29 171.65826416 1
63 29 171.900360107 1
63 29 171.904098511 1
63 29 171.905990601 1
63 29 171.992340088 1
63 29 172.1484375 1
63 29 172.384490967 1
63 29 172.66027832 1
63 29 172.668289185 1
63 29 172.704269409 1
63 29 173.442901611 1
63 29 173.862716675 1
63 29 173.912521362 1
63 29 174.114608765 1
63 29 174.297210693 1
63 29 174.318817139 1
63 29 174.883270264 1
63 29 174.904434204 1
63 29 175.010696411 1
63 29 175.356369019 1
63 29 175.647247314 1
63 29 175.990249634 1
63 29 176.979751587 1
63 29 177.205062866 1
63 29 177.434204102 1
63 29 177.505325317 1
63 29 177.867263794 1
63 29 177.892303467 1
63 29 178.584457397 1
63 29 178.777679443 1
63 29 178.829498291 1
63 29 179.001663208 1
63 29 179.575866699 1
63 29 179.580001831 1
63 29 179.896148682 1
63 29 180.123931885 1
63 29 180.564117432 1
63 29 180.569641113 1
63 29 181.211425781 1
63 29 181.367630005 1
63 29 181.834457397 1
63 29 182.435134888 1
63 29 183.386032104 1
63 29 183.736053467 1
63 29 183.818450928 1
63 29 183.869415283 1
63 29 184.354049683 1
63 29 184.597900391 1
63 29 185.416259766 1
63 29 185.745513916 1
63 29 185.878295898 1
63 29 185.920303345 1
63 29 186.215499878 1
63 29 186.604095459 1
63 29 187.030059814 1
63 29 187.608032227 1
63 29 187.964279175 1
63 29 188.029663086 1
63 29 189.849212646 1
63 29 190.258041382 1
63 29 190.368560791 1
63 29 190.90045166 1
63 29 191.215835571 1
63 29 191.361694336 1
63 29 191.431381226 1
63 29 191.531387329 1
63 29 191.622711182 1
63 29 191.672058105 1
63 29 191.725692749 1
63 29 191.831680298 1
63 29 192.175308228 1
63 29 192.303756714 1
63 29 193.10508728 1
63 29 193.564254761 1
63 29 193.931335449 1
63 29 194.069244385 1
63 29 194.310348511 1
63 29 194.370529175 1
63 29 194.68927002 1
63 29 195.684326172 1
63 29 196.387176514 1
63 29 197.006881714 1
63 29 197.451034546 1
63 29 197.728134155 1
63 29 197.877914429 1
63 29 198.11630249 1
63 29 198.223770142 1
63 29 199.223999023 1
63 29 199.377532959 1
63 29 199.4609375 1
63 29 199.4949646 1
63 29 199.549377441 1
63 29 200.040969849 1
63 29 200.946960449 1
63 29 201.363204956 1
63 29 201.396118164 1
63 29 201.772125244 1
63 29 202.059356689 1
63 29 202.238952637 1
63 29 202.658203125 1
63 29 202.724472046 1
63 29 202.95489502 1
63 29 203.327087402 1
63 29 203.695037842 1
63 29 204.037628174 1
63 29 205.324783325 1
63 29 205.39074707 1
63 29 205.635574341 1
63 29 205.790222168 1
63 29 205.873794556 1
63 29 206.142166138 1
63 29 206.363601685 1
63 29 206.883651733 1
63 29 207.524200439 1
63 29 208.290649414 1
63 29 208.579544067 1
63 29 209.527084351 1
63 29 209.599456787 1
63 29 209.763931274 1
63 29 209.791809082 1
63 29 209.953781128 1
63 29 210.047332764 1
63 29 211.217651367 1
63 29 211.352828979 1
63 29 211.790786743 1
63 29 212.312042236 1
63 29 212.534225464 1
63 29 212.905960083 1
63 29 214.848220825 1
63 29 215.145141602 1
63 29 215.57611084 1
63 29 216.044250488 1
63 29 218.694076538 1
63 29 218.71131897 1
63 29 219.758407593 1
63 29 219.986724854 1
63 29 220.120758057 1
63 29 220.145431519 1
63 29 220.4324646 1
63 29 221.045349121 1
63 29 221.063842773 1
63 29 221.162582397 1
63 29 221.385192871 1
63 29 221.434585571 1
63 29 222.648239136 1
63 29 224.237960815 1
63 29 225.783050537 1
63 29 226.022842407 1
63 29 226.534133911 1
63 29 226.969970703 1
63 29 227.052154541 1
63 29 227.098739624 1
63 29 227.400085449 1
63 29 228.037185669 1
63 29 229.200271606 1
63 29 229.261108398 1
63 29 229.352737427 1
63 29 231.632583618 1
63 29 231.642807007 1
63 29 231.859786987 1
63 29 232.812042236 1
63 29 236.968887329 1
63 29 237.388931274 1
63 29 240.469345093 1
63 29 240.803543091 1
63 29 241.978866577 1
63 29 242.085784912 1
63 29 242.613769531 1
63 29 243.21321106 1
63 29 244.253326416 1
63 29 245.876266479 1
63 29 246.284454346 1
63 29 250.709609985 1
63 29 251.137405396 1
63 29 251.608963013 1
63 29 251.706008911 1
63 29 252.382141113 1
63 29 252.599014282 1
63 29 253.943389893 1
63 29 254.361953735 1
63 29 256.122375488 1
63 29 256.950744629 1
63 29 257.322235107 1
63 29 257.393890381 1
63 29 257.754089355 1
63 29 260.982086182 1
63 29 261.593292236 1
63 29 262.587432861 1
63 29 262.936157227 1
63 29 264.202392578 1
63 29 264.411804199 1
63 29 265.607940674 1
63 29 265.989013672 1
63 29 267.662994385 1
63 29 269.184967041 1
63 29 269.509246826 1
63 29 271.35925293 1
63 29 271.56741333 1
63 29 271.597442627 1
63 29 274.007263184 1
63 29 274.098724365 1
63 29 275.055450439 1
63 29 275.870483398 1
63 29 275.913879395 1
63 29 275.956573486 1
63 29 275.9737854 1
63 29 276.461853027 1
63 29 276.685058594 1
63 29 278.392272949 1
63 29 278.881378174 1
63 29 279.722503662 1
63 29 280.195556641 1
63 29 280.796722412 1
63 29 282.764862061 1
63 29 282.787109375 1
63 29 283.466400146 1
63 29 286.286254883 1
63 29 287.638183594 1
63 29 288.110595703 1
63 29 289.114471436 1
63 29 289.473754883 1
63 29 289.910705566 1
63 29 295.769439697 1
63 29 296.58291626 1
63 29 297.19732666 1
63 29 299.201599121 1
63 29 300.925933838 1
63 29 305.342498779 1
63 29 305.486022949 1
63 29 311.59463501 1
63 29 311.918701172 1
63 29 312.62310791 1
63 29 313.216033936 1
63 29 313.668457031 1
63 29 317.274169922 1
63 29 320.001068115 1
63 29 320.228881836 1
63 29 320.660186768 1
63 29 324.540924072 1
63 29 325.186981201 1
63 29 326.668640137 1
63 29 328.615539551 1
63 29 333.679443359 1
63 29 334.964294434 1
63 29 336.294525146 1
63 29 336.462005615 1
63 29 336.689086914 1
63 29 339.88861084 1
63 29 346.173065186 1
63 29 354.410461426 1
63 29 359.046173096 1
63 29 359.69418335 1
63 29 360.572113037 1
63 29 363.140380859 1
63 29 363.785125732 1
63 29 365.379638672 1
63 29 365.692993164 1
63 29 371.412658691 1
63 29 374.338500977 1
63 29 374.938903809 1
63 29 374.984436035 1
63 29 378.117248535 1
63 29 379.556854248 1
63 29 382.129516602 1
63 29 386.807281494 1
63 29 390.359649658 1
63 29 393.014526367 1
63 29 397.297088623 1
63 29 402.250457764 1
63 29 404.075012207 1
63 29 404.591369629 1
63 29 409.555450439 1
63 29 411.32623291 1
63 29 413.890228271 1
63 29 415.903991699 1
63 29 417.209442139 1
63 29 419.402252197 1
63 29 420.063049316 1
63 29 422.188415527 1
63 29 423.527770996 1
63 29 423.670349121 1
63 29 425.356658936 1
63 29 427.434051514 1
63 29 429.478118896 1
63 29 431.422729492 1
63 29 436.283660889 1
63 29 437.377349854 1
63 29 440.823699951 1
63 29 440.921783447 1
63 29 444.174743652 1
63 29 444.648742676 1
63 29 445.773101807 1
63 29 445.870300293 1
63 29 448.911865234 1
63 29 449.31149292 1
63 29 449.477722168 1
63 29 450.990509033 1
63 29 455.097747803 1
63 29 459.228088379 1
63 29 460.797912598 1
63 29 461.174621582 1
63 29 464.670806885 1
63 29 466.012420654 1
63 29 466.933837891 1
63 29 467.141815186 1
63 29 468.079193115 1
63 29 474.296722412 1
63 29 486.638397217 1
63 29 493.568878174 1
63 29 495.018341064 1
63 29 496.774139404 1
63 29 497.669403076 1
63 29 497.701263428 1
63 29 512.331665039 1
63 29 516.159973145 1
63 29 516.284851074 1
63 29 516.469238281 1
63 29 521.035888672 1
63 29 523.619506836 1
63 29 536.643188477 1
63 29 537.46270752 1
63 29 544.983215332 1
63 29 546.160827637 1
63 29 551.062438965 1
63 29 551.265441895 1
63 29 552.020690918 1
63 29 563.158325195 1
63 29 569.04864502 1
63 29 585.04284668 1
63 29 586.440368652 1
63 29 588.892333984 1
63 29 597.885009766 1
63 29 600.185119629 1
63 29 602.709533691 1
63 29 608.712585449 1
63 29 608.975769043 1
63 29 620.345581055 1
63 29 623.770874023 1
63 29 624.01159668 1
63 29 632.657592773 1
63 29 638.791015625 1
63 29 644.207763672 1
63 29 650.884887695 1
63 29 652.403747559 1
63 29 657.204040527 1
63 29 659.743225098 1
63 29 662.079223633 1
63 29 667.376953125 1
63 29 669.395629883 1
63 29 669.705078125 1
63 29 672.562438965 1
63 29 676.563903809 1
63 29 680.607788086 1
63 29 699.133544922 1
63 29 707.437988281 1
63 29 716.498596191 1
63 29 738.297180176 1
63 29 740.069519043 1
63 29 769.979858398 1
63 29 781.412536621 1
63 29 796.182067871 1
63 29 799.457580566 1
63 29 800.921081543 1
63 29 807.603393555 1
63 29 835.482910156 1
63 29 850.086242676 1
63 29 905.048461914 1
63 29 923.157348633 1
63 29 935.797241211 1
63 29 999.373168945 1
63 29 1046.41381836 1
63 29 1077.68066406 1
63 29 1080.96435547 1
63 29 1105.25915527 1
63 29 1171.28869629 1
63 29 1200.04162598 1
63 29 1255.2734375 1
63 29 1267.79418945 1
63 29 1307.13952637 1
63 29 1378.0369873 1
63 29 1411.05200195 1
63 29 1436.59680176 1
63 29 1847.36975098 1
63 31 91.8915100098 1
63 31 92.7800445557 1
63 31 94.4608612061 1
63 31 94.9904708862 1
63 31 96.2246551514 1
63 31 97.0989685059 1
63 31 97.7065582275 1
63 31 99.6786193848 1
63 31 99.9342269897 1
63 31 100.750267029 1
63 31 101.75718689 1
63 31 102.187011719 1
63 31 102.207946777 1
63 31 102.574569702 1
63 31 102.598602295 1
63 31 102.779006958 1
63 31 102.968429565 1
63 31 103.721260071 1
63 31 103.991638184 1
63 31 104.784507751 1
63 31 104.785209656 1
63 31 105.424865723 1
63 31 105.450614929 1
63 31 105.893669128 1
63 31 105.977005005 1
63 31 106.61089325 1
63 31 106.787963867 1
63 31 108.004768372 1
63 31 108.526741028 1
63 31 108.577438354 1
63 31 108.872688293 1
63 31 108.995262146 1
63 31 109.036605835 1
63 31 109.68611145 1
63 31 109.687049866 1
63 31 109.802558899 1
63 31 110.534217834 1
63 31 110.577064514 1
63 31 111.23034668 1
63 31 111.432228088 1
63 31 111.750930786 1
63 31 111.833709717 1
63 31 112.125396729 1
63 31 112.128234863 1
63 31 112.397155762 1
63 31 112.444503784 1
63 31 112.534187317 1
63 31 112.857887268 1
63 31 113.03515625 1
63 31 113.193374634 1
63 31 113.319572449 1
63 31 113.34034729 1
63 31 113.736991882 1
63 31 113.94203186 1
63 31 114.888504028 1
63 31 114.945602417 1
63 31 114.954345703 1
63 31 115.043907166 1
63 31 115.33102417 1
63 31 115.52381897 1
63 31 115.698005676 1
63 31 115.973243713 1
63 31 116.129570007 1
63 31 116.225158691 1
63 31 116.232063293 1
63 31 116.283409119 1
63 31 116.290718079 1
63 31 116.663925171 1
63 31 117.180870056 1
63 31 117.258712769 1
63 31 117.51902771 1
63 31 118.033073425 1
63 31 118.274993896 1
63 31 118.342582703 1
63 31 118.648223877 1
63 31 119.240608215 1
63 31 119.312362671 1
63 31 119.888244629 1
63 31 119.932235718 1
63 31 120.03238678 1
63 31 120.183097839 1
63 31 120.386627197 1
63 31 120.626899719 1
63 31 120.80381012 1
63 31 120.974586487 1
63 31 121.213523865 1
63 31 121.563018799 1
63 31 122.14667511 1
63 31 122.26776886 1
63 31 122.442718506 1
63 31 122.481307983 1
63 31 122.505149841 1
63 31 123.005256653 1
63 31 123.011238098 1
63 31 123.062164307 1
63 31 123.19846344 1
63 31 123.479171753 1
63 31 123.485717773 1
63 31 123.972923279 1
63 31 124.007209778 1
63 31 124.111373901 1
63 31 124.182861328 1
63 31 124.34967804 1
63 31 124.459106445 1
63 31 124.550552368 1
63 31 124.727386475 1
63 31 124.737388611 1
63 31 124.96169281 1
63 31 124.985275269 1
63 31 125.561668396 1
63 31 125.612869263 1
63 31 126.187339783 1
63 31 126.385856628 1
63 31 126.457832336 1
63 31 126.864204407 1
63 31 127.162780762 1
63 31 127.33430481 1
63 31 127.492286682 1
63 31 127.885047913 1
63 31 128.263549805 1
63 31 128.3490448 1
63 31 128.395431519 1
63 31 128.560089111 1
63 31 128.776550293 1
63 31 128.84161377 1
63 31 129.091278076 1
63 31 129.092819214 1
63 31 129.178359985 1
63 31 129.55329895 1
63 31 129.707366943 1
63 31 130.181793213 1
63 31 130.201034546 1
63 31 130.215759277 1
63 31 130.310317993 1
63 31 130.459182739 1
63 31 130.775665283 1
63 31 130.804504395 1
63 31 130.996826172 1
63 31 131.136535645 1
63 31 131.252716064 1
63 31 131.367477417 1
63 31 131.425552368 1
63 31 131.610122681 1
63 31 131.811920166 1
63 31 131.837631226 1
63 31 131.949111938 1
63 31 132.080551147 1
63 31 132.2472229 1
63 31 132.265670776 1
63 31 132.291442871 1
63 31 132.479431152 1
63 31 132.489883423 1
63 31 132.667800903 1
63 31 132.8177948 1
63 31 132.822433472 1
63 31 132.968887329 1
63 31 133.042297363 1
63 31 133.187561035 1
63 31 133.795761108 1
63 31 133.878768921 1
63 31 133.981887817 1
63 31 133.994384766 1
63 31 134.187988281 1
63 31 134.213409424 1
63 31 134.261444092 1
63 31 134.456008911 1
63 31 134.493515015 1
63 31 134.595336914 1
63 31 134.657073975 1
63 31 134.888519287 1
63 31 134.985946655 1
63 31 134.998458862 1
63 31 135.100479126 1
63 31 135.204376221 1
63 31 135.249694824 1
63 31 135.277709961 1
63 31 135.585006714 1
63 31 135.762374878 1
63 31 135.784942627 1
63 31 136.193710327 1
63 31 136.343811035 1
63 31 136.378265381 1
63 31 136.380355835 1
63 31 136.416915894 1
63 31 136.443389893 1
63 31 137.194778442 1
63 31 137.451690674 1
63 31 137.47718811 1
63 31 137.607131958 1
63 31 137.65562439 1
63 31 137.709732056 1
63 31 137.860229492 1
63 31 138.02494812 1
63 31 138.103607178 1
63 31 138.119674683 1
63 31 138.229949951 1
63 31 138.253112793 1
63 31 138.507766724 1
63 31 138.738189697 1
63 31 139.332992554 1
63 31 139.434204102 1
63 31 139.446685791 1
63 31 139.887741089 1
63 31 139.926147461 1
63 31 140.000610352 1
63 31 140.143569946 1
63 31 140.279541016 1
63 31 140.406494141 1
63 31 140.475250244 1
63 31 140.817321777 1
63 31 140.944046021 1
63 31 141.173599243 1
63 31 141.789077759 1
63 31 142.126190186 1
63 31 142.746017456 1
63 31 142.775558472 1
63 31 142.806015015 1
63 31 142.890060425 1
63 31 142.896362305 1
63 31 142.975204468 1
63 31 143.066085815 1
63 31 143.21937561 1
63 31 143.502441406 1
63 31 143.506164551 1
63 31 143.50793457 1
63 31 143.570220947 1
63 31 143.734375 1
63 31 143.766677856 1
63 31 143.897735596 1
63 31 144.073272705 1
63 31 144.333816528 1
63 31 144.613830566 1
63 31 144.822616577 1
63 31 144.953964233 1
63 31 145.082458496 1
63 31 145.247024536 1
63 31 145.318023682 1
63 31 145.408737183 1
63 31 145.633285522 1
63 31 145.685058594 1
63 31 145.708068848 1
63 31 145.965484619 1
63 31 146.057022095 1
63 31 146.45249939 1
63 31 146.997680664 1
63 31 147.342224121 1
63 31 147.405197144 1
63 31 147.439041138 1
63 31 147.729110718 1
63 31 147.932540894 1
63 31 148.003662109 1
63 31 148.21421814 1
63 31 148.361114502 1
63 31 148.438079834 1
63 31 148.489364624 1
63 31 148.490478516 1
63 31 148.75982666 1
63 31 149.37663269 1
63 31 149.411651611 1
63 31 149.505752563 1
63 31 150.121780396 1
63 31 150.154891968 1
63 31 150.163589478 1
63 31 150.178421021 1
63 31 150.352111816 1
63 31 150.409500122 1
63 31 150.476196289 1
63 31 150.485534668 1
63 31 150.507965088 1
63 31 150.652252197 1
63 31 150.762756348 1
63 31 150.920669556 1
63 31 150.979553223 1
63 31 150.995315552 1
63 31 151.015670776 1
63 31 151.017150879 1
63 31 151.295028687 1
63 31 151.80947876 1
63 31 152.010559082 1
63 31 152.077651978 1
63 31 152.285919189 1
63 31 152.31350708 1
63 31 152.348480225 1
63 31 152.540847778 1
63 31 152.574447632 1
63 31 152.663085938 1
63 31 152.764434814 1
63 31 152.773040771 1
63 31 152.784118652 1
63 31 152.892242432 1
63 31 153.122329712 1
63 31 153.257064819 1
63 31 153.394363403 1
63 31 153.501647949 1
63 31 153.502380371 1
63 31 153.79927063 1
63 31 153.930221558 1
63 31 154.093093872 1
63 31 154.093292236 1
63 31 154.111984253 1
63 31 154.192810059 1
63 31 154.232345581 1
63 31 154.278152466 1
63 31 154.371353149 1
63 31 154.500991821 1
63 31 154.747009277 1
63 31 154.890365601 1
63 31 154.964431763 1
63 31 155.347000122 1
63 31 155.366409302 1
63 31 155.409576416 1
63 31 155.482315063 1
63 31 155.597503662 1
63 31 155.641372681 1
63 31 155.753860474 1
63 31 155.758544922 1
63 31 155.779891968 1
63 31 155.870315552 1
63 31 155.984924316 1
63 31 156.018615723 1
63 31 156.074066162 1
63 31 156.231430054 1
63 31 156.363174438 1
63 31 156.364257812 1
63 31 156.48135376 1
63 31 156.516860962 1
63 31 156.628067017 1
63 31 156.773803711 1
63 31 156.964126587 1
63 31 157.035324097 1
63 31 157.141311646 1
63 31 157.169021606 1
63 31 157.17149353 1
63 31 157.281967163 1
63 31 157.350540161 1
63 31 157.634872437 1
63 31 157.980255127 1
63 31 157.997543335 1
63 31 158.031890869 1
63 31 158.137771606 1
63 31 158.286224365 1
63 31 158.289108276 1
63 31 158.398666382 1
63 31 158.406738281 1
63 31 158.503677368 1
63 31 158.683349609 1
63 31 158.778060913 1
63 31 159.01411438 1
63 31 159.042144775 1
63 31 159.655899048 1
63 31 159.660614014 1
63 31 159.719146729 1
63 31 159.884368896 1
63 31 160.188110352 1
63 31 160.248077393 1
63 31 160.357131958 1
63 31 160.449432373 1
63 31 160.771682739 1
63 31 160.772079468 1
63 31 160.829818726 1
63 31 161.030212402 1
63 31 161.10887146 1
63 31 161.312637329 1
63 31 161.354858398 1
63 31 161.422592163 1
63 31 161.472473145 1
63 31 161.49786377 1
63 31 161.630844116 1
63 31 161.639877319 1
63 31 161.648666382 1
63 31 161.66645813 1
63 31 161.797348022 1
63 31 161.953521729 1
63 31 162.013900757 1
63 31 162.040786743 1
63 31 162.089523315 1
63 31 162.245864868 1
63 31 162.29624939 1
63 31 162.350952148 1
63 31 162.593963623 1
63 31 162.71685791 1
63 31 162.757537842 1
63 31 163.045959473 1
63 31 163.085571289 1
63 31 163.120742798 1
63 31 163.256500244 1
63 31 163.507492065 1
63 31 163.618148804 1
63 31 163.664978027 1
63 31 163.722305298 1
63 31 163.825820923 1
63 31 163.87046814 1
63 31 163.898147583 1
63 31 163.991653442 1
63 31 164.042953491 1
63 31 164.140975952 1
63 31 164.193023682 1
63 31 164.503540039 1
63 31 164.744827271 1
63 31 165.011245728 1
63 31 165.457641602 1
63 31 165.46484375 1
63 31 165.525161743 1
63 31 165.621124268 1
63 31 165.7315979 1
63 31 165.847625732 1
63 31 166.004333496 1
63 31 166.183151245 1
63 31 166.824020386 1
63 31 166.907623291 1
63 31 167.014282227 1
63 31 167.10723877 1
63 31 167.162094116 1
63 31 167.580780029 1
63 31 167.725387573 1
63 31 167.77180481 1
63 31 167.874038696 1
63 31 167.980667114 1
63 31 168.112335205 1
63 31 168.257064819 1
63 31 168.451278687 1
63 31 168.460800171 1
63 31 168.590332031 1
63 31 168.710617065 1
63 31 169.002960205 1
63 31 169.127960205 1
63 31 169.172515869 1
63 31 169.340332031 1
63 31 169.374664307 1
63 31 169.383056641 1
63 31 169.835983276 1
63 31 170.018264771 1
63 31 170.042221069 1
63 31 170.050872803 1
63 31 170.07824707 1
63 31 170.165588379 1
63 31 170.316146851 1
63 31 170.753662109 1
63 31 170.755447388 1
63 31 170.767868042 1
63 31 170.788269043 1
63 31 170.878097534 1
63 31 171.126068115 1
63 31 171.242462158 1
63 31 171.511856079 1
63 31 171.647949219 1
63 31 171.6587677 1
63 31 171.710784912 1
63 31 171.810623169 1
63 31 172.159729004 1
63 31 172.20463562 1
63 31 172.219360352 1
63 31 172.259292603 1
63 31 172.490127563 1
63 31 172.516143799 1
63 31 172.677001953 1
63 31 172.794754028 1
63 31 172.948699951 1
63 31 173.087402344 1
63 31 173.374725342 1
63 31 173.433944702 1
63 31 173.535919189 1
63 31 173.762527466 1
63 31 173.772384644 1
63 31 173.885726929 1
63 31 173.934844971 1
63 31 174.104782104 1
63 31 174.192367554 1
63 31 174.596679688 1
63 31 174.729293823 1
63 31 174.758636475 1
63 31 175.251190186 1
63 31 175.252166748 1
63 31 175.303512573 1
63 31 175.308059692 1
63 31 175.906295776 1
63 31 176.055938721 1
63 31 176.155792236 1
63 31 176.47164917 1
63 31 176.530059814 1
63 31 176.567382812 1
63 31 176.68560791 1
63 31 176.797912598 1
63 31 176.852798462 1
63 31 177.423797607 1
63 31 177.458175659 1
63 31 177.49256897 1
63 31 177.680130005 1
63 31 177.981216431 1
63 31 178.276535034 1
63 31 178.359970093 1
63 31 178.681716919 1
63 31 178.750061035 1
63 31 178.757019043 1
63 31 178.802856445 1
63 31 178.807006836 1
63 31 179.029724121 1
63 31 179.361755371 1
63 31 179.384124756 1
63 31 179.711761475 1
63 31 179.734313965 1
63 31 180.059356689 1
63 31 180.209411621 1
63 31 180.293899536 1
63 31 180.310012817 1
63 31 180.462493896 1
63 31 180.469329834 1
63 31 180.755844116 1
63 31 180.761642456 1
63 31 180.841430664 1
63 31 180.937652588 1
63 31 181.084472656 1
63 31 181.086532593 1
63 31 181.15461731 1
63 31 181.173095703 1
63 31 181.183563232 1
63 31 181.195663452 1
63 31 181.511611938 1
63 31 181.591110229 1
63 31 181.948669434 1
63 31 182.127059937 1
63 31 182.173034668 1
63 31 182.24420166 1
63 31 182.773849487 1
63 31 182.830276489 1
63 31 183.098434448 1
63 31 183.127243042 1
63 31 183.349655151 1
63 31 183.471054077 1
63 31 183.65562439 1
63 31 183.785873413 1
63 31 184.009277344 1
63 31 184.256256104 1
63 31 184.326690674 1
63 31 184.373184204 1
63 31 184.552627563 1
63 31 184.553939819 1
63 31 184.742599487 1
63 31 184.760986328 1
63 31 184.99546814 1
63 31 185.157226562 1
63 31 185.393417358 1
63 31 185.55847168 1
63 31 185.563537598 1
63 31 185.729171753 1
63 31 185.957321167 1
63 31 186.310974121 1
63 31 186.349212646 1
63 31 186.366455078 1
63 31 186.404525757 1
63 31 186.66885376 1
63 31 186.752380371 1
63 31 186.813354492 1
63 31 186.850631714 1
63 31 187.277252197 1
63 31 187.547348022 1
63 31 187.665237427 1
63 31 187.675796509 1
63 31 187.691040039 1
63 31 187.943359375 1
63 31 188.113098145 1
63 31 188.150390625 1
63 31 188.364089966 1
63 31 188.811721802 1
63 31 189.125610352 1
63 31 189.663604736 1
63 31 189.956985474 1
63 31 190.020904541 1
63 31 190.021286011 1
63 31 190.46736145 1
63 31 190.817428589 1
63 31 191.035690308 1
63 31 191.397506714 1
63 31 191.847503662 1
63 31 191.888687134 1
63 31 192.70602417 1
63 31 192.761306763 1
63 31 192.81300354 1
63 31 192.879119873 1
63 31 192.886642456 1
63 31 193.344360352 1
63 31 193.672836304 1
63 31 194.121276855 1
63 31 194.284912109 1
63 31 194.459320068 1
63 31 194.780517578 1
63 31 194.987213135 1
63 31 194.99357605 1
63 31 195.169464111 1
63 31 195.348098755 1
63 31 195.563476562 1
63 31 195.910964966 1
63 31 196.113235474 1
63 31 196.496322632 1
63 31 196.825744629 1
63 31 196.990478516 1
63 31 197.260055542 1
63 31 197.378204346 1
63 31 197.726623535 1
63 31 197.957962036 1
63 31 198.523376465 1
63 31 198.544418335 1
63 31 199.151855469 1
63 31 199.178985596 1
63 31 199.266876221 1
63 31 199.316543579 1
63 31 199.359375 1
63 31 200.26991272 1
63 31 200.297821045 1
63 31 200.880523682 1
63 31 201.06628418 1
63 31 201.150695801 1
63 31 201.219482422 1
63 31 201.2315979 1
63 31 201.456375122 1
63 31 201.604003906 1
63 31 201.609085083 1
63 31 201.632904053 1
63 31 202.048995972 1
63 31 202.465805054 1
63 31 202.576385498 1
63 31 202.683502197 1
63 31 202.802368164 1
63 31 203.124511719 1
63 31 203.145355225 1
63 31 203.388000488 1
63 31 203.502578735 1
63 31 203.978057861 1
63 31 204.255233765 1
63 31 204.658859253 1
63 31 204.708465576 1
63 31 204.853363037 1
63 31 205.32585144 1
63 31 205.774993896 1
63 31 205.85194397 1
63 31 205.881088257 1
63 31 206.044708252 1
63 31 206.333053589 1
63 31 206.393753052 1
63 31 206.456665039 1
63 31 206.520126343 1
63 31 206.617019653 1
63 31 206.726150513 1
63 31 206.777816772 1
63 31 207.033920288 1
63 31 207.172698975 1
63 31 207.855545044 1
63 31 207.966323853 1
63 31 207.971801758 1
63 31 208.006500244 1
63 31 208.445144653 1
63 31 208.60144043 1
63 31 208.864059448 1
63 31 208.913909912 1
63 31 209.101760864 1
63 31 209.355392456 1
63 31 209.516372681 1
63 31 209.730667114 1
63 31 209.872711182 1
63 31 210.330108643 1
63 31 210.45765686 1
63 31 210.833099365 1
63 31 210.901199341 1
63 31 211.06427002 1
63 31 211.212905884 1
63 31 211.539749146 1
63 31 211.980712891 1
63 31 212.365982056 1
63 31 212.66444397 1
63 31 212.863037109 1
63 31 213.231338501 1
63 31 213.232040405 1
63 31 213.437545776 1
63 31 213.53503418 1
63 31 213.555145264 1
63 31 213.627227783 1
63 31 213.963485718 1
63 31 213.968231201 1
63 31 214.27583313 1
63 31 214.428726196 1
63 31 214.454040527 1
63 31 215.099121094 1
63 31 215.116256714 1
63 31 215.471633911 1
63 31 215.628387451 1
63 31 216.36605835 1
63 31 217.042022705 1
63 31 217.436660767 1
63 31 217.732574463 1
63 31 218.42767334 1
63 31 218.794555664 1
63 31 219.515487671 1
63 31 220.97644043 1
63 31 221.079956055 1
63 31 221.141418457 1
63 31 221.893554688 1
63 31 222.257507324 1
63 31 222.289138794 1
63 31 222.558700562 1
63 31 223.169113159 1
63 31 223.304016113 1
63 31 223.434829712 1
63 31 223.799560547 1
63 31 225.537185669 1
63 31 225.540893555 1
63 31 225.727172852 1
63 31 225.729827881 1
63 31 225.910064697 1
63 31 226.116424561 1
63 31 226.137695312 1
63 31 226.732116699 1
63 31 227.025238037 1
63 31 227.507034302 1
63 31 227.640319824 1
63 31 227.650863647 1
63 31 228.025787354 1
63 31 228.114151001 1
63 31 228.131408691 1
63 31 228.850067139 1
63 31 229.247512817 1
63 31 230.126724243 1
63 31 230.44934082 1
63 31 231.491622925 1
63 31 231.503845215 1
63 31 231.830383301 1
63 31 232.204147339 1
63 31 232.243499756 1
63 31 232.428222656 1
63 31 232.440643311 1
63 31 233.234329224 1
63 31 233.290496826 1
63 31 233.7318573 1
63 31 233.989440918 1
63 31 233.994369507 1
63 31 234.078048706 1
63 31 234.486022949 1
63 31 234.731994629 1
63 31 234.967910767 1
63 31 235.749404907 1
63 31 236.636856079 1
63 31 237.536605835 1
63 31 237.765808105 1
63 31 238.068237305 1
63 31 238.218032837 1
63 31 238.305526733 1
63 31 238.378463745 1
63 31 239.186950684 1
63 31 239.204223633 1
63 31 239.600799561 1
63 31 239.672485352 1
63 31 239.83833313 1
63 31 239.931045532 1
63 31 240.498291016 1
63 31 240.560897827 1
63 31 240.694366455 1
63 31 241.039398193 1
63 31 241.524551392 1
63 31 241.531463623 1
63 31 242.303070068 1
63 31 243.254928589 1
63 31 243.31741333 1
63 31 243.826751709 1
63 31 244.006958008 1
63 31 244.255783081 1
63 31 244.363510132 1
63 31 244.779373169 1
63 31 245.236053467 1
63 31 245.467285156 1
63 31 246.010192871 1
63 31 246.011444092 1
63 31 246.438079834 1
63 31 246.946533203 1
63 31 247.426132202 1
63 31 247.903778076 1
63 31 247.903991699 1
63 31 248.038116455 1
63 31 248.524963379 1
63 31 249.0546875 1
63 31 249.318008423 1
63 31 250.313903809 1
63 31 250.534896851 1
63 31 251.015014648 1
63 31 252.706466675 1
63 31 252.93196106 1
63 31 253.24017334 1
63 31 253.769836426 1
63 31 253.908081055 1
63 31 254.417877197 1
63 31 254.488143921 1
63 31 254.618881226 1
63 31 255.610961914 1
63 31 255.954162598 1
63 31 256.312469482 1
63 31 256.835266113 1
63 31 257.140197754 1
63 31 257.215240479 1
63 31 257.297943115 1
63 31 257.903106689 1
63 31 259.009338379 1
63 31 259.058929443 1
63 31 259.243530273 1
63 31 260.460723877 1
63 31 261.700622559 1
63 31 262.344909668 1
63 31 262.632720947 1
63 31 264.03994751 1
63 31 264.483886719 1
63 31 264.650512695 1
63 31 265.156829834 1
63 31 265.198730469 1
63 31 266.3828125 1
63 31 266.671020508 1
63 31 267.068481445 1
63 31 267.295623779 1
63 31 268.148742676 1
63 31 268.651641846 1
63 31 268.826538086 1
63 31 269.418640137 1
63 31 270.341522217 1
63 31 270.761138916 1
63 31 272.689758301 1
63 31 272.724334717 1
63 31 273.335388184 1
63 31 273.647766113 1
63 31 274.442810059 1
63 31 274.579986572 1
63 31 275.2137146 1
63 31 275.941101074 1
63 31 276.382263184 1
63 31 278.514282227 1
63 31 278.64642334 1
63 31 278.966644287 1
63 31 279.15435791 1
63 31 279.22744751 1
63 31 279.666656494 1
63 31 279.937774658 1
63 31 280.353240967 1
63 31 280.508331299 1
63 31 280.987792969 1
63 31 281.127624512 1
63 31 281.759094238 1
63 31 281.897338867 1
63 31 282.342956543 1
63 31 283.891204834 1
63 31 283.946990967 1
63 31 284.888366699 1
63 31 285.579284668 1
63 31 286.364349365 1
63 31 286.816741943 1
63 31 287.404266357 1
63 31 287.816314697 1
63 31 288.180511475 1
63 31 288.243103027 1
63 31 288.374206543 1
63 31 289.37588501 1
63 31 291.59387207 1
63 31 292.806427002 1
63 31 293.201873779 1
63 31 293.788879395 1
63 31 294.361083984 1
63 31 294.491699219 1
63 31 295.225524902 1
63 31 295.389556885 1
63 31 295.544219971 1
63 31 297.391113281 1
63 31 297.696594238 1
63 31 298.850158691 1
63 31 298.920501709 1
63 31 300.191436768 1
63 31 300.505126953 1
63 31 301.412750244 1
63 31 302.361175537 1
63 31 302.599243164 1
63 31 302.80770874 1
63 31 303.144042969 1
63 31 303.166442871 1
63 31 303.209747314 1
63 31 306.222259521 1
63 31 306.294891357 1
63 31 307.370910645 1
63 31 309.193359375 1
63 31 309.928375244 1
63 31 310.685577393 1
63 31 310.881225586 1
63 31 313.845428467 1
63 31 314.131164551 1
63 31 314.944396973 1
63 31 315.862487793 1
63 31 316.1590271 1
63 31 316.408721924 1
63 31 317.264160156 1
63 31 317.496917725 1
63 31 317.796447754 1
63 31 318.544067383 1
63 31 320.728424072 1
63 31 321.022125244 1
63 31 322.951629639 1
63 31 323.019744873 1
63 31 323.853942871 1
63 31 324.406707764 1
63 31 325.619140625 1
63 31 325.820739746 1
63 31 328.027770996 1
63 31 328.040130615 1
63 31 328.589111328 1
63 31 328.872467041 1
63 31 330.034667969 1
63 31 331.449401855 1
63 31 332.908050537 1
63 31 333.332427979 1
63 31 334.021270752 1
63 31 335.74710083 1
63 31 338.897247314 1
63 31 339.595581055 1
63 31 342.556671143 1
63 31 344.096435547 1
63 31 345.487365723 1
63 31 345.861419678 1
63 31 348.599029541 1
63 31 348.694274902 1
63 31 349.747955322 1
63 31 349.842590332 1
63 31 352.52255249 1
63 31 354.091522217 1
63 31 355.710113525 1
63 31 355.900970459 1
63 31 356.456298828 1
63 31 356.990997314 1
63 31 359.452209473 1
63 31 359.886932373 1
63 31 360.498626709 1
63 31 362.505828857 1
63 31 363.500610352 1
63 31 364.743011475 1
63 31 367.625274658 1
63 31 369.46472168 1
63 31 370.981903076 1
63 31 371.635925293 1
63 31 372.566772461 1
63 31 372.600158691 1
63 31 373.515106201 1
63 31 374.47555542 1
63 31 376.69442749 1
63 31 376.712554932 1
63 31 377.019836426 1
63 31 378.485626221 1
63 31 378.695983887 1
63 31 380.21484375 1
63 31 388.874847412 1
63 31 391.292205811 1
63 31 394.477233887 1
63 31 394.667358398 1
63 31 396.523284912 1
63 31 399.637481689 1
63 31 400.049804688 1
63 31 401.5027771 1
63 31 401.790100098 1
63 31 402.300750732 1
63 31 404.73260498 1
63 31 406.232849121 1
63 31 406.837310791 1
63 31 408.32119751 1
63 31 410.567596436 1
63 31 411.302062988 1
63 31 413.238922119 1
63 31 413.691772461 1
63 31 417.623687744 1
63 31 418.452423096 1
63 31 418.474334717 1
63 31 421.182830811 1
63 31 426.574157715 1
63 31 426.802185059 1
63 31 427.466949463 1
63 31 430.133453369 1
63 31 430.141540527 1
63 31 430.799804688 1
63 31 431.475769043 1
63 31 434.146606445 1
63 31 434.724334717 1
63 31 436.958404541 1
63 31 437.202392578 1
63 31 439.790863037 1
63 31 441.901794434 1
63 31 449.014526367 1
63 31 450.36114502 1
63 31 453.315429688 1
63 31 461.977294922 1
63 31 470.002807617 1
63 31 473.255096436 1
63 31 476.517791748 1
63 31 477.31729126 1
63 31 480.353759766 1
63 31 487.324432373 1
63 31 489.766021729 1
63 31 490.635986328 1
63 31 497.594055176 1
63 31 503.68081665 1
63 31 507.093353271 1
63 31 508.83795166 1
63 31 511.925689697 1
63 31 512.809570312 1
63 31 514.110412598 1
63 31 514.801269531 1
63 31 519.766235352 1
63 31 522.260986328 1
63 31 527.432678223 1
63 31 528.582763672 1
63 31 539.469909668 1
63 31 541.149841309 1
63 31 545.873779297 1
63 31 547.201538086 1
63 31 549.305847168 1
63 31 560.837158203 1
63 31 571.143859863 1
63 31 577.236572266 1
63 31 590.42578125 1
63 31 594.151733398 1
63 31 594.153137207 1
63 31 597.636169434 1
63 31 599.266113281 1
63 31 599.720153809 1
63 31 602.023010254 1
63 31 604.319763184 1
63 31 606.604614258 1
63 31 611.607727051 1
63 31 628.016845703 1
63 31 638.52935791 1
63 31 643.844787598 1
63 31 654.975830078 1
63 31 658.312866211 1
63 31 670.904296875 1
63 31 693.831726074 1
63 31 699.098754883 1
63 31 704.960510254 1
63 31 718.324951172 1
63 31 719.691955566 1
63 31 725.928771973 1
63 31 730.895263672 1
63 31 735.058959961 1
63 31 738.445800781 1
63 31 743.742431641 1
63 31 755.10345459 1
63 31 804.204956055 1
63 31 824.158630371 1
63 31 853.174255371 1
63 31 870.044677734 1
63 31 874.639221191 1
63 31 914.255126953 1
63 31 957.89251709 1
63 31 958.918701172 1
63 31 1007.7399292 1
63 31 1079.72619629 1
63 31 1215.89880371 1
63 31 1230.18798828 1
63 31 1513.17932129 1
63 31 1637.74865723 1
63 31 1828.38330078 1
63 31 2181.0456543 1
63 32 185.248062134 1
63 32 187.200881958 1
63 32 189.77154541 1
63 32 196.346282959 1
63 32 198.39352417 1
63 32 199.825073242 1
63 32 200.495773315 1
63 32 200.535125732 1
63 32 202.912216187 1
63 32 205.025253296 1
63 32 205.49571228 1
63 32 210.177139282 1
63 32 210.563308716 1
63 32 210.938812256 1
63 32 211.16897583 1
63 32 211.625 1
63 32 211.747360229 1
63 32 212.700378418 1
63 32 213.116821289 1
63 32 213.770675659 1
63 32 215.578887939 1
63 32 217.534240723 1
63 32 217.682357788 1
63 32 218.739074707 1
63 32 219.222488403 1
63 32 219.930969238 1
63 32 220.279205322 1
63 32 221.675186157 1
63 32 221.801727295 1
63 32 223.795944214 1
63 32 224.141525269 1
63 32 226.626647949 1
63 32 227.18637085 1
63 32 230.721038818 1
63 32 230.962234497 1
63 32 231.396697998 1
63 32 231.599487305 1
63 32 231.953018188 1
63 32 231.983062744 1
63 32 232.341659546 1
63 32 236.763244629 1
63 32 237.856277466 1
63 32 238.028671265 1
63 32 239.874481201 1
63 32 240.126464844 1
63 32 241.981842041 1
63 32 242.239440918 1
63 32 242.526885986 1
63 32 242.767440796 1
63 32 243.07333374 1
63 32 243.795730591 1
63 32 243.804595947 1
63 32 243.955276489 1
63 32 244.785888672 1
63 32 246.290222168 1
63 32 247.39666748 1
63 32 247.617706299 1
63 32 247.776245117 1
63 32 248.169265747 1
63 32 248.417541504 1
63 32 249.344451904 1
63 32 249.655899048 1
63 32 250.705657959 1
63 32 250.72807312 1
63 32 251.635513306 1
63 32 252.142166138 1
63 32 252.330703735 1
63 32 253.320800781 1
63 32 253.336929321 1
63 32 253.877807617 1
63 32 255.030960083 1
63 32 255.288650513 1
63 32 256.418701172 1
63 32 256.622497559 1
63 32 258.400756836 1
63 32 258.987640381 1
63 32 260.519592285 1
63 32 260.658660889 1
63 32 261.83895874 1
63 32 261.993682861 1
63 32 262.734863281 1
63 32 263.438812256 1
63 32 264.057678223 1
63 32 264.871063232 1
63 32 264.914733887 1
63 32 265.743041992 1
63 32 265.846252441 1
63 32 266.119232178 1
63 32 266.474945068 1
63 32 266.593170166 1
63 32 268.202819824 1
63 32 269.15725708 1
63 32 269.675323486 1
63 32 272.048034668 1
63 32 273.793518066 1
63 32 274.475708008 1
63 32 274.60635376 1
63 32 275.141448975 1
63 32 275.502716064 1
63 32 277.504364014 1
63 32 278.157470703 1
63 32 278.311981201 1
63 32 278.571136475 1
63 32 278.645690918 1
63 32 279.303741455 1
63 32 280.666687012 1
63 32 280.736175537 1
63 32 281.033569336 1
63 32 281.168426514 1
63 32 281.549591064 1
63 32 281.84564209 1
63 32 282.290313721 1
63 32 283.137573242 1
63 32 283.548522949 1
63 32 283.912567139 1
63 32 285.772613525 1
63 32 286.130615234 1
63 32 286.263671875 1
63 32 286.606781006 1
63 32 287.927337646 1
63 32 288.080932617 1
63 32 288.120147705 1
63 32 288.785461426 1
63 32 289.20098877 1
63 32 290.241363525 1
63 32 290.263061523 1
63 32 291.053222656 1
63 32 291.274169922 1
63 32 291.45413208 1
63 32 292.730377197 1
63 32 293.274810791 1
63 32 293.644714355 1
63 32 293.786132812 1
63 32 295.052825928 1
63 32 295.436737061 1
63 32 296.012817383 1
63 32 298.038482666 1
63 32 298.650085449 1
63 32 298.961029053 1
63 32 299.273223877 1
63 32 299.569091797 1
63 32 302.365081787 1
63 32 303.472290039 1
63 32 304.097473145 1
63 32 304.903625488 1
63 32 305.798217773 1
63 32 306.812286377 1
63 32 306.854919434 1
63 32 306.942718506 1
63 32 308.282623291 1
63 32 308.671173096 1
63 32 309.601013184 1
63 32 310.341278076 1
63 32 310.967712402 1
63 32 311.168731689 1
63 32 312.147674561 1
63 32 312.246826172 1
63 32 314.353210449 1
63 32 314.529296875 1
63 32 315.898712158 1
63 32 319.016937256 1
63 32 322.447509766 1
63 32 322.54864502 1
63 32 323.537567139 1
63 32 325.16519165 1
63 32 325.188293457 1
63 32 328.242919922 1
63 32 328.431732178 1
63 32 334.232055664 1
63 32 334.869354248 1
63 32 335.218841553 1
63 32 335.250854492 1
63 32 336.267028809 1
63 32 336.645599365 1
63 32 337.201538086 1
63 32 338.497680664 1
63 32 338.849975586 1
63 32 339.038360596 1
63 32 339.313720703 1
63 32 340.438446045 1
63 32 340.809783936 1
63 32 341.179046631 1
63 32 347.753601074 1
63 32 348.505523682 1
63 32 349.993255615 1
63 32 351.689910889 1
63 32 351.800842285 1
63 32 354.19241333 1
63 32 356.194061279 1
63 32 357.310913086 1
63 32 360.671447754 1
63 32 363.560638428 1
63 32 368.256408691 1
63 32 368.452880859 1
63 32 368.455841064 1
63 32 369.189483643 1
63 32 370.27835083 1
63 32 370.777984619 1
63 32 374.578552246 1
63 32 374.895080566 1
63 32 382.406616211 1
63 32 385.207183838 1
63 32 387.16583252 1
63 32 387.272186279 1
63 32 390.188812256 1
63 32 390.785583496 1
63 32 393.5574646 1
63 32 395.383361816 1
63 32 395.834869385 1
63 32 396.543457031 1
63 32 397.08493042 1
63 32 398.73248291 1
63 32 400.833587646 1
63 32 405.959655762 1
63 32 406.797729492 1
63 32 412.113861084 1
63 32 417.933746338 1
63 32 421.984222412 1
63 32 423.724975586 1
63 32 426.354980469 1
63 32 429.478210449 1
63 32 430.197479248 1
63 32 431.148071289 1
63 32 433.051971436 1
63 32 438.876678467 1
63 32 444.89855957 1
63 32 451.591094971 1
63 32 452.671325684 1
63 32 454.47857666 1
63 32 457.637298584 1
63 32 457.880889893 1
63 32 459.726776123 1
63 32 471.623565674 1
63 32 472.270599365 1
63 32 477.011444092 1
63 32 477.453674316 1
63 32 484.685852051 1
63 32 488.976135254 1
63 32 489.924346924 1
63 32 493.863098145 1
63 32 496.749633789 1
63 32 499.197113037 1
63 32 516.479675293 1
63 32 519.483459473 1
63 32 520.415100098 1
63 32 522.556213379 1
63 32 524.084228516 1
63 32 524.404541016 1
63 32 525.102050781 1
63 32 526.833740234 1
63 32 530.902282715 1
63 32 532.487854004 1
63 32 534.304931641 1
63 32 534.854125977 1
63 32 536.062072754 1
63 32 549.898620605 1
63 32 559.790039062 1
63 32 560.269836426 1
63 32 562.063598633 1
63 32 562.97869873 1
63 32 564.971252441 1
63 32 566.564086914 1
63 32 568.722717285 1
63 32 570.46081543 1
63 32 580.567260742 1
63 32 580.894287109 1
63 32 588.232177734 1
63 32 589.89855957 1
63 32 592.083618164 1
63 32 597.47479248 1
63 32 597.693969727 1
63 32 600.920593262 1
63 32 622.009887695 1
63 32 631.308227539 1
63 32 639.400085449 1
63 32 663.301086426 1
63 32 703.83203125 1
63 32 706.082885742 1
63 32 710.361022949 1
63 32 713.455200195 1
63 32 746.462036133 1
63 32 755.440551758 1
63 32 761.156311035 1
63 32 788.194213867 1
63 32 841.136230469 1
63 32 856.608764648 1
63 32 885.392028809 1
63 32 958.424499512 1
63 32 1065.60656738 1
63 33 285.37701416 1
63 33 308.578369141 1
63 33 309.071044922 1
63 33 309.742523193 1
63 33 324.549499512 1
63 33 332.402252197 1
63 33 353.599060059 1
63 33 365.529663086 1
63 33 370.732299805 1
63 33 373.376556396 1
63 33 382.977172852 1
63 33 389.320465088 1
63 33 390.878570557 1
63 33 394.192840576 1
63 33 400.391021729 1
63 33 401.034057617 1
63 33 405.66607666 1
63 33 406.826507568 1
63 33 412.451477051 1
63 33 413.19128418 1
63 33 445.42956543 1
63 33 446.843231201 1
63 33 454.144805908 1
63 33 472.963043213 1
63 33 485.533477783 1
63 33 501.28894043 1
63 33 509.87701416 1
63 33 511.203613281 1
63 33 524.987548828 1
63 33 530.287597656 1
63 33 538.663513184 1
63 33 563.482543945 1
63 33 600.638793945 1
63 33 610.940612793 1
63 33 643.079772949 1
63 33 646.880371094 1
63 33 672.897827148 1
63 33 721.706604004 1
63 33 747.975708008 1
63 33 770.251831055 1
63 33 807.891540527 1
63 33 863.239624023 1
63 33 936.663024902 1
63 33 974.988647461 1
63 33 975.49798584 1
63 33 1099.9732666 1
63 34 450.874938965 1
63 34 502.945068359 1
63 34 516.547607422 1
63 34 533.644897461 1
63 34 553.585327148 1
63 34 591.793945312 1
63 34 669.698120117 1
63 34 740.954528809 1
63 34 873.953063965 1
63 34 945.326599121 1
63 35 526.752258301 1
64 23 1444.31640625 1
64 24 1596.04467773 1
64 25 1289.32946777 1
64 25 1382.4395752 1
64 25 1504.20629883 1
64 26 1048.30615234 1
64 26 1425.41149902 1
64 26 2304.95922852 1
64 27 773.207458496 1
64 27 850.526184082 1
64 27 993.64276123 1
64 27 1008.33587646 1
64 27 1112.26135254 1
64 27 1897.51635742 1
64 28 790.52557373 1
64 28 852.024658203 1
64 28 922.354003906 1
64 28 943.097351074 1
64 28 996.889038086 1
64 28 1000.75366211 1
64 28 1146.2442627 1
64 28 1510.95690918 1
64 29 736.790893555 1
64 29 740.976318359 1
64 29 824.294372559 1
64 29 882.648254395 1
64 29 885.29699707 1
64 29 1010.75909424 1
64 29 1054.56628418 1
64 29 1248.35693359 1
64 29 1334.42431641 1
64 29 1744.29797363 1
64 30 623.044006348 1
64 30 640.782836914 1
64 30 653.1328125 1
64 30 736.822692871 1
64 30 752.979980469 1
64 30 795.979553223 1
64 30 858.530151367 1
64 30 878.785339355 1
64 30 1059.98327637 1
64 30 1089.91796875 1
64 30 1158.81469727 1
64 30 1159.4822998 1
64 30 1198.99243164 1
64 30 1750.49377441 1
64 31 706.113830566 1
64 31 849.172363281 1
64 31 859.686828613 1
64 31 902.828613281 1
64 31 987.050598145 1
64 31 1076.83898926 1
64 31 1642.55041504 1
64 31 2444.37915039 1
64 32 796.103393555 1
64 32 821.056945801 1
64 32 943.282104492 1
64 32 1050.10681152 1
64 32 1103.53271484 1
64 32 1110.04040527 1
64 32 1249.81408691 1
64 32 1327.29626465 1
64 32 1618.75878906 1
64 33 820.108886719 1
64 33 989.265319824 1
64 33 1128.17407227 1
64 33 1250.47033691 1
64 33 1448.07397461 1
64 33 1706.91699219 1
64 33 1902.29614258 1
64 34 824.878112793 1
64 34 908.074829102 1
65 25 2420.61499023 1
69 20 2398.81445312 1
69 29 1370.92785645 1
69 30 1675.48498535 1
70 24 966.564697266 1
70 24 2275.94262695 1
70 25 1160.30444336 1
70 25 1178.10949707 1
70 25 1593.53796387 1
70 26 787.047302246 1
70 26 852.280456543 1
70 26 854.944641113 1
70 26 872.490966797 1
70 26 977.942932129 1
70 26 978.641906738 1
70 26 1021.57324219 1
70 26 1083.60217285 1
70 26 1291.83239746 1
70 27 715.033203125 1
70 27 797.132568359 1
70 27 798.81072998 1
70 27 839.454101562 1
70 27 870.296325684 1
70 27 1030.92785645 1
70 27 1521.82507324 1
70 28 684.07611084 1
70 28 685.635314941 1
70 28 740.597045898 1
70 28 918.079589844 1
70 28 957.804748535 1
70 28 1066.92114258 1
70 28 1115.06921387 1
70 28 1117.91809082 1
70 28 1197.43603516 1
70 28 1444.56616211 1
70 28 1747.74365234 1
70 29 675.519775391 1
70 29 732.361755371 1
70 29 738.116210938 1
70 29 771.579284668 1
70 29 779.056213379 1
70 29 791.373474121 1
70 29 795.156555176 1
70 29 795.372436523 1
70 29 839.757385254 1
70 29 1029.77368164 1
70 29 1044.24560547 1
70 29 1080.13684082 1
70 29 1108.46740723 1
70 29 1169.28625488 1
70 29 2244.67700195 1
70 30 695.44543457 1
70 30 775.697875977 1
70 30 813.570983887 1
70 30 815.946289062 1
70 30 916.67376709 1
70 30 965.601135254 1
70 30 1072.84680176 1
70 30 1084.10961914 1
70 30 1097.71044922 1
70 30 1278.22644043 1
70 30 1605.62414551 1
70 30 2009.05419922 1
70 31 856.693359375 1
70 31 1048.92871094 1
70 32 974.638549805 1
70 33 1108.15734863 1
71 20 1983.97131348 1
71 21 1433.20495605 1
71 23 1069.65136719 1
71 24 1513.59179688 1
71 24 1776.81469727 1
71 25 1333.32226562 1
71 26 804.707885742 1
71 26 882.025817871 1
71 26 965.80859375 1
71 26 1114.35058594 1
71 26 1192.43493652 1
71 26 1309.92773438 1
71 26 1340.80383301 1
71 27 702.050720215 1
71 27 775.149047852 1
71 27 785.992553711 1
71 27 870.566040039 1
71 27 891.340759277 1
71 27 895.450744629 1
71 27 898.57043457 1
71 27 928.097045898 1
71 27 1023.03613281 1
71 27 1452.7421875 1
71 27 3477.67626953 1
71 28 687.895385742 1
71 28 725.50958252 1
71 28 761.712158203 1
71 28 828.163146973 1
71 28 853.573120117 1
71 28 1177.23510742 1
71 28 1433.88037109 1
71 28 2072.42114258 1
71 29 679.410888672 1
71 29 735.211547852 1
71 29 735.729187012 1
71 29 746.068969727 1
71 29 752.684204102 1
71 29 756.723571777 1
71 29 776.605895996 1
71 29 885.094970703 1
71 29 925.491882324 1
71 29 931.48248291 1
71 29 963.108276367 1
71 29 994.018798828 1
71 29 1000.55584717 1
71 29 1009.82232666 1
71 29 1039.47351074 1
71 29 1109.85620117 1
71 29 1112.18652344 1
71 29 1300.16088867 1
71 29 1419.99633789 1
71 29 1648.50390625 1
71 30 661.389343262 1
71 30 753.669799805 1
71 30 823.842346191 1
71 30 944.709594727 1
71 30 1002.3380127 1
71 30 1480.05212402 1
71 30 1736.35949707 1
71 30 2045.3215332 1
71 31 819.599914551 1
71 31 1278.29125977 1
71 31 1310.22680664 1
71 31 1449.83312988 1
71 31 1728.09765625 1
72 30 1454.42590332 1
77 27 1261.44689941 1
77 29 1405.31689453 1
77 30 2415.03417969 1
78 21 3047.95727539 1
78 30 2325.13085938 1
