string dom time hits
43 29 1822.36193848 1
44 28 1669.97033691 1
45 29 1285.11022949 1
46 29 1670.78979492 1
53 24 2582.79418945 1
53 28 1180.14697266 1
53 29 1551.4083252 1
54 23 1107.42651367 1
54 24 894.027709961 1
54 24 1716.34423828 1
54 25 1380.49438477 1
54 26 892.028625488 1
54 26 919.642456055 1
54 26 967.535888672 1
54 26 1249.58569336 1
54 26 1280.80065918 1
54 26 1376.7043457 1
54 26 2105.1171875 1
54 27 740.913818359 1
54 27 745.36126709 1
54 27 749.668518066 1
54 27 791.286071777 1
54 27 802.925842285 1
54 27 949.472412109 1
54 27 1149.93945312 1
54 27 1159.17553711 1
54 28 694.463867188 1
54 28 719.600402832 1
54 28 760.983764648 1
54 28 772.219299316 1
54 28 816.357116699 1
54 28 824.123596191 1
54 28 1032.34594727 1
54 28 1126.1048584 1
54 28 1185.55114746 1
54 28 1217.10070801 1
54 28 1765.0189209 1
54 29 767.779174805 1
54 29 820.03692627 1
54 29 826.053894043 1
54 29 880.152404785 1
54 29 1020.00457764 1
54 29 1030.30151367 1
54 29 1059.76269531 1
54 29 1294.00561523 1
54 29 1898.9152832 1
54 30 751.555725098 1
54 30 827.876708984 1
54 30 1122.72924805 1
54 30 1147.87207031 1
54 30 1174.35205078 1
54 30 1354.01721191 1
54 31 641.524841309 1
54 31 854.539978027 1
54 31 957.660339355 1
54 31 979.281311035 1
54 31 986.850036621 1
55 19 2014.40454102 1
55 20 1265.50231934 1
55 23 1198.60107422 1
55 23 2165.0090332 1
55 24 1009.70092773 1
55 26 829.897033691 1
55 26 879.308166504 1
55 26 889.832275391 1
55 26 948.63470459 1
55 26 1176.66455078 1
55 27 685.16217041 1
55 27 710.860107422 1
55 27 766.309204102 1
55 27 769.510803223 1
55 27 879.714782715 1
55 28 661.28527832 1
55 28 733.086853027 1
55 28 738.81640625 1
55 28 763.934265137 1
55 28 786.062866211 1
55 28 790.77545166 1
55 28 829.757507324 1
55 28 871.806213379 1
55 28 1071.98278809 1
55 28 1130.95092773 1
55 28 1856.53491211 1
55 29 648.829467773 1
55 29 719.991455078 1
55 29 749.113098145 1
55 29 807.209533691 1
55 29 813.531494141 1
55 29 864.92779541 1
55 29 2107.71923828 1
55 30 641.232910156 1
55 30 970.11932373 1
55 30 1403.1048584 1
55 30 1747.06225586 1
55 31 636.478820801 1
55 31 867.36126709 1
55 31 1154.56774902 1
55 31 1190.94274902 1
55 31 1811.43200684 1
55 32 787.816101074 1
56 27 1339.75854492 1
56 30 1269.33862305 1
61 27 2053.68505859 1
62 23 1206.42810059 1
62 24 1048.96386719 1
62 24 1111.74633789 1
62 24 1793.82348633 1
62 25 969.141967773 1
62 26 792.952575684 1
62 26 803.835449219 1
62 26 821.527648926 1
62 26 885.110778809 1
62 26 947.839172363 1
62 26 976.21887207 1
62 26 1118.73461914 1
62 26 1122.21057129 1
62 26 1419.53173828 1
62 26 1892.11047363 1
62 27 750.847595215 1
62 27 857.600646973 1
62 27 896.320922852 1
62 27 911.477783203 1
62 28 704.852172852 1
62 28 872.567687988 1
62 28 949.942199707 1
62 28 1084.04650879 1
62 28 1193.3548584 1
62 28 1347.85888672 1
62 28 2201.53637695 1
62 28 2785.59277344 1
62 29 657.561096191 1
62 29 708.163818359 1
62 29 712.077148438 1
62 29 735.172424316 1
62 29 837.509277344 1
62 29 1063.17407227 1
62 29 1065.3182373 1
62 29 1110.56445312 1
62 29 1370.91503906 1
62 29 1380.9732666 1
62 29 1385.31469727 1
62 29 1599.3605957 1
62 30 720.517028809 1
62 30 776.592346191 1
62 30 932.754821777 1
62 30 1212.82116699 1
62 31 822.137695312 1
62 31 963.59185791 1
62 31 1164.76525879 1
63 18 1989.47790527 1
63 19 1217.61462402 1
63 19 1876.78515625 1
63 19 2442.74926758 1
63 21 762.204650879 1
63 22 755.741699219 1
63 22 1079.69482422 1
63 22 1108.26806641 1
63 22 1489.05517578 1
63 22 2146.81787109 1
63 23 678.799865723 1
63 23 680.807189941 1
63 23 705.339294434 1
63 23 706.993774414 1
63 23 773.606750488 1
63 23 796.283630371 1
63 23 992.970214844 1
63 23 1011.00030518 1
63 23 1451.5065918 1
63 23 1932.66748047 1
63 24 539.651367188 1
63 24 553.183654785 1
63 24 576.507324219 1
63 24 595.428955078 1
63 24 598.755004883 1
63 24 602.09765625 1
63 24 605.844726562 1
63 24 609.817504883 1
63 24 637.512878418 1
63 24 648.697143555 1
63 24 650.59552002 1
63 24 654.995483398 1
63 24 674.856079102 1
63 24 701.221374512 1
63 24 702.803283691 1
63 24 743.063171387 1
63 24 755.073669434 1
63 24 759.799499512 1
63 24 792.703552246 1
63 24 808.920410156 1
63 24 920.517822266 1
63 24 928.493408203 1
63 24 975.839660645 1
63 24 997.032470703 1
63 24 1062.13977051 1
63 24 1231.63793945 1
63 24 1262.36682129 1
63 24 1554.40612793 1
63 25 437.774383545 1
63 25 451.847595215 1
63 25 453.482727051 1
63 25 455.981201172 1
63 25 463.839508057 1
63 25 464.138153076 1
63 25 468.557373047 1
63 25 468.780456543 1
63 25 471.948242188 1
63 25 489.066436768 1
63 25 503.159179688 1
63 25 507.165740967 1
63 25 515.462524414 1
63 25 520.883666992 1
63 25 525.455627441 1
63 25 526.336669922 1
63 25 537.051757812 1
63 25 544.486572266 1
63 25 545.733215332 1
63 25 548.848815918 1
63 25 557.175109863 1
63 25 570.349121094 1
63 25 594.347900391 1
63 25 610.778442383 1
63 25 631.839172363 1
63 25 636.842346191 1
63 25 641.423156738 1
63 25 649.837158203 1
63 25 656.019836426 1
63 25 659.853088379 1
63 25 701.615539551 1
63 25 717.130432129 1
63 25 717.266235352 1
63 25 738.723510742 1
63 25 746.395996094 1
63 25 750.650817871 1
63 25 754.163757324 1
63 25 865.120544434 1
63 25 883.034667969 1
63 25 902.01751709 1
63 25 922.278137207 1
63 25 1019.86956787 1
63 25 1044.77502441 1
63 25 1226.15197754 1
63 25 1275.49609375 1
63 25 1549.14807129 1
63 25 1781.63134766 1
63 26 331.084472656 1
63 26 332.229217529 1
63 26 335.551147461 1
63 26 337.458068848 1
63 26 339.528106689 1
63 26 340.341400146 1
63 26 342.602844238 1
63 26 344.417297363 1
63 26 348.829040527 1
63 26 348.905395508 1
63 26 349.217529297 1
63 26 349.591033936 1
63 26 349.66104126 1
63 26 352.795288086 1
63 26 354.05682373 1
63 26 356.027893066 1
63 26 357.005401611 1
63 26 357.592559814 1
63 26 358.51449585 1
63 26 359.3984375 1
63 26 359.816314697 1
63 26 360.353302002 1
63 26 360.716156006 1
63 26 360.727050781 1
63 26 360.833679199 1
63 26 364.143280029 1
63 26 365.235717773 1
63 26 367.145904541 1
63 26 368.384033203 1
63 26 368.737884521 1
63 26 369.697601318 1
63 26 375.39553833 1
63 26 375.447174072 1
63 26 377.35760498 1
63 26 379.179962158 1
63 26 380.068115234 1
63 26 380.427246094 1
63 26 381.771820068 1
63 26 382.470245361 1
63 26 382.883666992 1
63 26 384.798583984 1
63 26 387.779266357 1
63 26 391.480255127 1
63 26 392.196960449 1
63 26 392.352874756 1
63 26 393.77456665 1
63 26 396.150024414 1
63 26 401.335784912 1
63 26 401.814727783 1
63 26 403.74420166 1
63 26 409.815856934 1
63 26 413.674560547 1
63 26 414.343017578 1
63 26 414.632232666 1
63 26 417.595001221 1
63 26 425.633453369 1
63 26 426.615386963 1
63 26 427.286804199 1
63 26 427.414154053 1
63 26 427.63458252 1
63 26 427.969207764 1
63 26 432.149108887 1
63 26 432.931762695 1
63 26 433.180206299 1
63 26 433.575439453 1
63 26 435.831726074 1
63 26 436.320861816 1
63 26 438.318725586 1
63 26 440.688446045 1
63 26 443.476898193 1
63 26 446.631988525 1
63 26 446.998016357 1
63 26 449.556030273 1
63 26 456.130493164 1
63 26 460.794342041 1
63 26 461.223388672 1
63 26 469.092834473 1
63 26 469.899200439 1
63 26 470.723846436 1
63 26 476.148620605 1
63 26 477.805755615 1
63 26 480.196594238 1
63 26 480.768707275 1
63 26 480.879455566 1
63 26 480.982116699 1
63 26 487.356445312 1
63 26 487.448608398 1
63 26 487.591705322 1
63 26 489.73248291 1
63 26 489.898193359 1
63 26 490.91809082 1
63 26 494.443389893 1
63 26 497.962310791 1
63 26 512.530151367 1
63 26 512.735900879 1
63 26 518.269104004 1
63 26 520.627807617 1
63 26 521.132507324 1
63 26 523.909667969 1
63 26 529.031921387 1
63 26 532.65057373 1
63 26 546.951416016 1
63 26 547.38092041 1
63 26 557.038452148 1
63 26 560.673522949 1
63 26 561.799804688 1
63 26 563.770324707 1
63 26 565.240844727 1
63 26 588.103637695 1
63 26 600.413696289 1
63 26 616.917175293 1
63 26 619.433044434 1
63 26 632.340759277 1
63 26 633.736694336 1
63 26 645.867370605 1
63 26 651.201782227 1
63 26 652.399414062 1
63 26 662.827819824 1
63 26 679.278198242 1
63 26 690.33380127 1
63 26 707.901611328 1
63 26 716.131286621 1
63 26 721.884887695 1
63 26 735.350402832 1
63 26 739.544128418 1
63 26 776.21472168 1
63 26 820.411987305 1
63 26 830.789001465 1
63 26 838.964355469 1
63 26 880.626342773 1
63 26 897.834533691 1
63 26 947.083740234 1
63 26 969.629150391 1
63 26 1069.14025879 1
63 26 1091.75085449 1
63 26 1103.3729248 1
63 26 1112.91833496 1
63 26 1157.47290039 1
63 26 1488.5189209 1
63 26 1664.63134766 1
63 27 240.723464966 1
63 27 247.065841675 1
63 27 248.338684082 1
63 27 248.997802734 1
63 27 249.919296265 1
63 27 250.040908813 1
63 27 250.393447876 1
63 27 251.136291504 1
63 27 252.340240479 1
63 27 253.548431396 1
63 27 253.835525513 1
63 27 254.08001709 1
63 27 254.086151123 1
63 27 254.203781128 1
63 27 254.809570312 1
63 27 254.844573975 1
63 27 255.124481201 1
63 27 255.425598145 1
63 27 255.637268066 1
63 27 256.446044922 1
63 27 256.743591309 1
63 27 257.016693115 1
63 27 257.166595459 1
63 27 257.247406006 1
63 27 257.552276611 1
63 27 257.661987305 1
63 27 257.848754883 1
63 27 258.008636475 1
63 27 258.253540039 1
63 27 258.478942871 1
63 27 258.944519043 1
63 27 259.492401123 1
63 27 259.566009521 1
63 27 260.116668701 1
63 27 260.584075928 1
63 27 261.33303833 1
63 27 261.611358643 1
63 27 261.615692139 1
63 27 262.106842041 1
63 27 262.323913574 1
63 27 263.165710449 1
63 27 263.331390381 1
63 27 263.584716797 1
63 27 263.816986084 1
63 27 263.85723877 1
63 27 264.577301025 1
63 27 264.64251709 1
63 27 264.883544922 1
63 27 265.133514404 1
63 27 265.395629883 1
63 27 265.442504883 1
63 27 265.495361328 1
63 27 266.384063721 1
63 27 266.564758301 1
63 27 267.588287354 1
63 27 267.655303955 1
63 27 267.971740723 1
63 27 268.12600708 1
63 27 268.310241699 1
63 27 268.326843262 1
63 27 268.885345459 1
63 27 269.427581787 1
63 27 269.758453369 1
63 27 269.802581787 1
63 27 269.9609375 1
63 27 270.064910889 1
63 27 270.172454834 1
63 27 270.234924316 1
63 27 270.774871826 1
63 27 270.867767334 1
63 27 271.677886963 1
63 27 271.942016602 1
63 27 272.828125 1
63 27 272.898590088 1
63 27 273.517333984 1
63 27 273.696472168 1
63 27 275.168701172 1
63 27 275.330749512 1
63 27 275.345672607 1
63 27 276.03692627 1
63 27 276.151275635 1
63 27 276.262451172 1
63 27 276.80682373 1
63 27 276.807250977 1
63 27 276.81942749 1
63 27 277.379180908 1
63 27 277.432769775 1
63 27 277.549224854 1
63 27 278.358612061 1
63 27 278.750671387 1
63 27 278.978240967 1
63 27 280.769989014 1
63 27 280.836669922 1
63 27 281.806976318 1
63 27 281.852325439 1
63 27 281.877868652 1
63 27 281.950012207 1
63 27 282.130340576 1
63 27 282.143615723 1
63 27 282.537811279 1
63 27 282.547790527 1
63 27 282.557220459 1
63 27 282.828094482 1
63 27 282.928619385 1
63 27 284.073242188 1
63 27 285.10559082 1
63 27 285.201751709 1
63 27 287.08215332 1
63 27 287.798950195 1
63 27 287.805175781 1
63 27 287.99887085 1
63 27 288.096038818 1
63 27 288.262451172 1
63 27 289.598999023 1
63 27 289.89276123 1
63 27 289.981323242 1
63 27 291.001342773 1
63 27 291.227813721 1
63 27 291.661804199 1
63 27 292.022949219 1
63 27 292.35357666 1
63 27 293.132843018 1
63 27 293.382476807 1
63 27 294.668395996 1
63 27 294.835449219 1
63 27 294.995178223 1
63 27 295.225128174 1
63 27 296.820648193 1
63 27 297.191589355 1
63 27 297.494506836 1
63 27 298.068847656 1
63 27 298.176696777 1
63 27 298.367919922 1
63 27 298.932556152 1
63 27 299.13104248 1
63 27 299.132507324 1
63 27 299.311553955 1
63 27 299.536621094 1
63 27 299.588653564 1
63 27 300.030670166 1
63 27 300.739105225 1
63 27 301.038726807 1
63 27 301.777893066 1
63 27 302.598114014 1
63 27 302.860015869 1
63 27 303.763977051 1
63 27 304.206359863 1
63 27 304.207397461 1
63 27 304.543884277 1
63 27 304.544219971 1
63 27 304.830932617 1
63 27 305.198638916 1
63 27 305.94430542 1
63 27 306.232452393 1
63 27 306.685058594 1
63 27 307.32635498 1
63 27 308.109863281 1
63 27 308.161590576 1
63 27 308.291137695 1
63 27 309.421142578 1
63 27 310.742156982 1
63 27 310.813323975 1
63 27 313.78616333 1
63 27 314.216766357 1
63 27 315.406829834 1
63 27 315.909637451 1
63 27 316.210357666 1
63 27 317.783111572 1
63 27 317.96887207 1
63 27 318.767242432 1
63 27 319.056335449 1
63 27 319.329437256 1
63 27 319.499084473 1
63 27 321.968536377 1
63 27 322.156768799 1
63 27 322.298065186 1
63 27 323.534973145 1
63 27 324.114959717 1
63 27 324.237213135 1
63 27 324.819732666 1
63 27 326.144104004 1
63 27 326.211517334 1
63 27 328.190246582 1
63 27 330.100097656 1
63 27 330.351196289 1
63 27 330.50958252 1
63 27 331.019348145 1
63 27 331.398712158 1
63 27 331.446868896 1
63 27 332.800994873 1
63 27 333.153198242 1
63 27 335.197052002 1
63 27 335.605407715 1
63 27 336.490356445 1
63 27 337.051879883 1
63 27 337.119598389 1
63 27 338.54284668 1
63 27 343.732696533 1
63 27 345.02911377 1
63 27 347.162567139 1
63 27 349.032104492 1
63 27 349.717254639 1
63 27 349.780334473 1
63 27 349.924102783 1
63 27 352.685089111 1
63 27 354.019744873 1
63 27 354.136810303 1
63 27 354.787658691 1
63 27 355.601226807 1
63 27 356.711914062 1
63 27 358.215270996 1
63 27 361.600341797 1
63 27 362.766143799 1
63 27 363.027282715 1
63 27 365.567687988 1
63 27 366.075622559 1
63 27 367.050750732 1
63 27 378.306488037 1
63 27 378.845916748 1
63 27 383.844451904 1
63 27 385.558929443 1
63 27 394.075042725 1
63 27 398.369384766 1
63 27 398.610900879 1
63 27 399.407012939 1
63 27 400.946868896 1
63 27 403.333068848 1
63 27 405.120513916 1
63 27 405.442199707 1
63 27 407.405212402 1
63 27 415.37298584 1
63 27 415.816375732 1
63 27 420.262207031 1
63 27 425.009399414 1
63 27 425.442230225 1
63 27 428.531036377 1
63 27 434.558013916 1
63 27 444.310028076 1
63 27 444.609130859 1
63 27 450.185424805 1
63 27 453.755767822 1
63 27 456.24017334 1
63 27 459.58996582 1
63 27 463.601409912 1
63 27 468.925415039 1
63 27 475.783813477 1
63 27 482.023406982 1
63 27 483.202758789 1
63 27 483.491607666 1
63 27 485.331970215 1
63 27 497.417694092 1
63 27 530.503051758 1
63 27 534.078369141 1
63 27 537.217163086 1
63 27 547.009521484 1
63 27 555.082885742 1
63 27 559.743225098 1
63 27 574.159179688 1
63 27 580.374328613 1
63 27 589.608093262 1
63 27 592.286437988 1
63 27 601.437683105 1
63 27 609.937866211 1
63 27 620.916931152 1
63 27 627.693847656 1
63 27 631.888305664 1
63 27 635.469726562 1
63 27 647.948913574 1
63 27 656.573974609 1
63 27 683.239074707 1
63 27 711.148681641 1
63 27 739.567016602 1
63 27 756.546936035 1
63 27 847.874633789 1
63 27 875.27746582 1
63 27 908.120666504 1
63 27 952.913208008 1
63 27 975.913452148 1
63 27 1044.68579102 1
63 27 1210.33764648 1
63 27 1364.14001465 1
63 27 1367.4855957 1
63 27 1494.68041992 1
63 27 1503.04711914 1
63 28 157.476379395 1
63 28 159.947906494 1
63 28 160.25151062 1
63 28 160.743301392 1
63 28 162.121520996 1
63 28 163.700286865 1
63 28 163.864807129 1
63 28 164.092803955 1
63 28 164.209014893 1
63 28 164.232467651 1
63 28 164.242416382 1
63 28 164.394439697 1
63 28 164.791015625 1
63 28 165.124038696 1
63 28 165.183364868 1
63 28 165.196838379 1
63 28 166.20223999 1
63 28 166.503799438 1
63 28 166.702926636 1
63 28 167.064147949 1
63 28 167.186599731 1
63 28 167.24911499 1
63 28 167.720657349 1
63 28 168.281524658 1
63 28 168.861068726 1
63 28 168.977203369 1
63 28 169.00630188 1
63 28 169.370559692 1
63 28 169.430084229 1
63 28 169.455627441 1
63 28 169.49156189 1
63 28 169.603179932 1
63 28 169.705535889 1
63 28 169.860641479 1
63 28 169.873397827 1
63 28 169.881210327 1
63 28 170.076416016 1
63 28 170.170791626 1
63 28 170.283966064 1
63 28 170.464828491 1
63 28 170.468460083 1
63 28 170.545227051 1
63 28 170.573974609 1
63 28 170.624557495 1
63 28 170.637084961 1
63 28 170.930358887 1
63 28 170.947906494 1
63 28 170.972824097 1
63 28 171.013122559 1
63 28 171.287063599 1
63 28 171.420806885 1
63 28 171.450561523 1
63 28 171.482177734 1
63 28 171.616607666 1
63 28 171.641647339 1
63 28 171.669555664 1
63 28 171.705062866 1
63 28 171.769332886 1
63 28 171.788482666 1
63 28 171.836883545 1
63 28 171.938873291 1
63 28 172.143234253 1
63 28 172.192657471 1
63 28 172.339828491 1
63 28 172.492904663 1
63 28 172.517044067 1
63 28 172.875106812 1
63 28 173.183456421 1
63 28 173.210388184 1
63 28 173.260025024 1
63 28 173.432525635 1
63 28 173.476287842 1
63 28 173.498565674 1
63 28 173.57019043 1
63 28 173.659362793 1
63 28 173.696350098 1
63 28 173.799545288 1
63 28 173.902252197 1
63 28 173.916351318 1
63 28 173.93270874 1
63 28 174.058013916 1
63 28 174.114593506 1
63 28 174.14024353 1
63 28 174.143325806 1
63 28 174.266906738 1
63 28 174.369277954 1
63 28 174.413833618 1
63 28 174.511154175 1
63 28 174.590560913 1
63 28 174.741271973 1
63 28 174.762176514 1
63 28 174.802536011 1
63 28 174.871398926 1
63 28 175.004211426 1
63 28 175.008468628 1
63 28 175.009506226 1
63 28 175.01512146 1
63 28 175.051391602 1
63 28 175.097640991 1
63 28 175.394256592 1
63 28 175.517105103 1
63 28 175.685852051 1
63 28 175.768386841 1
63 28 175.78338623 1
63 28 175.984359741 1
63 28 176.051147461 1
63 28 176.242507935 1
63 28 176.338821411 1
63 28 176.356964111 1
63 28 176.468078613 1
63 28 176.485321045 1
63 28 176.558502197 1
63 28 176.599121094 1
63 28 176.726119995 1
63 28 176.741119385 1
63 28 176.861572266 1
63 28 176.924255371 1
63 28 177.038375854 1
63 28 177.041519165 1
63 28 177.293670654 1
63 28 177.310409546 1
63 28 177.364227295 1
63 28 177.373428345 1
63 28 177.485061646 1
63 28 177.500061035 1
63 28 177.502929688 1
63 28 177.538146973 1
63 28 177.580108643 1
63 28 177.855056763 1
63 28 177.911407471 1
63 28 177.911453247 1
63 28 178.100952148 1
63 28 178.156356812 1
63 28 178.209289551 1
63 28 178.307006836 1
63 28 178.364501953 1
63 28 178.396133423 1
63 28 178.408538818 1
63 28 178.546051025 1
63 28 178.644226074 1
63 28 178.808807373 1
63 28 178.965713501 1
63 28 179.134567261 1
63 28 179.30229187 1
63 28 179.399368286 1
63 28 179.496063232 1
63 28 179.604034424 1
63 28 179.605987549 1
63 28 179.643951416 1
63 28 179.649887085 1
63 28 179.913024902 1
63 28 180.092224121 1
63 28 180.117660522 1
63 28 180.203857422 1
63 28 180.388656616 1
63 28 180.506256104 1
63 28 180.729797363 1
63 28 180.731674194 1
63 28 180.870773315 1
63 28 180.898651123 1
63 28 180.96484375 1
63 28 180.991470337 1
63 28 181.048034668 1
63 28 181.234298706 1
63 28 181.249832153 1
63 28 181.257492065 1
63 28 181.331665039 1
63 28 181.589385986 1
63 28 181.699188232 1
63 28 181.754104614 1
63 28 181.7734375 1
63 28 181.903076172 1
63 28 181.920639038 1
63 28 181.984802246 1
63 28 182.030273438 1
63 28 182.030822754 1
63 28 182.031906128 1
63 28 182.161239624 1
63 28 182.250869751 1
63 28 182.412322998 1
63 28 182.41746521 1
63 28 182.452865601 1
63 28 182.454406738 1
63 28 182.499465942 1
63 28 182.558151245 1
63 28 182.697296143 1
63 28 182.984329224 1
63 28 183.020996094 1
63 28 183.045608521 1
63 28 183.118392944 1
63 28 183.151947021 1
63 28 183.287185669 1
63 28 183.370346069 1
63 28 183.455963135 1
63 28 183.511657715 1
63 28 183.516525269 1
63 28 183.761947632 1
63 28 183.837219238 1
63 28 184.002212524 1
63 28 184.185424805 1
63 28 184.19190979 1
63 28 184.251953125 1
63 28 184.467849731 1
63 28 184.717941284 1
63 28 184.768157959 1
63 28 184.816741943 1
63 28 185.095733643 1
63 28 185.159683228 1
63 28 185.307891846 1
63 28 185.412689209 1
63 28 185.446273804 1
63 28 185.646453857 1
63 28 185.773223877 1
63 28 185.788192749 1
63 28 185.878952026 1
63 28 186.002075195 1
63 28 186.020675659 1
63 28 186.058227539 1
63 28 186.193756104 1
63 28 186.265594482 1
63 28 186.297134399 1
63 28 186.321273804 1
63 28 186.476272583 1
63 28 186.479705811 1
63 28 186.505233765 1
63 28 186.759597778 1
63 28 186.897888184 1
63 28 187.061401367 1
63 28 187.113647461 1
63 28 187.264785767 1
63 28 187.287994385 1
63 28 187.479568481 1
63 28 187.532211304 1
63 28 187.598114014 1
63 28 187.722717285 1
63 28 188.040802002 1
63 28 188.119125366 1
63 28 188.229797363 1
63 28 188.35395813 1
63 28 188.368087769 1
63 28 188.439910889 1
63 28 188.581970215 1
63 28 188.588241577 1
63 28 188.608230591 1
63 28 188.829299927 1
63 28 189.311920166 1
63 28 189.313522339 1
63 28 189.39743042 1
63 28 189.545120239 1
63 28 189.55708313 1
63 28 189.648605347 1
63 28 189.648986816 1
63 28 189.923477173 1
63 28 189.997695923 1
63 28 190.068466187 1
63 28 190.072433472 1
63 28 190.076980591 1
63 28 190.210739136 1
63 28 190.225479126 1
63 28 190.761444092 1
63 28 190.782516479 1
63 28 190.837249756 1
63 28 191.059341431 1
63 28 191.084732056 1
63 28 191.255783081 1
63 28 191.319503784 1
63 28 191.374313354 1
63 28 191.562942505 1
63 28 191.666183472 1
63 28 191.855178833 1
63 28 191.994232178 1
63 28 191.996948242 1
63 28 192.007919312 1
63 28 192.074203491 1
63 28 192.592681885 1
63 28 192.75579834 1
63 28 193.066726685 1
63 28 193.144622803 1
63 28 193.423156738 1
63 28 193.542816162 1
63 28 193.77166748 1
63 28 194.134002686 1
63 28 194.145690918 1
63 28 194.157592773 1
63 28 194.329299927 1
63 28 194.452774048 1
63 28 194.536331177 1
63 28 194.798080444 1
63 28 194.841812134 1
63 28 195.398651123 1
63 28 195.469345093 1
63 28 195.97795105 1
63 28 196.082519531 1
63 28 196.126754761 1
63 28 196.528289795 1
63 28 196.950332642 1
63 28 196.954315186 1
63 28 197.212722778 1
63 28 197.49319458 1
63 28 197.698043823 1
63 28 197.883102417 1
63 28 197.947814941 1
63 28 197.978988647 1
63 28 198.058029175 1
63 28 198.060287476 1
63 28 198.20980835 1
63 28 198.359481812 1
63 28 198.711196899 1
63 28 198.782440186 1
63 28 198.929962158 1
63 28 199.037979126 1
63 28 199.372848511 1
63 28 199.389587402 1
63 28 199.394439697 1
63 28 199.539810181 1
63 28 199.604309082 1
63 28 199.647766113 1
63 28 199.753814697 1
63 28 199.778549194 1
63 28 200.236068726 1
63 28 200.25479126 1
63 28 200.637176514 1
63 28 200.781143188 1
63 28 201.448501587 1
63 28 201.492630005 1
63 28 201.497283936 1
63 28 201.565093994 1
63 28 201.715042114 1
63 28 201.87310791 1
63 28 201.902984619 1
63 28 201.990310669 1
63 28 202.034225464 1
63 28 202.381729126 1
63 28 202.408630371 1
63 28 202.460357666 1
63 28 202.779785156 1
63 28 202.859970093 1
63 28 203.247253418 1
63 28 203.539901733 1
63 28 203.597305298 1
63 28 203.956741333 1
63 28 204.068374634 1
63 28 204.083862305 1
63 28 204.089874268 1
63 28 204.588119507 1
63 28 204.61819458 1
63 28 204.730728149 1
63 28 205.027664185 1
63 28 205.12638855 1
63 28 205.138519287 1
63 28 205.534179688 1
63 28 205.596084595 1
63 28 205.929016113 1
63 28 205.98223877 1
63 28 206.11857605 1
63 28 206.216003418 1
63 28 206.419235229 1
63 28 206.501937866 1
63 28 206.847976685 1
63 28 206.865310669 1
63 28 207.117660522 1
63 28 207.38760376 1
63 28 208.040023804 1
63 28 208.764175415 1
63 28 208.768875122 1
63 28 209.020446777 1
63 28 209.022476196 1
63 28 209.688247681 1
63 28 210.197738647 1
63 28 210.423034668 1
63 28 210.684204102 1
63 28 211.366104126 1
63 28 211.69569397 1
63 28 212.019485474 1
63 28 212.085754395 1
63 28 212.215164185 1
63 28 212.254043579 1
63 28 212.512313843 1
63 28 212.71673584 1
63 28 213.510955811 1
63 28 213.552444458 1
63 28 214.062454224 1
63 28 214.261825562 1
63 28 214.281234741 1
63 28 214.467010498 1
63 28 214.905426025 1
63 28 215.082870483 1
63 28 215.32862854 1
63 28 215.48878479 1
63 28 215.755889893 1
63 28 216.117248535 1
63 28 216.542755127 1
63 28 216.663833618 1
63 28 216.835037231 1
63 28 216.916519165 1
63 28 217.591323853 1
63 28 217.646774292 1
63 28 217.91847229 1
63 28 217.945037842 1
63 28 218.408889771 1
63 28 218.558731079 1
63 28 218.764526367 1
63 28 219.185958862 1
63 28 219.746734619 1
63 28 220.191741943 1
63 28 220.55229187 1
63 28 221.218185425 1
63 28 221.52947998 1
63 28 221.533401489 1
63 28 222.393173218 1
63 28 222.62550354 1
63 28 222.717926025 1
63 28 223.078231812 1
63 28 224.346572876 1
63 28 224.376281738 1
63 28 225.190689087 1
63 28 225.359008789 1
63 28 225.584197998 1
63 28 226.376434326 1
63 28 226.437728882 1
63 28 228.068557739 1
63 28 228.076416016 1
63 28 228.236251831 1
63 28 228.897354126 1
63 28 229.149490356 1
63 28 229.557327271 1
63 28 229.991500854 1
63 28 230.267150879 1
63 28 230.951828003 1
63 28 231.181991577 1
63 28 231.183624268 1
63 28 232.045181274 1
63 28 232.112823486 1
63 28 232.277709961 1
63 28 233.129837036 1
63 28 233.136856079 1
63 28 233.709945679 1
63 28 233.722915649 1
63 28 233.753768921 1
63 28 234.181991577 1
63 28 234.832489014 1
63 28 236.247299194 1
63 28 236.312255859 1
63 28 237.384262085 1
63 28 238.46635437 1
63 28 238.611618042 1
63 28 239.156219482 1
63 28 239.173324585 1
63 28 239.910476685 1
63 28 241.583572388 1
63 28 241.8175354 1
63 28 242.743347168 1
63 28 244.646957397 1
63 28 244.993270874 1
63 28 245.507629395 1
63 28 245.555358887 1
63 28 246.284423828 1
63 28 246.314651489 1
63 28 248.411117554 1
63 28 248.625732422 1
63 28 249.610351562 1
63 28 249.858520508 1
63 28 252.592636108 1
63 28 252.967514038 1
63 28 253.348480225 1
63 28 253.437271118 1
63 28 253.672241211 1
63 28 254.17640686 1
63 28 254.330337524 1
63 28 255.946380615 1
63 28 256.105621338 1
63 28 256.23739624 1
63 28 256.996368408 1
63 28 257.972320557 1
63 28 257.983398438 1
63 28 259.9815979 1
63 28 261.07434082 1
63 28 261.185394287 1
63 28 261.374328613 1
63 28 261.505157471 1
63 28 262.21194458 1
63 28 262.971801758 1
63 28 264.522521973 1
63 28 266.415740967 1
63 28 266.481323242 1
63 28 267.100158691 1
63 28 268.134521484 1
63 28 271.282745361 1
63 28 271.80569458 1
63 28 275.376190186 1
63 28 275.389068604 1
63 28 275.551086426 1
63 28 275.668518066 1
63 28 277.678955078 1
63 28 277.828552246 1
63 28 278.462371826 1
63 28 280.610839844 1
63 28 281.136505127 1
63 28 281.579071045 1
63 28 281.716705322 1
63 28 282.675170898 1
63 28 282.731811523 1
63 28 283.94128418 1
63 28 284.415130615 1
63 28 285.03527832 1
63 28 286.873779297 1
63 28 287.048492432 1
63 28 289.351196289 1
63 28 290.875 1
63 28 291.206665039 1
63 28 291.602844238 1
63 28 292.412139893 1
63 28 293.114318848 1
63 28 293.409362793 1
63 28 293.758880615 1
63 28 293.872253418 1
63 28 295.702301025 1
63 28 297.107696533 1
63 28 297.26852417 1
63 28 299.55871582 1
63 28 299.635162354 1
63 28 299.848937988 1
63 28 303.755981445 1
63 28 305.028045654 1
63 28 305.400970459 1
63 28 306.240325928 1
63 28 306.492248535 1
63 28 307.837860107 1
63 28 308.167266846 1
63 28 308.325836182 1
63 28 310.730651855 1
63 28 314.954956055 1
63 28 319.432220459 1
63 28 319.6277771 1
63 28 320.5206604 1
63 28 320.864837646 1
63 28 320.956634521 1
63 28 323.041809082 1
63 28 326.818206787 1
63 28 332.129730225 1
63 28 333.186553955 1
63 28 335.397583008 1
63 28 338.319732666 1
63 28 339.752838135 1
63 28 342.016479492 1
63 28 344.320465088 1
63 28 346.157470703 1
63 28 346.215393066 1
63 28 348.039093018 1
63 28 351.891784668 1
63 28 352.212921143 1
63 28 353.120941162 1
63 28 353.530059814 1
63 28 364.703094482 1
63 28 364.724914551 1
63 28 364.986114502 1
63 28 366.442871094 1
63 28 383.474273682 1
63 28 387.28414917 1
63 28 389.271392822 1
63 28 390.104095459 1
63 28 391.481262207 1
63 28 393.329681396 1
63 28 402.183319092 1
63 28 410.944458008 1
63 28 412.361572266 1
63 28 413.295501709 1
63 28 426.913818359 1
63 28 432.517028809 1
63 28 439.002288818 1
63 28 442.007720947 1
63 28 443.403869629 1
63 28 443.839233398 1
63 28 445.285949707 1
63 28 447.307312012 1
63 28 448.890289307 1
63 28 452.340820312 1
63 28 455.118865967 1
63 28 463.455291748 1
63 28 469.879486084 1
63 28 470.741851807 1
63 28 479.157928467 1
63 28 489.749481201 1
63 28 532.910827637 1
63 28 548.375183105 1
63 28 557.015441895 1
63 28 598.154052734 1
63 28 602.002075195 1
63 28 608.729736328 1
63 28 625.795837402 1
63 28 648.323974609 1
63 28 663.120117188 1
63 28 764.852722168 1
63 28 813.152832031 1
63 28 835.95111084 1
63 28 839.070617676 1
63 28 853.50579834 1
63 28 879.316650391 1
63 28 969.942077637 1
63 28 977.229858398 1
63 28 996.966552734 1
63 28 1016.40625 1
63 28 1043.76611328 1
63 28 1128.16113281 1
63 28 1142.74194336 1
63 29 80.2687072754 1
63 29 80.3617706299 1
63 29 80.9701004028 1
63 29 81.5236663818 1
63 29 81.5676345825 1
63 29 81.7319488525 1
63 29 81.8040237427 1
63 29 81.8354949951 1
63 29 81.8505020142 1
63 29 81.9468078613 1
63 29 82.2755584717 1
63 29 82.2783966064 1
63 29 82.4056396484 1
63 29 82.5902938843 1
63 29 82.6403884888 1
63 29 82.7361373901 1
63 29 82.7484436035 1
63 29 82.8337173462 1
63 29 82.9371261597 1
63 29 82.9486312866 1
63 29 82.9698944092 1
63 29 82.9706039429 1
63 29 82.9843826294 1
63 29 82.9889831543 1
63 29 82.9912796021 1
63 29 83.0269470215 1
63 29 83.1481704712 1
63 29 83.190826416 1
63 29 83.2051239014 1
63 29 83.2786102295 1
63 29 83.287399292 1
63 29 83.5089797974 1
63 29 83.5907821655 1
63 29 83.5970001221 1
63 29 83.697052002 1
63 29 83.7162017822 1
63 29 83.7338943481 1
63 29 83.8885040283 1
63 29 83.8981552124 1
63 29 83.9276046753 1
63 29 83.9580383301 1
63 29 84.1260910034 1
63 29 84.1291351318 1
63 29 84.2394256592 1
63 29 84.4110336304 1
63 29 84.4726638794 1
63 29 84.5157089233 1
63 29 84.6421279907 1
63 29 84.6431655884 1
63 29 84.699546814 1
63 29 84.7079467773 1
63 29 84.7661590576 1
63 29 84.8050231934 1
63 29 84.9448165894 1
63 29 85.0342102051 1
63 29 85.0594482422 1
63 29 85.181640625 1
63 29 85.2436904907 1
63 29 85.2704162598 1
63 29 85.301109314 1
63 29 85.4983520508 1
63 29 85.5147094727 1
63 29 85.5909042358 1
63 29 85.7080764771 1
63 29 85.7099304199 1
63 29 85.7364883423 1
63 29 85.8040313721 1
63 29 85.8119659424 1
63 29 85.8179016113 1
63 29 85.8291625977 1
63 29 85.8781585693 1
63 29 85.9076919556 1
63 29 85.994178772 1
63 29 85.9960174561 1
63 29 86.064994812 1
63 29 86.1281356812 1
63 29 86.1308135986 1
63 29 86.1550064087 1
63 29 86.1750183105 1
63 29 86.1771469116 1
63 29 86.2364883423 1
63 29 86.2841644287 1
63 29 86.3421478271 1
63 29 86.3578186035 1
63 29 86.3639450073 1
63 29 86.3663635254 1
63 29 86.4170761108 1
63 29 86.4387359619 1
63 29 86.4738998413 1
63 29 86.5084381104 1
63 29 86.5570983887 1
63 29 86.6541290283 1
63 29 86.6584625244 1
63 29 86.7161178589 1
63 29 86.734046936 1
63 29 86.7709503174 1
63 29 86.7728500366 1
63 29 86.811882019 1
63 29 86.892906189 1
63 29 86.908744812 1
63 29 86.910484314 1
63 29 86.9159240723 1
63 29 86.9992218018 1
63 29 87.0218429565 1
63 29 87.0243759155 1
63 29 87.0324707031 1
63 29 87.0806274414 1
63 29 87.1092453003 1
63 29 87.1380691528 1
63 29 87.1483840942 1
63 29 87.1549530029 1
63 29 87.1746063232 1
63 29 87.1844100952 1
63 29 87.2207717896 1
63 29 87.224105835 1
63 29 87.2458267212 1
63 29 87.2535171509 1
63 29 87.2674636841 1
63 29 87.2747268677 1
63 29 87.2855300903 1
63 29 87.2870407104 1
63 29 87.299987793 1
63 29 87.3148117065 1
63 29 87.3349609375 1
63 29 87.379699707 1
63 29 87.3964614868 1
63 29 87.4185562134 1
63 29 87.4355926514 1
63 29 87.4495925903 1
63 29 87.465133667 1
63 29 87.5082321167 1
63 29 87.5107269287 1
63 29 87.5141677856 1
63 29 87.5417938232 1
63 29 87.5810699463 1
63 29 87.6036758423 1
63 29 87.6096343994 1
63 29 87.6658935547 1
63 29 87.6979141235 1
63 29 87.6980819702 1
63 29 87.6992645264 1
63 29 87.7244491577 1
63 29 87.7295074463 1
63 29 87.7498168945 1
63 29 87.8186645508 1
63 29 87.8193664551 1
63 29 87.8672332764 1
63 29 87.8681259155 1
63 29 87.8771896362 1
63 29 87.8851699829 1
63 29 87.8996353149 1
63 29 88.0156784058 1
63 29 88.0427246094 1
63 29 88.0607223511 1
63 29 88.0713195801 1
63 29 88.1734085083 1
63 29 88.1947631836 1
63 29 88.202293396 1
63 29 88.2144775391 1
63 29 88.2362518311 1
63 29 88.2834014893 1
63 29 88.2983856201 1
63 29 88.3578109741 1
63 29 88.3616256714 1
63 29 88.3687515259 1
63 29 88.3735809326 1
63 29 88.3789749146 1
63 29 88.3824005127 1
63 29 88.3921279907 1
63 29 88.4063949585 1
63 29 88.4202957153 1
63 29 88.4649963379 1
63 29 88.5098342896 1
63 29 88.5238876343 1
63 29 88.5242156982 1
63 29 88.5965423584 1
63 29 88.5997009277 1
63 29 88.6243362427 1
63 29 88.6368408203 1
63 29 88.6577453613 1
63 29 88.6669158936 1
63 29 88.6977920532 1
63 29 88.7134933472 1
63 29 88.7439346313 1
63 29 88.7469863892 1
63 29 88.7631835938 1
63 29 88.8071060181 1
63 29 88.846321106 1
63 29 88.8821792603 1
63 29 88.905166626 1
63 29 88.9550018311 1
63 29 89.0265197754 1
63 29 89.0270233154 1
63 29 89.051902771 1
63 29 89.0547561646 1
63 29 89.0736160278 1
63 29 89.1676101685 1
63 29 89.2131347656 1
63 29 89.2194747925 1
63 29 89.2224731445 1
63 29 89.2251968384 1
63 29 89.2590637207 1
63 29 89.2811737061 1
63 29 89.2907791138 1
63 29 89.3010482788 1
63 29 89.3039779663 1
63 29 89.3240661621 1
63 29 89.3625640869 1
63 29 89.4001312256 1
63 29 89.4029922485 1
63 29 89.4499359131 1
63 29 89.479057312 1
63 29 89.4813079834 1
63 29 89.4955978394 1
63 29 89.5018386841 1
63 29 89.5145568848 1
63 29 89.5460586548 1
63 29 89.5574951172 1
63 29 89.5776672363 1
63 29 89.5875167847 1
63 29 89.5990600586 1
63 29 89.6613311768 1
63 29 89.6688232422 1
63 29 89.6723403931 1
63 29 89.6870269775 1
63 29 89.6882095337 1
63 29 89.6910095215 1
63 29 89.7107467651 1
63 29 89.7149276733 1
63 29 89.7297668457 1
63 29 89.7527008057 1
63 29 89.7741012573 1
63 29 89.7818908691 1
63 29 89.8279953003 1
63 29 89.8429412842 1
63 29 89.8793945312 1
63 29 89.898651123 1
63 29 89.9171066284 1
63 29 89.9184417725 1
63 29 89.9217910767 1
63 29 89.9541015625 1
63 29 89.9786529541 1
63 29 89.9953765869 1
63 29 90.0069656372 1
63 29 90.0306015015 1
63 29 90.0455932617 1
63 29 90.0475387573 1
63 29 90.0663146973 1
63 29 90.1078033447 1
63 29 90.1139144897 1
63 29 90.1279373169 1
63 29 90.1294937134 1
63 29 90.1302642822 1
63 29 90.1644058228 1
63 29 90.1667175293 1
63 29 90.1832275391 1
63 29 90.1860809326 1
63 29 90.1871109009 1
63 29 90.2700195312 1
63 29 90.270072937 1
63 29 90.2983779907 1
63 29 90.3240203857 1
63 29 90.3536529541 1
63 29 90.3619232178 1
63 29 90.3622131348 1
63 29 90.3691558838 1
63 29 90.3922576904 1
63 29 90.3977661133 1
63 29 90.4080886841 1
63 29 90.4135437012 1
63 29 90.4464645386 1
63 29 90.4686050415 1
63 29 90.4766845703 1
63 29 90.4944992065 1
63 29 90.5004348755 1
63 29 90.5077209473 1
63 29 90.5264663696 1
63 29 90.5320587158 1
63 29 90.5323181152 1
63 29 90.5843505859 1
63 29 90.5860519409 1
63 29 90.5866470337 1
63 29 90.5897064209 1
63 29 90.5949172974 1
63 29 90.6279067993 1
63 29 90.6487121582 1
63 29 90.6800842285 1
63 29 90.6884078979 1
63 29 90.6928787231 1
63 29 90.7337188721 1
63 29 90.7368392944 1
63 29 90.8238372803 1
63 29 90.8791427612 1
63 29 90.8793716431 1
63 29 90.906288147 1
63 29 90.9238891602 1
63 29 90.9267730713 1
63 29 90.9287414551 1
63 29 90.9503173828 1
63 29 90.9605560303 1
63 29 91.0194320679 1
63 29 91.0296325684 1
63 29 91.0385055542 1
63 29 91.0851593018 1
63 29 91.1665649414 1
63 29 91.217628479 1
63 29 91.2418823242 1
63 29 91.2460632324 1
63 29 91.2506027222 1
63 29 91.2936248779 1
63 29 91.2986831665 1
63 29 91.3078994751 1
63 29 91.320892334 1
63 29 91.3355789185 1
63 29 91.3399429321 1
63 29 91.3448181152 1
63 29 91.3827590942 1
63 29 91.3872375488 1
63 29 91.3887252808 1
63 29 91.4379959106 1
63 29 91.4540939331 1
63 29 91.4557571411 1
63 29 91.4564056396 1
63 29 91.4865493774 1
63 29 91.5621032715 1
63 29 91.5956420898 1
63 29 91.616897583 1
63 29 91.6228713989 1
63 29 91.6415100098 1
63 29 91.6416015625 1
63 29 91.6424713135 1
63 29 91.6592254639 1
63 29 91.6749954224 1
63 29 91.7010192871 1
63 29 91.7058334351 1
63 29 91.7209091187 1
63 29 91.7313613892 1
63 29 91.7331695557 1
63 29 91.7442550659 1
63 29 91.7750015259 1
63 29 91.7814788818 1
63 29 91.803604126 1
63 29 91.8294830322 1
63 29 91.8480529785 1
63 29 91.8511657715 1
63 29 91.8535995483 1
63 29 91.8775405884 1
63 29 91.911567688 1
63 29 91.9145889282 1
63 29 91.9584121704 1
63 29 91.976348877 1
63 29 91.9805679321 1
63 29 92.0052032471 1
63 29 92.0241622925 1
63 29 92.038520813 1
63 29 92.0421600342 1
63 29 92.0717468262 1
63 29 92.0729217529 1
63 29 92.089515686 1
63 29 92.1063079834 1
63 29 92.1235046387 1
63 29 92.1247634888 1
63 29 92.1330490112 1
63 29 92.1393356323 1
63 29 92.1965026855 1
63 29 92.2013092041 1
63 29 92.2038421631 1
63 29 92.2094802856 1
63 29 92.213218689 1
63 29 92.2233810425 1
63 29 92.2356414795 1
63 29 92.2487258911 1
63 29 92.2542800903 1
63 29 92.2553329468 1
63 29 92.2556991577 1
63 29 92.2676773071 1
63 29 92.2677383423 1
63 29 92.290473938 1
63 29 92.3104705811 1
63 29 92.3274612427 1
63 29 92.3531265259 1
63 29 92.354927063 1
63 29 92.3555755615 1
63 29 92.3955307007 1
63 29 92.3987503052 1
63 29 92.398765564 1
63 29 92.40675354 1
63 29 92.4164581299 1
63 29 92.4405822754 1
63 29 92.4552078247 1
63 29 92.4630813599 1
63 29 92.4650421143 1
63 29 92.4784545898 1
63 29 92.4984664917 1
63 29 92.4992141724 1
63 29 92.5267410278 1
63 29 92.561630249 1
63 29 92.5900802612 1
63 29 92.6327056885 1
63 29 92.6328277588 1
63 29 92.6331329346 1
63 29 92.6553649902 1
63 29 92.6684951782 1
63 29 92.6866226196 1
63 29 92.7213973999 1
63 29 92.7322845459 1
63 29 92.7584381104 1
63 29 92.758682251 1
63 29 92.779586792 1
63 29 92.7812576294 1
63 29 92.8284683228 1
63 29 92.8356170654 1
63 29 92.8417892456 1
63 29 92.8747787476 1
63 29 92.8792877197 1
63 29 92.8885421753 1
63 29 92.9294967651 1
63 29 92.9401779175 1
63 29 92.9668121338 1
63 29 92.9726867676 1
63 29 92.9737854004 1
63 29 92.9849014282 1
63 29 92.9930648804 1
63 29 92.9986190796 1
63 29 93.0127410889 1
63 29 93.0321502686 1
63 29 93.0331039429 1
63 29 93.0363235474 1
63 29 93.0525741577 1
63 29 93.1082839966 1
63 29 93.1102142334 1
63 29 93.1271820068 1
63 29 93.1351852417 1
63 29 93.136390686 1
63 29 93.1606674194 1
63 29 93.1918792725 1
63 29 93.2119140625 1
63 29 93.2122421265 1
63 29 93.2241134644 1
63 29 93.2362289429 1
63 29 93.2365570068 1
63 29 93.240486145 1
63 29 93.2720336914 1
63 29 93.2912368774 1
63 29 93.2998504639 1
63 29 93.3023147583 1
63 29 93.3052368164 1
63 29 93.324256897 1
63 29 93.3584671021 1
63 29 93.3805236816 1
63 29 93.4255599976 1
63 29 93.4302444458 1
63 29 93.4452362061 1
63 29 93.4581069946 1
63 29 93.4634628296 1
63 29 93.4664611816 1
63 29 93.4767913818 1
63 29 93.4790725708 1
63 29 93.5164031982 1
63 29 93.5222244263 1
63 29 93.5480880737 1
63 29 93.552520752 1
63 29 93.5576705933 1
63 29 93.5710144043 1
63 29 93.5816650391 1
63 29 93.5886688232 1
63 29 93.5929718018 1
63 29 93.5973739624 1
63 29 93.6031646729 1
63 29 93.617980957 1
63 29 93.644241333 1
63 29 93.6457748413 1
63 29 93.6615219116 1
63 29 93.6817932129 1
63 29 93.6996231079 1
63 29 93.6999359131 1
63 29 93.7165298462 1
63 29 93.7607955933 1
63 29 93.7627182007 1
63 29 93.7808914185 1
63 29 93.7893447876 1
63 29 93.7916107178 1
63 29 93.8018798828 1
63 29 93.8626708984 1
63 29 93.8767318726 1
63 29 93.8769226074 1
63 29 93.8919448853 1
63 29 93.897026062 1
63 29 93.9025802612 1
63 29 93.9178009033 1
63 29 93.9276580811 1
63 29 93.9302978516 1
63 29 93.9412155151 1
63 29 93.9438400269 1
63 29 93.9518432617 1
63 29 93.991065979 1
63 29 93.9974060059 1
63 29 94.0088424683 1
63 29 94.0176315308 1
63 29 94.0667495728 1
63 29 94.0672531128 1
63 29 94.0955963135 1
63 29 94.1006774902 1
63 29 94.1089324951 1
63 29 94.1125793457 1
63 29 94.1399002075 1
63 29 94.1487350464 1
63 29 94.1508560181 1
63 29 94.1581344604 1
63 29 94.1720809937 1
63 29 94.2159729004 1
63 29 94.2396087646 1
63 29 94.2428359985 1
63 29 94.2670593262 1
63 29 94.2830886841 1
63 29 94.2915725708 1
63 29 94.3072280884 1
63 29 94.312286377 1
63 29 94.3512039185 1
63 29 94.3512039185 1
63 29 94.3541641235 1
63 29 94.3563308716 1
63 29 94.3635482788 1
63 29 94.3789520264 1
63 29 94.3932495117 1
63 29 94.3938827515 1
63 29 94.404548645 1
63 29 94.4048690796 1
63 29 94.4206390381 1
63 29 94.4263076782 1
63 29 94.4323425293 1
63 29 94.4390182495 1
63 29 94.4575500488 1
63 29 94.459197998 1
63 29 94.4616165161 1
63 29 94.4645843506 1
63 29 94.4703063965 1
63 29 94.4761962891 1
63 29 94.4766540527 1
63 29 94.4784164429 1
63 29 94.4933624268 1
63 29 94.5062179565 1
63 29 94.5299682617 1
63 29 94.541847229 1
63 29 94.5511627197 1
63 29 94.5710067749 1
63 29 94.5924377441 1
63 29 94.6066970825 1
63 29 94.6146240234 1
63 29 94.6197357178 1
63 29 94.6255569458 1
63 29 94.6353225708 1
63 29 94.6394195557 1
63 29 94.6403045654 1
63 29 94.6722259521 1
63 29 94.6770019531 1
63 29 94.6836471558 1
63 29 94.6865081787 1
63 29 94.6919631958 1
63 29 94.6937866211 1
63 29 94.7069549561 1
63 29 94.7263565063 1
63 29 94.7393341064 1
63 29 94.7396087646 1
63 29 94.7435531616 1
63 29 94.7502212524 1
63 29 94.7520217896 1
63 29 94.7669067383 1
63 29 94.791015625 1
63 29 94.793586731 1
63 29 94.7938613892 1
63 29 94.8140182495 1
63 29 94.824546814 1
63 29 94.8253326416 1
63 29 94.8279266357 1
63 29 94.8482513428 1
63 29 94.8642120361 1
63 29 94.88646698 1
63 29 94.923828125 1
63 29 94.9314193726 1
63 29 94.9348449707 1
63 29 94.9644165039 1
63 29 94.9890289307 1
63 29 95.0042190552 1
63 29 95.0173950195 1
63 29 95.0569915771 1
63 29 95.0715408325 1
63 29 95.0888137817 1
63 29 95.0991363525 1
63 29 95.0999221802 1
63 29 95.1205444336 1
63 29 95.1524505615 1
63 29 95.1656265259 1
63 29 95.1663513184 1
63 29 95.176109314 1
63 29 95.189666748 1
63 29 95.2213745117 1
63 29 95.2460784912 1
63 29 95.2733306885 1
63 29 95.286605835 1
63 29 95.289642334 1
63 29 95.29246521 1
63 29 95.3043441772 1
63 29 95.306930542 1
63 29 95.3570404053 1
63 29 95.3654327393 1
63 29 95.4365310669 1
63 29 95.4508132935 1
63 29 95.4531326294 1
63 29 95.4648513794 1
63 29 95.4655151367 1
63 29 95.4722595215 1
63 29 95.4930267334 1
63 29 95.5152053833 1
63 29 95.5156707764 1
63 29 95.5261459351 1
63 29 95.5331192017 1
63 29 95.5421218872 1
63 29 95.5645370483 1
63 29 95.5693130493 1
63 29 95.5815200806 1
63 29 95.6314163208 1
63 29 95.6429138184 1
63 29 95.6691436768 1
63 29 95.6729736328 1
63 29 95.6773452759 1
63 29 95.6845397949 1
63 29 95.7195129395 1
63 29 95.7730560303 1
63 29 95.7759094238 1
63 29 95.77709198 1
63 29 95.7985839844 1
63 29 95.8037948608 1
63 29 95.8061218262 1
63 29 95.8468856812 1
63 29 95.8559875488 1
63 29 95.8646392822 1
63 29 95.8677215576 1
63 29 95.895072937 1
63 29 95.8985290527 1
63 29 95.9027252197 1
63 29 95.911819458 1
63 29 95.9190597534 1
63 29 95.9251098633 1
63 29 95.9448928833 1
63 29 95.9489135742 1
63 29 95.9654312134 1
63 29 95.9717025757 1
63 29 96.0046539307 1
63 29 96.0445175171 1
63 29 96.0445404053 1
63 29 96.0578994751 1
63 29 96.0721664429 1
63 29 96.0940093994 1
63 29 96.0973815918 1
63 29 96.0989685059 1
63 29 96.1030883789 1
63 29 96.1093215942 1
63 29 96.1617965698 1
63 29 96.1683120728 1
63 29 96.1979675293 1
63 29 96.2052612305 1
63 29 96.2503128052 1
63 29 96.2620544434 1
63 29 96.2665176392 1
63 29 96.2811889648 1
63 29 96.2857055664 1
63 29 96.3074417114 1
63 29 96.3341064453 1
63 29 96.3424987793 1
63 29 96.3439941406 1
63 29 96.3576965332 1
63 29 96.3872528076 1
63 29 96.3997192383 1
63 29 96.411239624 1
63 29 96.4347305298 1
63 29 96.4560775757 1
63 29 96.4631271362 1
63 29 96.4705047607 1
63 29 96.479347229 1
63 29 96.4794616699 1
63 29 96.4910354614 1
63 29 96.4950942993 1
63 29 96.5024032593 1
63 29 96.5155639648 1
63 29 96.5250701904 1
63 29 96.5319061279 1
63 29 96.5449295044 1
63 29 96.5547103882 1
63 29 96.5587081909 1
63 29 96.5646133423 1
63 29 96.5676727295 1
63 29 96.5690536499 1
63 29 96.6019821167 1
63 29 96.61353302 1
63 29 96.6258544922 1
63 29 96.6267623901 1
63 29 96.6275405884 1
63 29 96.6311340332 1
63 29 96.6433334351 1
63 29 96.6506500244 1
63 29 96.6581802368 1
63 29 96.6739578247 1
63 29 96.6838607788 1
63 29 96.7061233521 1
63 29 96.7163314819 1
63 29 96.8040771484 1
63 29 96.8591537476 1
63 29 96.9070129395 1
63 29 96.9181365967 1
63 29 96.9348373413 1
63 29 96.9408493042 1
63 29 96.9541397095 1
63 29 96.9548950195 1
63 29 96.9598388672 1
63 29 96.9628143311 1
63 29 96.9898986816 1
63 29 96.9952392578 1
63 29 97.0044555664 1
63 29 97.0120239258 1
63 29 97.0130996704 1
63 29 97.0178146362 1
63 29 97.02394104 1
63 29 97.0245361328 1
63 29 97.0355834961 1
63 29 97.0628433228 1
63 29 97.0786437988 1
63 29 97.0960388184 1
63 29 97.1393661499 1
63 29 97.1553649902 1
63 29 97.1664733887 1
63 29 97.1753997803 1
63 29 97.1857528687 1
63 29 97.1889953613 1
63 29 97.1933898926 1
63 29 97.20652771 1
63 29 97.2071685791 1
63 29 97.241859436 1
63 29 97.2434082031 1
63 29 97.2599258423 1
63 29 97.2789154053 1
63 29 97.2896347046 1
63 29 97.2902069092 1
63 29 97.2953567505 1
63 29 97.310874939 1
63 29 97.3157653809 1
63 29 97.3176116943 1
63 29 97.3246917725 1
63 29 97.3293380737 1
63 29 97.3416748047 1
63 29 97.3543014526 1
63 29 97.4607009888 1
63 29 97.5007781982 1
63 29 97.5075912476 1
63 29 97.5307159424 1
63 29 97.5495071411 1
63 29 97.5724487305 1
63 29 97.6007614136 1
63 29 97.6079559326 1
63 29 97.6177062988 1
63 29 97.6225891113 1
63 29 97.626914978 1
63 29 97.6271820068 1
63 29 97.6858673096 1
63 29 97.6997299194 1
63 29 97.7042922974 1
63 29 97.7130889893 1
63 29 97.7341079712 1
63 29 97.7474365234 1
63 29 97.7621536255 1
63 29 97.7746810913 1
63 29 97.7812576294 1
63 29 97.7850875854 1
63 29 97.8060150146 1
63 29 97.8431243896 1
63 29 97.8489151001 1
63 29 97.8555984497 1
63 29 97.8695678711 1
63 29 97.8736114502 1
63 29 97.8739624023 1
63 29 97.8845596313 1
63 29 97.8984680176 1
63 29 97.9020385742 1
63 29 97.916267395 1
63 29 97.9294891357 1
63 29 97.9507827759 1
63 29 97.9654388428 1
63 29 97.9941101074 1
63 29 98.0182037354 1
63 29 98.0216369629 1
63 29 98.0757141113 1
63 29 98.0846099854 1
63 29 98.0934906006 1
63 29 98.1012954712 1
63 29 98.1238632202 1
63 29 98.1373825073 1
63 29 98.153137207 1
63 29 98.19140625 1
63 29 98.2406616211 1
63 29 98.2535858154 1
63 29 98.267326355 1
63 29 98.2690963745 1
63 29 98.2857818604 1
63 29 98.2883224487 1
63 29 98.3235549927 1
63 29 98.3268280029 1
63 29 98.3539657593 1
63 29 98.3544387817 1
63 29 98.3587341309 1
63 29 98.361869812 1
63 29 98.3620147705 1
63 29 98.373626709 1
63 29 98.4045639038 1
63 29 98.4052886963 1
63 29 98.4069595337 1
63 29 98.4129714966 1
63 29 98.4175643921 1
63 29 98.4263763428 1
63 29 98.4538726807 1
63 29 98.4583129883 1
63 29 98.4699630737 1
63 29 98.4925994873 1
63 29 98.4957122803 1
63 29 98.49609375 1
63 29 98.4991226196 1
63 29 98.5266876221 1
63 29 98.5431594849 1
63 29 98.5559692383 1
63 29 98.5758514404 1
63 29 98.6170959473 1
63 29 98.6206283569 1
63 29 98.6265258789 1
63 29 98.6304473877 1
63 29 98.671585083 1
63 29 98.6768264771 1
63 29 98.6770172119 1
63 29 98.7001800537 1
63 29 98.7107772827 1
63 29 98.7152786255 1
63 29 98.7448730469 1
63 29 98.7573776245 1
63 29 98.7880172729 1
63 29 98.8748626709 1
63 29 98.9017715454 1
63 29 98.9427642822 1
63 29 98.9436264038 1
63 29 98.9505310059 1
63 29 98.9691009521 1
63 29 98.9916305542 1
63 29 99.0297012329 1
63 29 99.0375900269 1
63 29 99.0705947876 1
63 29 99.0780334473 1
63 29 99.0780487061 1
63 29 99.1158752441 1
63 29 99.146987915 1
63 29 99.1728744507 1
63 29 99.1953430176 1
63 29 99.2031784058 1
63 29 99.2144165039 1
63 29 99.2339324951 1
63 29 99.2365570068 1
63 29 99.2556838989 1
63 29 99.3170852661 1
63 29 99.3361434937 1
63 29 99.3368377686 1
63 29 99.3472290039 1
63 29 99.3518447876 1
63 29 99.4000244141 1
63 29 99.4161682129 1
63 29 99.4461364746 1
63 29 99.4500961304 1
63 29 99.4565124512 1
63 29 99.4687042236 1
63 29 99.4840774536 1
63 29 99.4975128174 1
63 29 99.5048446655 1
63 29 99.5119400024 1
63 29 99.5304336548 1
63 29 99.5483093262 1
63 29 99.5686950684 1
63 29 99.5692138672 1
63 29 99.5759429932 1
63 29 99.5939178467 1
63 29 99.6499557495 1
63 29 99.6560821533 1
63 29 99.6772079468 1
63 29 99.6874160767 1
63 29 99.6928787231 1
63 29 99.696472168 1
63 29 99.6990890503 1
63 29 99.7181015015 1
63 29 99.7203979492 1
63 29 99.7208938599 1
63 29 99.7830886841 1
63 29 99.8019332886 1
63 29 99.8076095581 1
63 29 99.8083114624 1
63 29 99.8208618164 1
63 29 99.8368988037 1
63 29 99.8383712769 1
63 29 99.839050293 1
63 29 99.8793411255 1
63 29 99.8939056396 1
63 29 99.9003448486 1
63 29 99.9223327637 1
63 29 99.9397354126 1
63 29 99.9822311401 1
63 29 99.9833679199 1
63 29 100.011268616 1
63 29 100.016235352 1
63 29 100.032913208 1
63 29 100.037582397 1
63 29 100.051200867 1
63 29 100.058525085 1
63 29 100.060317993 1
63 29 100.088973999 1
63 29 100.13230896 1
63 29 100.192726135 1
63 29 100.20124054 1
63 29 100.210418701 1
63 29 100.235946655 1
63 29 100.246444702 1
63 29 100.261108398 1
63 29 100.277679443 1
63 29 100.309928894 1
63 29 100.367424011 1
63 29 100.425491333 1
63 29 100.459236145 1
63 29 100.462646484 1
63 29 100.504486084 1
63 29 100.530174255 1
63 29 100.535720825 1
63 29 100.557739258 1
63 29 100.580848694 1
63 29 100.588973999 1
63 29 100.591529846 1
63 29 100.597969055 1
63 29 100.636741638 1
63 29 100.656028748 1
63 29 100.656059265 1
63 29 100.656242371 1
63 29 100.674263 1
63 29 100.684623718 1
63 29 100.742889404 1
63 29 100.779098511 1
63 29 100.802215576 1
63 29 100.819747925 1
63 29 100.867973328 1
63 29 100.875839233 1
63 29 100.886177063 1
63 29 100.910507202 1
63 29 100.925918579 1
63 29 100.93637085 1
63 29 101.004135132 1
63 29 101.073699951 1
63 29 101.078453064 1
63 29 101.092903137 1
63 29 101.103134155 1
63 29 101.137954712 1
63 29 101.143043518 1
63 29 101.201515198 1
63 29 101.203475952 1
63 29 101.240852356 1
63 29 101.275039673 1
63 29 101.287994385 1
63 29 101.321380615 1
63 29 101.412780762 1
63 29 101.428741455 1
63 29 101.461433411 1
63 29 101.501670837 1
63 29 101.539558411 1
63 29 101.546562195 1
63 29 101.54699707 1
63 29 101.557876587 1
63 29 101.589012146 1
63 29 101.625556946 1
63 29 101.639541626 1
63 29 101.6537323 1
63 29 101.674789429 1
63 29 101.68057251 1
63 29 101.730133057 1
63 29 101.73474884 1
63 29 101.744728088 1
63 29 101.753349304 1
63 29 101.770202637 1
63 29 101.806137085 1
63 29 101.823532104 1
63 29 101.841407776 1
63 29 101.845191956 1
63 29 101.865867615 1
63 29 101.873558044 1
63 29 101.875297546 1
63 29 101.878791809 1
63 29 101.891967773 1
63 29 101.972602844 1
63 29 101.995445251 1
63 29 102.013053894 1
63 29 102.037963867 1
63 29 102.052726746 1
63 29 102.068771362 1
63 29 102.079910278 1
63 29 102.081268311 1
63 29 102.111091614 1
63 29 102.115142822 1
63 29 102.11920166 1
63 29 102.130859375 1
63 29 102.131858826 1
63 29 102.137802124 1
63 29 102.138191223 1
63 29 102.186637878 1
63 29 102.188156128 1
63 29 102.213279724 1
63 29 102.241470337 1
63 29 102.249969482 1
63 29 102.33052063 1
63 29 102.332420349 1
63 29 102.382278442 1
63 29 102.446144104 1
63 29 102.449981689 1
63 29 102.459968567 1
63 29 102.467895508 1
63 29 102.515846252 1
63 29 102.581169128 1
63 29 102.610496521 1
63 29 102.674324036 1
63 29 102.680740356 1
63 29 102.729576111 1
63 29 102.743843079 1
63 29 102.744659424 1
63 29 102.746185303 1
63 29 102.75087738 1
63 29 102.754829407 1
63 29 102.855964661 1
63 29 102.865020752 1
63 29 102.866828918 1
63 29 102.866981506 1
63 29 102.885421753 1
63 29 102.91166687 1
63 29 102.954078674 1
63 29 103.007995605 1
63 29 103.071792603 1
63 29 103.0807724 1
63 29 103.095230103 1
63 29 103.135726929 1
63 29 103.141220093 1
63 29 103.165786743 1
63 29 103.239364624 1
63 29 103.241317749 1
63 29 103.254844666 1
63 29 103.280807495 1
63 29 103.290710449 1
63 29 103.294570923 1
63 29 103.327293396 1
63 29 103.32938385 1
63 29 103.346511841 1
63 29 103.377708435 1
63 29 103.38269043 1
63 29 103.397171021 1
63 29 103.470405579 1
63 29 103.486274719 1
63 29 103.491470337 1
63 29 103.504653931 1
63 29 103.516433716 1
63 29 103.518814087 1
63 29 103.539283752 1
63 29 103.618156433 1
63 29 103.643173218 1
63 29 103.682350159 1
63 29 103.689674377 1
63 29 103.714569092 1
63 29 103.773132324 1
63 29 103.776313782 1
63 29 103.839683533 1
63 29 103.855300903 1
63 29 103.868171692 1
63 29 103.874839783 1
63 29 103.906852722 1
63 29 103.919059753 1
63 29 103.939025879 1
63 29 103.940536499 1
63 29 103.985015869 1
63 29 103.99369812 1
63 29 104.015693665 1
63 29 104.041946411 1
63 29 104.04776001 1
63 29 104.072395325 1
63 29 104.096656799 1
63 29 104.120269775 1
63 29 104.144210815 1
63 29 104.230567932 1
63 29 104.234115601 1
63 29 104.270927429 1
63 29 104.305335999 1
63 29 104.317001343 1
63 29 104.348335266 1
63 29 104.357437134 1
63 29 104.406181335 1
63 29 104.431617737 1
63 29 104.453895569 1
63 29 104.462944031 1
63 29 104.467704773 1
63 29 104.480125427 1
63 29 104.482254028 1
63 29 104.485740662 1
63 29 104.486701965 1
63 29 104.536506653 1
63 29 104.556022644 1
63 29 104.565361023 1
63 29 104.595985413 1
63 29 104.605377197 1
63 29 104.69733429 1
63 29 104.723312378 1
63 29 104.730064392 1
63 29 104.743049622 1
63 29 104.79662323 1
63 29 104.816894531 1
63 29 104.86504364 1
63 29 104.909324646 1
63 29 104.916481018 1
63 29 104.993858337 1
63 29 105.007118225 1
63 29 105.012901306 1
63 29 105.02507019 1
63 29 105.036048889 1
63 29 105.044502258 1
63 29 105.074119568 1
63 29 105.076164246 1
63 29 105.080818176 1
63 29 105.107383728 1
63 29 105.108787537 1
63 29 105.114898682 1
63 29 105.123573303 1
63 29 105.189979553 1
63 29 105.257202148 1
63 29 105.261299133 1
63 29 105.290664673 1
63 29 105.298355103 1
63 29 105.318466187 1
63 29 105.322906494 1
63 29 105.415298462 1
63 29 105.442131042 1
63 29 105.465866089 1
63 29 105.470703125 1
63 29 105.475265503 1
63 29 105.487586975 1
63 29 105.489547729 1
63 29 105.49131012 1
63 29 105.49949646 1
63 29 105.537879944 1
63 29 105.566543579 1
63 29 105.603912354 1
63 29 105.609703064 1
63 29 105.632362366 1
63 29 105.690460205 1
63 29 105.751037598 1
63 29 105.782241821 1
63 29 105.82119751 1
63 29 105.822364807 1
63 29 105.825439453 1
63 29 105.84438324 1
63 29 105.907546997 1
63 29 105.947158813 1
63 29 105.947189331 1
63 29 105.977661133 1
63 29 105.982391357 1
63 29 105.985137939 1
63 29 106.023262024 1
63 29 106.103973389 1
63 29 106.110649109 1
63 29 106.13205719 1
63 29 106.136741638 1
63 29 106.174026489 1
63 29 106.215141296 1
63 29 106.26550293 1
63 29 106.289871216 1
63 29 106.352203369 1
63 29 106.364494324 1
63 29 106.398582458 1
63 29 106.585708618 1
63 29 106.694244385 1
63 29 106.779647827 1
63 29 106.780967712 1
63 29 106.837097168 1
63 29 106.85131073 1
63 29 106.853286743 1
63 29 106.884353638 1
63 29 106.916603088 1
63 29 106.92010498 1
63 29 106.970451355 1
63 29 107.005706787 1
63 29 107.008125305 1
63 29 107.076980591 1
63 29 107.100456238 1
63 29 107.15272522 1
63 29 107.182914734 1
63 29 107.214797974 1
63 29 107.255058289 1
63 29 107.311187744 1
63 29 107.324150085 1
63 29 107.338722229 1
63 29 107.407470703 1
63 29 107.438926697 1
63 29 107.552345276 1
63 29 107.55292511 1
63 29 107.609848022 1
63 29 107.626953125 1
63 29 107.635772705 1
63 29 107.651145935 1
63 29 107.675666809 1
63 29 107.695358276 1
63 29 107.715141296 1
63 29 107.733093262 1
63 29 107.781738281 1
63 29 107.786437988 1
63 29 107.825141907 1
63 29 107.858345032 1
63 29 107.936157227 1
63 29 107.952148438 1
63 29 107.954376221 1
63 29 107.990028381 1
63 29 108.056442261 1
63 29 108.086448669 1
63 29 108.249702454 1
63 29 108.256637573 1
63 29 108.352775574 1
63 29 108.375274658 1
63 29 108.393882751 1
63 29 108.475082397 1
63 29 108.491577148 1
63 29 108.518463135 1
63 29 108.540687561 1
63 29 108.566139221 1
63 29 108.603912354 1
63 29 108.674064636 1
63 29 108.676696777 1
63 29 108.698425293 1
63 29 108.721260071 1
63 29 108.726844788 1
63 29 108.766738892 1
63 29 108.790328979 1
63 29 108.855667114 1
63 29 108.872703552 1
63 29 108.934806824 1
63 29 108.939445496 1
63 29 108.94153595 1
63 29 108.94165802 1
63 29 108.949829102 1
63 29 108.984359741 1
63 29 109.043190002 1
63 29 109.049163818 1
63 29 109.172462463 1
63 29 109.174697876 1
63 29 109.221893311 1
63 29 109.251617432 1
63 29 109.266746521 1
63 29 109.373550415 1
63 29 109.378959656 1
63 29 109.425979614 1
63 29 109.441314697 1
63 29 109.482887268 1
63 29 109.648300171 1
63 29 109.649024963 1
63 29 109.662666321 1
63 29 109.748153687 1
63 29 109.771469116 1
63 29 109.784416199 1
63 29 109.856719971 1
63 29 109.858818054 1
63 29 109.875022888 1
63 29 109.913246155 1
63 29 109.949241638 1
63 29 110.01839447 1
63 29 110.073951721 1
63 29 110.090682983 1
63 29 110.136100769 1
63 29 110.142402649 1
63 29 110.145591736 1
63 29 110.150550842 1
63 29 110.151390076 1
63 29 110.170158386 1
63 29 110.213989258 1
63 29 110.218963623 1
63 29 110.232078552 1
63 29 110.25113678 1
63 29 110.266342163 1
63 29 110.557144165 1
63 29 110.62877655 1
63 29 110.690948486 1
63 29 110.714668274 1
63 29 110.825836182 1
63 29 110.838615417 1
63 29 110.907905579 1
63 29 110.911170959 1
63 29 110.941795349 1
63 29 110.994094849 1
63 29 111.040481567 1
63 29 111.065467834 1
63 29 111.087089539 1
63 29 111.110626221 1
63 29 111.119369507 1
63 29 111.146438599 1
63 29 111.321914673 1
63 29 111.346328735 1
63 29 111.436584473 1
63 29 111.472846985 1
63 29 111.476867676 1
63 29 111.513130188 1
63 29 111.775550842 1
63 29 111.787490845 1
63 29 111.840538025 1
63 29 111.84349823 1
63 29 111.936271667 1
63 29 111.943321228 1
63 29 111.984138489 1
63 29 112.01134491 1
63 29 112.013175964 1
63 29 112.020210266 1
63 29 112.144523621 1
63 29 112.165145874 1
63 29 112.182823181 1
63 29 112.186286926 1
63 29 112.213973999 1
63 29 112.226608276 1
63 29 112.242507935 1
63 29 112.248573303 1
63 29 112.255332947 1
63 29 112.283363342 1
63 29 112.300880432 1
63 29 112.411659241 1
63 29 112.412612915 1
63 29 112.44921875 1
63 29 112.452087402 1
63 29 112.479560852 1
63 29 112.554008484 1
63 29 112.577262878 1
63 29 112.584762573 1
63 29 112.611099243 1
63 29 112.626083374 1
63 29 112.631622314 1
63 29 112.689338684 1
63 29 112.735359192 1
63 29 112.768630981 1
63 29 112.818832397 1
63 29 112.886123657 1
63 29 112.926506042 1
63 29 112.950538635 1
63 29 112.97580719 1
63 29 112.990386963 1
63 29 113.063331604 1
63 29 113.065513611 1
63 29 113.089889526 1
63 29 113.268135071 1
63 29 113.278793335 1
63 29 113.305198669 1
63 29 113.331237793 1
63 29 113.386940002 1
63 29 113.400550842 1
63 29 113.412307739 1
63 29 113.455444336 1
63 29 113.485458374 1
63 29 113.486625671 1
63 29 113.514289856 1
63 29 113.537155151 1
63 29 113.553939819 1
63 29 113.566040039 1
63 29 113.577232361 1
63 29 113.608634949 1
63 29 113.665664673 1
63 29 113.668502808 1
63 29 113.716972351 1
63 29 113.765945435 1
63 29 113.799293518 1
63 29 113.858100891 1
63 29 114.013023376 1
63 29 114.116744995 1
63 29 114.163764954 1
63 29 114.193199158 1
63 29 114.377708435 1
63 29 114.548072815 1
63 29 114.560119629 1
63 29 114.568229675 1
63 29 114.577484131 1
63 29 114.604263306 1
63 29 114.632606506 1
63 29 114.842910767 1
63 29 114.846855164 1
63 29 114.958511353 1
63 29 114.997093201 1
63 29 115.142173767 1
63 29 115.196708679 1
63 29 115.213928223 1
63 29 115.240837097 1
63 29 115.298233032 1
63 29 115.324432373 1
63 29 115.325836182 1
63 29 115.339988708 1
63 29 115.527282715 1
63 29 115.537612915 1
63 29 115.553085327 1
63 29 115.55556488 1
63 29 115.617630005 1
63 29 115.637168884 1
63 29 115.644477844 1
63 29 115.686431885 1
63 29 115.727378845 1
63 29 115.781219482 1
63 29 115.783638 1
63 29 115.871368408 1
63 29 116.252288818 1
63 29 116.338722229 1
63 29 116.455039978 1
63 29 116.532897949 1
63 29 116.593902588 1
63 29 116.617988586 1
63 29 116.658401489 1
63 29 116.698402405 1
63 29 116.738441467 1
63 29 116.876480103 1
63 29 116.889961243 1
63 29 117.030662537 1
63 29 117.053627014 1
63 29 117.131271362 1
63 29 117.147834778 1
63 29 117.213745117 1
63 29 117.230812073 1
63 29 117.418800354 1
63 29 117.573379517 1
63 29 117.674339294 1
63 29 117.696334839 1
63 29 117.714073181 1
63 29 117.714195251 1
63 29 117.725212097 1
63 29 117.883743286 1
63 29 117.922447205 1
63 29 118.093765259 1
63 29 118.118385315 1
63 29 118.154098511 1
63 29 118.188087463 1
63 29 118.218399048 1
63 29 118.264434814 1
63 29 118.266571045 1
63 29 118.332794189 1
63 29 118.415061951 1
63 29 118.469711304 1
63 29 118.630195618 1
63 29 118.768234253 1
63 29 118.861785889 1
63 29 118.904937744 1
63 29 119.085983276 1
63 29 119.192436218 1
63 29 119.331039429 1
63 29 119.344688416 1
63 29 119.39919281 1
63 29 119.423713684 1
63 29 119.440551758 1
63 29 119.672142029 1
63 29 119.778205872 1
63 29 119.778488159 1
63 29 119.782897949 1
63 29 119.949829102 1
63 29 120.015907288 1
63 29 120.079734802 1
63 29 120.093772888 1
63 29 120.169036865 1
63 29 120.389900208 1
63 29 120.446388245 1
63 29 120.481315613 1
63 29 120.66734314 1
63 29 120.703918457 1
63 29 120.813087463 1
63 29 120.845321655 1
63 29 120.903648376 1
63 29 121.019554138 1
63 29 121.039169312 1
63 29 121.060218811 1
63 29 121.162490845 1
63 29 121.208526611 1
63 29 121.28477478 1
63 29 121.45803833 1
63 29 121.724235535 1
63 29 121.932655334 1
63 29 121.974342346 1
63 29 122.072692871 1
63 29 122.117469788 1
63 29 122.243156433 1
63 29 122.274581909 1
63 29 122.467979431 1
63 29 122.502433777 1
63 29 122.523681641 1
63 29 122.677101135 1
63 29 122.700057983 1
63 29 122.924377441 1
63 29 123.023254395 1
63 29 123.224662781 1
63 29 123.258026123 1
63 29 123.284759521 1
63 29 123.408554077 1
63 29 123.446327209 1
63 29 123.500732422 1
63 29 123.770050049 1
63 29 123.837295532 1
63 29 123.952445984 1
63 29 124.401283264 1
63 29 124.470596313 1
63 29 124.472915649 1
63 29 124.86542511 1
63 29 124.869636536 1
63 29 125.209236145 1
63 29 125.234382629 1
63 29 125.363113403 1
63 29 125.392959595 1
63 29 125.4477005 1
63 29 125.468177795 1
63 29 125.491851807 1
63 29 125.551612854 1
63 29 125.616127014 1
63 29 125.636222839 1
63 29 125.671295166 1
63 29 125.779136658 1
63 29 125.779502869 1
63 29 125.879486084 1
63 29 125.904312134 1
63 29 126.047546387 1
63 29 126.149131775 1
63 29 126.449668884 1
63 29 126.475509644 1
63 29 126.567611694 1
63 29 126.575279236 1
63 29 127.130508423 1
63 29 127.296546936 1
63 29 127.312019348 1
63 29 127.432807922 1
63 29 127.440643311 1
63 29 127.635040283 1
63 29 127.748756409 1
63 29 127.815193176 1
63 29 128.358016968 1
63 29 128.375869751 1
63 29 128.545852661 1
63 29 128.616546631 1
63 29 128.673980713 1
63 29 129.183898926 1
63 29 129.593887329 1
63 29 129.706985474 1
63 29 130.080108643 1
63 29 130.146820068 1
63 29 130.254653931 1
63 29 130.615234375 1
63 29 130.691177368 1
63 29 130.862060547 1
63 29 130.923339844 1
63 29 130.986755371 1
63 29 131.106842041 1
63 29 131.554641724 1
63 29 131.732086182 1
63 29 131.918487549 1
63 29 131.982589722 1
63 29 132.463745117 1
63 29 132.621566772 1
63 29 132.626617432 1
63 29 132.642593384 1
63 29 132.909057617 1
63 29 133.019454956 1
63 29 133.258758545 1
63 29 133.451934814 1
63 29 133.807403564 1
63 29 133.952270508 1
63 29 133.969223022 1
63 29 134.082580566 1
63 29 134.253997803 1
63 29 134.307067871 1
63 29 134.372924805 1
63 29 134.375518799 1
63 29 134.382217407 1
63 29 134.392974854 1
63 29 134.475875854 1
63 29 134.485183716 1
63 29 134.633636475 1
63 29 134.658111572 1
63 29 134.904632568 1
63 29 135.123260498 1
63 29 136.038574219 1
63 29 137.662475586 1
63 29 137.929321289 1
63 29 137.934844971 1
63 29 138.000778198 1
63 29 138.894302368 1
63 29 138.910644531 1
63 29 139.739471436 1
63 29 139.971984863 1
63 29 139.977340698 1
63 29 140.153320312 1
63 29 140.171981812 1
63 29 140.29460144 1
63 29 140.329071045 1
63 29 140.442749023 1
63 29 140.591659546 1
63 29 140.961380005 1
63 29 142.325485229 1
63 29 142.527709961 1
63 29 143.544281006 1
63 29 143.61416626 1
63 29 143.637969971 1
63 29 143.736206055 1
63 29 143.749389648 1
63 29 143.806091309 1
63 29 144.54776001 1
63 29 145.31211853 1
63 29 145.38961792 1
63 29 145.438796997 1
63 29 145.621398926 1
63 29 145.621566772 1
63 29 146.026290894 1
63 29 146.042755127 1
63 29 146.217483521 1
63 29 147.172546387 1
63 29 147.640960693 1
63 29 148.067108154 1
63 29 148.072540283 1
63 29 148.593307495 1
63 29 148.660324097 1
63 29 148.761886597 1
63 29 148.77381897 1
63 29 149.01133728 1
63 29 149.335693359 1
63 29 149.741958618 1
63 29 149.770065308 1
63 29 150.164459229 1
63 29 150.245986938 1
63 29 150.564697266 1
63 29 151.186431885 1
63 29 151.817520142 1
63 29 151.95413208 1
63 29 152.048934937 1
63 29 152.408248901 1
63 29 152.429580688 1
63 29 152.756271362 1
63 29 153.143569946 1
63 29 153.633773804 1
63 29 154.184509277 1
63 29 154.705154419 1
63 29 154.965301514 1
63 29 154.989593506 1
63 29 154.999801636 1
63 29 155.016052246 1
63 29 155.327713013 1
63 29 155.470672607 1
63 29 155.681610107 1
63 29 157.17868042 1
63 29 157.235305786 1
63 29 157.629104614 1
63 29 157.744888306 1
63 29 158.583786011 1
63 29 158.887557983 1
63 29 158.91293335 1
63 29 159.80796814 1
63 29 160.003662109 1
63 29 160.016098022 1
63 29 160.070831299 1
63 29 161.581222534 1
63 29 162.084457397 1
63 29 162.333007812 1
63 29 162.873016357 1
63 29 162.91986084 1
63 29 163.073760986 1
63 29 163.101470947 1
63 29 164.444946289 1
63 29 164.826843262 1
63 29 166.104507446 1
63 29 166.599060059 1
63 29 166.997756958 1
63 29 168.191238403 1
63 29 168.876708984 1
63 29 169.467849731 1
63 29 169.628768921 1
63 29 171.75453186 1
63 29 172.225189209 1
63 29 174.436950684 1
63 29 175.116638184 1
63 29 176.858596802 1
63 29 177.178390503 1
63 29 177.675292969 1
63 29 177.747177124 1
63 29 177.874557495 1
63 29 178.111099243 1
63 29 178.464920044 1
63 29 179.394165039 1
63 29 180.693191528 1
63 29 181.905609131 1
63 29 183.855758667 1
63 29 184.481124878 1
63 29 185.362991333 1
63 29 186.040359497 1
63 29 186.590698242 1
63 29 187.315475464 1
63 29 187.46156311 1
63 29 188.911056519 1
63 29 189.572631836 1
63 29 191.692428589 1
63 29 192.20640564 1
63 29 192.41847229 1
63 29 192.747772217 1
63 29 193.605453491 1
63 29 194.537963867 1
63 29 195.059738159 1
63 29 195.62197876 1
63 29 196.815032959 1
63 29 196.860183716 1
63 29 197.9947052 1
63 29 198.230957031 1
63 29 199.043838501 1
63 29 200.55632019 1
63 29 201.552825928 1
63 29 201.568191528 1
63 29 202.007202148 1
63 29 205.040679932 1
63 29 206.82925415 1
63 29 207.403747559 1
63 29 207.726501465 1
63 29 208.000061035 1
63 29 209.67628479 1
63 29 210.83190918 1
63 29 212.981369019 1
63 29 214.346038818 1
63 29 215.343536377 1
63 29 215.837692261 1
63 29 216.361740112 1
63 29 216.57623291 1
63 29 216.633575439 1
63 29 217.182327271 1
63 29 218.524505615 1
63 29 218.793960571 1
63 29 219.807693481 1
63 29 221.855606079 1
63 29 222.55480957 1
63 29 223.857025146 1
63 29 224.429855347 1
63 29 225.204269409 1
63 29 225.480209351 1
63 29 226.587692261 1
63 29 228.600311279 1
63 29 229.278533936 1
63 29 229.51574707 1
63 29 230.594116211 1
63 29 231.114151001 1
63 29 231.656311035 1
63 29 232.563537598 1
63 29 235.875946045 1
63 29 237.07321167 1
63 29 237.410552979 1
63 29 239.681625366 1
63 29 240.051055908 1
63 29 242.977645874 1
63 29 245.281158447 1
63 29 246.736236572 1
63 29 251.145706177 1
63 29 252.935592651 1
63 29 254.654922485 1
63 29 257.468658447 1
63 29 258.128570557 1
63 29 258.699737549 1
63 29 259.250274658 1
63 29 261.120056152 1
63 29 261.49307251 1
63 29 266.033447266 1
63 29 269.261383057 1
63 29 269.716430664 1
63 29 270.099151611 1
63 29 270.239044189 1
63 29 273.297576904 1
63 29 273.426422119 1
63 29 275.410339355 1
63 29 276.267608643 1
63 29 282.170013428 1
63 29 282.667419434 1
63 29 284.373779297 1
63 29 285.55657959 1
63 29 287.744812012 1
63 29 289.608551025 1
63 29 291.345001221 1
63 29 291.985870361 1
63 29 295.011352539 1
63 29 295.703033447 1
63 29 296.783843994 1
63 29 300.493225098 1
63 29 307.467376709 1
63 29 308.00592041 1
63 29 309.0625 1
63 29 310.895019531 1
63 29 312.308563232 1
63 29 312.771453857 1
63 29 312.922149658 1
63 29 313.73815918 1
63 29 315.104949951 1
63 29 317.353881836 1
63 29 320.188537598 1
63 29 320.499969482 1
63 29 325.367706299 1
63 29 325.42980957 1
63 29 325.786682129 1
63 29 327.787567139 1
63 29 329.003570557 1
63 29 337.798553467 1
63 29 340.855987549 1
63 29 345.425354004 1
63 29 345.847900391 1
63 29 346.986480713 1
63 29 347.933776855 1
63 29 349.855682373 1
63 29 352.96661377 1
63 29 356.226745605 1
63 29 359.740509033 1
63 29 363.307220459 1
63 29 366.485351562 1
63 29 371.625946045 1
63 29 372.258758545 1
63 29 379.820068359 1
63 29 385.198944092 1
63 29 391.286987305 1
63 29 391.379302979 1
63 29 403.369384766 1
63 29 412.594940186 1
63 29 420.377838135 1
63 29 422.720794678 1
63 29 425.962585449 1
63 29 433.454193115 1
63 29 435.237457275 1
63 29 439.266662598 1
63 29 440.729309082 1
63 29 444.052703857 1
63 29 450.414825439 1
63 29 451.864959717 1
63 29 454.866790771 1
63 29 455.929229736 1
63 29 456.108795166 1
63 29 461.464447021 1
63 29 462.554748535 1
63 29 463.9715271 1
63 29 469.029541016 1
63 29 470.643035889 1
63 29 477.540405273 1
63 29 481.291015625 1
63 29 490.876068115 1
63 29 497.322113037 1
63 29 516.0625 1
63 29 528.787475586 1
63 29 529.041625977 1
63 29 530.456054688 1
63 29 545.114685059 1
63 29 583.932373047 1
63 29 600.492675781 1
63 29 613.475402832 1
63 29 619.041503906 1
63 29 634.516906738 1
63 29 641.875366211 1
63 29 652.478942871 1
63 29 653.745178223 1
63 29 687.396972656 1
63 29 696.759887695 1
63 29 715.811889648 1
63 29 718.425598145 1
63 29 720.284973145 1
63 29 722.769775391 1
63 29 730.73059082 1
63 29 733.426879883 1
63 29 782.730834961 1
63 29 788.571960449 1
63 29 820.720825195 1
63 29 874.951171875 1
63 29 897.111633301 1
63 29 900.78503418 1
63 29 930.843017578 1
63 29 944.241210938 1
63 29 1048.72485352 1
63 29 1070.68530273 1
63 29 1088.2713623 1
63 29 1141.08312988 1
63 29 1239.3560791 1
63 29 1268.5489502 1
63 29 1840.30664062 1
63 31 86.0059051514 1
63 31 89.9011611938 1
63 31 96.4985122681 1
63 31 97.0252227783 1
63 31 97.0484771729 1
63 31 98.641708374 1
63 31 101.196876526 1
63 31 102.901977539 1
63 31 103.734802246 1
63 31 104.433403015 1
63 31 105.939956665 1
63 31 109.852783203 1
63 31 112.447418213 1
63 31 113.122970581 1
63 31 113.354011536 1
63 31 116.401268005 1
63 31 117.21081543 1
63 31 119.058166504 1
63 31 119.637084961 1
63 31 120.247489929 1
63 31 121.430541992 1
63 31 122.180664062 1
63 31 122.198936462 1
63 31 124.358657837 1
63 31 125.213127136 1
63 31 127.207878113 1
63 31 128.316040039 1
63 31 129.835174561 1
63 31 132.177963257 1
63 31 132.709655762 1
63 31 133.179794312 1
63 31 133.56817627 1
63 31 135.09135437 1
63 31 135.288894653 1
63 31 137.256225586 1
63 31 142.263076782 1
63 31 147.102264404 1
63 31 147.36932373 1
63 31 148.451660156 1
63 31 150.593811035 1
63 31 150.88482666 1
63 31 154.323120117 1
63 31 154.552749634 1
63 31 154.957809448 1
63 31 155.977783203 1
63 31 156.090209961 1
63 31 158.186431885 1
63 31 159.03012085 1
63 31 159.14503479 1
63 31 159.376785278 1
63 31 159.55770874 1
63 31 160.663009644 1
63 31 162.236862183 1
63 31 163.567276001 1
63 31 163.869293213 1
63 31 164.550842285 1
63 31 165.06942749 1
63 31 166.740249634 1
63 31 167.405517578 1
63 31 167.408340454 1
63 31 169.607589722 1
63 31 169.651184082 1
63 31 171.91355896 1
63 31 172.179214478 1
63 31 172.244659424 1
63 31 174.250610352 1
63 31 175.889678955 1
63 31 176.564926147 1
63 31 179.139953613 1
63 31 180.278503418 1
63 31 180.822189331 1
63 31 181.622451782 1
63 31 186.256790161 1
63 31 186.923065186 1
63 31 187.556106567 1
63 31 188.698486328 1
63 31 190.186294556 1
63 31 192.957931519 1
63 31 193.580780029 1
63 31 195.310058594 1
63 31 197.02180481 1
63 31 197.128967285 1
63 31 198.142852783 1
63 31 199.818374634 1
63 31 201.962661743 1
63 31 202.166183472 1
63 31 203.505584717 1
63 31 205.919006348 1
63 31 205.998336792 1
63 31 207.803512573 1
63 31 208.628463745 1
63 31 211.130767822 1
63 31 212.628448486 1
63 31 212.884384155 1
63 31 213.172546387 1
63 31 216.465667725 1
63 31 217.896514893 1
63 31 219.657745361 1
63 31 220.314682007 1
63 31 227.220565796 1
63 31 230.602935791 1
63 31 232.287460327 1
63 31 232.618362427 1
63 31 237.163299561 1
63 31 238.357589722 1
63 31 239.758041382 1
63 31 246.560211182 1
63 31 249.257293701 1
63 31 250.434890747 1
63 31 250.828521729 1
63 31 254.846282959 1
63 31 255.057388306 1
63 31 255.954681396 1
63 31 264.171447754 1
63 31 264.940551758 1
63 31 267.426361084 1
63 31 267.849456787 1
63 31 271.645446777 1
63 31 274.662139893 1
63 31 275.391662598 1
63 31 275.957061768 1
63 31 278.464141846 1
63 31 278.585205078 1
63 31 279.596466064 1
63 31 282.136169434 1
63 31 287.373718262 1
63 31 294.230987549 1
63 31 297.462127686 1
63 31 297.805297852 1
63 31 302.339782715 1
63 31 304.20324707 1
63 31 307.932983398 1
63 31 312.70892334 1
63 31 314.278381348 1
63 31 318.783050537 1
63 31 322.995330811 1
63 31 323.952758789 1
63 31 325.6746521 1
63 31 334.792938232 1
63 31 335.299682617 1
63 31 337.998687744 1
63 31 338.125305176 1
63 31 342.518035889 1
63 31 347.665588379 1
63 31 352.628143311 1
63 31 353.188415527 1
63 31 356.48034668 1
63 31 375.818664551 1
63 31 376.014709473 1
63 31 377.981384277 1
63 31 378.417999268 1
63 31 383.27935791 1
63 31 386.30279541 1
63 31 394.582397461 1
63 31 396.269805908 1
63 31 398.223327637 1
63 31 400.451202393 1
63 31 402.097167969 1
63 31 403.608154297 1
63 31 408.107940674 1
63 31 409.045837402 1
63 31 410.821899414 1
63 31 412.881256104 1
63 31 425.703491211 1
63 31 440.249084473 1
63 31 445.196075439 1
63 31 446.810913086 1
63 31 449.23538208 1
63 31 451.391265869 1
63 31 452.339324951 1
63 31 462.02456665 1
63 31 468.514099121 1
63 31 470.822265625 1
63 31 489.480072021 1
63 31 508.57989502 1
63 31 533.595214844 1
63 31 542.075561523 1
63 31 558.153259277 1
63 31 572.655700684 1
63 31 580.171386719 1
63 31 591.299194336 1
63 31 600.648864746 1
63 31 608.344299316 1
63 31 608.612487793 1
63 31 618.362121582 1
63 31 618.541442871 1
63 31 622.913330078 1
63 31 623.795898438 1
63 31 628.02935791 1
63 31 659.903625488 1
63 31 693.98425293 1
63 31 784.794128418 1
63 31 792.934204102 1
63 31 814.545288086 1
63 31 840.183166504 1
63 31 851.995727539 1
63 31 868.145202637 1
63 31 930.347045898 1
63 31 1008.30712891 1
63 31 1032.52600098 1
63 31 1310.15148926 1
63 32 207.867507935 1
63 32 209.349655151 1
63 32 218.390686035 1
63 32 219.546508789 1
63 32 222.014434814 1
63 32 222.460998535 1
63 32 223.261657715 1
63 32 227.003555298 1
63 32 228.557327271 1
63 32 231.447616577 1
63 32 233.522659302 1
63 32 236.862976074 1
63 32 241.362350464 1
63 32 242.481109619 1
63 32 247.912918091 1
63 32 256.044036865 1
63 32 259.827514648 1
63 32 266.92288208 1
63 32 274.385742188 1
63 32 276.919555664 1
63 32 277.494018555 1
63 32 280.789398193 1
63 32 282.001617432 1
63 32 287.34375 1
63 32 287.77432251 1
63 32 294.726959229 1
63 32 305.054138184 1
63 32 307.175323486 1
63 32 314.717010498 1
63 32 315.649963379 1
63 32 316.180206299 1
63 32 330.235900879 1
63 32 332.096618652 1
63 32 348.544433594 1
63 32 356.963806152 1
63 32 361.582641602 1
63 32 363.537078857 1
63 32 371.905273438 1
63 32 376.34475708 1
63 32 378.221038818 1
63 32 380.78125 1
63 32 385.83795166 1
63 32 386.359588623 1
63 32 390.305755615 1
63 32 399.234405518 1
63 32 423.201660156 1
63 32 434.219268799 1
63 32 434.619506836 1
63 32 442.844940186 1
63 32 447.545379639 1
63 32 464.81817627 1
63 32 465.074127197 1
63 32 473.049346924 1
63 32 477.930389404 1
63 32 481.836456299 1
63 32 488.961791992 1
63 32 510.9246521 1
63 32 520.054992676 1
63 32 523.238220215 1
63 32 540.00579834 1
63 32 540.095275879 1
63 32 547.379516602 1
63 32 588.952636719 1
63 32 645.042053223 1
63 32 648.20526123 1
63 32 705.447692871 1
63 32 834.80291748 1
63 32 920.747436523 1
63 32 955.995117188 1
63 32 1058.38171387 1
63 32 1219.59033203 1
63 32 1364.27612305 1
63 32 1519.48803711 1
63 33 398.033050537 1
63 33 407.98727417 1
63 33 415.983184814 1
63 33 421.502716064 1
63 33 431.199737549 1
63 33 442.977050781 1
63 33 489.947479248 1
63 33 512.811828613 1
63 33 539.398010254 1
63 33 611.271484375 1
63 33 613.214172363 1
63 33 615.840209961 1
63 33 626.119018555 1
63 33 654.512573242 1
63 33 1011.61975098 1
63 34 601.732543945 1
63 34 621.762512207 1
63 34 650.82409668 1
63 34 995.789550781 1
64 23 1561.85864258 1
64 23 1784.93981934 1
64 25 1126.80761719 1
64 25 1261.77954102 1
64 27 754.662353516 1
64 27 896.544006348 1
64 27 997.350097656 1
64 28 698.430480957 1
64 28 743.877441406 1
64 28 767.352600098 1
64 28 946.060974121 1
64 28 1033.90209961 1
64 28 1189.91381836 1
64 28 1439.83422852 1
64 29 651.856994629 1
64 29 716.800537109 1
64 29 792.080322266 1
64 29 884.759521484 1
64 29 971.995483398 1
64 29 1102.88977051 1
64 29 1110.96362305 1
64 29 1190.87023926 1
64 29 1382.41955566 1
64 30 672.700317383 1
64 30 750.46472168 1
64 30 789.213623047 1
64 30 914.145935059 1
64 30 1049.62341309 1
64 30 1190.83764648 1
64 30 3367.26977539 1
64 31 694.301513672 1
64 31 734.166564941 1
64 31 761.807373047 1
64 31 893.742675781 1
64 31 931.323669434 1
64 31 1039.49841309 1
64 31 1043.46313477 1
64 31 1210.89562988 1
64 31 2186.31738281 1
64 32 791.666320801 1
64 32 927.860290527 1
64 32 1444.35827637 1
64 33 713.753234863 1
64 33 747.867797852 1
64 33 776.533996582 1
64 33 810.295593262 1
64 33 1315.97802734 1
64 33 1405.06347656 1
64 34 1273.36645508 1
65 22 2345.91455078 1
65 29 1489.03588867 1
69 26 1749.19604492 1
69 27 1333.51672363 1
69 29 1510.37268066 1
70 22 1965.50280762 1
70 23 1285.19921875 1
70 23 1499.84802246 1
70 24 857.374389648 1
70 25 1055.53356934 1
70 25 1220.61645508 1
70 26 820.695678711 1
70 26 878.898986816 1
70 26 1864.18884277 1
70 27 715.628112793 1
70 27 820.081481934 1
70 27 903.342712402 1
70 27 945.75177002 1
70 27 969.976318359 1
70 27 1263.36535645 1
70 27 1362.54821777 1
70 27 1511.6036377 1
70 27 1566.66052246 1
70 28 703.450073242 1
70 28 707.421875 1
70 28 768.317932129 1
70 28 774.417541504 1
70 28 792.663879395 1
70 28 907.398376465 1
70 28 1000.20300293 1
70 28 1092.61584473 1
70 28 1175.40197754 1
70 28 1528.7590332 1
70 28 1839.64807129 1
70 29 675.079833984 1
70 29 708.360717773 1
70 29 753.691650391 1
70 29 781.329223633 1
70 29 850.450073242 1
70 29 856.919921875 1
70 29 940.51776123 1
70 29 1426.58703613 1
70 30 802.857849121 1
70 30 838.397888184 1
70 30 1410.85986328 1
70 31 644.905273438 1
70 31 1113.10986328 1
70 31 1361.07470703 1
70 32 926.066040039 1
70 32 1489.74450684 1
71 23 1141.99987793 1
71 24 849.48236084 1
71 24 1030.06445312 1
71 24 1135.67663574 1
71 25 923.105773926 1
71 25 1796.82128906 1
71 26 707.713806152 1
71 26 719.911743164 1
71 26 767.102478027 1
71 26 767.838195801 1
71 26 793.814086914 1
71 26 1091.5670166 1
71 26 1149.21813965 1
71 26 1545.89404297 1
71 26 1697.52746582 1
71 27 720.275695801 1
71 27 742.334716797 1
71 27 804.84564209 1
71 27 840.05480957 1
71 27 1003.93695068 1
71 27 1050.49035645 1
71 27 1068.68066406 1
71 27 1119.31494141 1
71 27 1247.05383301 1
71 27 1280.98339844 1
71 27 1354.25842285 1
71 27 1532.40405273 1
71 28 685.044677734 1
71 28 695.313293457 1
71 28 754.512817383 1
71 28 824.987365723 1
71 28 933.783508301 1
71 28 1087.0637207 1
71 28 1092.14526367 1
71 28 1159.49658203 1
71 28 1222.86450195 1
71 28 1422.36730957 1
71 28 1981.21105957 1
71 29 730.397277832 1
71 29 733.982849121 1
71 29 958.046875 1
71 29 977.349182129 1
71 29 1051.6965332 1
71 29 1778.70495605 1
71 30 1037.57043457 1
71 30 1385.56079102 1
71 31 684.943054199 1
71 31 843.641723633 1
71 31 1224.15551758 1
71 31 1282.71557617 1
71 31 1796.35058594 1
71 33 1518.34606934 1
72 27 1352.14074707 1
72 27 2179.48144531 1
76 27 2003.15661621 1
77 24 1856.44372559 1
77 27 1242.25976562 1
77 27 1758.19506836 1
77 28 1338.81225586 1
77 28 1959.25878906 1
77 32 2594.10961914 1
