string dom time hits
54 21 1429.71069336 1
54 23 1315.69506836 1
54 24 1212.19714355 1
54 26 973.011901855 1
54 27 834.759765625 1
54 28 965.472717285 1
54 28 1090.97045898 1
54 29 651.747070312 1
54 29 753.946289062 1
54 29 1362.84631348 1
54 29 1690.24768066 1
54 31 988.871520996 1
54 32 1191.84814453 1
55 19 1567.2635498 1
55 20 1878.39318848 1
55 26 1293.98132324 1
55 27 802.229248047 1
55 27 1491.54541016 1
55 28 804.959594727 1
55 29 725.049682617 1
56 29 1760.55993652 1
62 26 1322.05761719 1
62 27 693.574523926 1
62 27 962.073547363 1
62 28 686.936523438 1
62 28 1091.88085938 1
62 30 664.642456055 1
62 30 920.385009766 1
62 30 1224.66601562 1
62 30 1893.29418945 1
63 18 1714.0994873 1
63 23 923.867980957 1
63 23 1207.1517334 1
63 24 615.551635742 1
63 24 693.32623291 1
63 24 860.551086426 1
63 24 889.748535156 1
63 25 448.646392822 1
63 25 514.40234375 1
63 25 609.256469727 1
63 26 396.862640381 1
63 26 414.366790771 1
63 26 439.034118652 1
63 26 479.617706299 1
63 26 496.282318115 1
63 26 528.865722656 1
63 26 555.934814453 1
63 26 700.951904297 1
63 26 881.907287598 1
63 26 986.463500977 1
63 26 1578.85717773 1
63 27 269.60925293 1
63 27 288.688201904 1
63 27 291.233520508 1
63 27 339.433898926 1
63 27 355.157318115 1
63 27 357.495117188 1
63 27 365.891937256 1
63 27 376.968902588 1
63 27 404.932647705 1
63 27 412.041625977 1
63 27 421.161529541 1
63 27 428.286682129 1
63 27 452.750488281 1
63 27 488.927703857 1
63 27 535.645629883 1
63 27 536.799072266 1
63 27 588.912902832 1
63 27 591.716918945 1
63 27 616.278869629 1
63 27 622.316040039 1
63 27 646.908874512 1
63 27 824.245178223 1
63 27 883.136657715 1
63 27 937.120056152 1
63 27 1022.00170898 1
63 27 1058.53735352 1
63 27 1100.98498535 1
63 28 184.299819946 1
63 28 191.021484375 1
63 28 196.031570435 1
63 28 203.83656311 1
63 28 206.323745728 1
63 28 206.659957886 1
63 28 211.539276123 1
63 28 224.20249939 1
63 28 231.683837891 1
63 28 231.73348999 1
63 28 244.529418945 1
63 28 247.49017334 1
63 28 257.187164307 1
63 28 258.773498535 1
63 28 261.508453369 1
63 28 263.067993164 1
63 28 265.26852417 1
63 28 267.098937988 1
63 28 268.107055664 1
63 28 269.10345459 1
63 28 273.721191406 1
63 28 282.945098877 1
63 28 287.0887146 1
63 28 288.540557861 1
63 28 290.936737061 1
63 28 292.629180908 1
63 28 298.346466064 1
63 28 312.798187256 1
63 28 315.797424316 1
63 28 319.31918335 1
63 28 325.984985352 1
63 28 332.175689697 1
63 28 340.263763428 1
63 28 354.359161377 1
63 28 359.901062012 1
63 28 365.751831055 1
63 28 370.131256104 1
63 28 382.242889404 1
63 28 384.052520752 1
63 28 525.07421875 1
63 28 612.78918457 1
63 28 708.021362305 1
63 28 709.423339844 1
63 28 768.273376465 1
63 28 818.737670898 1
63 28 857.887695312 1
63 28 935.929443359 1
63 28 1085.26159668 1
63 28 1169.51220703 1
63 28 1173.1973877 1
63 28 1182.125 1
63 28 1370.25585938 1
63 29 99.9275817871 1
63 29 100.797363281 1
63 29 103.678520203 1
63 29 107.801292419 1
63 29 108.284660339 1
63 29 108.485054016 1
63 29 109.40524292 1
63 29 113.039901733 1
63 29 116.408576965 1
63 29 117.35584259 1
63 29 118.919403076 1
63 29 122.468681335 1
63 29 123.883094788 1
63 29 126.049919128 1
63 29 126.234825134 1
63 29 126.932319641 1
63 29 128.091186523 1
63 29 128.963195801 1
63 29 129.060668945 1
63 29 131.703460693 1
63 29 132.746994019 1
63 29 132.85395813 1
63 29 133.090103149 1
63 29 133.798294067 1
63 29 137.215530396 1
63 29 138.454681396 1
63 29 138.784317017 1
63 29 140.876525879 1
63 29 141.706039429 1
63 29 143.180664062 1
63 29 145.462280273 1
63 29 147.550231934 1
63 29 150.855377197 1
63 29 151.453491211 1
63 29 151.622009277 1
63 29 153.239562988 1
63 29 155.057128906 1
63 29 156.218566895 1
63 29 159.121902466 1
63 29 160.218002319 1
63 29 162.549133301 1
63 29 163.360458374 1
63 29 166.56817627 1
63 29 167.337219238 1
63 29 170.938446045 1
63 29 171.060668945 1
63 29 172.117767334 1
63 29 172.2527771 1
63 29 174.842453003 1
63 29 177.342498779 1
63 29 183.277206421 1
63 29 184.003738403 1
63 29 187.164199829 1
63 29 189.442642212 1
63 29 193.487121582 1
63 29 193.922073364 1
63 29 194.451568604 1
63 29 195.906677246 1
63 29 201.282653809 1
63 29 205.855056763 1
63 29 207.84564209 1
63 29 220.78604126 1
63 29 223.217193604 1
63 29 224.663375854 1
63 29 225.417541504 1
63 29 230.348312378 1
63 29 232.100112915 1
63 29 233.5884552 1
63 29 238.124053955 1
63 29 241.576141357 1
63 29 249.916152954 1
63 29 258.651763916 1
63 29 260.640319824 1
63 29 265.60635376 1
63 29 267.09967041 1
63 29 289.038696289 1
63 29 290.156768799 1
63 29 310.462158203 1
63 29 315.232696533 1
63 29 321.052307129 1
63 29 342.456726074 1
63 29 356.22668457 1
63 29 363.177520752 1
63 29 370.46963501 1
63 29 461.062469482 1
63 29 473.265411377 1
63 29 474.230285645 1
63 29 483.436126709 1
63 29 508.842071533 1
63 29 564.15447998 1
63 29 587.11517334 1
63 29 633.33001709 1
63 29 983.874389648 1
63 29 1016.94586182 1
63 29 1040.53308105 1
63 29 1118.6081543 1
63 29 1418.15234375 1
63 29 1443.97192383 1
63 31 100.12613678 1
63 31 100.799720764 1
63 31 109.619796753 1
63 31 110.693870544 1
63 31 112.579223633 1
63 31 113.516189575 1
63 31 116.250831604 1
63 31 119.967269897 1
63 31 122.231674194 1
63 31 123.234580994 1
63 31 124.109512329 1
63 31 128.255905151 1
63 31 128.809204102 1
63 31 130.445129395 1
63 31 132.733459473 1
63 31 133.668197632 1
63 31 133.945449829 1
63 31 134.492294312 1
63 31 135.583053589 1
63 31 135.831939697 1
63 31 136.476196289 1
63 31 137.151321411 1
63 31 137.242584229 1
63 31 137.418823242 1
63 31 138.083251953 1
63 31 138.157958984 1
63 31 138.808746338 1
63 31 139.691894531 1
63 31 139.748260498 1
63 31 141.678482056 1
63 31 142.864868164 1
63 31 143.587280273 1
63 31 144.40826416 1
63 31 146.673858643 1
63 31 147.806518555 1
63 31 148.020645142 1
63 31 150.200775146 1
63 31 152.419891357 1
63 31 154.659118652 1
63 31 156.231048584 1
63 31 158.448028564 1
63 31 160.118972778 1
63 31 161.621307373 1
63 31 162.123931885 1
63 31 162.325057983 1
63 31 164.016403198 1
63 31 164.662002563 1
63 31 169.185134888 1
63 31 169.741546631 1
63 31 169.865966797 1
63 31 170.915390015 1
63 31 172.821640015 1
63 31 175.839645386 1
63 31 179.239425659 1
63 31 180.293106079 1
63 31 183.470565796 1
63 31 183.735198975 1
63 31 184.312026978 1
63 31 184.903747559 1
63 31 185.539978027 1
63 31 187.021026611 1
63 31 189.70866394 1
63 31 193.564910889 1
63 31 195.216491699 1
63 31 196.625671387 1
63 31 197.089065552 1
63 31 201.493911743 1
63 31 202.055465698 1
63 31 202.948669434 1
63 31 205.193634033 1
63 31 205.821105957 1
63 31 205.939224243 1
63 31 208.58631897 1
63 31 209.324813843 1
63 31 218.002426147 1
63 31 221.772201538 1
63 31 224.037841797 1
63 31 225.808837891 1
63 31 228.038742065 1
63 31 229.412368774 1
63 31 233.773696899 1
63 31 242.268692017 1
63 31 244.103210449 1
63 31 244.626434326 1
63 31 248.808959961 1
63 31 250.764755249 1
63 31 251.776672363 1
63 31 252.854660034 1
63 31 254.491653442 1
63 31 257.558380127 1
63 31 259.732818604 1
63 31 263.352996826 1
63 31 264.429321289 1
63 31 269.471862793 1
63 31 270.538848877 1
63 31 274.583709717 1
63 31 281.242370605 1
63 31 284.379211426 1
63 31 284.731079102 1
63 31 285.408599854 1
63 31 285.796447754 1
63 31 321.552612305 1
63 31 336.060089111 1
63 31 341.462768555 1
63 31 344.286773682 1
63 31 345.972259521 1
63 31 346.71887207 1
63 31 346.832305908 1
63 31 348.827209473 1
63 31 357.877349854 1
63 31 358.429229736 1
63 31 363.683166504 1
63 31 396.691375732 1
63 31 397.243896484 1
63 31 476.977172852 1
63 31 523.740661621 1
63 31 555.491210938 1
63 31 563.923828125 1
63 31 575.961853027 1
63 31 609.521850586 1
63 31 658.655090332 1
63 32 206.388519287 1
63 32 210.339935303 1
63 32 230.619689941 1
63 32 236.084259033 1
63 32 236.11050415 1
63 32 242.606994629 1
63 32 246.766067505 1
63 32 255.887786865 1
63 32 257.806304932 1
63 32 264.318145752 1
63 32 264.576599121 1
63 32 270.379730225 1
63 32 271.228759766 1
63 32 278.465393066 1
63 32 284.768798828 1
63 32 285.52822876 1
63 32 290.695098877 1
63 32 295.8878479 1
63 32 316.013427734 1
63 32 317.207244873 1
63 32 335.200805664 1
63 32 357.703521729 1
63 32 362.44354248 1
63 32 399.044036865 1
63 32 403.575683594 1
63 32 409.091491699 1
63 32 440.45413208 1
63 32 443.518951416 1
63 32 467.713287354 1
63 32 502.241638184 1
63 32 617.872375488 1
63 32 1056.51733398 1
63 32 1114.68688965 1
63 32 2146.13378906 1
63 33 372.125610352 1
63 33 386.063354492 1
63 33 421.008850098 1
63 33 438.935760498 1
63 33 456.947021484 1
63 33 476.828887939 1
63 33 522.229125977 1
63 33 557.191223145 1
63 33 721.538146973 1
63 34 480.104217529 1
63 34 636.464599609 1
63 34 750.683959961 1
64 28 786.224243164 1
64 29 900.324768066 1
64 29 977.893554688 1
64 29 3330.69262695 1
64 30 741.725463867 1
64 30 1233.36132812 1
64 31 921.165344238 1
70 26 1525.1072998 1
70 27 809.907287598 1
70 28 722.507263184 1
70 28 728.362976074 1
70 29 1238.98706055 1
71 22 1347.32592773 1
71 23 1682.62194824 1
71 26 924.910400391 1
71 28 942.137817383 1
71 28 965.60949707 1
71 29 1479.05187988 1
71 30 820.217407227 1
71 30 1266.17407227 1
71 31 1312.87426758 1
71 32 2002.79125977 1
72 33 1527.92089844 1
77 27 1327.35058594 1
77 31 1535.87487793 1
