string dom time hits
45 30 2046.45800781 1
45 32 2048.58911133 1
46 29 1597.47314453 1
54 22 989.432678223 1
54 24 1129.43884277 1
54 24 1432.2043457 1
54 24 2256.68676758 1
54 25 1032.49865723 1
54 26 773.811889648 1
54 27 716.381164551 1
54 27 827.975402832 1
54 27 864.438964844 1
54 27 973.215881348 1
54 28 680.680725098 1
54 28 748.173095703 1
54 28 752.516418457 1
54 28 813.523620605 1
54 28 850.982543945 1
54 28 1074.94189453 1
54 28 1191.37756348 1
54 28 1307.77722168 1
54 28 1359.88427734 1
54 28 1862.51550293 1
54 29 712.91619873 1
54 29 1033.2355957 1
54 30 715.454223633 1
54 30 798.747802734 1
54 30 831.891601562 1
54 30 837.773803711 1
54 30 1042.38183594 1
54 30 1159.51281738 1
54 30 1238.58532715 1
54 30 1598.84509277 1
54 30 1718.07177734 1
54 31 1124.52453613 1
54 31 1304.19750977 1
54 32 864.853210449 1
55 20 1359.51818848 1
55 24 1277.88781738 1
55 25 1222.25488281 1
55 25 1950.35437012 1
55 26 1017.69439697 1
55 26 1132.31103516 1
55 26 1617.01428223 1
55 27 739.166870117 1
55 27 751.255065918 1
55 27 797.859436035 1
55 27 945.072265625 1
55 27 1072.98779297 1
55 27 1545.50561523 1
55 27 1615.09008789 1
55 28 657.992797852 1
55 28 700.216308594 1
55 28 718.632080078 1
55 28 743.298095703 1
55 28 749.174438477 1
55 28 1074.45825195 1
55 28 1088.8795166 1
55 28 1103.51489258 1
55 28 1395.8170166 1
55 28 1916.49963379 1
55 29 625.508972168 1
55 29 680.596130371 1
55 29 725.005371094 1
55 29 764.793823242 1
55 29 938.284484863 1
55 29 1228.44104004 1
55 29 1257.3182373 1
55 29 1276.11816406 1
55 29 1355.49035645 1
55 29 1844.03930664 1
55 29 1886.05432129 1
55 29 1892.10998535 1
55 30 694.760070801 1
55 30 937.356872559 1
55 31 751.248352051 1
55 32 836.898986816 1
55 33 853.356872559 1
56 27 1595.65405273 1
56 28 1435.40600586 1
61 30 2885.35571289 1
62 24 959.819091797 1
62 24 1072.49914551 1
62 24 1343.84924316 1
62 25 1358.26916504 1
62 26 788.562744141 1
62 26 794.479064941 1
62 26 877.095031738 1
62 26 1467.45117188 1
62 27 717.83380127 1
62 27 841.235534668 1
62 27 895.884460449 1
62 27 965.494140625 1
62 27 1099.74621582 1
62 27 1318.26660156 1
62 28 786.784423828 1
62 28 978.608764648 1
62 28 1013.7409668 1
62 28 1271.46057129 1
62 28 1380.46557617 1
62 29 648.632995605 1
62 29 806.61315918 1
62 29 896.223388672 1
62 29 900.110351562 1
62 29 922.427490234 1
62 29 1117.87390137 1
62 29 1252.27600098 1
62 30 769.99609375 1
62 30 1042.82043457 1
62 30 1169.78356934 1
62 30 1348.96374512 1
62 30 1391.65966797 1
62 31 927.911560059 1
62 32 979.397094727 1
62 32 1260.89160156 1
62 33 1664.60266113 1
63 20 1486.11987305 1
63 20 1547.50622559 1
63 21 931.940124512 1
63 21 1146.23962402 1
63 21 1269.17944336 1
63 21 2006.62536621 1
63 22 759.244506836 1
63 22 759.633728027 1
63 22 821.844787598 1
63 22 929.487854004 1
63 22 1442.03759766 1
63 23 717.314758301 1
63 23 839.311645508 1
63 23 840.742553711 1
63 23 1036.04431152 1
63 23 1040.95703125 1
63 24 505.635223389 1
63 24 558.800231934 1
63 24 562.794433594 1
63 24 582.669433594 1
63 24 582.715454102 1
63 24 654.103942871 1
63 24 691.338562012 1
63 24 721.23815918 1
63 24 830.88470459 1
63 24 864.177429199 1
63 24 864.814758301 1
63 24 1017.52587891 1
63 24 1220.9473877 1
63 24 1249.34484863 1
63 24 1661.31616211 1
63 25 435.250915527 1
63 25 439.128936768 1
63 25 442.922698975 1
63 25 455.584350586 1
63 25 456.851531982 1
63 25 471.376037598 1
63 25 472.153167725 1
63 25 477.64263916 1
63 25 493.604736328 1
63 25 512.771057129 1
63 25 526.141235352 1
63 25 526.577026367 1
63 25 537.457885742 1
63 25 577.375366211 1
63 25 612.74822998 1
63 25 613.791320801 1
63 25 617.925415039 1
63 25 649.331237793 1
63 25 652.453857422 1
63 25 653.449401855 1
63 25 668.231445312 1
63 25 690.196655273 1
63 25 702.4453125 1
63 25 776.709899902 1
63 25 789.969238281 1
63 25 799.304199219 1
63 25 912.21697998 1
63 25 992.975830078 1
63 25 1016.99243164 1
63 25 1211.2755127 1
63 25 1258.9128418 1
63 25 1590.40966797 1
63 26 325.543609619 1
63 26 331.534393311 1
63 26 344.823028564 1
63 26 347.56439209 1
63 26 347.69720459 1
63 26 348.517089844 1
63 26 355.085021973 1
63 26 356.595855713 1
63 26 359.994842529 1
63 26 364.965759277 1
63 26 365.791259766 1
63 26 366.567565918 1
63 26 369.519592285 1
63 26 371.159851074 1
63 26 372.943817139 1
63 26 373.104858398 1
63 26 373.347595215 1
63 26 379.541412354 1
63 26 381.441223145 1
63 26 382.60635376 1
63 26 383.253875732 1
63 26 383.670928955 1
63 26 385.509857178 1
63 26 386.762084961 1
63 26 389.446716309 1
63 26 389.718322754 1
63 26 392.916931152 1
63 26 392.934692383 1
63 26 398.132659912 1
63 26 414.454101562 1
63 26 420.802093506 1
63 26 426.161682129 1
63 26 430.886260986 1
63 26 434.935302734 1
63 26 437.338409424 1
63 26 442.87878418 1
63 26 452.744049072 1
63 26 453.096466064 1
63 26 469.846099854 1
63 26 481.464294434 1
63 26 482.20715332 1
63 26 487.095581055 1
63 26 505.22454834 1
63 26 513.164733887 1
63 26 530.592346191 1
63 26 535.648986816 1
63 26 535.999145508 1
63 26 547.529968262 1
63 26 567.465576172 1
63 26 606.304870605 1
63 26 609.815673828 1
63 26 612.276000977 1
63 26 613.847106934 1
63 26 641.972900391 1
63 26 674.847106934 1
63 26 677.764343262 1
63 26 679.946105957 1
63 26 734.651550293 1
63 26 743.702636719 1
63 26 747.476989746 1
63 26 749.226806641 1
63 26 750.716064453 1
63 26 840.534545898 1
63 26 847.324279785 1
63 26 861.266174316 1
63 26 864.984863281 1
63 27 237.75642395 1
63 27 242.088562012 1
63 27 246.1925354 1
63 27 246.467803955 1
63 27 246.931671143 1
63 27 248.939880371 1
63 27 249.187850952 1
63 27 249.344207764 1
63 27 250.205383301 1
63 27 250.699050903 1
63 27 251.411575317 1
63 27 252.338119507 1
63 27 252.920211792 1
63 27 253.045669556 1
63 27 253.296554565 1
63 27 254.171890259 1
63 27 254.403213501 1
63 27 255.034561157 1
63 27 255.485229492 1
63 27 255.668365479 1
63 27 255.841567993 1
63 27 256.747833252 1
63 27 256.974182129 1
63 27 257.310974121 1
63 27 257.628204346 1
63 27 257.744415283 1
63 27 257.847229004 1
63 27 257.945404053 1
63 27 258.050567627 1
63 27 258.053222656 1
63 27 258.06930542 1
63 27 258.228424072 1
63 27 259.048583984 1
63 27 259.101989746 1
63 27 260.110473633 1
63 27 260.244598389 1
63 27 260.744995117 1
63 27 260.836486816 1
63 27 261.179168701 1
63 27 261.783599854 1
63 27 261.909729004 1
63 27 261.979614258 1
63 27 262.038513184 1
63 27 262.751373291 1
63 27 262.808258057 1
63 27 263.191131592 1
63 27 263.248962402 1
63 27 263.297973633 1
63 27 263.775604248 1
63 27 264.60369873 1
63 27 264.747161865 1
63 27 266.487579346 1
63 27 266.546081543 1
63 27 267.005401611 1
63 27 267.188903809 1
63 27 268.151062012 1
63 27 268.319915771 1
63 27 269.282501221 1
63 27 269.294403076 1
63 27 269.311218262 1
63 27 269.850494385 1
63 27 270.158081055 1
63 27 270.260528564 1
63 27 270.475738525 1
63 27 270.504211426 1
63 27 270.577728271 1
63 27 270.878814697 1
63 27 272.633148193 1
63 27 272.93927002 1
63 27 273.069854736 1
63 27 273.236602783 1
63 27 273.327270508 1
63 27 273.583587646 1
63 27 274.787445068 1
63 27 274.879486084 1
63 27 275.069274902 1
63 27 275.895904541 1
63 27 275.912139893 1
63 27 275.912384033 1
63 27 276.206359863 1
63 27 276.850738525 1
63 27 277.019195557 1
63 27 277.219329834 1
63 27 277.708129883 1
63 27 277.991882324 1
63 27 278.53894043 1
63 27 279.940490723 1
63 27 279.944488525 1
63 27 280.089813232 1
63 27 280.203796387 1
63 27 280.252105713 1
63 27 280.999786377 1
63 27 281.373046875 1
63 27 281.87387085 1
63 27 281.979187012 1
63 27 282.305633545 1
63 27 282.464508057 1
63 27 282.671081543 1
63 27 282.961761475 1
63 27 283.016540527 1
63 27 283.153839111 1
63 27 283.16003418 1
63 27 283.506469727 1
63 27 284.042144775 1
63 27 284.269134521 1
63 27 285.145782471 1
63 27 285.157806396 1
63 27 285.438720703 1
63 27 285.735626221 1
63 27 287.249847412 1
63 27 288.046173096 1
63 27 289.096710205 1
63 27 289.525970459 1
63 27 290.29977417 1
63 27 290.503387451 1
63 27 290.846374512 1
63 27 291.055419922 1
63 27 292.092407227 1
63 27 292.188079834 1
63 27 293.423431396 1
63 27 294.171966553 1
63 27 296.589447021 1
63 27 297.607452393 1
63 27 298.807250977 1
63 27 298.892272949 1
63 27 299.385437012 1
63 27 299.948760986 1
63 27 300.14251709 1
63 27 302.059967041 1
63 27 302.237518311 1
63 27 303.233734131 1
63 27 303.878570557 1
63 27 304.00213623 1
63 27 304.040008545 1
63 27 304.061218262 1
63 27 305.378417969 1
63 27 306.428588867 1
63 27 306.58581543 1
63 27 308.559692383 1
63 27 309.055725098 1
63 27 310.386444092 1
63 27 312.43081665 1
63 27 312.883911133 1
63 27 312.892486572 1
63 27 315.236328125 1
63 27 319.61630249 1
63 27 321.179321289 1
63 27 322.391113281 1
63 27 324.047698975 1
63 27 325.68548584 1
63 27 326.180175781 1
63 27 327.143371582 1
63 27 327.215667725 1
63 27 328.360015869 1
63 27 328.563354492 1
63 27 329.208343506 1
63 27 330.830932617 1
63 27 331.784423828 1
63 27 334.964660645 1
63 27 334.977081299 1
63 27 335.501861572 1
63 27 336.382751465 1
63 27 336.384613037 1
63 27 336.767425537 1
63 27 336.770751953 1
63 27 337.867034912 1
63 27 338.006286621 1
63 27 339.080352783 1
63 27 340.251678467 1
63 27 340.434295654 1
63 27 342.966583252 1
63 27 345.926757812 1
63 27 347.416137695 1
63 27 347.628051758 1
63 27 354.240661621 1
63 27 356.080596924 1
63 27 357.215423584 1
63 27 358.109222412 1
63 27 361.193206787 1
63 27 361.319854736 1
63 27 362.64453125 1
63 27 364.008026123 1
63 27 365.617431641 1
63 27 365.97555542 1
63 27 371.97644043 1
63 27 372.500518799 1
63 27 376.227813721 1
63 27 377.682891846 1
63 27 377.683349609 1
63 27 379.582427979 1
63 27 380.580169678 1
63 27 381.134521484 1
63 27 381.341522217 1
63 27 382.724578857 1
63 27 386.20526123 1
63 27 391.174499512 1
63 27 394.901763916 1
63 27 398.922027588 1
63 27 403.773132324 1
63 27 410.640991211 1
63 27 411.351531982 1
63 27 413.373260498 1
63 27 419.177032471 1
63 27 425.485412598 1
63 27 427.302947998 1
63 27 428.887542725 1
63 27 434.011810303 1
63 27 439.679962158 1
63 27 444.742431641 1
63 27 446.577819824 1
63 27 450.9793396 1
63 27 452.578674316 1
63 27 456.496948242 1
63 27 459.860198975 1
63 27 459.931610107 1
63 27 463.291687012 1
63 27 464.581665039 1
63 27 479.508666992 1
63 27 480.574859619 1
63 27 482.65246582 1
63 27 485.273406982 1
63 27 486.974456787 1
63 27 488.322387695 1
63 27 500.515838623 1
63 27 500.981140137 1
63 27 520.480773926 1
63 27 527.80871582 1
63 27 541.816467285 1
63 27 543.033081055 1
63 27 558.306884766 1
63 27 564.96673584 1
63 27 582.56237793 1
63 27 609.80456543 1
63 27 627.301940918 1
63 27 640.703063965 1
63 27 643.928955078 1
63 27 645.108154297 1
63 27 668.944458008 1
63 27 703.610290527 1
63 27 718.278381348 1
63 27 753.399658203 1
63 27 757.797729492 1
63 27 764.658508301 1
63 27 773.946044922 1
63 27 822.503417969 1
63 27 840.874511719 1
63 27 846.587463379 1
63 27 858.918457031 1
63 27 885.541748047 1
63 27 896.157165527 1
63 27 996.581848145 1
63 27 1160.72241211 1
63 27 1225.82800293 1
63 27 1514.46618652 1
63 27 2247.88330078 1
63 28 159.747055054 1
63 28 160.977584839 1
63 28 161.874023438 1
63 28 161.88609314 1
63 28 162.346191406 1
63 28 163.547851562 1
63 28 163.832168579 1
63 28 164.069976807 1
63 28 164.146759033 1
63 28 164.225402832 1
63 28 164.293060303 1
63 28 164.690368652 1
63 28 164.771087646 1
63 28 164.797790527 1
63 28 165.086837769 1
63 28 165.200424194 1
63 28 165.707015991 1
63 28 165.801177979 1
63 28 165.93447876 1
63 28 166.142593384 1
63 28 166.275253296 1
63 28 166.466262817 1
63 28 166.60836792 1
63 28 166.831848145 1
63 28 167.152420044 1
63 28 167.266586304 1
63 28 167.375732422 1
63 28 167.756454468 1
63 28 168.136734009 1
63 28 168.342529297 1
63 28 168.46774292 1
63 28 168.648498535 1
63 28 168.726898193 1
63 28 169.036407471 1
63 28 169.067581177 1
63 28 169.240234375 1
63 28 169.613998413 1
63 28 169.678375244 1
63 28 169.797622681 1
63 28 169.900527954 1
63 28 169.972061157 1
63 28 170.110916138 1
63 28 170.498062134 1
63 28 170.63470459 1
63 28 170.980941772 1
63 28 171.133972168 1
63 28 171.203430176 1
63 28 171.227203369 1
63 28 171.321289062 1
63 28 171.429763794 1
63 28 171.606307983 1
63 28 171.695266724 1
63 28 171.708358765 1
63 28 171.800064087 1
63 28 171.802230835 1
63 28 171.969299316 1
63 28 171.972717285 1
63 28 171.988311768 1
63 28 172.136871338 1
63 28 172.187698364 1
63 28 172.204788208 1
63 28 172.36706543 1
63 28 172.44543457 1
63 28 172.848190308 1
63 28 172.887634277 1
63 28 172.891738892 1
63 28 173.29927063 1
63 28 173.432754517 1
63 28 173.571868896 1
63 28 173.753463745 1
63 28 173.771057129 1
63 28 173.846084595 1
63 28 173.861343384 1
63 28 173.988189697 1
63 28 174.04447937 1
63 28 174.065567017 1
63 28 174.074325562 1
63 28 174.129013062 1
63 28 174.13092041 1
63 28 174.20085144 1
63 28 174.250061035 1
63 28 174.340026855 1
63 28 174.358184814 1
63 28 174.506759644 1
63 28 174.568084717 1
63 28 174.629699707 1
63 28 174.645263672 1
63 28 174.817657471 1
63 28 174.868499756 1
63 28 174.894180298 1
63 28 174.979354858 1
63 28 175.000961304 1
63 28 175.02053833 1
63 28 175.257736206 1
63 28 175.311676025 1
63 28 175.396347046 1
63 28 175.53793335 1
63 28 175.586761475 1
63 28 175.632522583 1
63 28 175.798828125 1
63 28 175.871658325 1
63 28 175.886444092 1
63 28 176.048568726 1
63 28 176.159515381 1
63 28 176.178070068 1
63 28 176.202728271 1
63 28 176.212081909 1
63 28 176.359069824 1
63 28 176.570281982 1
63 28 176.802398682 1
63 28 176.874145508 1
63 28 176.885116577 1
63 28 176.959976196 1
63 28 177.026596069 1
63 28 177.058807373 1
63 28 177.076171875 1
63 28 177.209899902 1
63 28 177.27293396 1
63 28 177.380050659 1
63 28 177.408111572 1
63 28 177.47315979 1
63 28 177.674377441 1
63 28 177.722427368 1
63 28 177.723419189 1
63 28 177.805221558 1
63 28 177.831008911 1
63 28 177.868804932 1
63 28 178.039489746 1
63 28 178.301528931 1
63 28 178.400894165 1
63 28 178.456832886 1
63 28 178.459213257 1
63 28 178.543777466 1
63 28 178.613937378 1
63 28 178.638748169 1
63 28 178.760971069 1
63 28 178.887573242 1
63 28 178.931060791 1
63 28 178.935806274 1
63 28 178.996047974 1
63 28 179.030456543 1
63 28 179.056121826 1
63 28 179.058792114 1
63 28 179.280975342 1
63 28 179.357467651 1
63 28 179.363479614 1
63 28 179.509857178 1
63 28 179.552764893 1
63 28 179.628417969 1
63 28 179.698516846 1
63 28 179.78237915 1
63 28 180.008956909 1
63 28 180.026916504 1
63 28 180.06993103 1
63 28 180.120330811 1
63 28 180.197692871 1
63 28 180.258956909 1
63 28 180.500823975 1
63 28 180.5105896 1
63 28 180.511505127 1
63 28 180.575775146 1
63 28 180.681762695 1
63 28 180.743591309 1
63 28 180.745391846 1
63 28 180.929702759 1
63 28 180.934967041 1
63 28 180.968948364 1
63 28 180.982620239 1
63 28 181.065078735 1
63 28 181.108200073 1
63 28 181.136962891 1
63 28 181.250015259 1
63 28 181.257995605 1
63 28 181.331542969 1
63 28 181.404464722 1
63 28 181.491592407 1
63 28 181.548568726 1
63 28 181.552978516 1
63 28 181.59236145 1
63 28 181.630203247 1
63 28 181.679641724 1
63 28 181.943664551 1
63 28 182.065612793 1
63 28 182.134765625 1
63 28 182.476211548 1
63 28 182.51260376 1
63 28 182.61076355 1
63 28 182.870513916 1
63 28 183.331619263 1
63 28 183.429000854 1
63 28 183.527740479 1
63 28 183.64112854 1
63 28 183.763687134 1
63 28 183.78717041 1
63 28 183.94128418 1
63 28 184.122589111 1
63 28 184.14666748 1
63 28 184.208496094 1
63 28 184.22833252 1
63 28 184.353515625 1
63 28 184.362136841 1
63 28 184.375335693 1
63 28 184.473999023 1
63 28 184.47694397 1
63 28 184.480606079 1
63 28 184.527374268 1
63 28 184.840209961 1
63 28 184.946121216 1
63 28 185.274261475 1
63 28 185.487854004 1
63 28 185.595794678 1
63 28 185.740707397 1
63 28 185.871612549 1
63 28 186.233688354 1
63 28 186.404266357 1
63 28 186.421447754 1
63 28 186.482589722 1
63 28 186.507156372 1
63 28 186.787277222 1
63 28 186.931594849 1
63 28 187.02746582 1
63 28 187.144699097 1
63 28 187.183578491 1
63 28 187.404937744 1
63 28 187.485015869 1
63 28 187.554977417 1
63 28 187.676330566 1
63 28 187.995147705 1
63 28 188.197372437 1
63 28 188.201644897 1
63 28 188.236526489 1
63 28 188.261978149 1
63 28 188.409011841 1
63 28 188.419204712 1
63 28 188.45993042 1
63 28 188.545623779 1
63 28 188.580749512 1
63 28 188.584838867 1
63 28 188.772827148 1
63 28 188.79107666 1
63 28 188.99055481 1
63 28 189.03062439 1
63 28 189.032821655 1
63 28 189.160476685 1
63 28 189.180221558 1
63 28 189.242080688 1
63 28 189.348709106 1
63 28 189.376907349 1
63 28 189.488586426 1
63 28 189.794036865 1
63 28 189.824508667 1
63 28 190.035339355 1
63 28 190.369750977 1
63 28 190.686325073 1
63 28 190.714889526 1
63 28 190.969192505 1
63 28 191.036712646 1
63 28 191.101150513 1
63 28 191.675888062 1
63 28 191.726470947 1
63 28 191.848556519 1
63 28 192.053314209 1
63 28 192.109008789 1
63 28 192.206375122 1
63 28 192.281097412 1
63 28 192.370819092 1
63 28 192.918243408 1
63 28 192.941314697 1
63 28 192.959686279 1
63 28 193.057128906 1
63 28 193.401489258 1
63 28 193.478607178 1
63 28 193.776275635 1
63 28 194.269882202 1
63 28 194.28578186 1
63 28 194.31362915 1
63 28 194.326797485 1
63 28 194.503768921 1
63 28 194.61315918 1
63 28 195.181427002 1
63 28 195.200271606 1
63 28 195.385009766 1
63 28 195.471984863 1
63 28 195.740997314 1
63 28 195.829788208 1
63 28 195.899810791 1
63 28 196.217514038 1
63 28 196.348083496 1
63 28 196.395355225 1
63 28 196.711105347 1
63 28 196.748138428 1
63 28 196.85496521 1
63 28 197.054473877 1
63 28 197.254180908 1
63 28 197.463150024 1
63 28 197.593887329 1
63 28 198.302764893 1
63 28 198.495773315 1
63 28 198.797286987 1
63 28 198.858215332 1
63 28 198.97505188 1
63 28 199.496963501 1
63 28 199.848724365 1
63 28 200.17010498 1
63 28 200.342987061 1
63 28 200.464279175 1
63 28 200.629501343 1
63 28 200.795120239 1
63 28 201.4037323 1
63 28 202.050369263 1
63 28 202.402130127 1
63 28 202.448059082 1
63 28 202.529800415 1
63 28 202.666259766 1
63 28 202.666610718 1
63 28 202.729476929 1
63 28 202.773376465 1
63 28 203.514755249 1
63 28 203.91758728 1
63 28 204.009841919 1
63 28 204.359909058 1
63 28 204.385879517 1
63 28 204.882263184 1
63 28 204.905319214 1
63 28 205.019729614 1
63 28 205.316772461 1
63 28 205.428253174 1
63 28 205.469589233 1
63 28 205.500396729 1
63 28 205.589706421 1
63 28 205.831008911 1
63 28 205.988006592 1
63 28 206.053253174 1
63 28 206.459579468 1
63 28 206.510513306 1
63 28 206.523864746 1
63 28 206.82762146 1
63 28 207.202011108 1
63 28 209.146575928 1
63 28 209.314102173 1
63 28 209.671844482 1
63 28 210.193817139 1
63 28 210.319091797 1
63 28 210.699935913 1
63 28 210.705093384 1
63 28 210.883102417 1
63 28 211.028152466 1
63 28 211.346710205 1
63 28 211.360855103 1
63 28 211.445922852 1
63 28 211.503540039 1
63 28 211.540786743 1
63 28 211.576751709 1
63 28 211.735107422 1
63 28 212.685638428 1
63 28 212.98336792 1
63 28 213.263946533 1
63 28 213.33241272 1
63 28 213.991119385 1
63 28 214.181640625 1
63 28 214.548110962 1
63 28 214.762084961 1
63 28 215.079849243 1
63 28 215.093582153 1
63 28 215.660064697 1
63 28 216.207061768 1
63 28 216.46661377 1
63 28 216.810470581 1
63 28 216.816085815 1
63 28 217.261566162 1
63 28 217.882614136 1
63 28 217.990646362 1
63 28 218.287780762 1
63 28 218.738143921 1
63 28 219.547210693 1
63 28 219.610977173 1
63 28 220.047576904 1
63 28 220.539260864 1
63 28 220.704788208 1
63 28 220.827224731 1
63 28 221.246307373 1
63 28 221.285064697 1
63 28 221.389785767 1
63 28 221.601715088 1
63 28 221.628082275 1
63 28 221.95123291 1
63 28 222.08303833 1
63 28 222.28817749 1
63 28 222.90612793 1
63 28 222.963150024 1
63 28 223.137298584 1
63 28 223.382110596 1
63 28 223.570236206 1
63 28 223.91494751 1
63 28 224.527328491 1
63 28 225.594177246 1
63 28 226.046508789 1
63 28 226.05696106 1
63 28 226.41242981 1
63 28 226.47442627 1
63 28 226.964477539 1
63 28 226.993347168 1
63 28 227.344009399 1
63 28 227.380828857 1
63 28 228.553421021 1
63 28 228.949310303 1
63 28 229.066665649 1
63 28 229.544265747 1
63 28 229.735733032 1
63 28 230.094680786 1
63 28 230.622497559 1
63 28 231.166870117 1
63 28 231.264099121 1
63 28 232.179550171 1
63 28 232.856811523 1
63 28 235.012588501 1
63 28 237.828231812 1
63 28 238.954681396 1
63 28 239.504455566 1
63 28 239.700881958 1
63 28 239.712173462 1
63 28 239.754699707 1
63 28 240.417205811 1
63 28 240.734771729 1
63 28 241.174972534 1
63 28 241.34413147 1
63 28 241.436218262 1
63 28 242.237380981 1
63 28 243.324127197 1
63 28 244.572998047 1
63 28 247.152252197 1
63 28 248.447433472 1
63 28 249.105667114 1
63 28 249.434036255 1
63 28 250.012710571 1
63 28 250.519042969 1
63 28 250.662475586 1
63 28 250.898727417 1
63 28 251.283172607 1
63 28 251.475753784 1
63 28 251.622497559 1
63 28 252.229949951 1
63 28 252.49005127 1
63 28 253.480285645 1
63 28 254.207611084 1
63 28 254.788635254 1
63 28 256.486480713 1
63 28 257.475738525 1
63 28 259.717071533 1
63 28 259.813995361 1
63 28 261.16607666 1
63 28 264.97467041 1
63 28 268.239868164 1
63 28 268.52154541 1
63 28 268.815307617 1
63 28 269.232177734 1
63 28 270.102630615 1
63 28 270.10333252 1
63 28 271.86630249 1
63 28 275.809234619 1
63 28 276.529144287 1
63 28 276.97946167 1
63 28 278.287750244 1
63 28 279.630523682 1
63 28 283.008514404 1
63 28 283.488342285 1
63 28 288.146240234 1
63 28 290.755218506 1
63 28 291.404541016 1
63 28 293.605377197 1
63 28 294.06729126 1
63 28 300.576507568 1
63 28 301.065765381 1
63 28 301.296539307 1
63 28 304.444335938 1
63 28 305.59967041 1
63 28 305.820800781 1
63 28 307.575531006 1
63 28 307.807952881 1
63 28 312.028198242 1
63 28 314.561126709 1
63 28 316.4480896 1
63 28 317.084411621 1
63 28 317.326751709 1
63 28 321.806488037 1
63 28 322.428497314 1
63 28 325.001922607 1
63 28 327.648956299 1
63 28 329.419891357 1
63 28 333.398162842 1
63 28 333.921478271 1
63 28 335.332794189 1
63 28 338.894622803 1
63 28 341.051757812 1
63 28 347.4581604 1
63 28 350.410369873 1
63 28 353.638275146 1
63 28 354.036071777 1
63 28 355.528564453 1
63 28 360.96081543 1
63 28 363.991546631 1
63 28 371.052856445 1
63 28 376.66104126 1
63 28 377.113311768 1
63 28 379.461151123 1
63 28 384.194641113 1
63 28 391.34375 1
63 28 398.633544922 1
63 28 399.322418213 1
63 28 400.816558838 1
63 28 405.493621826 1
63 28 408.992706299 1
63 28 409.648742676 1
63 28 414.943481445 1
63 28 425.583587646 1
63 28 428.559875488 1
63 28 430.15737915 1
63 28 456.017608643 1
63 28 456.677398682 1
63 28 460.283081055 1
63 28 473.686126709 1
63 28 482.919433594 1
63 28 506.548736572 1
63 28 514.368774414 1
63 28 522.856506348 1
63 28 523.578857422 1
63 28 567.543579102 1
63 28 573.555664062 1
63 28 578.333190918 1
63 28 584.53338623 1
63 28 598.11151123 1
63 28 607.839477539 1
63 28 624.099731445 1
63 28 631.190551758 1
63 28 634.595458984 1
63 28 634.673950195 1
63 28 727.187011719 1
63 28 773.062011719 1
63 28 773.091064453 1
63 28 832.898376465 1
63 28 857.584838867 1
63 28 889.706665039 1
63 28 943.191101074 1
63 28 968.37512207 1
63 28 1026.24353027 1
63 28 1040.33532715 1
63 28 1047.11450195 1
63 28 1231.1484375 1
63 28 1325.58532715 1
63 28 1619.80541992 1
63 29 79.0796279907 1
63 29 80.1744384766 1
63 29 80.2651977539 1
63 29 80.328994751 1
63 29 80.4089355469 1
63 29 80.4169998169 1
63 29 80.4354400635 1
63 29 80.5193939209 1
63 29 80.7506561279 1
63 29 80.8248443604 1
63 29 81.1537704468 1
63 29 81.3606185913 1
63 29 81.3961181641 1
63 29 81.4291687012 1
63 29 81.4609451294 1
63 29 81.5282974243 1
63 29 81.7094192505 1
63 29 81.951385498 1
63 29 81.9736785889 1
63 29 82.0845565796 1
63 29 82.1475830078 1
63 29 82.1500167847 1
63 29 82.1881866455 1
63 29 82.2518768311 1
63 29 82.271194458 1
63 29 82.2884674072 1
63 29 82.5210800171 1
63 29 82.6197433472 1
63 29 82.6301498413 1
63 29 82.7249755859 1
63 29 82.8096694946 1
63 29 82.8316726685 1
63 29 82.9139785767 1
63 29 83.1339263916 1
63 29 83.1651000977 1
63 29 83.2531585693 1
63 29 83.3115158081 1
63 29 83.3145980835 1
63 29 83.3244628906 1
63 29 83.3323898315 1
63 29 83.3475723267 1
63 29 83.4240951538 1
63 29 83.4559020996 1
63 29 83.4711151123 1
63 29 83.541847229 1
63 29 83.5790634155 1
63 29 83.579498291 1
63 29 83.5980987549 1
63 29 83.6250152588 1
63 29 83.6442642212 1
63 29 83.6700439453 1
63 29 83.7865142822 1
63 29 83.7955703735 1
63 29 83.8975830078 1
63 29 83.9026412964 1
63 29 83.9407958984 1
63 29 84.0603485107 1
63 29 84.0923233032 1
63 29 84.1098327637 1
63 29 84.1568603516 1
63 29 84.1731491089 1
63 29 84.2223434448 1
63 29 84.2431564331 1
63 29 84.3132629395 1
63 29 84.3317642212 1
63 29 84.3493728638 1
63 29 84.3774337769 1
63 29 84.5148773193 1
63 29 84.5298614502 1
63 29 84.5529251099 1
63 29 84.6001586914 1
63 29 84.6397018433 1
63 29 84.6518478394 1
63 29 84.6950531006 1
63 29 84.7262954712 1
63 29 84.7810821533 1
63 29 84.8596725464 1
63 29 84.8718948364 1
63 29 84.9509887695 1
63 29 85.0038833618 1
63 29 85.0148925781 1
63 29 85.0577468872 1
63 29 85.0844192505 1
63 29 85.1933822632 1
63 29 85.2497787476 1
63 29 85.3341522217 1
63 29 85.3530960083 1
63 29 85.3569335938 1
63 29 85.3930740356 1
63 29 85.4068069458 1
63 29 85.4142837524 1
63 29 85.4165039062 1
63 29 85.4257583618 1
63 29 85.4607925415 1
63 29 85.4617080688 1
63 29 85.4706726074 1
63 29 85.5012207031 1
63 29 85.5149917603 1
63 29 85.5392684937 1
63 29 85.5791702271 1
63 29 85.5820465088 1
63 29 85.6104507446 1
63 29 85.6116485596 1
63 29 85.6691894531 1
63 29 85.7136764526 1
63 29 85.7741851807 1
63 29 85.8109970093 1
63 29 85.8658752441 1
63 29 85.8769836426 1
63 29 85.8971786499 1
63 29 85.9133148193 1
63 29 85.9420318604 1
63 29 85.9462203979 1
63 29 85.9748077393 1
63 29 86.0323181152 1
63 29 86.0675354004 1
63 29 86.0902328491 1
63 29 86.1207809448 1
63 29 86.1600646973 1
63 29 86.1769256592 1
63 29 86.1944046021 1
63 29 86.1985626221 1
63 29 86.2106704712 1
63 29 86.2886047363 1
63 29 86.3464126587 1
63 29 86.3954620361 1
63 29 86.5226135254 1
63 29 86.5520248413 1
63 29 86.5717544556 1
63 29 86.5869522095 1
63 29 86.5876312256 1
63 29 86.6406555176 1
63 29 86.6664199829 1
63 29 86.6831054688 1
63 29 86.7097930908 1
63 29 86.7119445801 1
63 29 86.7150115967 1
63 29 86.7377243042 1
63 29 86.7613296509 1
63 29 86.7833633423 1
63 29 86.8352661133 1
63 29 86.8384094238 1
63 29 86.8778457642 1
63 29 86.8790435791 1
63 29 86.9174041748 1
63 29 86.9262695312 1
63 29 86.9378662109 1
63 29 86.9591445923 1
63 29 86.965637207 1
63 29 86.9919586182 1
63 29 86.9955215454 1
63 29 87.0810012817 1
63 29 87.1169433594 1
63 29 87.1239700317 1
63 29 87.1687240601 1
63 29 87.2005462646 1
63 29 87.2132949829 1
63 29 87.214805603 1
63 29 87.2214431763 1
63 29 87.2297668457 1
63 29 87.2390289307 1
63 29 87.2427902222 1
63 29 87.2809524536 1
63 29 87.2898406982 1
63 29 87.3631896973 1
63 29 87.3851394653 1
63 29 87.4110946655 1
63 29 87.4581069946 1
63 29 87.4668273926 1
63 29 87.4715118408 1
63 29 87.5146408081 1
63 29 87.532699585 1
63 29 87.5611419678 1
63 29 87.5773162842 1
63 29 87.5983581543 1
63 29 87.6335983276 1
63 29 87.6800689697 1
63 29 87.6875762939 1
63 29 87.7180328369 1
63 29 87.7214736938 1
63 29 87.7246017456 1
63 29 87.7576599121 1
63 29 87.7649002075 1
63 29 87.7669830322 1
63 29 87.8479614258 1
63 29 87.85572052 1
63 29 87.9183120728 1
63 29 87.9249725342 1
63 29 87.9325485229 1
63 29 87.9509048462 1
63 29 87.9547424316 1
63 29 87.968460083 1
63 29 88.0263671875 1
63 29 88.0471725464 1
63 29 88.0566558838 1
63 29 88.0571746826 1
63 29 88.0740203857 1
63 29 88.102394104 1
63 29 88.1148300171 1
63 29 88.1456604004 1
63 29 88.1544494629 1
63 29 88.2196121216 1
63 29 88.262840271 1
63 29 88.2939071655 1
63 29 88.3451461792 1
63 29 88.3650894165 1
63 29 88.3795700073 1
63 29 88.419921875 1
63 29 88.4305496216 1
63 29 88.4572906494 1
63 29 88.4898376465 1
63 29 88.5166549683 1
63 29 88.5259933472 1
63 29 88.5368652344 1
63 29 88.6012878418 1
63 29 88.6063613892 1
63 29 88.6302108765 1
63 29 88.6377868652 1
63 29 88.6382369995 1
63 29 88.6635818481 1
63 29 88.6674957275 1
63 29 88.689704895 1
63 29 88.6915283203 1
63 29 88.7054214478 1
63 29 88.7113037109 1
63 29 88.7289962769 1
63 29 88.7321472168 1
63 29 88.7917785645 1
63 29 88.7960662842 1
63 29 88.8143920898 1
63 29 88.8161087036 1
63 29 88.8182373047 1
63 29 88.822883606 1
63 29 88.825592041 1
63 29 88.8436431885 1
63 29 88.8545608521 1
63 29 88.8592605591 1
63 29 88.865234375 1
63 29 88.9169387817 1
63 29 88.9251174927 1
63 29 88.936088562 1
63 29 88.9468917847 1
63 29 89.0026931763 1
63 29 89.0107879639 1
63 29 89.0200500488 1
63 29 89.0276184082 1
63 29 89.03881073 1
63 29 89.0609207153 1
63 29 89.0720443726 1
63 29 89.0843734741 1
63 29 89.089553833 1
63 29 89.1246490479 1
63 29 89.1295852661 1
63 29 89.1324234009 1
63 29 89.1453323364 1
63 29 89.1466140747 1
63 29 89.1488189697 1
63 29 89.1658859253 1
63 29 89.1888122559 1
63 29 89.194152832 1
63 29 89.2108535767 1
63 29 89.231803894 1
63 29 89.2414550781 1
63 29 89.2549209595 1
63 29 89.256477356 1
63 29 89.2788467407 1
63 29 89.3014450073 1
63 29 89.314163208 1
63 29 89.3288345337 1
63 29 89.3478317261 1
63 29 89.3518829346 1
63 29 89.3952178955 1
63 29 89.3987350464 1
63 29 89.4003295898 1
63 29 89.4034423828 1
63 29 89.4067001343 1
63 29 89.4130401611 1
63 29 89.4265213013 1
63 29 89.4337310791 1
63 29 89.4521179199 1
63 29 89.4703598022 1
63 29 89.4870681763 1
63 29 89.5090332031 1
63 29 89.5327224731 1
63 29 89.5343170166 1
63 29 89.5859832764 1
63 29 89.5860824585 1
63 29 89.6118240356 1
63 29 89.6159667969 1
63 29 89.6331787109 1
63 29 89.6335601807 1
63 29 89.6335906982 1
63 29 89.6427688599 1
63 29 89.6450881958 1
63 29 89.6530990601 1
63 29 89.6554412842 1
63 29 89.6603927612 1
63 29 89.6673126221 1
63 29 89.6704864502 1
63 29 89.6979217529 1
63 29 89.7025146484 1
63 29 89.7359466553 1
63 29 89.7875900269 1
63 29 89.7933502197 1
63 29 89.8031539917 1
63 29 89.8122024536 1
63 29 89.8473739624 1
63 29 89.8654708862 1
63 29 89.8722305298 1
63 29 89.888999939 1
63 29 89.8954086304 1
63 29 89.8988876343 1
63 29 89.9023132324 1
63 29 89.9033050537 1
63 29 89.908454895 1
63 29 89.9310760498 1
63 29 89.9384384155 1
63 29 89.9393539429 1
63 29 89.9593658447 1
63 29 89.9746017456 1
63 29 89.9892501831 1
63 29 90.0144500732 1
63 29 90.0370483398 1
63 29 90.044631958 1
63 29 90.0547714233 1
63 29 90.0552597046 1
63 29 90.1170349121 1
63 29 90.1249008179 1
63 29 90.1289596558 1
63 29 90.1405792236 1
63 29 90.1860427856 1
63 29 90.2360916138 1
63 29 90.2486343384 1
63 29 90.2574615479 1
63 29 90.2673339844 1
63 29 90.2692947388 1
63 29 90.2705764771 1
63 29 90.2942047119 1
63 29 90.3011779785 1
63 29 90.3158569336 1
63 29 90.3199005127 1
63 29 90.331489563 1
63 29 90.35912323 1
63 29 90.3807144165 1
63 29 90.4139862061 1
63 29 90.4236679077 1
63 29 90.4246444702 1
63 29 90.4596405029 1
63 29 90.4928970337 1
63 29 90.4968719482 1
63 29 90.5039901733 1
63 29 90.542098999 1
63 29 90.5609207153 1
63 29 90.5905990601 1
63 29 90.6368331909 1
63 29 90.6502609253 1
63 29 90.6574935913 1
63 29 90.6730499268 1
63 29 90.6752700806 1
63 29 90.6838684082 1
63 29 90.6906967163 1
63 29 90.7084579468 1
63 29 90.7150421143 1
63 29 90.7199935913 1
63 29 90.7200698853 1
63 29 90.7394561768 1
63 29 90.7544403076 1
63 29 90.7743682861 1
63 29 90.7937164307 1
63 29 90.8080978394 1
63 29 90.860534668 1
63 29 90.9192504883 1
63 29 90.9354019165 1
63 29 90.9457855225 1
63 29 90.9499511719 1
63 29 90.9683303833 1
63 29 90.9698486328 1
63 29 91.0178222656 1
63 29 91.019317627 1
63 29 91.0331192017 1
63 29 91.0576248169 1
63 29 91.0865402222 1
63 29 91.098274231 1
63 29 91.1178359985 1
63 29 91.1290130615 1
63 29 91.1326751709 1
63 29 91.1397399902 1
63 29 91.1419677734 1
63 29 91.1477508545 1
63 29 91.1619186401 1
63 29 91.1709442139 1
63 29 91.1771621704 1
63 29 91.2268829346 1
63 29 91.250541687 1
63 29 91.2508163452 1
63 29 91.2571258545 1
63 29 91.2709350586 1
63 29 91.2838134766 1
63 29 91.3013687134 1
63 29 91.3145599365 1
63 29 91.3211669922 1
63 29 91.3214416504 1
63 29 91.3285369873 1
63 29 91.3486938477 1
63 29 91.3500366211 1
63 29 91.3578567505 1
63 29 91.3695602417 1
63 29 91.3856124878 1
63 29 91.4020080566 1
63 29 91.4250411987 1
63 29 91.4304275513 1
63 29 91.4312973022 1
63 29 91.4956588745 1
63 29 91.5417785645 1
63 29 91.5462799072 1
63 29 91.5602722168 1
63 29 91.5719223022 1
63 29 91.5811691284 1
63 29 91.5903701782 1
63 29 91.6095275879 1
63 29 91.6110305786 1
63 29 91.6152191162 1
63 29 91.6172866821 1
63 29 91.6228485107 1
63 29 91.6235198975 1
63 29 91.6485519409 1
63 29 91.7058486938 1
63 29 91.7294464111 1
63 29 91.7418441772 1
63 29 91.7491226196 1
63 29 91.7780380249 1
63 29 91.7946090698 1
63 29 91.799659729 1
63 29 91.8409423828 1
63 29 91.8552322388 1
63 29 91.8817138672 1
63 29 91.900428772 1
63 29 91.9105072021 1
63 29 91.9173812866 1
63 29 91.9242706299 1
63 29 91.9249191284 1
63 29 91.9267578125 1
63 29 91.973777771 1
63 29 92.0001068115 1
63 29 92.0043487549 1
63 29 92.0124664307 1
63 29 92.0302200317 1
63 29 92.0413742065 1
63 29 92.0421066284 1
63 29 92.0464477539 1
63 29 92.0557632446 1
63 29 92.0733108521 1
63 29 92.1186141968 1
63 29 92.121887207 1
63 29 92.1421508789 1
63 29 92.1421813965 1
63 29 92.1472167969 1
63 29 92.1485900879 1
63 29 92.1636581421 1
63 29 92.1642913818 1
63 29 92.1663284302 1
63 29 92.1787872314 1
63 29 92.1987228394 1
63 29 92.2076034546 1
63 29 92.2138290405 1
63 29 92.2592849731 1
63 29 92.2625045776 1
63 29 92.2901229858 1
63 29 92.2901916504 1
63 29 92.298538208 1
63 29 92.3787918091 1
63 29 92.4155502319 1
63 29 92.4322052002 1
63 29 92.4502105713 1
63 29 92.4530334473 1
63 29 92.4554977417 1
63 29 92.5111465454 1
63 29 92.5112075806 1
63 29 92.5234146118 1
63 29 92.5272521973 1
63 29 92.5475769043 1
63 29 92.5876693726 1
63 29 92.6027069092 1
63 29 92.6027450562 1
63 29 92.6071014404 1
63 29 92.6195983887 1
63 29 92.6363372803 1
63 29 92.6694107056 1
63 29 92.706161499 1
63 29 92.7109298706 1
63 29 92.7400360107 1
63 29 92.7872238159 1
63 29 92.8008880615 1
63 29 92.8197250366 1
63 29 92.8315124512 1
63 29 92.8457489014 1
63 29 92.8626937866 1
63 29 92.8976821899 1
63 29 92.9062423706 1
63 29 92.9112243652 1
63 29 92.9132537842 1
63 29 92.9200363159 1
63 29 92.9216766357 1
63 29 92.9242858887 1
63 29 92.9364852905 1
63 29 92.9370193481 1
63 29 92.9442443848 1
63 29 92.947517395 1
63 29 92.9647521973 1
63 29 92.9825515747 1
63 29 92.9931945801 1
63 29 93.0122756958 1
63 29 93.0144348145 1
63 29 93.0172042847 1
63 29 93.0180587769 1
63 29 93.0207748413 1
63 29 93.0670928955 1
63 29 93.1078186035 1
63 29 93.1120300293 1
63 29 93.1138916016 1
63 29 93.1221694946 1
63 29 93.1570663452 1
63 29 93.1605072021 1
63 29 93.1666030884 1
63 29 93.1702651978 1
63 29 93.1766052246 1
63 29 93.2009658813 1
63 29 93.2312088013 1
63 29 93.2519454956 1
63 29 93.2526016235 1
63 29 93.2569351196 1
63 29 93.2574005127 1
63 29 93.2610397339 1
63 29 93.2676544189 1
63 29 93.2686691284 1
63 29 93.2713851929 1
63 29 93.2727661133 1
63 29 93.2827835083 1
63 29 93.2900924683 1
63 29 93.3001251221 1
63 29 93.306640625 1
63 29 93.3173675537 1
63 29 93.3436737061 1
63 29 93.3452072144 1
63 29 93.3489151001 1
63 29 93.3612976074 1
63 29 93.3812637329 1
63 29 93.4074630737 1
63 29 93.418586731 1
63 29 93.4191436768 1
63 29 93.4589385986 1
63 29 93.4766616821 1
63 29 93.4835968018 1
63 29 93.5235366821 1
63 29 93.5287780762 1
63 29 93.5369338989 1
63 29 93.5456008911 1
63 29 93.5596008301 1
63 29 93.5771713257 1
63 29 93.627243042 1
63 29 93.6600341797 1
63 29 93.6828079224 1
63 29 93.6901931763 1
63 29 93.6993026733 1
63 29 93.7020187378 1
63 29 93.7219772339 1
63 29 93.7293243408 1
63 29 93.7366485596 1
63 29 93.7668533325 1
63 29 93.8057022095 1
63 29 93.873046875 1
63 29 93.8857498169 1
63 29 93.9010925293 1
63 29 93.9026184082 1
63 29 93.9038696289 1
63 29 93.9076766968 1
63 29 93.9185028076 1
63 29 93.9300003052 1
63 29 93.94165802 1
63 29 93.9444885254 1
63 29 93.9475021362 1
63 29 93.9548339844 1
63 29 94.0044708252 1
63 29 94.006111145 1
63 29 94.0145263672 1
63 29 94.023223877 1
63 29 94.0260543823 1
63 29 94.0513839722 1
63 29 94.0639419556 1
63 29 94.0685195923 1
63 29 94.0778198242 1
63 29 94.09034729 1
63 29 94.0909500122 1
63 29 94.0949478149 1
63 29 94.1060333252 1
63 29 94.1295776367 1
63 29 94.1536254883 1
63 29 94.1732254028 1
63 29 94.1875686646 1
63 29 94.1885604858 1
63 29 94.2037506104 1
63 29 94.2040405273 1
63 29 94.2322692871 1
63 29 94.2392883301 1
63 29 94.2426071167 1
63 29 94.2634811401 1
63 29 94.2758178711 1
63 29 94.3042221069 1
63 29 94.3050537109 1
63 29 94.3238830566 1
63 29 94.340637207 1
63 29 94.3417358398 1
63 29 94.3436431885 1
63 29 94.3498382568 1
63 29 94.3560333252 1
63 29 94.3628921509 1
63 29 94.3655090332 1
63 29 94.3936386108 1
63 29 94.3984222412 1
63 29 94.4287567139 1
63 29 94.4389648438 1
63 29 94.4418716431 1
63 29 94.4487380981 1
63 29 94.4892120361 1
63 29 94.4930496216 1
63 29 94.5353012085 1
63 29 94.5357513428 1
63 29 94.5492172241 1
63 29 94.5504608154 1
63 29 94.5553894043 1
63 29 94.5929260254 1
63 29 94.6024932861 1
63 29 94.6097412109 1
63 29 94.6110610962 1
63 29 94.6294631958 1
63 29 94.6562347412 1
63 29 94.6642227173 1
63 29 94.6697845459 1
63 29 94.6792831421 1
63 29 94.6818466187 1
63 29 94.6878128052 1
63 29 94.727104187 1
63 29 94.727394104 1
63 29 94.7348937988 1
63 29 94.7669143677 1
63 29 94.7692642212 1
63 29 94.7727890015 1
63 29 94.7778549194 1
63 29 94.7805252075 1
63 29 94.7858581543 1
63 29 94.7880325317 1
63 29 94.7883987427 1
63 29 94.7953796387 1
63 29 94.8022155762 1
63 29 94.8037261963 1
63 29 94.8800430298 1
63 29 94.8899612427 1
63 29 94.9060745239 1
63 29 94.9215087891 1
63 29 94.9260025024 1
63 29 94.9276580811 1
63 29 94.9345092773 1
63 29 94.9566345215 1
63 29 94.9585189819 1
63 29 94.9638061523 1
63 29 94.9689559937 1
63 29 95.0060577393 1
63 29 95.0090332031 1
63 29 95.0233612061 1
63 29 95.0528335571 1
63 29 95.0717086792 1
63 29 95.1023025513 1
63 29 95.109413147 1
63 29 95.1110153198 1
63 29 95.1212234497 1
63 29 95.1349487305 1
63 29 95.1443099976 1
63 29 95.1887054443 1
63 29 95.1982040405 1
63 29 95.2079925537 1
63 29 95.2159194946 1
63 29 95.2227478027 1
63 29 95.2746810913 1
63 29 95.2862472534 1
63 29 95.3472976685 1
63 29 95.3478088379 1
63 29 95.3525238037 1
63 29 95.3916244507 1
63 29 95.3982772827 1
63 29 95.4133529663 1
63 29 95.417640686 1
63 29 95.4251861572 1
63 29 95.4651947021 1
63 29 95.4694213867 1
63 29 95.4732284546 1
63 29 95.4737854004 1
63 29 95.4828796387 1
63 29 95.4958267212 1
63 29 95.513633728 1
63 29 95.5378189087 1
63 29 95.5584945679 1
63 29 95.5682678223 1
63 29 95.6155471802 1
63 29 95.6171035767 1
63 29 95.6310348511 1
63 29 95.6329803467 1
63 29 95.641784668 1
63 29 95.6535339355 1
63 29 95.6650314331 1
63 29 95.7179489136 1
63 29 95.7603759766 1
63 29 95.7691879272 1
63 29 95.7799301147 1
63 29 95.8116989136 1
63 29 95.8126068115 1
63 29 95.8366699219 1
63 29 95.8661804199 1
63 29 95.8692474365 1
63 29 95.8794174194 1
63 29 95.9240951538 1
63 29 95.9345779419 1
63 29 95.9628601074 1
63 29 95.9797973633 1
63 29 95.9872894287 1
63 29 95.997505188 1
63 29 96.0106658936 1
63 29 96.0492095947 1
63 29 96.0590286255 1
63 29 96.091255188 1
63 29 96.094329834 1
63 29 96.0991363525 1
63 29 96.1136703491 1
63 29 96.1147003174 1
63 29 96.1148452759 1
63 29 96.1217575073 1
63 29 96.1399688721 1
63 29 96.1514205933 1
63 29 96.1535720825 1
63 29 96.1613235474 1
63 29 96.1645431519 1
63 29 96.1805343628 1
63 29 96.1929626465 1
63 29 96.1942825317 1
63 29 96.2098236084 1
63 29 96.2304840088 1
63 29 96.2315444946 1
63 29 96.2678451538 1
63 29 96.2762298584 1
63 29 96.317855835 1
63 29 96.3411483765 1
63 29 96.3629302979 1
63 29 96.3755111694 1
63 29 96.3816452026 1
63 29 96.4263916016 1
63 29 96.4431304932 1
63 29 96.4539489746 1
63 29 96.4814071655 1
63 29 96.4856567383 1
63 29 96.4879379272 1
63 29 96.4879608154 1
63 29 96.4931182861 1
63 29 96.5345306396 1
63 29 96.5837783813 1
63 29 96.5852355957 1
63 29 96.5939178467 1
63 29 96.6506271362 1
63 29 96.6596298218 1
63 29 96.6776733398 1
63 29 96.6801528931 1
63 29 96.6995315552 1
63 29 96.710319519 1
63 29 96.716583252 1
63 29 96.7242660522 1
63 29 96.7372283936 1
63 29 96.769203186 1
63 29 96.7715377808 1
63 29 96.7763671875 1
63 29 96.7903060913 1
63 29 96.8000030518 1
63 29 96.8115234375 1
63 29 96.8383712769 1
63 29 96.8392028809 1
63 29 96.8469314575 1
63 29 96.8583450317 1
63 29 96.860244751 1
63 29 96.89894104 1
63 29 96.9007568359 1
63 29 96.9187011719 1
63 29 96.9372940063 1
63 29 96.9716873169 1
63 29 97.0328445435 1
63 29 97.0521697998 1
63 29 97.0587615967 1
63 29 97.0626602173 1
63 29 97.0921859741 1
63 29 97.1154098511 1
63 29 97.1351318359 1
63 29 97.1369552612 1
63 29 97.1428833008 1
63 29 97.168006897 1
63 29 97.186416626 1
63 29 97.1894607544 1
63 29 97.2128753662 1
63 29 97.2291564941 1
63 29 97.2500915527 1
63 29 97.2695388794 1
63 29 97.2702789307 1
63 29 97.2919845581 1
63 29 97.3160018921 1
63 29 97.3169631958 1
63 29 97.3469085693 1
63 29 97.3854522705 1
63 29 97.4022827148 1
63 29 97.4102706909 1
63 29 97.5172576904 1
63 29 97.5416259766 1
63 29 97.5523376465 1
63 29 97.5678634644 1
63 29 97.5934448242 1
63 29 97.6200561523 1
63 29 97.6275863647 1
63 29 97.6705703735 1
63 29 97.6808929443 1
63 29 97.7252502441 1
63 29 97.7464904785 1
63 29 97.7718963623 1
63 29 97.7768783569 1
63 29 97.8061065674 1
63 29 97.8066482544 1
63 29 97.839805603 1
63 29 97.8483352661 1
63 29 97.8715362549 1
63 29 97.8859710693 1
63 29 97.8938980103 1
63 29 97.9326248169 1
63 29 97.9402618408 1
63 29 97.9478530884 1
63 29 97.9516372681 1
63 29 98.0355148315 1
63 29 98.041343689 1
63 29 98.0416870117 1
63 29 98.0572052002 1
63 29 98.1126098633 1
63 29 98.1375427246 1
63 29 98.1468887329 1
63 29 98.177947998 1
63 29 98.1941375732 1
63 29 98.2527618408 1
63 29 98.2681274414 1
63 29 98.2858886719 1
63 29 98.3046646118 1
63 29 98.3272399902 1
63 29 98.3386001587 1
63 29 98.3832550049 1
63 29 98.4064941406 1
63 29 98.4249343872 1
63 29 98.4367752075 1
63 29 98.4438400269 1
63 29 98.4473114014 1
63 29 98.4507293701 1
63 29 98.4801254272 1
63 29 98.5370254517 1
63 29 98.5396728516 1
63 29 98.5441894531 1
63 29 98.5549468994 1
63 29 98.5569610596 1
63 29 98.5662078857 1
63 29 98.595123291 1
63 29 98.6041717529 1
63 29 98.6271972656 1
63 29 98.6408843994 1
63 29 98.6550598145 1
63 29 98.6776580811 1
63 29 98.692565918 1
63 29 98.712562561 1
63 29 98.7197036743 1
63 29 98.7291641235 1
63 29 98.7405166626 1
63 29 98.7434539795 1
63 29 98.787322998 1
63 29 98.7960205078 1
63 29 98.8170166016 1
63 29 98.8404693604 1
63 29 98.8458786011 1
63 29 98.8771820068 1
63 29 98.9046707153 1
63 29 98.9252319336 1
63 29 98.9287109375 1
63 29 98.9584274292 1
63 29 98.9617767334 1
63 29 99.0291137695 1
63 29 99.0505828857 1
63 29 99.0534896851 1
63 29 99.0746612549 1
63 29 99.1002731323 1
63 29 99.1192398071 1
63 29 99.1276550293 1
63 29 99.1368865967 1
63 29 99.1547546387 1
63 29 99.1581420898 1
63 29 99.1931304932 1
63 29 99.1940689087 1
63 29 99.1963043213 1
63 29 99.20337677 1
63 29 99.2362136841 1
63 29 99.2567672729 1
63 29 99.2578811646 1
63 29 99.2621078491 1
63 29 99.2777709961 1
63 29 99.3048477173 1
63 29 99.3133010864 1
63 29 99.325668335 1
63 29 99.3350830078 1
63 29 99.346282959 1
63 29 99.372253418 1
63 29 99.4114608765 1
63 29 99.4175872803 1
63 29 99.4265670776 1
63 29 99.4406051636 1
63 29 99.449432373 1
63 29 99.5261306763 1
63 29 99.554901123 1
63 29 99.5703582764 1
63 29 99.5822906494 1
63 29 99.6133422852 1
63 29 99.6158981323 1
63 29 99.66040802 1
63 29 99.6643676758 1
63 29 99.6679229736 1
63 29 99.6703720093 1
63 29 99.6879196167 1
63 29 99.6950302124 1
63 29 99.7029495239 1
63 29 99.7041549683 1
63 29 99.7128143311 1
63 29 99.7525558472 1
63 29 99.7638626099 1
63 29 99.8183441162 1
63 29 99.8254165649 1
63 29 99.9022445679 1
63 29 99.910446167 1
63 29 99.9106140137 1
63 29 99.9315414429 1
63 29 99.949836731 1
63 29 99.9587402344 1
63 29 99.9677810669 1
63 29 99.9763259888 1
63 29 100.037071228 1
63 29 100.050636292 1
63 29 100.06300354 1
63 29 100.086036682 1
63 29 100.126716614 1
63 29 100.147087097 1
63 29 100.155708313 1
63 29 100.192886353 1
63 29 100.195381165 1
63 29 100.218643188 1
63 29 100.245910645 1
63 29 100.277900696 1
63 29 100.309059143 1
63 29 100.329338074 1
63 29 100.338516235 1
63 29 100.34147644 1
63 29 100.36164856 1
63 29 100.361732483 1
63 29 100.368232727 1
63 29 100.392585754 1
63 29 100.394950867 1
63 29 100.398918152 1
63 29 100.407272339 1
63 29 100.415779114 1
63 29 100.416854858 1
63 29 100.448890686 1
63 29 100.478225708 1
63 29 100.482925415 1
63 29 100.526039124 1
63 29 100.54183197 1
63 29 100.543716431 1
63 29 100.599990845 1
63 29 100.615356445 1
63 29 100.645851135 1
63 29 100.698814392 1
63 29 100.724594116 1
63 29 100.729309082 1
63 29 100.790557861 1
63 29 100.790969849 1
63 29 100.810501099 1
63 29 100.821540833 1
63 29 100.82901001 1
63 29 100.852790833 1
63 29 100.858108521 1
63 29 100.937904358 1
63 29 100.972633362 1
63 29 101.026161194 1
63 29 101.057868958 1
63 29 101.062942505 1
63 29 101.075233459 1
63 29 101.115898132 1
63 29 101.128723145 1
63 29 101.143669128 1
63 29 101.145866394 1
63 29 101.177459717 1
63 29 101.19682312 1
63 29 101.207366943 1
63 29 101.29989624 1
63 29 101.301551819 1
63 29 101.34261322 1
63 29 101.34967041 1
63 29 101.355621338 1
63 29 101.383789062 1
63 29 101.395530701 1
63 29 101.419464111 1
63 29 101.420791626 1
63 29 101.43309021 1
63 29 101.441345215 1
63 29 101.460067749 1
63 29 101.469322205 1
63 29 101.474357605 1
63 29 101.487930298 1
63 29 101.522064209 1
63 29 101.558303833 1
63 29 101.584442139 1
63 29 101.589195251 1
63 29 101.65901947 1
63 29 101.713516235 1
63 29 101.740394592 1
63 29 101.745628357 1
63 29 101.7498703 1
63 29 101.765029907 1
63 29 101.766410828 1
63 29 101.774291992 1
63 29 101.844299316 1
63 29 101.872055054 1
63 29 101.875114441 1
63 29 101.902793884 1
63 29 101.932556152 1
63 29 101.957672119 1
63 29 101.962913513 1
63 29 102.012634277 1
63 29 102.038444519 1
63 29 102.046813965 1
63 29 102.051498413 1
63 29 102.151367188 1
63 29 102.18182373 1
63 29 102.261932373 1
63 29 102.278434753 1
63 29 102.315032959 1
63 29 102.324333191 1
63 29 102.334266663 1
63 29 102.39528656 1
63 29 102.41355896 1
63 29 102.487060547 1
63 29 102.544235229 1
63 29 102.561149597 1
63 29 102.660423279 1
63 29 102.750259399 1
63 29 102.765106201 1
63 29 102.84047699 1
63 29 102.845985413 1
63 29 102.883407593 1
63 29 102.901382446 1
63 29 102.940246582 1
63 29 102.98551178 1
63 29 102.989952087 1
63 29 102.992004395 1
63 29 103.021812439 1
63 29 103.13961792 1
63 29 103.139625549 1
63 29 103.169219971 1
63 29 103.169876099 1
63 29 103.30090332 1
63 29 103.311019897 1
63 29 103.366844177 1
63 29 103.382011414 1
63 29 103.472328186 1
63 29 103.53339386 1
63 29 103.540489197 1
63 29 103.562332153 1
63 29 103.672332764 1
63 29 103.694458008 1
63 29 103.87612915 1
63 29 103.918930054 1
63 29 103.953544617 1
63 29 103.953895569 1
63 29 104.014930725 1
63 29 104.039337158 1
63 29 104.062911987 1
63 29 104.08380127 1
63 29 104.08441925 1
63 29 104.098144531 1
63 29 104.117835999 1
63 29 104.126739502 1
63 29 104.152557373 1
63 29 104.195602417 1
63 29 104.224777222 1
63 29 104.28604126 1
63 29 104.301452637 1
63 29 104.359855652 1
63 29 104.393478394 1
63 29 104.441253662 1
63 29 104.445030212 1
63 29 104.522071838 1
63 29 104.552764893 1
63 29 104.570137024 1
63 29 104.594581604 1
63 29 104.597885132 1
63 29 104.606193542 1
63 29 104.607437134 1
63 29 104.612579346 1
63 29 104.631523132 1
63 29 104.636444092 1
63 29 104.643119812 1
63 29 104.703491211 1
63 29 104.713508606 1
63 29 104.816192627 1
63 29 104.826019287 1
63 29 104.899642944 1
63 29 104.941215515 1
63 29 104.953224182 1
63 29 104.99571228 1
63 29 105.016052246 1
63 29 105.063117981 1
63 29 105.094200134 1
63 29 105.147323608 1
63 29 105.167037964 1
63 29 105.196731567 1
63 29 105.208007812 1
63 29 105.231330872 1
63 29 105.257530212 1
63 29 105.263900757 1
63 29 105.314231873 1
63 29 105.355651855 1
63 29 105.420692444 1
63 29 105.442825317 1
63 29 105.485641479 1
63 29 105.518180847 1
63 29 105.528572083 1
63 29 105.544403076 1
63 29 105.568405151 1
63 29 105.669090271 1
63 29 105.746940613 1
63 29 105.915557861 1
63 29 105.962913513 1
63 29 106.03313446 1
63 29 106.050430298 1
63 29 106.079376221 1
63 29 106.122421265 1
63 29 106.148231506 1
63 29 106.209526062 1
63 29 106.238891602 1
63 29 106.302474976 1
63 29 106.321128845 1
63 29 106.346092224 1
63 29 106.35458374 1
63 29 106.356079102 1
63 29 106.418754578 1
63 29 106.475563049 1
63 29 106.549888611 1
63 29 106.552131653 1
63 29 106.572608948 1
63 29 106.576293945 1
63 29 106.610244751 1
63 29 106.658500671 1
63 29 106.675941467 1
63 29 106.755065918 1
63 29 106.816986084 1
63 29 106.834152222 1
63 29 106.835159302 1
63 29 106.848052979 1
63 29 106.96723938 1
63 29 107.050712585 1
63 29 107.087684631 1
63 29 107.250488281 1
63 29 107.258552551 1
63 29 107.374099731 1
63 29 107.403495789 1
63 29 107.430152893 1
63 29 107.444992065 1
63 29 107.481628418 1
63 29 107.527900696 1
63 29 107.541763306 1
63 29 107.550888062 1
63 29 107.594657898 1
63 29 107.626533508 1
63 29 107.626861572 1
63 29 107.69947052 1
63 29 107.704353333 1
63 29 107.749862671 1
63 29 107.754714966 1
63 29 107.774909973 1
63 29 107.809089661 1
63 29 107.877693176 1
63 29 107.895370483 1
63 29 107.905929565 1
63 29 107.946174622 1
63 29 108.064476013 1
63 29 108.070655823 1
63 29 108.075248718 1
63 29 108.090492249 1
63 29 108.111526489 1
63 29 108.113296509 1
63 29 108.191444397 1
63 29 108.198646545 1
63 29 108.207473755 1
63 29 108.292129517 1
63 29 108.29775238 1
63 29 108.456825256 1
63 29 108.504058838 1
63 29 108.541809082 1
63 29 108.597663879 1
63 29 108.634262085 1
63 29 108.677833557 1
63 29 108.691703796 1
63 29 108.693695068 1
63 29 108.703598022 1
63 29 108.739135742 1
63 29 108.741203308 1
63 29 108.783653259 1
63 29 108.78678894 1
63 29 108.885383606 1
63 29 108.912971497 1
63 29 108.917243958 1
63 29 109.035240173 1
63 29 109.068664551 1
63 29 109.107757568 1
63 29 109.11631012 1
63 29 109.181343079 1
63 29 109.19757843 1
63 29 109.2345047 1
63 29 109.248756409 1
63 29 109.256843567 1
63 29 109.277053833 1
63 29 109.321411133 1
63 29 109.416603088 1
63 29 109.535079956 1
63 29 109.552764893 1
63 29 109.560935974 1
63 29 109.627418518 1
63 29 109.67137146 1
63 29 109.68914032 1
63 29 109.703422546 1
63 29 109.78855896 1
63 29 109.814422607 1
63 29 109.828155518 1
63 29 110.27394104 1
63 29 110.346794128 1
63 29 110.364837646 1
63 29 110.390151978 1
63 29 110.418670654 1
63 29 110.437614441 1
63 29 110.584091187 1
63 29 110.792114258 1
63 29 110.793411255 1
63 29 110.862045288 1
63 29 110.952842712 1
63 29 110.97177124 1
63 29 111.015022278 1
63 29 111.075172424 1
63 29 111.089027405 1
63 29 111.108093262 1
63 29 111.133468628 1
63 29 111.252037048 1
63 29 111.27155304 1
63 29 111.280273438 1
63 29 111.292404175 1
63 29 111.377372742 1
63 29 111.646774292 1
63 29 111.880172729 1
63 29 112.155273438 1
63 29 112.209098816 1
63 29 112.251564026 1
63 29 112.280448914 1
63 29 112.361587524 1
63 29 112.626045227 1
63 29 112.64591217 1
63 29 112.78678894 1
63 29 112.787948608 1
63 29 112.84122467 1
63 29 113.025802612 1
63 29 113.137405396 1
63 29 113.14541626 1
63 29 113.231910706 1
63 29 113.240837097 1
63 29 113.311843872 1
63 29 113.330276489 1
63 29 113.338951111 1
63 29 113.355018616 1
63 29 113.401268005 1
63 29 113.586006165 1
63 29 113.800102234 1
63 29 113.808547974 1
63 29 113.816917419 1
63 29 113.862335205 1
63 29 113.867370605 1
63 29 113.891639709 1
63 29 114.01751709 1
63 29 114.102279663 1
63 29 114.117576599 1
63 29 114.165473938 1
63 29 114.20879364 1
63 29 114.334983826 1
63 29 114.350593567 1
63 29 114.436172485 1
63 29 114.609390259 1
63 29 114.796127319 1
63 29 114.824806213 1
63 29 115.057319641 1
63 29 115.098518372 1
63 29 115.157524109 1
63 29 115.203765869 1
63 29 115.254699707 1
63 29 115.273139954 1
63 29 115.381492615 1
63 29 115.650260925 1
63 29 115.731887817 1
63 29 115.82157135 1
63 29 115.902786255 1
63 29 116.214096069 1
63 29 116.248703003 1
63 29 116.35471344 1
63 29 116.763244629 1
63 29 116.932487488 1
63 29 117.067207336 1
63 29 117.072273254 1
63 29 117.234565735 1
63 29 117.281517029 1
63 29 117.529716492 1
63 29 117.652389526 1
63 29 117.654663086 1
63 29 117.673454285 1
63 29 117.683555603 1
63 29 117.725189209 1
63 29 117.777236938 1
63 29 117.849266052 1
63 29 117.956825256 1
63 29 118.096992493 1
63 29 118.216064453 1
63 29 118.418136597 1
63 29 118.509513855 1
63 29 118.621299744 1
63 29 118.633720398 1
63 29 118.713340759 1
63 29 118.742111206 1
63 29 118.751098633 1
63 29 118.890106201 1
63 29 118.895935059 1
63 29 118.916015625 1
63 29 119.027442932 1
63 29 119.0676651 1
63 29 119.268409729 1
63 29 119.280639648 1
63 29 119.316253662 1
63 29 119.439781189 1
63 29 119.444198608 1
63 29 119.664253235 1
63 29 119.688674927 1
63 29 119.831375122 1
63 29 119.929412842 1
63 29 119.942993164 1
63 29 120.047462463 1
63 29 120.157142639 1
63 29 120.161453247 1
63 29 120.231147766 1
63 29 120.261688232 1
63 29 120.316230774 1
63 29 120.344741821 1
63 29 120.476890564 1
63 29 120.542945862 1
63 29 120.620597839 1
63 29 120.752235413 1
63 29 120.784912109 1
63 29 120.80620575 1
63 29 120.901901245 1
63 29 120.932861328 1
63 29 121.160652161 1
63 29 121.203453064 1
63 29 121.301612854 1
63 29 121.345626831 1
63 29 121.484016418 1
63 29 121.648513794 1
63 29 121.736572266 1
63 29 121.884857178 1
63 29 121.95173645 1
63 29 121.986434937 1
63 29 122.041465759 1
63 29 122.075752258 1
63 29 122.193504333 1
63 29 122.321151733 1
63 29 122.354866028 1
63 29 122.426574707 1
63 29 122.832778931 1
63 29 122.981323242 1
63 29 123.04724884 1
63 29 123.219825745 1
63 29 123.851028442 1
63 29 123.923538208 1
63 29 123.923728943 1
63 29 123.949981689 1
63 29 124.008171082 1
63 29 124.068008423 1
63 29 124.077560425 1
63 29 124.165412903 1
63 29 124.253089905 1
63 29 124.393013 1
63 29 124.652770996 1
63 29 124.839675903 1
63 29 125.032539368 1
63 29 125.035507202 1
63 29 125.140419006 1
63 29 125.459083557 1
63 29 125.779647827 1
63 29 125.892440796 1
63 29 126.023666382 1
63 29 126.102058411 1
63 29 126.221633911 1
63 29 126.457771301 1
63 29 126.818458557 1
63 29 126.862335205 1
63 29 126.945198059 1
63 29 126.947776794 1
63 29 127.18309021 1
63 29 127.505393982 1
63 29 127.526481628 1
63 29 127.646484375 1
63 29 127.741149902 1
63 29 127.930503845 1
63 29 127.991744995 1
63 29 128.144256592 1
63 29 128.214370728 1
63 29 128.218276978 1
63 29 128.268432617 1
63 29 128.397125244 1
63 29 128.618713379 1
63 29 128.650115967 1
63 29 128.719314575 1
63 29 128.734649658 1
63 29 128.837432861 1
63 29 128.911346436 1
63 29 129.729797363 1
63 29 129.921264648 1
63 29 129.945053101 1
63 29 130.168624878 1
63 29 130.468048096 1
63 29 131.026809692 1
63 29 131.096221924 1
63 29 131.16607666 1
63 29 131.183654785 1
63 29 131.26739502 1
63 29 131.35484314 1
63 29 131.376525879 1
63 29 131.532913208 1
63 29 131.707260132 1
63 29 131.766235352 1
63 29 132.09362793 1
63 29 132.319000244 1
63 29 132.50944519 1
63 29 132.651779175 1
63 29 132.971588135 1
63 29 132.978866577 1
63 29 133.036727905 1
63 29 133.246292114 1
63 29 133.546310425 1
63 29 133.686737061 1
63 29 133.783309937 1
63 29 133.834762573 1
63 29 133.931274414 1
63 29 133.987060547 1
63 29 134.228912354 1
63 29 134.391738892 1
63 29 134.402160645 1
63 29 134.427871704 1
63 29 135.309906006 1
63 29 135.635131836 1
63 29 136.268463135 1
63 29 136.538619995 1
63 29 137.978057861 1
63 29 138.00428772 1
63 29 138.951782227 1
63 29 138.997085571 1
63 29 139.168167114 1
63 29 139.591598511 1
63 29 139.623580933 1
63 29 140.210876465 1
63 29 140.27015686 1
63 29 140.701675415 1
63 29 140.727615356 1
63 29 140.922317505 1
63 29 141.020767212 1
63 29 141.238800049 1
63 29 143.008285522 1
63 29 143.033935547 1
63 29 143.073303223 1
63 29 143.302810669 1
63 29 143.336990356 1
63 29 143.460494995 1
63 29 143.790283203 1
63 29 144.006393433 1
63 29 144.029525757 1
63 29 144.67225647 1
63 29 144.92829895 1
63 29 145.00163269 1
63 29 145.107208252 1
63 29 146.303268433 1
63 29 147.501998901 1
63 29 147.7318573 1
63 29 148.234313965 1
63 29 149.044647217 1
63 29 149.169174194 1
63 29 149.27281189 1
63 29 149.356796265 1
63 29 149.598693848 1
63 29 150.604232788 1
63 29 151.093597412 1
63 29 151.510284424 1
63 29 151.530609131 1
63 29 152.029418945 1
63 29 152.722320557 1
63 29 152.723999023 1
63 29 152.764816284 1
63 29 153.003234863 1
63 29 153.248031616 1
63 29 153.576446533 1
63 29 154.339553833 1
63 29 154.889633179 1
63 29 154.911956787 1
63 29 154.949035645 1
63 29 155.785339355 1
63 29 156.383010864 1
63 29 157.001693726 1
63 29 157.324386597 1
63 29 158.66015625 1
63 29 159.118209839 1
63 29 160.392547607 1
63 29 160.866592407 1
63 29 161.379119873 1
63 29 162.066192627 1
63 29 162.731307983 1
63 29 163.501403809 1
63 29 164.056396484 1
63 29 165.03994751 1
63 29 165.163986206 1
63 29 165.248596191 1
63 29 165.399032593 1
63 29 165.54385376 1
63 29 165.598480225 1
63 29 166.035247803 1
63 29 166.565032959 1
63 29 167.047485352 1
63 29 167.132278442 1
63 29 167.727630615 1
63 29 168.473602295 1
63 29 169.597488403 1
63 29 170.172683716 1
63 29 171.572647095 1
63 29 171.873214722 1
63 29 172.049911499 1
63 29 172.083297729 1
63 29 172.093994141 1
63 29 172.452102661 1
63 29 172.537353516 1
63 29 173.126602173 1
63 29 173.753356934 1
63 29 173.916305542 1
63 29 174.037536621 1
63 29 178.321777344 1
63 29 179.577133179 1
63 29 180.234848022 1
63 29 182.543609619 1
63 29 183.023147583 1
63 29 183.371734619 1
63 29 183.957122803 1
63 29 185.110534668 1
63 29 186.319763184 1
63 29 187.29083252 1
63 29 187.586471558 1
63 29 188.113693237 1
63 29 188.469100952 1
63 29 189.776123047 1
63 29 189.894393921 1
63 29 191.444747925 1
63 29 192.561294556 1
63 29 194.190567017 1
63 29 195.030685425 1
63 29 196.317977905 1
63 29 196.599334717 1
63 29 198.618789673 1
63 29 202.006393433 1
63 29 204.85218811 1
63 29 211.487442017 1
63 29 213.810516357 1
63 29 214.772903442 1
63 29 216.162185669 1
63 29 216.323242188 1
63 29 222.127731323 1
63 29 223.202331543 1
63 29 224.103302002 1
63 29 230.177307129 1
63 29 230.8959198 1
63 29 231.530395508 1
63 29 232.139175415 1
63 29 232.140670776 1
63 29 232.563400269 1
63 29 237.798522949 1
63 29 242.075698853 1
63 29 249.955459595 1
63 29 252.493530273 1
63 29 257.12677002 1
63 29 257.725891113 1
63 29 267.378540039 1
63 29 268.519622803 1
63 29 284.191375732 1
63 29 284.462646484 1
63 29 286.760162354 1
63 29 290.796691895 1
63 29 292.554748535 1
63 29 303.156097412 1
63 29 303.386657715 1
63 29 309.086883545 1
63 29 316.441558838 1
63 29 319.220367432 1
63 29 321.01965332 1
63 29 323.42010498 1
63 29 327.737365723 1
63 29 330.060150146 1
63 29 336.75302124 1
63 29 339.689849854 1
63 29 341.990081787 1
63 29 356.676483154 1
63 29 362.328948975 1
63 29 363.329498291 1
63 29 367.402832031 1
63 29 373.113372803 1
63 29 375.784820557 1
63 29 376.589324951 1
63 29 377.553192139 1
63 29 381.194152832 1
63 29 385.346893311 1
63 29 392.008544922 1
63 29 396.782653809 1
63 29 399.807403564 1
63 29 407.159515381 1
63 29 442.665893555 1
63 29 443.110046387 1
63 29 451.078704834 1
63 29 451.526947021 1
63 29 455.317504883 1
63 29 462.875427246 1
63 29 471.470001221 1
63 29 486.517059326 1
63 29 497.660339355 1
63 29 511.083740234 1
63 29 536.293945312 1
63 29 544.658752441 1
63 29 547.460266113 1
63 29 551.248168945 1
63 29 574.783447266 1
63 29 590.431091309 1
63 29 630.594177246 1
63 29 649.874450684 1
63 29 660.965393066 1
63 29 688.777526855 1
63 29 694.011962891 1
63 29 704.782043457 1
63 29 711.778991699 1
63 29 719.945556641 1
63 29 765.449035645 1
63 29 885.943908691 1
63 29 1047.19177246 1
63 29 1119.35620117 1
63 31 98.3757476807 1
63 31 99.334854126 1
63 31 102.568832397 1
63 31 106.340927124 1
63 31 109.207611084 1
63 31 111.757263184 1
63 31 112.673622131 1
63 31 114.539299011 1
63 31 117.208068848 1
63 31 118.410797119 1
63 31 118.809638977 1
63 31 120.087173462 1
63 31 121.488571167 1
63 31 124.046928406 1
63 31 124.463218689 1
63 31 125.081085205 1
63 31 126.123123169 1
63 31 126.354972839 1
63 31 128.986572266 1
63 31 129.289276123 1
63 31 131.424499512 1
63 31 132.49798584 1
63 31 135.079025269 1
63 31 135.524353027 1
63 31 137.347290039 1
63 31 139.520339966 1
63 31 140.483200073 1
63 31 141.299377441 1
63 31 143.425338745 1
63 31 143.781951904 1
63 31 145.194839478 1
63 31 145.651809692 1
63 31 147.276779175 1
63 31 148.158538818 1
63 31 148.349227905 1
63 31 149.542724609 1
63 31 151.886154175 1
63 31 153.541015625 1
63 31 153.921295166 1
63 31 158.49559021 1
63 31 159.4087677 1
63 31 161.464294434 1
63 31 161.555419922 1
63 31 162.518859863 1
63 31 163.087081909 1
63 31 164.407028198 1
63 31 169.459533691 1
63 31 169.539886475 1
63 31 169.82925415 1
63 31 170.257858276 1
63 31 170.443725586 1
63 31 170.990753174 1
63 31 174.07585144 1
63 31 179.479431152 1
63 31 180.491760254 1
63 31 180.74079895 1
63 31 184.018753052 1
63 31 185.327087402 1
63 31 187.753265381 1
63 31 188.07862854 1
63 31 190.646316528 1
63 31 191.221984863 1
63 31 192.066177368 1
63 31 192.518066406 1
63 31 193.958267212 1
63 31 196.81993103 1
63 31 196.9425354 1
63 31 199.418228149 1
63 31 199.517120361 1
63 31 200.214584351 1
63 31 204.637283325 1
63 31 206.372497559 1
63 31 206.988861084 1
63 31 209.211456299 1
63 31 213.328704834 1
63 31 213.7940979 1
63 31 215.758758545 1
63 31 216.532028198 1
63 31 217.919067383 1
63 31 218.454376221 1
63 31 219.976669312 1
63 31 222.531585693 1
63 31 224.547592163 1
63 31 227.954498291 1
63 31 230.143112183 1
63 31 230.26461792 1
63 31 231.533004761 1
63 31 233.664886475 1
63 31 236.060073853 1
63 31 237.366867065 1
63 31 238.853530884 1
63 31 240.860534668 1
63 31 243.236465454 1
63 31 249.267272949 1
63 31 251.567504883 1
63 31 255.313827515 1
63 31 258.507202148 1
63 31 261.645111084 1
63 31 264.2706604 1
63 31 265.784423828 1
63 31 278.567840576 1
63 31 280.871124268 1
63 31 288.425994873 1
63 31 289.00390625 1
63 31 290.724182129 1
63 31 291.735992432 1
63 31 291.901367188 1
63 31 291.945037842 1
63 31 293.729522705 1
63 31 299.166473389 1
63 31 316.904449463 1
63 31 317.901641846 1
63 31 319.118041992 1
63 31 320.305084229 1
63 31 323.960723877 1
63 31 330.069763184 1
63 31 330.396453857 1
63 31 335.484039307 1
63 31 335.884735107 1
63 31 336.811035156 1
63 31 338.000976562 1
63 31 345.924591064 1
63 31 366.587493896 1
63 31 374.712524414 1
63 31 376.523590088 1
63 31 387.860931396 1
63 31 389.369049072 1
63 31 428.655487061 1
63 31 437.684875488 1
63 31 440.720458984 1
63 31 441.134552002 1
63 31 450.649810791 1
63 31 458.126037598 1
63 31 467.750579834 1
63 31 470.772674561 1
63 31 486.838317871 1
63 31 493.395477295 1
63 31 499.048950195 1
63 31 502.883453369 1
63 31 508.916778564 1
63 31 511.38961792 1
63 31 513.94543457 1
63 31 525.913330078 1
63 31 531.151367188 1
63 31 543.051208496 1
63 31 564.437744141 1
63 31 564.76184082 1
63 31 649.112365723 1
63 31 663.782531738 1
63 31 715.615661621 1
63 31 728.081298828 1
63 31 750.854675293 1
63 31 766.854919434 1
63 31 768.912231445 1
63 31 838.05078125 1
63 31 905.977355957 1
63 31 997.845397949 1
63 31 1215.88098145 1
63 31 1315.06005859 1
63 31 1405.81494141 1
63 31 1863.89794922 1
63 31 2270.21337891 1
63 31 2527.97607422 1
63 32 215.283340454 1
63 32 230.52684021 1
63 32 234.329406738 1
63 32 238.431518555 1
63 32 239.652542114 1
63 32 245.338119507 1
63 32 246.597427368 1
63 32 255.307922363 1
63 32 256.74810791 1
63 32 263.36151123 1
63 32 272.055175781 1
63 32 272.537628174 1
63 32 274.4453125 1
63 32 277.183349609 1
63 32 279.711212158 1
63 32 280.049072266 1
63 32 281.087615967 1
63 32 281.621490479 1
63 32 290.044647217 1
63 32 292.469940186 1
63 32 295.075683594 1
63 32 296.185638428 1
63 32 299.325622559 1
63 32 302.555664062 1
63 32 309.8097229 1
63 32 314.613342285 1
63 32 316.818481445 1
63 32 317.307922363 1
63 32 319.116546631 1
63 32 348.414642334 1
63 32 353.004302979 1
63 32 356.222045898 1
63 32 359.661499023 1
63 32 372.151641846 1
63 32 373.051025391 1
63 32 377.986846924 1
63 32 379.604919434 1
63 32 381.085540771 1
63 32 386.813446045 1
63 32 402.600494385 1
63 32 403.015136719 1
63 32 426.151733398 1
63 32 426.238891602 1
63 32 427.606811523 1
63 32 430.707763672 1
63 32 450.602752686 1
63 32 467.444641113 1
63 32 481.9269104 1
63 32 502.785369873 1
63 32 510.057769775 1
63 32 517.855529785 1
63 32 539.331359863 1
63 32 547.990112305 1
63 32 576.226135254 1
63 32 616.118286133 1
63 32 646.361694336 1
63 32 670.796264648 1
63 32 694.460144043 1
63 32 698.738891602 1
63 32 715.823303223 1
63 32 725.247680664 1
63 32 736.143920898 1
63 32 834.71661377 1
63 32 1205.27429199 1
63 32 1250.23693848 1
63 33 303.310119629 1
63 33 345.562133789 1
63 33 471.100860596 1
63 33 478.560241699 1
63 33 594.074768066 1
63 33 701.75177002 1
63 33 816.279846191 1
63 33 913.444335938 1
63 34 672.003723145 1
63 34 1019.74511719 1
64 19 1947.14929199 1
64 22 1285.96582031 1
64 24 1045.66809082 1
64 25 1016.69720459 1
64 26 1498.58312988 1
64 27 1402.09472656 1
64 28 750.792724609 1
64 28 793.785522461 1
64 28 891.724365234 1
64 28 937.869750977 1
64 28 1020.23327637 1
64 28 1036.9822998 1
64 28 1070.39562988 1
64 28 1110.99682617 1
64 28 1146.92456055 1
64 28 1150.00805664 1
64 28 1213.61877441 1
64 28 1347.19299316 1
64 28 1764.46350098 1
64 29 703.25378418 1
64 29 732.785339355 1
64 29 765.76184082 1
64 29 1075.07885742 1
64 29 1194.05651855 1
64 29 1354.79394531 1
64 29 1708.86865234 1
64 30 616.356445312 1
64 30 621.226074219 1
64 30 717.27722168 1
64 30 873.419799805 1
64 30 916.116821289 1
64 30 927.091918945 1
64 30 1022.55731201 1
64 31 734.374816895 1
64 31 747.821899414 1
64 31 763.752929688 1
64 31 831.649719238 1
64 31 883.186767578 1
64 31 884.71105957 1
64 31 906.36895752 1
64 31 1204.23242188 1
64 31 1409.34130859 1
64 32 977.377441406 1
64 32 1019.85919189 1
64 32 1023.2098999 1
65 22 2211.828125 1
69 29 1855.84362793 1
70 22 1364.24829102 1
70 26 744.558105469 1
70 26 896.73425293 1
70 26 898.077880859 1
70 26 903.028503418 1
70 26 918.464782715 1
70 27 724.975830078 1
70 27 774.339599609 1
70 27 864.856750488 1
70 27 1184.77697754 1
70 28 660.614257812 1
70 28 719.202209473 1
70 28 751.475219727 1
70 28 1039.90625 1
70 28 1211.90478516 1
70 28 1412.90527344 1
70 28 2088.94799805 1
70 29 714.386169434 1
70 29 731.25769043 1
70 29 961.426940918 1
70 29 1027.17382812 1
70 30 698.877868652 1
70 30 734.226318359 1
70 30 1306.98217773 1
70 31 926.335449219 1
70 31 1229.72070312 1
71 23 3220.86791992 1
71 24 1010.21350098 1
71 24 1578.78442383 1
71 25 838.328674316 1
71 26 749.359680176 1
71 26 859.502075195 1
71 26 879.223022461 1
71 26 993.606689453 1
71 27 853.944396973 1
71 27 1024.74511719 1
71 27 2406.75268555 1
71 28 848.85925293 1
71 28 1337.48278809 1
71 29 668.446228027 1
71 29 719.262573242 1
71 29 748.53918457 1
71 29 832.231628418 1
71 29 856.904296875 1
71 29 954.506652832 1
71 29 984.909484863 1
71 29 1087.0267334 1
71 29 1562.48449707 1
71 29 1567.0970459 1
71 29 2034.48156738 1
71 30 776.379455566 1
71 30 857.088012695 1
71 30 973.026977539 1
71 30 1069.91479492 1
71 30 1236.39831543 1
71 30 1646.68701172 1
71 31 1567.11169434 1
71 31 1673.68066406 1
71 32 1075.76794434 1
72 29 1098.00268555 1
72 29 1787.7265625 1
73 27 2621.27709961 1
76 27 1377.97009277 1
76 29 2128.09985352 1
