string dom time hits
44 29 1374.21032715 1
53 27 1877.46350098 1
54 22 1212.75537109 1
54 23 1110.88134766 1
54 24 1151.13146973 1
54 24 1199.89538574 1
54 26 720.937988281 1
54 26 746.70916748 1
54 26 764.493530273 1
54 26 918.209899902 1
54 26 1027.84729004 1
54 26 1222.2980957 1
54 26 1378.6262207 1
54 27 680.447143555 1
54 27 866.89642334 1
54 27 887.667785645 1
54 27 889.319213867 1
54 27 968.434692383 1
54 27 1066.53430176 1
54 27 1102.05358887 1
54 27 1332.97460938 1
54 27 1703.65771484 1
54 28 673.838684082 1
54 28 695.061706543 1
54 28 701.140808105 1
54 28 704.53704834 1
54 28 809.703674316 1
54 28 922.260192871 1
54 28 976.578063965 1
54 28 985.262695312 1
54 28 996.575500488 1
54 28 1336.47351074 1
54 28 1587.43273926 1
54 28 2024.89916992 1
54 29 641.73449707 1
54 29 733.849853516 1
54 29 855.911132812 1
54 29 908.509094238 1
54 29 1291.98718262 1
54 29 1488.89025879 1
54 30 814.541503906 1
54 30 1036.7935791 1
54 30 1284.50085449 1
54 30 1517.38781738 1
54 31 724.542175293 1
54 31 886.977416992 1
54 31 950.16204834 1
54 31 981.934387207 1
54 31 1452.48669434 1
54 31 1462.97680664 1
54 32 2921.87060547 1
55 22 1347.65185547 1
55 22 1460.34289551 1
55 23 1044.19396973 1
55 24 1688.58776855 1
55 25 1270.56774902 1
55 25 1454.65783691 1
55 25 1803.03881836 1
55 26 761.767211914 1
55 26 945.11730957 1
55 26 959.154724121 1
55 26 998.429382324 1
55 26 1037.50622559 1
55 26 1056.5612793 1
55 26 1485.15344238 1
55 27 727.05291748 1
55 27 734.485107422 1
55 27 750.38104248 1
55 27 768.041687012 1
55 27 793.86126709 1
55 27 822.681396484 1
55 27 824.68536377 1
55 27 855.389648438 1
55 27 878.83001709 1
55 27 900.137634277 1
55 27 940.881103516 1
55 27 2110.03125 1
55 27 2334.64916992 1
55 28 764.090454102 1
55 28 792.497375488 1
55 28 795.18347168 1
55 28 964.462890625 1
55 28 985.253967285 1
55 28 1011.95184326 1
55 28 1098.21020508 1
55 28 1099.97229004 1
55 28 1330.53405762 1
55 28 1566.79553223 1
55 29 760.522766113 1
55 29 854.636474609 1
55 29 940.46496582 1
55 29 979.812988281 1
55 29 1360.9197998 1
55 29 2129.82836914 1
55 30 643.827758789 1
55 30 746.431762695 1
55 30 886.66229248 1
55 30 1009.81555176 1
55 30 1047.52783203 1
55 30 1531.72900391 1
55 30 1950.09753418 1
55 31 678.210144043 1
55 31 853.718688965 1
55 31 988.907714844 1
55 31 1452.76525879 1
55 33 1665.18591309 1
56 23 1915.69604492 1
56 29 1413.20043945 1
56 29 3252.8581543 1
62 23 1031.86767578 1
62 23 2597.75146484 1
62 24 1219.06958008 1
62 25 863.716369629 1
62 25 1002.31427002 1
62 26 895.897888184 1
62 26 1158.75280762 1
62 26 1235.31396484 1
62 26 1387.98156738 1
62 26 1598.93566895 1
62 27 693.16229248 1
62 27 755.231689453 1
62 27 799.196044922 1
62 27 864.858276367 1
62 27 976.417114258 1
62 27 1470.40686035 1
62 28 696.297302246 1
62 28 697.40057373 1
62 28 698.694091797 1
62 28 726.718688965 1
62 28 849.803466797 1
62 28 877.203308105 1
62 28 877.240844727 1
62 28 995.572814941 1
62 28 1149.26525879 1
62 28 1281.47509766 1
62 29 692.780944824 1
62 29 870.307617188 1
62 29 909.578308105 1
62 29 1032.33630371 1
62 29 1126.76843262 1
62 29 1181.70007324 1
62 29 1583.61279297 1
62 29 1612.90087891 1
62 29 1850.57250977 1
62 30 729.206970215 1
62 30 821.329833984 1
62 30 875.935668945 1
62 30 955.689819336 1
62 30 957.918273926 1
62 30 1019.64196777 1
62 30 1099.71826172 1
62 30 1115.3034668 1
62 30 1144.14050293 1
62 30 1673.2388916 1
62 31 731.692687988 1
62 31 744.925537109 1
62 31 749.172668457 1
62 31 788.519226074 1
62 31 959.968933105 1
62 31 1094.05957031 1
62 31 1529.57421875 1
62 32 839.722229004 1
62 32 1117.59326172 1
62 32 1297.54284668 1
62 32 1345.43041992 1
62 33 1097.98864746 1
63 20 1072.34863281 1
63 21 1018.45294189 1
63 22 777.237548828 1
63 22 1127.99731445 1
63 22 1361.28503418 1
63 23 634.577880859 1
63 23 666.300964355 1
63 23 706.372924805 1
63 23 718.738220215 1
63 23 977.238098145 1
63 24 538.189086914 1
63 24 541.636230469 1
63 24 547.206481934 1
63 24 558.956787109 1
63 24 605.732055664 1
63 24 609.550415039 1
63 24 720.557617188 1
63 24 734.432861328 1
63 24 749.333068848 1
63 24 798.242919922 1
63 24 935.830749512 1
63 24 1252.70959473 1
63 24 1384.07299805 1
63 25 420.258483887 1
63 25 423.320007324 1
63 25 428.379272461 1
63 25 438.59765625 1
63 25 439.742218018 1
63 25 443.17199707 1
63 25 449.353820801 1
63 25 449.411621094 1
63 25 454.273162842 1
63 25 467.268554688 1
63 25 475.020324707 1
63 25 488.746429443 1
63 25 489.299316406 1
63 25 489.334594727 1
63 25 497.287872314 1
63 25 502.453460693 1
63 25 508.323059082 1
63 25 513.108459473 1
63 25 517.664306641 1
63 25 521.576538086 1
63 25 521.75994873 1
63 25 529.709716797 1
63 25 531.876586914 1
63 25 532.888183594 1
63 25 537.205322266 1
63 25 540.049072266 1
63 25 551.801635742 1
63 25 561.45513916 1
63 25 566.658447266 1
63 25 572.483520508 1
63 25 575.710449219 1
63 25 587.822814941 1
63 25 590.656188965 1
63 25 611.511169434 1
63 25 648.822509766 1
63 25 669.906738281 1
63 25 729.383239746 1
63 25 763.311523438 1
63 25 769.048461914 1
63 25 798.883239746 1
63 25 842.084594727 1
63 25 904.257995605 1
63 25 996.44519043 1
63 25 1025.37536621 1
63 25 1039.89904785 1
63 25 1048.29260254 1
63 25 1219.55395508 1
63 25 1267.80273438 1
63 25 1335.93200684 1
63 26 327.085388184 1
63 26 327.620391846 1
63 26 330.572387695 1
63 26 332.895141602 1
63 26 334.308044434 1
63 26 337.204711914 1
63 26 338.015686035 1
63 26 340.855072021 1
63 26 340.972106934 1
63 26 343.289428711 1
63 26 343.837463379 1
63 26 343.979949951 1
63 26 345.615722656 1
63 26 345.74118042 1
63 26 346.175811768 1
63 26 347.952728271 1
63 26 349.95791626 1
63 26 350.107574463 1
63 26 350.968658447 1
63 26 351.157012939 1
63 26 352.862365723 1
63 26 354.732513428 1
63 26 355.766815186 1
63 26 356.209991455 1
63 26 357.675048828 1
63 26 359.088562012 1
63 26 363.200836182 1
63 26 367.798248291 1
63 26 368.030670166 1
63 26 369.234558105 1
63 26 371.216705322 1
63 26 371.57510376 1
63 26 372.062866211 1
63 26 373.199035645 1
63 26 373.361877441 1
63 26 374.16885376 1
63 26 378.463806152 1
63 26 379.371856689 1
63 26 381.788146973 1
63 26 386.854278564 1
63 26 387.20413208 1
63 26 387.552154541 1
63 26 388.947601318 1
63 26 391.597045898 1
63 26 392.537475586 1
63 26 393.142120361 1
63 26 394.331207275 1
63 26 395.623687744 1
63 26 395.84777832 1
63 26 396.15914917 1
63 26 396.61831665 1
63 26 397.717285156 1
63 26 397.935241699 1
63 26 398.53805542 1
63 26 399.096252441 1
63 26 399.159759521 1
63 26 399.201904297 1
63 26 399.255065918 1
63 26 400.423400879 1
63 26 402.3019104 1
63 26 402.513641357 1
63 26 402.653259277 1
63 26 406.255187988 1
63 26 406.927978516 1
63 26 408.672180176 1
63 26 409.836334229 1
63 26 410.458190918 1
63 26 413.217681885 1
63 26 413.243927002 1
63 26 414.298980713 1
63 26 421.587402344 1
63 26 422.832122803 1
63 26 424.268737793 1
63 26 424.46206665 1
63 26 425.761566162 1
63 26 428.950500488 1
63 26 434.003540039 1
63 26 439.56628418 1
63 26 439.77545166 1
63 26 440.558776855 1
63 26 442.622833252 1
63 26 442.736297607 1
63 26 447.349182129 1
63 26 451.913238525 1
63 26 453.233520508 1
63 26 454.329956055 1
63 26 461.106384277 1
63 26 462.360015869 1
63 26 463.838043213 1
63 26 465.686096191 1
63 26 466.1065979 1
63 26 466.192657471 1
63 26 467.374206543 1
63 26 468.11517334 1
63 26 468.760650635 1
63 26 471.560394287 1
63 26 478.855621338 1
63 26 480.191619873 1
63 26 484.153594971 1
63 26 487.469604492 1
63 26 489.993652344 1
63 26 491.25994873 1
63 26 491.534515381 1
63 26 500.083770752 1
63 26 500.583740234 1
63 26 501.427703857 1
63 26 521.454223633 1
63 26 529.441101074 1
63 26 534.427307129 1
63 26 544.729736328 1
63 26 547.725830078 1
63 26 552.232421875 1
63 26 555.902526855 1
63 26 565.701049805 1
63 26 568.109680176 1
63 26 575.930175781 1
63 26 577.583679199 1
63 26 589.963623047 1
63 26 602.365356445 1
63 26 610.347290039 1
63 26 611.026855469 1
63 26 614.859741211 1
63 26 615.014709473 1
63 26 616.949768066 1
63 26 618.47088623 1
63 26 621.36706543 1
63 26 687.945251465 1
63 26 700.08984375 1
63 26 714.92980957 1
63 26 721.100830078 1
63 26 772.148742676 1
63 26 776.582214355 1
63 26 781.368225098 1
63 26 781.427978516 1
63 26 793.127685547 1
63 26 820.434997559 1
63 26 881.468688965 1
63 26 883.922729492 1
63 26 901.135864258 1
63 26 1005.32647705 1
63 26 1063.38195801 1
63 26 1090.96276855 1
63 26 1098.53356934 1
63 26 1198.30310059 1
63 26 1281.46398926 1
63 26 1403.25891113 1
63 26 1483.96569824 1
63 26 2655.546875 1
63 27 242.718063354 1
63 27 243.567153931 1
63 27 245.750183105 1
63 27 247.442367554 1
63 27 247.983963013 1
63 27 248.426483154 1
63 27 248.719238281 1
63 27 248.81539917 1
63 27 249.219039917 1
63 27 249.715133667 1
63 27 250.048629761 1
63 27 250.669509888 1
63 27 250.85067749 1
63 27 253.16053772 1
63 27 253.445098877 1
63 27 253.509399414 1
63 27 253.687423706 1
63 27 254.119750977 1
63 27 254.432861328 1
63 27 255.146011353 1
63 27 255.337905884 1
63 27 255.551651001 1
63 27 255.587417603 1
63 27 255.653884888 1
63 27 256.166900635 1
63 27 256.521392822 1
63 27 256.828094482 1
63 27 256.831817627 1
63 27 257.024902344 1
63 27 257.198760986 1
63 27 257.725402832 1
63 27 257.848968506 1
63 27 257.913665771 1
63 27 259.14440918 1
63 27 259.224365234 1
63 27 259.791290283 1
63 27 260.382476807 1
63 27 260.570251465 1
63 27 261.346405029 1
63 27 261.358734131 1
63 27 261.393768311 1
63 27 261.692169189 1
63 27 261.730682373 1
63 27 261.837921143 1
63 27 261.914611816 1
63 27 261.953491211 1
63 27 262.114501953 1
63 27 262.464752197 1
63 27 263.000427246 1
63 27 263.077331543 1
63 27 263.322174072 1
63 27 263.502593994 1
63 27 263.860626221 1
63 27 264.201049805 1
63 27 264.262054443 1
63 27 264.465515137 1
63 27 264.643585205 1
63 27 264.842163086 1
63 27 264.996246338 1
63 27 265.225616455 1
63 27 266.063995361 1
63 27 266.132293701 1
63 27 266.36605835 1
63 27 266.559020996 1
63 27 266.677703857 1
63 27 267.527984619 1
63 27 267.724487305 1
63 27 268.064605713 1
63 27 268.359527588 1
63 27 268.518768311 1
63 27 269.606170654 1
63 27 269.692749023 1
63 27 269.743133545 1
63 27 269.782287598 1
63 27 269.862854004 1
63 27 269.868591309 1
63 27 270.036468506 1
63 27 270.156280518 1
63 27 270.160491943 1
63 27 270.415863037 1
63 27 270.444122314 1
63 27 270.451660156 1
63 27 270.480773926 1
63 27 270.781402588 1
63 27 271.078704834 1
63 27 271.198028564 1
63 27 271.395050049 1
63 27 271.535858154 1
63 27 271.538452148 1
63 27 271.636993408 1
63 27 271.928192139 1
63 27 272.161102295 1
63 27 272.498657227 1
63 27 272.696105957 1
63 27 272.888549805 1
63 27 273.748321533 1
63 27 274.218963623 1
63 27 274.221221924 1
63 27 274.534942627 1
63 27 274.545654297 1
63 27 274.672821045 1
63 27 274.78225708 1
63 27 275.016235352 1
63 27 275.405487061 1
63 27 275.890014648 1
63 27 276.403167725 1
63 27 276.771759033 1
63 27 276.87512207 1
63 27 276.882202148 1
63 27 277.433898926 1
63 27 277.434844971 1
63 27 277.448974609 1
63 27 277.462249756 1
63 27 277.711120605 1
63 27 278.532531738 1
63 27 278.696838379 1
63 27 278.770751953 1
63 27 278.921295166 1
63 27 279.664672852 1
63 27 279.700195312 1
63 27 279.750183105 1
63 27 280.038787842 1
63 27 280.425842285 1
63 27 281.634216309 1
63 27 281.836090088 1
63 27 281.928222656 1
63 27 281.960601807 1
63 27 282.308166504 1
63 27 283.086914062 1
63 27 283.153045654 1
63 27 283.372894287 1
63 27 284.136169434 1
63 27 284.49710083 1
63 27 284.683441162 1
63 27 284.838409424 1
63 27 285.507751465 1
63 27 285.757415771 1
63 27 286.240722656 1
63 27 286.369934082 1
63 27 286.572021484 1
63 27 286.91394043 1
63 27 287.011810303 1
63 27 287.328613281 1
63 27 287.337036133 1
63 27 287.343444824 1
63 27 287.442657471 1
63 27 287.73526001 1
63 27 287.863037109 1
63 27 288.586425781 1
63 27 289.045928955 1
63 27 290.612121582 1
63 27 290.707092285 1
63 27 291.484832764 1
63 27 291.597412109 1
63 27 292.31048584 1
63 27 292.772460938 1
63 27 293.352478027 1
63 27 293.582366943 1
63 27 293.77746582 1
63 27 294.315246582 1
63 27 294.643249512 1
63 27 295.595153809 1
63 27 295.885559082 1
63 27 296.153289795 1
63 27 296.191772461 1
63 27 297.156677246 1
63 27 297.546264648 1
63 27 298.258789062 1
63 27 298.395599365 1
63 27 298.643066406 1
63 27 298.995819092 1
63 27 299.178466797 1
63 27 299.628875732 1
63 27 300.918579102 1
63 27 301.865264893 1
63 27 302.247558594 1
63 27 302.833282471 1
63 27 302.9559021 1
63 27 303.859069824 1
63 27 303.869812012 1
63 27 304.043548584 1
63 27 304.144927979 1
63 27 304.276733398 1
63 27 304.484863281 1
63 27 304.737945557 1
63 27 305.271484375 1
63 27 305.696777344 1
63 27 305.786987305 1
63 27 306.18548584 1
63 27 306.926849365 1
63 27 309.007507324 1
63 27 310.077209473 1
63 27 310.139282227 1
63 27 310.963134766 1
63 27 311.791900635 1
63 27 312.411346436 1
63 27 312.610931396 1
63 27 313.673919678 1
63 27 313.781646729 1
63 27 313.838256836 1
63 27 313.947235107 1
63 27 315.433532715 1
63 27 315.897186279 1
63 27 316.159606934 1
63 27 316.893005371 1
63 27 317.862792969 1
63 27 319.024688721 1
63 27 319.710083008 1
63 27 320.216522217 1
63 27 320.424163818 1
63 27 321.309844971 1
63 27 321.621368408 1
63 27 321.889984131 1
63 27 321.953155518 1
63 27 322.689788818 1
63 27 323.590576172 1
63 27 325.033843994 1
63 27 326.283508301 1
63 27 327.122802734 1
63 27 327.65423584 1
63 27 327.982757568 1
63 27 328.761260986 1
63 27 331.57989502 1
63 27 332.274902344 1
63 27 333.030578613 1
63 27 333.112823486 1
63 27 333.155456543 1
63 27 333.89352417 1
63 27 334.068359375 1
63 27 335.148925781 1
63 27 335.639709473 1
63 27 335.969543457 1
63 27 336.231628418 1
63 27 336.492858887 1
63 27 338.351959229 1
63 27 339.586090088 1
63 27 339.773651123 1
63 27 340.215362549 1
63 27 341.371795654 1
63 27 341.711578369 1
63 27 342.51751709 1
63 27 343.05279541 1
63 27 343.161102295 1
63 27 344.590240479 1
63 27 344.668670654 1
63 27 346.532562256 1
63 27 347.645446777 1
63 27 347.99395752 1
63 27 349.045410156 1
63 27 351.517852783 1
63 27 354.436248779 1
63 27 360.425415039 1
63 27 360.8515625 1
63 27 361.097137451 1
63 27 361.138153076 1
63 27 361.215484619 1
63 27 362.226989746 1
63 27 362.677429199 1
63 27 364.399505615 1
63 27 366.668243408 1
63 27 367.489837646 1
63 27 368.304779053 1
63 27 370.53137207 1
63 27 375.671936035 1
63 27 375.914642334 1
63 27 377.253173828 1
63 27 378.740783691 1
63 27 379.224853516 1
63 27 382.143707275 1
63 27 382.779693604 1
63 27 384.504394531 1
63 27 385.420440674 1
63 27 385.584838867 1
63 27 385.742523193 1
63 27 390.031402588 1
63 27 390.838592529 1
63 27 394.139709473 1
63 27 394.368225098 1
63 27 399.805084229 1
63 27 402.513183594 1
63 27 404.222076416 1
63 27 405.156646729 1
63 27 405.42666626 1
63 27 413.360565186 1
63 27 414.227905273 1
63 27 421.672729492 1
63 27 422.487213135 1
63 27 423.045013428 1
63 27 425.668457031 1
63 27 430.182525635 1
63 27 430.299804688 1
63 27 430.563964844 1
63 27 431.860565186 1
63 27 435.889129639 1
63 27 443.631530762 1
63 27 444.028076172 1
63 27 446.179412842 1
63 27 449.450469971 1
63 27 453.4609375 1
63 27 453.953582764 1
63 27 455.689453125 1
63 27 455.9324646 1
63 27 459.760894775 1
63 27 464.553588867 1
63 27 468.026489258 1
63 27 473.846832275 1
63 27 474.857391357 1
63 27 477.886322021 1
63 27 480.033935547 1
63 27 481.267700195 1
63 27 487.326721191 1
63 27 487.395080566 1
63 27 494.99230957 1
63 27 496.624816895 1
63 27 505.368560791 1
63 27 506.787445068 1
63 27 512.01776123 1
63 27 512.040771484 1
63 27 512.695373535 1
63 27 517.74822998 1
63 27 518.506469727 1
63 27 527.097839355 1
63 27 545.976257324 1
63 27 559.380371094 1
63 27 571.533996582 1
63 27 578.865966797 1
63 27 583.892028809 1
63 27 584.111938477 1
63 27 591.785400391 1
63 27 602.706604004 1
63 27 610.73046875 1
63 27 619.962768555 1
63 27 650.235961914 1
63 27 661.847961426 1
63 27 685.294311523 1
63 27 692.043884277 1
63 27 709.193786621 1
63 27 722.153198242 1
63 27 752.106567383 1
63 27 777.602722168 1
63 27 789.497619629 1
63 27 805.201782227 1
63 27 843.556396484 1
63 27 889.012634277 1
63 27 918.912963867 1
63 27 933.797973633 1
63 27 993.596801758 1
63 27 1006.25524902 1
63 27 1048.86035156 1
63 27 1190.89746094 1
63 27 1207.80712891 1
63 27 1373.18908691 1
63 28 158.395553589 1
63 28 159.223739624 1
63 28 160.863525391 1
63 28 161.040115356 1
63 28 161.180206299 1
63 28 161.227630615 1
63 28 161.411804199 1
63 28 161.666061401 1
63 28 161.932434082 1
63 28 161.988952637 1
63 28 162.203536987 1
63 28 162.431350708 1
63 28 162.569244385 1
63 28 162.618728638 1
63 28 163.220733643 1
63 28 163.733337402 1
63 28 163.882446289 1
63 28 163.948135376 1
63 28 164.153656006 1
63 28 164.309860229 1
63 28 164.332595825 1
63 28 164.707351685 1
63 28 164.733123779 1
63 28 164.748199463 1
63 28 164.843460083 1
63 28 164.924835205 1
63 28 165.001220703 1
63 28 165.552627563 1
63 28 165.936553955 1
63 28 166.150787354 1
63 28 166.550811768 1
63 28 166.71887207 1
63 28 166.731185913 1
63 28 167.008529663 1
63 28 167.21711731 1
63 28 167.219726562 1
63 28 167.233947754 1
63 28 167.290054321 1
63 28 167.619064331 1
63 28 167.874755859 1
63 28 167.993286133 1
63 28 168.03288269 1
63 28 168.191574097 1
63 28 168.265167236 1
63 28 168.34602356 1
63 28 168.391036987 1
63 28 168.421630859 1
63 28 168.551040649 1
63 28 168.56703186 1
63 28 168.764678955 1
63 28 168.804504395 1
63 28 168.869400024 1
63 28 169.004699707 1
63 28 169.038574219 1
63 28 169.067810059 1
63 28 169.268539429 1
63 28 169.404968262 1
63 28 169.537811279 1
63 28 169.596572876 1
63 28 169.633758545 1
63 28 169.699493408 1
63 28 169.717956543 1
63 28 169.74230957 1
63 28 169.756866455 1
63 28 169.783660889 1
63 28 170.023086548 1
63 28 170.024765015 1
63 28 170.074279785 1
63 28 170.103973389 1
63 28 170.167495728 1
63 28 170.256210327 1
63 28 170.274627686 1
63 28 170.318817139 1
63 28 170.333969116 1
63 28 170.39302063 1
63 28 170.416061401 1
63 28 170.482437134 1
63 28 170.494247437 1
63 28 170.570495605 1
63 28 170.68081665 1
63 28 170.70300293 1
63 28 170.897613525 1
63 28 170.920730591 1
63 28 170.932022095 1
63 28 170.957839966 1
63 28 170.969284058 1
63 28 170.974273682 1
63 28 170.99647522 1
63 28 171.02923584 1
63 28 171.05430603 1
63 28 171.057403564 1
63 28 171.084228516 1
63 28 171.101119995 1
63 28 171.106216431 1
63 28 171.137619019 1
63 28 171.171157837 1
63 28 171.188064575 1
63 28 171.330947876 1
63 28 171.336990356 1
63 28 171.35597229 1
63 28 171.365097046 1
63 28 171.394882202 1
63 28 171.397827148 1
63 28 171.406585693 1
63 28 171.471038818 1
63 28 171.486724854 1
63 28 171.511047363 1
63 28 171.546142578 1
63 28 171.686950684 1
63 28 171.692565918 1
63 28 171.751205444 1
63 28 171.783920288 1
63 28 171.934783936 1
63 28 171.945281982 1
63 28 171.972640991 1
63 28 172.041656494 1
63 28 172.06288147 1
63 28 172.122711182 1
63 28 172.176956177 1
63 28 172.24029541 1
63 28 172.253570557 1
63 28 172.292175293 1
63 28 172.392440796 1
63 28 172.493591309 1
63 28 172.530212402 1
63 28 172.6224823 1
63 28 172.637573242 1
63 28 172.751159668 1
63 28 172.869171143 1
63 28 172.883102417 1
63 28 172.966567993 1
63 28 173.148590088 1
63 28 173.149673462 1
63 28 173.207351685 1
63 28 173.237503052 1
63 28 173.363510132 1
63 28 173.391876221 1
63 28 173.410293579 1
63 28 173.412063599 1
63 28 173.4556427 1
63 28 173.541015625 1
63 28 173.541351318 1
63 28 173.593475342 1
63 28 173.62159729 1
63 28 173.737075806 1
63 28 173.742141724 1
63 28 173.755889893 1
63 28 173.784820557 1
63 28 173.787078857 1
63 28 173.803146362 1
63 28 173.882369995 1
63 28 174.014465332 1
63 28 174.125701904 1
63 28 174.135772705 1
63 28 174.19303894 1
63 28 174.246688843 1
63 28 174.257354736 1
63 28 174.274856567 1
63 28 174.291213989 1
63 28 174.291885376 1
63 28 174.314224243 1
63 28 174.337692261 1
63 28 174.380569458 1
63 28 174.526916504 1
63 28 174.539916992 1
63 28 174.698287964 1
63 28 174.716049194 1
63 28 174.723190308 1
63 28 174.778747559 1
63 28 174.82182312 1
63 28 174.863128662 1
63 28 174.952377319 1
63 28 175.034011841 1
63 28 175.058425903 1
63 28 175.073104858 1
63 28 175.109817505 1
63 28 175.128265381 1
63 28 175.155838013 1
63 28 175.303619385 1
63 28 175.334945679 1
63 28 175.340805054 1
63 28 175.368026733 1
63 28 175.400161743 1
63 28 175.428665161 1
63 28 175.646499634 1
63 28 175.657867432 1
63 28 175.715652466 1
63 28 175.76789856 1
63 28 176.033004761 1
63 28 176.04335022 1
63 28 176.083343506 1
63 28 176.100845337 1
63 28 176.13180542 1
63 28 176.171661377 1
63 28 176.195388794 1
63 28 176.222503662 1
63 28 176.225357056 1
63 28 176.365127563 1
63 28 176.416748047 1
63 28 176.534362793 1
63 28 176.543197632 1
63 28 176.660293579 1
63 28 176.669342041 1
63 28 176.706314087 1
63 28 176.747436523 1
63 28 176.838287354 1
63 28 176.965377808 1
63 28 176.990432739 1
63 28 177.060699463 1
63 28 177.065917969 1
63 28 177.085159302 1
63 28 177.094955444 1
63 28 177.164871216 1
63 28 177.17640686 1
63 28 177.20954895 1
63 28 177.274291992 1
63 28 177.474197388 1
63 28 177.52204895 1
63 28 177.641769409 1
63 28 177.749893188 1
63 28 177.754608154 1
63 28 177.84487915 1
63 28 177.8490448 1
63 28 177.849365234 1
63 28 177.860702515 1
63 28 178.077636719 1
63 28 178.206832886 1
63 28 178.246200562 1
63 28 178.271026611 1
63 28 178.30430603 1
63 28 178.321655273 1
63 28 178.44744873 1
63 28 178.470199585 1
63 28 178.487640381 1
63 28 178.59173584 1
63 28 178.606613159 1
63 28 178.618026733 1
63 28 178.873443604 1
63 28 178.941146851 1
63 28 178.979675293 1
63 28 179.092727661 1
63 28 179.148223877 1
63 28 179.152389526 1
63 28 179.182113647 1
63 28 179.237915039 1
63 28 179.304260254 1
63 28 179.379440308 1
63 28 179.414886475 1
63 28 179.459609985 1
63 28 179.475616455 1
63 28 179.481887817 1
63 28 179.498275757 1
63 28 179.542709351 1
63 28 179.672683716 1
63 28 179.750595093 1
63 28 179.817016602 1
63 28 179.897140503 1
63 28 179.911026001 1
63 28 179.914916992 1
63 28 179.960494995 1
63 28 180.080734253 1
63 28 180.131607056 1
63 28 180.14390564 1
63 28 180.181137085 1
63 28 180.18196106 1
63 28 180.199615479 1
63 28 180.221969604 1
63 28 180.443222046 1
63 28 180.482299805 1
63 28 180.523788452 1
63 28 180.596481323 1
63 28 180.620010376 1
63 28 180.627029419 1
63 28 180.90675354 1
63 28 180.911560059 1
63 28 180.92729187 1
63 28 181.024505615 1
63 28 181.0440979 1
63 28 181.067077637 1
63 28 181.218261719 1
63 28 181.223526001 1
63 28 181.234451294 1
63 28 181.34135437 1
63 28 181.357910156 1
63 28 181.381240845 1
63 28 181.459487915 1
63 28 181.513641357 1
63 28 181.516265869 1
63 28 181.61479187 1
63 28 181.759262085 1
63 28 181.898193359 1
63 28 181.985427856 1
63 28 181.987930298 1
63 28 182.074279785 1
63 28 182.222595215 1
63 28 182.248962402 1
63 28 182.352005005 1
63 28 182.361816406 1
63 28 182.370574951 1
63 28 182.423248291 1
63 28 182.535461426 1
63 28 182.691665649 1
63 28 182.697479248 1
63 28 182.754837036 1
63 28 182.939666748 1
63 28 182.967102051 1
63 28 182.969406128 1
63 28 182.995880127 1
63 28 183.125488281 1
63 28 183.141586304 1
63 28 183.234283447 1
63 28 183.345611572 1
63 28 183.370117188 1
63 28 183.413726807 1
63 28 183.449005127 1
63 28 183.51725769 1
63 28 183.592803955 1
63 28 183.722000122 1
63 28 183.795776367 1
63 28 183.833908081 1
63 28 183.851608276 1
63 28 183.894439697 1
63 28 183.916809082 1
63 28 183.921447754 1
63 28 183.930892944 1
63 28 184.104537964 1
63 28 184.111419678 1
63 28 184.115203857 1
63 28 184.263519287 1
63 28 184.492507935 1
63 28 184.525970459 1
63 28 184.588790894 1
63 28 184.702133179 1
63 28 184.743392944 1
63 28 184.77230835 1
63 28 184.844650269 1
63 28 184.845855713 1
63 28 184.88923645 1
63 28 184.990493774 1
63 28 185.016052246 1
63 28 185.139007568 1
63 28 185.208450317 1
63 28 185.582504272 1
63 28 185.670181274 1
63 28 185.691070557 1
63 28 185.763473511 1
63 28 185.913894653 1
63 28 186.102157593 1
63 28 186.10508728 1
63 28 186.106155396 1
63 28 186.143371582 1
63 28 186.14364624 1
63 28 186.242538452 1
63 28 186.292663574 1
63 28 186.443466187 1
63 28 186.496276855 1
63 28 186.61177063 1
63 28 186.636032104 1
63 28 186.67918396 1
63 28 186.823059082 1
63 28 186.861740112 1
63 28 186.905014038 1
63 28 186.909484863 1
63 28 186.910095215 1
63 28 186.995742798 1
63 28 187.106781006 1
63 28 187.11656189 1
63 28 187.199752808 1
63 28 187.251083374 1
63 28 187.459075928 1
63 28 187.466461182 1
63 28 187.486282349 1
63 28 187.500305176 1
63 28 187.674224854 1
63 28 187.72265625 1
63 28 187.733840942 1
63 28 187.775939941 1
63 28 187.787689209 1
63 28 187.809371948 1
63 28 187.815979004 1
63 28 187.822357178 1
63 28 187.910461426 1
63 28 188.020172119 1
63 28 188.028335571 1
63 28 188.051589966 1
63 28 188.16293335 1
63 28 188.176208496 1
63 28 188.219421387 1
63 28 188.284896851 1
63 28 188.28515625 1
63 28 188.318984985 1
63 28 188.503112793 1
63 28 188.532867432 1
63 28 188.596069336 1
63 28 188.653823853 1
63 28 188.702957153 1
63 28 188.72644043 1
63 28 188.845657349 1
63 28 188.944641113 1
63 28 188.947525024 1
63 28 189.078369141 1
63 28 189.106140137 1
63 28 189.114425659 1
63 28 189.119445801 1
63 28 189.192642212 1
63 28 189.25769043 1
63 28 189.263458252 1
63 28 189.327575684 1
63 28 189.503814697 1
63 28 189.852096558 1
63 28 189.852828979 1
63 28 189.853439331 1
63 28 189.861938477 1
63 28 190.003555298 1
63 28 190.211486816 1
63 28 190.560394287 1
63 28 190.603790283 1
63 28 190.608718872 1
63 28 190.61239624 1
63 28 190.664352417 1
63 28 190.718002319 1
63 28 190.72328186 1
63 28 190.866241455 1
63 28 190.890441895 1
63 28 190.987915039 1
63 28 191.138839722 1
63 28 191.266189575 1
63 28 191.321548462 1
63 28 191.329284668 1
63 28 191.508621216 1
63 28 191.625015259 1
63 28 191.672058105 1
63 28 191.748641968 1
63 28 191.85710144 1
63 28 191.943954468 1
63 28 192.000488281 1
63 28 192.036743164 1
63 28 192.140914917 1
63 28 192.174316406 1
63 28 192.555343628 1
63 28 192.556671143 1
63 28 192.661773682 1
63 28 192.774169922 1
63 28 192.821731567 1
63 28 192.870803833 1
63 28 192.969467163 1
63 28 193.182876587 1
63 28 193.261413574 1
63 28 193.360153198 1
63 28 193.404541016 1
63 28 193.583084106 1
63 28 193.583694458 1
63 28 193.606704712 1
63 28 193.76940918 1
63 28 194.060302734 1
63 28 194.074066162 1
63 28 194.122802734 1
63 28 194.295288086 1
63 28 194.565979004 1
63 28 194.614822388 1
63 28 194.618499756 1
63 28 194.639038086 1
63 28 194.655853271 1
63 28 195.088104248 1
63 28 195.107788086 1
63 28 195.185684204 1
63 28 195.260543823 1
63 28 195.289611816 1
63 28 195.409622192 1
63 28 195.580535889 1
63 28 195.815246582 1
63 28 195.967071533 1
63 28 196.169570923 1
63 28 196.188796997 1
63 28 196.227661133 1
63 28 196.314025879 1
63 28 196.374008179 1
63 28 196.67376709 1
63 28 196.714569092 1
63 28 196.723083496 1
63 28 196.812179565 1
63 28 196.906967163 1
63 28 196.922073364 1
63 28 196.946273804 1
63 28 197.053665161 1
63 28 197.143280029 1
63 28 197.453918457 1
63 28 197.462463379 1
63 28 197.48614502 1
63 28 197.685165405 1
63 28 197.701034546 1
63 28 197.812469482 1
63 28 198.178390503 1
63 28 198.603668213 1
63 28 198.670394897 1
63 28 198.693435669 1
63 28 198.796478271 1
63 28 198.814468384 1
63 28 198.926696777 1
63 28 198.940124512 1
63 28 198.968902588 1
63 28 199.030395508 1
63 28 199.157928467 1
63 28 199.21333313 1
63 28 199.325531006 1
63 28 199.520202637 1
63 28 199.624832153 1
63 28 199.628417969 1
63 28 199.65196228 1
63 28 199.671676636 1
63 28 199.766998291 1
63 28 199.825561523 1
63 28 199.901321411 1
63 28 199.906356812 1
63 28 200.004333496 1
63 28 200.687057495 1
63 28 201.223968506 1
63 28 201.286972046 1
63 28 201.421325684 1
63 28 201.62260437 1
63 28 202.078781128 1
63 28 202.419158936 1
63 28 202.680084229 1
63 28 202.979293823 1
63 28 203.414001465 1
63 28 203.541381836 1
63 28 203.633514404 1
63 28 203.798065186 1
63 28 203.850738525 1
63 28 203.933273315 1
63 28 204.122817993 1
63 28 204.184005737 1
63 28 204.253631592 1
63 28 204.257293701 1
63 28 204.612564087 1
63 28 204.755935669 1
63 28 204.798629761 1
63 28 205.217224121 1
63 28 205.475921631 1
63 28 205.508666992 1
63 28 205.542755127 1
63 28 205.892227173 1
63 28 206.067077637 1
63 28 206.272949219 1
63 28 206.286590576 1
63 28 206.699737549 1
63 28 206.748977661 1
63 28 206.889007568 1
63 28 207.035644531 1
63 28 207.117767334 1
63 28 207.223739624 1
63 28 207.404312134 1
63 28 207.596603394 1
63 28 207.597549438 1
63 28 207.653259277 1
63 28 207.837005615 1
63 28 207.920501709 1
63 28 208.153442383 1
63 28 208.242370605 1
63 28 208.333938599 1
63 28 209.029708862 1
63 28 209.11932373 1
63 28 209.345169067 1
63 28 209.456008911 1
63 28 209.48374939 1
63 28 209.909301758 1
63 28 209.922454834 1
63 28 210.239898682 1
63 28 210.578582764 1
63 28 210.593490601 1
63 28 210.721847534 1
63 28 211.14932251 1
63 28 212.245010376 1
63 28 212.44682312 1
63 28 212.660888672 1
63 28 212.774475098 1
63 28 213.006729126 1
63 28 213.189544678 1
63 28 213.638092041 1
63 28 213.948410034 1
63 28 214.089767456 1
63 28 214.243682861 1
63 28 214.74269104 1
63 28 214.897262573 1
63 28 215.599487305 1
63 28 215.609970093 1
63 28 215.82635498 1
63 28 215.919662476 1
63 28 216.169265747 1
63 28 216.282028198 1
63 28 216.446487427 1
63 28 216.81187439 1
63 28 217.033584595 1
63 28 217.372131348 1
63 28 217.612670898 1
63 28 217.685043335 1
63 28 219.257400513 1
63 28 219.673492432 1
63 28 220.059677124 1
63 28 220.617294312 1
63 28 220.711456299 1
63 28 221.519790649 1
63 28 221.718780518 1
63 28 222.266723633 1
63 28 222.587341309 1
63 28 222.843338013 1
63 28 223.093963623 1
63 28 223.298660278 1
63 28 223.375717163 1
63 28 223.407470703 1
63 28 223.435699463 1
63 28 224.006317139 1
63 28 224.134262085 1
63 28 224.191757202 1
63 28 224.269271851 1
63 28 224.781845093 1
63 28 225.423843384 1
63 28 225.426040649 1
63 28 225.769134521 1
63 28 226.112625122 1
63 28 226.129333496 1
63 28 226.765548706 1
63 28 227.367111206 1
63 28 227.578521729 1
63 28 227.626953125 1
63 28 227.826629639 1
63 28 229.229370117 1
63 28 229.395706177 1
63 28 229.550125122 1
63 28 230.330001831 1
63 28 230.989685059 1
63 28 231.172317505 1
63 28 231.221893311 1
63 28 231.309082031 1
63 28 231.80619812 1
63 28 232.256515503 1
63 28 232.293838501 1
63 28 232.398376465 1
63 28 233.81678772 1
63 28 233.848922729 1
63 28 234.144500732 1
63 28 234.547637939 1
63 28 235.309616089 1
63 28 237.109054565 1
63 28 237.344741821 1
63 28 237.349365234 1
63 28 237.620513916 1
63 28 237.668792725 1
63 28 238.666046143 1
63 28 239.372192383 1
63 28 239.750579834 1
63 28 240.10736084 1
63 28 240.453125 1
63 28 240.639144897 1
63 28 240.971542358 1
63 28 241.674301147 1
63 28 241.719604492 1
63 28 241.79914856 1
63 28 243.105651855 1
63 28 243.923751831 1
63 28 243.992401123 1
63 28 244.418197632 1
63 28 244.567459106 1
63 28 244.859054565 1
63 28 245.948135376 1
63 28 246.419967651 1
63 28 246.914337158 1
63 28 248.027801514 1
63 28 248.641998291 1
63 28 249.413467407 1
63 28 251.329101562 1
63 28 253.556838989 1
63 28 253.852981567 1
63 28 254.998764038 1
63 28 255.792892456 1
63 28 255.942718506 1
63 28 256.603912354 1
63 28 257.112609863 1
63 28 257.757080078 1
63 28 258.403259277 1
63 28 260.05065918 1
63 28 260.924102783 1
63 28 263.280212402 1
63 28 264.555847168 1
63 28 265.07220459 1
63 28 266.06439209 1
63 28 267.66506958 1
63 28 271.488098145 1
63 28 272.986450195 1
63 28 272.991943359 1
63 28 273.724212646 1
63 28 275.263824463 1
63 28 276.446685791 1
63 28 277.296295166 1
63 28 278.690063477 1
63 28 283.533416748 1
63 28 284.003265381 1
63 28 284.086853027 1
63 28 287.027557373 1
63 28 287.179046631 1
63 28 288.276031494 1
63 28 289.544586182 1
63 28 291.389282227 1
63 28 291.559936523 1
63 28 292.454284668 1
63 28 300.215026855 1
63 28 302.063018799 1
63 28 302.626953125 1
63 28 304.285522461 1
63 28 307.428161621 1
63 28 307.653533936 1
63 28 308.51574707 1
63 28 308.524871826 1
63 28 311.720123291 1
63 28 318.774536133 1
63 28 324.098114014 1
63 28 324.921112061 1
63 28 326.383117676 1
63 28 326.484680176 1
63 28 327.993713379 1
63 28 329.977203369 1
63 28 333.221191406 1
63 28 333.926879883 1
63 28 336.418823242 1
63 28 336.502319336 1
63 28 337.700134277 1
63 28 339.847259521 1
63 28 340.373809814 1
63 28 345.169647217 1
63 28 347.548278809 1
63 28 348.39440918 1
63 28 350.935791016 1
63 28 351.222869873 1
63 28 355.222869873 1
63 28 358.825775146 1
63 28 359.12600708 1
63 28 359.155578613 1
63 28 361.184783936 1
63 28 365.261993408 1
63 28 370.619110107 1
63 28 372.257904053 1
63 28 375.65536499 1
63 28 376.055297852 1
63 28 376.228820801 1
63 28 392.527313232 1
63 28 403.274932861 1
63 28 404.953918457 1
63 28 405.601776123 1
63 28 407.139221191 1
63 28 409.820587158 1
63 28 427.855712891 1
63 28 441.009124756 1
63 28 445.889129639 1
63 28 452.467254639 1
63 28 467.717803955 1
63 28 476.221496582 1
63 28 487.050384521 1
63 28 494.279510498 1
63 28 495.137908936 1
63 28 500.736328125 1
63 28 507.336730957 1
63 28 510.925842285 1
63 28 520.468139648 1
63 28 521.77722168 1
63 28 523.899230957 1
63 28 529.0703125 1
63 28 535.120849609 1
63 28 541.230224609 1
63 28 544.843444824 1
63 28 559.721130371 1
63 28 561.370300293 1
63 28 569.139526367 1
63 28 594.31036377 1
63 28 610.66607666 1
63 28 622.957885742 1
63 28 631.097473145 1
63 28 634.238586426 1
63 28 642.994628906 1
63 28 681.281921387 1
63 28 718.055053711 1
63 28 733.273986816 1
63 28 750.73059082 1
63 28 816.801208496 1
63 28 832.526916504 1
63 28 865.161804199 1
63 28 873.078125 1
63 28 924.734924316 1
63 28 1025.21630859 1
63 28 1059.68127441 1
63 28 1503.73181152 1
63 28 1822.49133301 1
63 29 78.3419265747 1
63 29 79.0925521851 1
63 29 79.1547851562 1
63 29 79.2666015625 1
63 29 80.5750579834 1
63 29 80.7149963379 1
63 29 80.78490448 1
63 29 80.8426742554 1
63 29 80.9053497314 1
63 29 80.9429321289 1
63 29 81.0508346558 1
63 29 81.3609848022 1
63 29 81.57762146 1
63 29 81.6076660156 1
63 29 81.6404571533 1
63 29 81.7166366577 1
63 29 81.7790145874 1
63 29 81.7910842896 1
63 29 81.9105224609 1
63 29 82.4412841797 1
63 29 82.4782485962 1
63 29 82.4822387695 1
63 29 82.4880752563 1
63 29 82.5069580078 1
63 29 82.5213928223 1
63 29 82.5400085449 1
63 29 82.6413650513 1
63 29 82.6744766235 1
63 29 82.7979888916 1
63 29 82.8639678955 1
63 29 82.9378128052 1
63 29 82.9384613037 1
63 29 83.0082702637 1
63 29 83.1319046021 1
63 29 83.1502227783 1
63 29 83.1770324707 1
63 29 83.2245788574 1
63 29 83.324256897 1
63 29 83.3840332031 1
63 29 83.3854141235 1
63 29 83.4256057739 1
63 29 83.5096664429 1
63 29 83.5445251465 1
63 29 83.6218032837 1
63 29 83.6287231445 1
63 29 83.6427612305 1
63 29 83.6693572998 1
63 29 83.6792602539 1
63 29 83.6931152344 1
63 29 83.7331085205 1
63 29 83.7451324463 1
63 29 83.7786712646 1
63 29 83.8010025024 1
63 29 83.8325195312 1
63 29 83.8437728882 1
63 29 83.8639144897 1
63 29 83.9150466919 1
63 29 83.9224853516 1
63 29 83.9288330078 1
63 29 83.9450912476 1
63 29 83.9709091187 1
63 29 83.9852981567 1
63 29 84.0011901855 1
63 29 84.0159835815 1
63 29 84.022354126 1
63 29 84.0660018921 1
63 29 84.0937347412 1
63 29 84.155921936 1
63 29 84.1892471313 1
63 29 84.2670059204 1
63 29 84.270149231 1
63 29 84.335899353 1
63 29 84.3361816406 1
63 29 84.3890075684 1
63 29 84.4319152832 1
63 29 84.4329986572 1
63 29 84.4674682617 1
63 29 84.4681930542 1
63 29 84.4938278198 1
63 29 84.5094985962 1
63 29 84.5291290283 1
63 29 84.5720672607 1
63 29 84.6397399902 1
63 29 84.6508560181 1
63 29 84.6733932495 1
63 29 84.6765365601 1
63 29 84.6939620972 1
63 29 84.7294692993 1
63 29 84.7465591431 1
63 29 84.7475128174 1
63 29 84.760635376 1
63 29 84.8825912476 1
63 29 84.9021224976 1
63 29 84.9180221558 1
63 29 84.9255828857 1
63 29 84.9639282227 1
63 29 85.0034790039 1
63 29 85.0604705811 1
63 29 85.1062164307 1
63 29 85.1063461304 1
63 29 85.1273422241 1
63 29 85.1514892578 1
63 29 85.1574020386 1
63 29 85.2330245972 1
63 29 85.3177337646 1
63 29 85.3324050903 1
63 29 85.3605804443 1
63 29 85.382194519 1
63 29 85.4423446655 1
63 29 85.4493865967 1
63 29 85.4512557983 1
63 29 85.4566802979 1
63 29 85.4696578979 1
63 29 85.483795166 1
63 29 85.4948043823 1
63 29 85.5021133423 1
63 29 85.5190734863 1
63 29 85.5346755981 1
63 29 85.5992507935 1
63 29 85.6404190063 1
63 29 85.650680542 1
63 29 85.6815490723 1
63 29 85.7008590698 1
63 29 85.7158355713 1
63 29 85.7523117065 1
63 29 85.752822876 1
63 29 85.760887146 1
63 29 85.7719573975 1
63 29 85.7725296021 1
63 29 85.7878112793 1
63 29 85.8083877563 1
63 29 85.8269958496 1
63 29 85.8494262695 1
63 29 85.8831481934 1
63 29 85.9021911621 1
63 29 85.9416809082 1
63 29 85.9524002075 1
63 29 85.987663269 1
63 29 86.0538253784 1
63 29 86.0601959229 1
63 29 86.0912094116 1
63 29 86.114982605 1
63 29 86.1297149658 1
63 29 86.1401443481 1
63 29 86.1453094482 1
63 29 86.2770462036 1
63 29 86.2855529785 1
63 29 86.3134307861 1
63 29 86.343536377 1
63 29 86.384803772 1
63 29 86.392250061 1
63 29 86.4198455811 1
63 29 86.4388656616 1
63 29 86.4488449097 1
63 29 86.4548721313 1
63 29 86.4569244385 1
63 29 86.4682846069 1
63 29 86.488861084 1
63 29 86.5031280518 1
63 29 86.5302276611 1
63 29 86.547706604 1
63 29 86.5545425415 1
63 29 86.5758285522 1
63 29 86.6108322144 1
63 29 86.6173934937 1
63 29 86.649559021 1
63 29 86.702835083 1
63 29 86.7179718018 1
63 29 86.7266998291 1
63 29 86.7362060547 1
63 29 86.7519454956 1
63 29 86.7551498413 1
63 29 86.7750396729 1
63 29 86.7826919556 1
63 29 86.7929153442 1
63 29 86.8087921143 1
63 29 86.8162002563 1
63 29 86.8364562988 1
63 29 86.8970794678 1
63 29 86.8986663818 1
63 29 86.9197616577 1
63 29 86.9393157959 1
63 29 86.9535140991 1
63 29 86.9582824707 1
63 29 86.9781723022 1
63 29 87.0004882812 1
63 29 87.0391998291 1
63 29 87.1084442139 1
63 29 87.143951416 1
63 29 87.1476745605 1
63 29 87.1483764648 1
63 29 87.164276123 1
63 29 87.1703414917 1
63 29 87.1959381104 1
63 29 87.2169265747 1
63 29 87.2339477539 1
63 29 87.2884979248 1
63 29 87.2956161499 1
63 29 87.3043746948 1
63 29 87.3060379028 1
63 29 87.3187789917 1
63 29 87.3401412964 1
63 29 87.340927124 1
63 29 87.3494873047 1
63 29 87.3613815308 1
63 29 87.3665618896 1
63 29 87.3828964233 1
63 29 87.3911437988 1
63 29 87.4303741455 1
63 29 87.4438247681 1
63 29 87.4616165161 1
63 29 87.4867782593 1
63 29 87.4874420166 1
63 29 87.5241928101 1
63 29 87.571685791 1
63 29 87.6059799194 1
63 29 87.6254577637 1
63 29 87.6493988037 1
63 29 87.7013549805 1
63 29 87.7123031616 1
63 29 87.7446517944 1
63 29 87.766204834 1
63 29 87.7893753052 1
63 29 87.7919769287 1
63 29 87.8285140991 1
63 29 87.8363647461 1
63 29 87.86353302 1
63 29 87.8909759521 1
63 29 87.900138855 1
63 29 87.9059906006 1
63 29 87.9258651733 1
63 29 87.9889602661 1
63 29 87.9921112061 1
63 29 87.9997558594 1
63 29 88.0147705078 1
63 29 88.0255355835 1
63 29 88.0375671387 1
63 29 88.0386047363 1
63 29 88.0484313965 1
63 29 88.0596847534 1
63 29 88.059715271 1
63 29 88.0865631104 1
63 29 88.1301345825 1
63 29 88.1364974976 1
63 29 88.1519470215 1
63 29 88.1754684448 1
63 29 88.2021255493 1
63 29 88.2117843628 1
63 29 88.2119140625 1
63 29 88.2120132446 1
63 29 88.244102478 1
63 29 88.3008499146 1
63 29 88.3349914551 1
63 29 88.3352813721 1
63 29 88.3389816284 1
63 29 88.3668060303 1
63 29 88.3692169189 1
63 29 88.3899459839 1
63 29 88.4627532959 1
63 29 88.4627609253 1
63 29 88.4635925293 1
63 29 88.5654602051 1
63 29 88.5658874512 1
63 29 88.5683059692 1
63 29 88.6320114136 1
63 29 88.6704483032 1
63 29 88.6778869629 1
63 29 88.6794128418 1
63 29 88.6859741211 1
63 29 88.7079925537 1
63 29 88.7132339478 1
63 29 88.7142028809 1
63 29 88.7262115479 1
63 29 88.7292785645 1
63 29 88.748336792 1
63 29 88.7510070801 1
63 29 88.7698135376 1
63 29 88.8227920532 1
63 29 88.8431549072 1
63 29 88.8577728271 1
63 29 88.9162597656 1
63 29 88.9225311279 1
63 29 88.9325637817 1
63 29 88.9530487061 1
63 29 88.9613571167 1
63 29 88.9636993408 1
63 29 88.9832305908 1
63 29 88.9852981567 1
63 29 88.9955062866 1
63 29 89.0007324219 1
63 29 89.0162582397 1
63 29 89.037147522 1
63 29 89.0477828979 1
63 29 89.0501556396 1
63 29 89.059928894 1
63 29 89.0776672363 1
63 29 89.0988693237 1
63 29 89.1066970825 1
63 29 89.1112518311 1
63 29 89.1355743408 1
63 29 89.1498718262 1
63 29 89.175567627 1
63 29 89.179901123 1
63 29 89.1831436157 1
63 29 89.1853942871 1
63 29 89.220489502 1
63 29 89.2222290039 1
63 29 89.2363433838 1
63 29 89.2641830444 1
63 29 89.2688293457 1
63 29 89.2721405029 1
63 29 89.277633667 1
63 29 89.2806854248 1
63 29 89.2928695679 1
63 29 89.3087463379 1
63 29 89.3180923462 1
63 29 89.3269119263 1
63 29 89.3278045654 1
63 29 89.3417663574 1
63 29 89.363067627 1
63 29 89.3673782349 1
63 29 89.3677749634 1
63 29 89.3907089233 1
63 29 89.3960113525 1
63 29 89.4058837891 1
63 29 89.4175109863 1
63 29 89.4322280884 1
63 29 89.4338150024 1
63 29 89.4351196289 1
63 29 89.4399337769 1
63 29 89.4402160645 1
63 29 89.4658660889 1
63 29 89.4689483643 1
63 29 89.4716339111 1
63 29 89.4797744751 1
63 29 89.4876403809 1
63 29 89.4920501709 1
63 29 89.5221633911 1
63 29 89.5282669067 1
63 29 89.5706329346 1
63 29 89.599319458 1
63 29 89.6330108643 1
63 29 89.64012146 1
63 29 89.6493453979 1
63 29 89.6598434448 1
63 29 89.6726913452 1
63 29 89.6792678833 1
63 29 89.6796112061 1
63 29 89.7327804565 1
63 29 89.7473907471 1
63 29 89.7476882935 1
63 29 89.7504348755 1
63 29 89.7536697388 1
63 29 89.7573776245 1
63 29 89.7671813965 1
63 29 89.7835693359 1
63 29 89.7859725952 1
63 29 89.80884552 1
63 29 89.8133392334 1
63 29 89.8467330933 1
63 29 89.8503570557 1
63 29 89.8585357666 1
63 29 89.8590240479 1
63 29 89.8760681152 1
63 29 89.8801727295 1
63 29 89.8864135742 1
63 29 89.891784668 1
63 29 89.9008560181 1
63 29 89.9081268311 1
63 29 89.908821106 1
63 29 89.9244842529 1
63 29 89.946723938 1
63 29 89.9549560547 1
63 29 89.9606246948 1
63 29 89.98462677 1
63 29 90.0057983398 1
63 29 90.034286499 1
63 29 90.0493087769 1
63 29 90.0518035889 1
63 29 90.0702056885 1
63 29 90.0735168457 1
63 29 90.1032791138 1
63 29 90.1169967651 1
63 29 90.1327209473 1
63 29 90.1613693237 1
63 29 90.1916122437 1
63 29 90.2037582397 1
63 29 90.2243804932 1
63 29 90.2381210327 1
63 29 90.2397842407 1
63 29 90.2409057617 1
63 29 90.2480926514 1
63 29 90.2691268921 1
63 29 90.2791137695 1
63 29 90.3004302979 1
63 29 90.3454360962 1
63 29 90.3508224487 1
63 29 90.3510894775 1
63 29 90.3665771484 1
63 29 90.3790512085 1
63 29 90.3974304199 1
63 29 90.4007415771 1
63 29 90.4178085327 1
63 29 90.4297790527 1
63 29 90.4459609985 1
63 29 90.4581604004 1
63 29 90.4673843384 1
63 29 90.4732284546 1
63 29 90.4773025513 1
63 29 90.4978027344 1
63 29 90.5106277466 1
63 29 90.5142974854 1
63 29 90.5300598145 1
63 29 90.5538101196 1
63 29 90.5544281006 1
63 29 90.5727310181 1
63 29 90.5763626099 1
63 29 90.5908966064 1
63 29 90.5962142944 1
63 29 90.6254501343 1
63 29 90.6292877197 1
63 29 90.6431045532 1
63 29 90.6610794067 1
63 29 90.6829605103 1
63 29 90.6968307495 1
63 29 90.6971740723 1
63 29 90.713432312 1
63 29 90.7389831543 1
63 29 90.7473526001 1
63 29 90.7511825562 1
63 29 90.7644500732 1
63 29 90.8262710571 1
63 29 90.8327941895 1
63 29 90.837059021 1
63 29 90.843421936 1
63 29 90.876914978 1
63 29 90.8874435425 1
63 29 90.8898391724 1
63 29 90.9102249146 1
63 29 90.9291763306 1
63 29 90.979385376 1
63 29 90.9843063354 1
63 29 91.0162963867 1
63 29 91.0169677734 1
63 29 91.0311737061 1
63 29 91.0313720703 1
63 29 91.0327758789 1
63 29 91.0417861938 1
63 29 91.0453186035 1
63 29 91.0462417603 1
63 29 91.0481109619 1
63 29 91.0501785278 1
63 29 91.0644607544 1
63 29 91.068862915 1
63 29 91.0710220337 1
63 29 91.079208374 1
63 29 91.0845184326 1
63 29 91.099861145 1
63 29 91.1172103882 1
63 29 91.1289749146 1
63 29 91.1307678223 1
63 29 91.1741256714 1
63 29 91.1744232178 1
63 29 91.1795120239 1
63 29 91.1927261353 1
63 29 91.2112503052 1
63 29 91.2214813232 1
63 29 91.2253112793 1
63 29 91.2264022827 1
63 29 91.2512359619 1
63 29 91.2754898071 1
63 29 91.2811889648 1
63 29 91.2907104492 1
63 29 91.2933044434 1
63 29 91.2972106934 1
63 29 91.3300857544 1
63 29 91.330619812 1
63 29 91.3488693237 1
63 29 91.3561859131 1
63 29 91.3668518066 1
63 29 91.3696212769 1
63 29 91.3707885742 1
63 29 91.3912963867 1
63 29 91.3965148926 1
63 29 91.4027099609 1
63 29 91.408744812 1
63 29 91.4196929932 1
63 29 91.427230835 1
63 29 91.4286422729 1
63 29 91.4304428101 1
63 29 91.438835144 1
63 29 91.4515304565 1
63 29 91.4767990112 1
63 29 91.4851760864 1
63 29 91.5119552612 1
63 29 91.5168609619 1
63 29 91.5172729492 1
63 29 91.5179214478 1
63 29 91.5597915649 1
63 29 91.5693817139 1
63 29 91.5815200806 1
63 29 91.5851211548 1
63 29 91.5900268555 1
63 29 91.5951004028 1
63 29 91.608039856 1
63 29 91.6084289551 1
63 29 91.6124649048 1
63 29 91.6155014038 1
63 29 91.6170654297 1
63 29 91.628692627 1
63 29 91.6365356445 1
63 29 91.6488037109 1
63 29 91.6528167725 1
63 29 91.6635055542 1
63 29 91.6723861694 1
63 29 91.7037353516 1
63 29 91.7070617676 1
63 29 91.7092590332 1
63 29 91.7159042358 1
63 29 91.7187194824 1
63 29 91.7250823975 1
63 29 91.7507171631 1
63 29 91.7612228394 1
63 29 91.7624816895 1
63 29 91.7673110962 1
63 29 91.7776107788 1
63 29 91.780960083 1
63 29 91.7925872803 1
63 29 91.8081207275 1
63 29 91.8129577637 1
63 29 91.8426818848 1
63 29 91.8465194702 1
63 29 91.8757400513 1
63 29 91.8952331543 1
63 29 91.9208602905 1
63 29 91.9319381714 1
63 29 91.9610290527 1
63 29 91.9696655273 1
63 29 91.9767990112 1
63 29 91.9803009033 1
63 29 92.0066833496 1
63 29 92.013710022 1
63 29 92.0384292603 1
63 29 92.0783691406 1
63 29 92.0859680176 1
63 29 92.0878982544 1
63 29 92.0975646973 1
63 29 92.1122207642 1
63 29 92.1145706177 1
63 29 92.1174316406 1
63 29 92.1262512207 1
63 29 92.1361160278 1
63 29 92.1385040283 1
63 29 92.1390686035 1
63 29 92.1408996582 1
63 29 92.150352478 1
63 29 92.1637878418 1
63 29 92.1720581055 1
63 29 92.1829986572 1
63 29 92.1857833862 1
63 29 92.1859970093 1
63 29 92.1889724731 1
63 29 92.2055969238 1
63 29 92.2429885864 1
63 29 92.243850708 1
63 29 92.3163833618 1
63 29 92.3327178955 1
63 29 92.3469543457 1
63 29 92.3516693115 1
63 29 92.3676757812 1
63 29 92.3846664429 1
63 29 92.3861236572 1
63 29 92.4034118652 1
63 29 92.4044876099 1
63 29 92.4261322021 1
63 29 92.427986145 1
63 29 92.4454269409 1
63 29 92.4556045532 1
63 29 92.4570999146 1
63 29 92.4608306885 1
63 29 92.4751663208 1
63 29 92.4815292358 1
63 29 92.4956130981 1
63 29 92.4978027344 1
63 29 92.5045547485 1
63 29 92.5309906006 1
63 29 92.5322952271 1
63 29 92.5383911133 1
63 29 92.544090271 1
63 29 92.5453567505 1
63 29 92.5775299072 1
63 29 92.5887451172 1
63 29 92.5960540771 1
63 29 92.5981826782 1
63 29 92.6101379395 1
63 29 92.6356887817 1
63 29 92.6515197754 1
63 29 92.6828613281 1
63 29 92.6894607544 1
63 29 92.7297363281 1
63 29 92.7332611084 1
63 29 92.7559509277 1
63 29 92.7577056885 1
63 29 92.7629699707 1
63 29 92.7658996582 1
63 29 92.7674713135 1
63 29 92.7677993774 1
63 29 92.7731933594 1
63 29 92.7762298584 1
63 29 92.8057785034 1
63 29 92.8360137939 1
63 29 92.8449783325 1
63 29 92.8469390869 1
63 29 92.8638916016 1
63 29 92.8772659302 1
63 29 92.8897018433 1
63 29 92.9181671143 1
63 29 92.9200210571 1
63 29 92.9280090332 1
63 29 92.9281768799 1
63 29 92.9287948608 1
63 29 92.9317016602 1
63 29 92.9390182495 1
63 29 92.9406204224 1
63 29 92.9432907104 1
63 29 92.9518661499 1
63 29 92.9893112183 1
63 29 92.9907226562 1
63 29 92.9944152832 1
63 29 92.9999771118 1
63 29 93.0157012939 1
63 29 93.0209503174 1
63 29 93.0331192017 1
63 29 93.0498809814 1
63 29 93.0540771484 1
63 29 93.0599594116 1
63 29 93.0604629517 1
63 29 93.0789871216 1
63 29 93.0813903809 1
63 29 93.1060333252 1
63 29 93.1135025024 1
63 29 93.1154556274 1
63 29 93.1196975708 1
63 29 93.1226577759 1
63 29 93.1255493164 1
63 29 93.1761627197 1
63 29 93.1846847534 1
63 29 93.189163208 1
63 29 93.2105178833 1
63 29 93.237953186 1
63 29 93.2419433594 1
63 29 93.2448806763 1
63 29 93.2466964722 1
63 29 93.264289856 1
63 29 93.2733840942 1
63 29 93.277923584 1
63 29 93.280166626 1
63 29 93.287727356 1
63 29 93.3024520874 1
63 29 93.3176269531 1
63 29 93.3202056885 1
63 29 93.3231735229 1
63 29 93.333366394 1
63 29 93.3475875854 1
63 29 93.3491668701 1
63 29 93.3679504395 1
63 29 93.3799133301 1
63 29 93.39793396 1
63 29 93.4333724976 1
63 29 93.4366836548 1
63 29 93.4521865845 1
63 29 93.4554290771 1
63 29 93.4568099976 1
63 29 93.4852600098 1
63 29 93.4867553711 1
63 29 93.4939880371 1
63 29 93.5093460083 1
63 29 93.516494751 1
63 29 93.5204086304 1
63 29 93.5231399536 1
63 29 93.5291366577 1
63 29 93.5428161621 1
63 29 93.5494232178 1
63 29 93.5674819946 1
63 29 93.6001968384 1
63 29 93.6087036133 1
63 29 93.6110153198 1
63 29 93.6232528687 1
63 29 93.6269454956 1
63 29 93.630027771 1
63 29 93.6532669067 1
63 29 93.6536636353 1
63 29 93.6880493164 1
63 29 93.696182251 1
63 29 93.7092819214 1
63 29 93.7179870605 1
63 29 93.731803894 1
63 29 93.7370910645 1
63 29 93.7394790649 1
63 29 93.7615356445 1
63 29 93.7624511719 1
63 29 93.7795028687 1
63 29 93.7871322632 1
63 29 93.7919540405 1
63 29 93.794418335 1
63 29 93.8128051758 1
63 29 93.822013855 1
63 29 93.8505401611 1
63 29 93.8529205322 1
63 29 93.8547897339 1
63 29 93.8561706543 1
63 29 93.8616943359 1
63 29 93.873626709 1
63 29 93.8963470459 1
63 29 93.8965377808 1
63 29 93.9094314575 1
63 29 93.9139099121 1
63 29 93.9162750244 1
63 29 93.9339828491 1
63 29 93.9390563965 1
63 29 93.9457550049 1
63 29 93.9514694214 1
63 29 93.9527130127 1
63 29 93.9672088623 1
63 29 93.9679107666 1
63 29 93.9682617188 1
63 29 93.9721298218 1
63 29 93.9757385254 1
63 29 93.9837188721 1
63 29 93.9896697998 1
63 29 94.0137329102 1
63 29 94.0355911255 1
63 29 94.0400314331 1
63 29 94.0408706665 1
63 29 94.0444107056 1
63 29 94.0448760986 1
63 29 94.0732955933 1
63 29 94.0985946655 1
63 29 94.1070175171 1
63 29 94.1073226929 1
63 29 94.1103973389 1
63 29 94.1193161011 1
63 29 94.1384658813 1
63 29 94.1510620117 1
63 29 94.1533203125 1
63 29 94.1840133667 1
63 29 94.1861419678 1
63 29 94.2088546753 1
63 29 94.2100982666 1
63 29 94.2332458496 1
63 29 94.2503204346 1
63 29 94.2568511963 1
63 29 94.295753479 1
63 29 94.2973937988 1
63 29 94.3045806885 1
63 29 94.3107299805 1
63 29 94.3296051025 1
63 29 94.3299789429 1
63 29 94.3336486816 1
63 29 94.3375778198 1
63 29 94.354057312 1
63 29 94.3637924194 1
63 29 94.3731384277 1
63 29 94.3737182617 1
63 29 94.3781585693 1
63 29 94.4112625122 1
63 29 94.412147522 1
63 29 94.4146652222 1
63 29 94.425743103 1
63 29 94.4474105835 1
63 29 94.44871521 1
63 29 94.4563140869 1
63 29 94.4581756592 1
63 29 94.4586486816 1
63 29 94.4794311523 1
63 29 94.491104126 1
63 29 94.4974975586 1
63 29 94.527381897 1
63 29 94.5691833496 1
63 29 94.5814437866 1
63 29 94.6037597656 1
63 29 94.6088562012 1
63 29 94.6186828613 1
63 29 94.6257171631 1
63 29 94.6338729858 1
63 29 94.6343765259 1
63 29 94.6401519775 1
63 29 94.6466827393 1
63 29 94.649230957 1
63 29 94.6595993042 1
63 29 94.6643371582 1
63 29 94.6658325195 1
63 29 94.6765670776 1
63 29 94.6793136597 1
63 29 94.682510376 1
63 29 94.6861343384 1
63 29 94.6921081543 1
63 29 94.6946029663 1
63 29 94.7046890259 1
63 29 94.7107620239 1
63 29 94.7308502197 1
63 29 94.7375411987 1
63 29 94.7444992065 1
63 29 94.7522125244 1
63 29 94.7535171509 1
63 29 94.7581253052 1
63 29 94.7602767944 1
63 29 94.7612991333 1
63 29 94.7637252808 1
63 29 94.7745132446 1
63 29 94.7813186646 1
63 29 94.7816619873 1
63 29 94.7819213867 1
63 29 94.7843933105 1
63 29 94.8138122559 1
63 29 94.8170700073 1
63 29 94.8181838989 1
63 29 94.8220291138 1
63 29 94.8515472412 1
63 29 94.8535919189 1
63 29 94.8590011597 1
63 29 94.8775405884 1
63 29 94.8780822754 1
63 29 94.8897628784 1
63 29 94.8910522461 1
63 29 94.8933563232 1
63 29 94.902923584 1
63 29 94.9230728149 1
63 29 94.930847168 1
63 29 94.9323272705 1
63 29 94.9397354126 1
63 29 94.9443664551 1
63 29 94.9512405396 1
63 29 94.9515914917 1
63 29 94.9537353516 1
63 29 94.977973938 1
63 29 95.0087051392 1
63 29 95.018447876 1
63 29 95.0190582275 1
63 29 95.0333480835 1
63 29 95.0546417236 1
63 29 95.0783996582 1
63 29 95.0851364136 1
63 29 95.0851669312 1
63 29 95.0929489136 1
63 29 95.0974197388 1
63 29 95.1000137329 1
63 29 95.1145629883 1
63 29 95.1254577637 1
63 29 95.1323623657 1
63 29 95.1710510254 1
63 29 95.1728515625 1
63 29 95.1778564453 1
63 29 95.1890945435 1
63 29 95.1924209595 1
63 29 95.215385437 1
63 29 95.2304611206 1
63 29 95.2307815552 1
63 29 95.2318191528 1
63 29 95.2336196899 1
63 29 95.238494873 1
63 29 95.250869751 1
63 29 95.2598114014 1
63 29 95.2810821533 1
63 29 95.3247680664 1
63 29 95.3333892822 1
63 29 95.342628479 1
63 29 95.3446578979 1
63 29 95.3592376709 1
63 29 95.3819503784 1
63 29 95.3895187378 1
63 29 95.3929748535 1
63 29 95.4110641479 1
63 29 95.4117279053 1
63 29 95.4141464233 1
63 29 95.4229202271 1
63 29 95.431427002 1
63 29 95.4343490601 1
63 29 95.4389877319 1
63 29 95.4466781616 1
63 29 95.4507675171 1
63 29 95.4708709717 1
63 29 95.4914169312 1
63 29 95.4968032837 1
63 29 95.5031509399 1
63 29 95.5086898804 1
63 29 95.5129928589 1
63 29 95.5179672241 1
63 29 95.5265808105 1
63 29 95.5536270142 1
63 29 95.5576553345 1
63 29 95.5578842163 1
63 29 95.5709991455 1
63 29 95.5787734985 1
63 29 95.5847625732 1
63 29 95.5909957886 1
63 29 95.6114807129 1
63 29 95.6190032959 1
63 29 95.6261062622 1
63 29 95.6424713135 1
63 29 95.6454086304 1
63 29 95.670463562 1
63 29 95.6779556274 1
63 29 95.7056045532 1
63 29 95.7294998169 1
63 29 95.7352752686 1
63 29 95.7432556152 1
63 29 95.757194519 1
63 29 95.7667541504 1
63 29 95.772819519 1
63 29 95.7978820801 1
63 29 95.8006744385 1
63 29 95.8173828125 1
63 29 95.8256607056 1
63 29 95.8315200806 1
63 29 95.8320846558 1
63 29 95.8375778198 1
63 29 95.8472290039 1
63 29 95.8567581177 1
63 29 95.8613586426 1
63 29 95.8695678711 1
63 29 95.8795013428 1
63 29 95.8854370117 1
63 29 95.8906936646 1
63 29 95.8999099731 1
63 29 95.9178237915 1
63 29 95.9215240479 1
63 29 95.9527511597 1
63 29 95.9599533081 1
63 29 95.9683685303 1
63 29 95.9767379761 1
63 29 95.9939804077 1
63 29 96.003616333 1
63 29 96.004524231 1
63 29 96.0064086914 1
63 29 96.014793396 1
63 29 96.0300827026 1
63 29 96.0369491577 1
63 29 96.0465316772 1
63 29 96.0617675781 1
63 29 96.0658493042 1
63 29 96.0660400391 1
63 29 96.0676803589 1
63 29 96.0710067749 1
63 29 96.0804977417 1
63 29 96.0913314819 1
63 29 96.1044540405 1
63 29 96.1046218872 1
63 29 96.1095352173 1
63 29 96.1109466553 1
63 29 96.1151580811 1
63 29 96.1271743774 1
63 29 96.1281280518 1
63 29 96.1479415894 1
63 29 96.1500320435 1
63 29 96.1714553833 1
63 29 96.1730117798 1
63 29 96.1766204834 1
63 29 96.178276062 1
63 29 96.1890029907 1
63 29 96.1951751709 1
63 29 96.2021942139 1
63 29 96.2097930908 1
63 29 96.2176361084 1
63 29 96.2447433472 1
63 29 96.249420166 1
63 29 96.2504043579 1
63 29 96.2638244629 1
63 29 96.2711410522 1
63 29 96.2781143188 1
63 29 96.2800292969 1
63 29 96.2924728394 1
63 29 96.2939147949 1
63 29 96.2961883545 1
63 29 96.3054656982 1
63 29 96.3074645996 1
63 29 96.3185806274 1
63 29 96.3206329346 1
63 29 96.3212585449 1
63 29 96.3394317627 1
63 29 96.3589401245 1
63 29 96.3605651855 1
63 29 96.3682022095 1
63 29 96.3738708496 1
63 29 96.3800888062 1
63 29 96.3900680542 1
63 29 96.3976287842 1
63 29 96.4117736816 1
63 29 96.439239502 1
63 29 96.4674758911 1
63 29 96.4717712402 1
63 29 96.4831924438 1
63 29 96.4900970459 1
63 29 96.499206543 1
63 29 96.5060653687 1
63 29 96.5079956055 1
63 29 96.5247116089 1
63 29 96.5341873169 1
63 29 96.5411300659 1
63 29 96.5533676147 1
63 29 96.5543823242 1
63 29 96.5614852905 1
63 29 96.5728683472 1
63 29 96.5790557861 1
63 29 96.5895004272 1
63 29 96.5895843506 1
63 29 96.5927886963 1
63 29 96.5976028442 1
63 29 96.6037597656 1
63 29 96.6114273071 1
63 29 96.6140594482 1
63 29 96.6144561768 1
63 29 96.6293945312 1
63 29 96.6364440918 1
63 29 96.6811065674 1
63 29 96.6937103271 1
63 29 96.7218170166 1
63 29 96.7219009399 1
63 29 96.7256851196 1
63 29 96.728187561 1
63 29 96.7448806763 1
63 29 96.7529602051 1
63 29 96.7944488525 1
63 29 96.7975082397 1
63 29 96.8020095825 1
63 29 96.8194656372 1
63 29 96.8198471069 1
63 29 96.8770217896 1
63 29 96.9008407593 1
63 29 96.9305267334 1
63 29 96.939125061 1
63 29 96.9883575439 1
63 29 96.990776062 1
63 29 97.0176773071 1
63 29 97.0308151245 1
63 29 97.0608215332 1
63 29 97.0961303711 1
63 29 97.0991821289 1
63 29 97.1037826538 1
63 29 97.1143798828 1
63 29 97.1192626953 1
63 29 97.1209106445 1
63 29 97.1217956543 1
63 29 97.1367263794 1
63 29 97.1393890381 1
63 29 97.1413345337 1
63 29 97.143157959 1
63 29 97.1914825439 1
63 29 97.2032012939 1
63 29 97.2061843872 1
63 29 97.2235565186 1
63 29 97.2432174683 1
63 29 97.2552108765 1
63 29 97.2646102905 1
63 29 97.3034591675 1
63 29 97.304649353 1
63 29 97.3151245117 1
63 29 97.3512039185 1
63 29 97.3605270386 1
63 29 97.3622360229 1
63 29 97.3642425537 1
63 29 97.3869857788 1
63 29 97.3952713013 1
63 29 97.4001541138 1
63 29 97.4020385742 1
63 29 97.4255523682 1
63 29 97.4457168579 1
63 29 97.4480361938 1
63 29 97.4627914429 1
63 29 97.4903411865 1
63 29 97.4984436035 1
63 29 97.5037689209 1
63 29 97.5146560669 1
63 29 97.5351715088 1
63 29 97.5500411987 1
63 29 97.5607147217 1
63 29 97.5635757446 1
63 29 97.5722503662 1
63 29 97.6020736694 1
63 29 97.6055603027 1
63 29 97.6100692749 1
63 29 97.6106796265 1
63 29 97.6444320679 1
63 29 97.6491546631 1
63 29 97.6612930298 1
63 29 97.6676101685 1
63 29 97.6701202393 1
63 29 97.7027740479 1
63 29 97.7069015503 1
63 29 97.7127532959 1
63 29 97.7237319946 1
63 29 97.7295303345 1
63 29 97.7312088013 1
63 29 97.7376251221 1
63 29 97.7676544189 1
63 29 97.7969055176 1
63 29 97.8031539917 1
63 29 97.807975769 1
63 29 97.8194046021 1
63 29 97.8317642212 1
63 29 97.8454589844 1
63 29 97.8511581421 1
63 29 97.8546447754 1
63 29 97.8547897339 1
63 29 97.8569107056 1
63 29 97.8575286865 1
63 29 97.8590011597 1
63 29 97.8828277588 1
63 29 97.8944473267 1
63 29 97.8984909058 1
63 29 97.9083404541 1
63 29 97.935585022 1
63 29 97.9428024292 1
63 29 97.944442749 1
63 29 97.9475784302 1
63 29 97.9493408203 1
63 29 97.9550704956 1
63 29 97.9852371216 1
63 29 98.006477356 1
63 29 98.0156860352 1
63 29 98.0168838501 1
63 29 98.0214920044 1
63 29 98.0372467041 1
63 29 98.0375289917 1
63 29 98.046005249 1
63 29 98.0619125366 1
63 29 98.122428894 1
63 29 98.135017395 1
63 29 98.1545257568 1
63 29 98.1571273804 1
63 29 98.1672515869 1
63 29 98.1698226929 1
63 29 98.1783905029 1
63 29 98.1896438599 1
63 29 98.1930923462 1
63 29 98.1971588135 1
63 29 98.2196502686 1
63 29 98.223236084 1
63 29 98.2336044312 1
63 29 98.2811431885 1
63 29 98.2827148438 1
63 29 98.31690979 1
63 29 98.3190078735 1
63 29 98.3228988647 1
63 29 98.3264923096 1
63 29 98.3316955566 1
63 29 98.3395385742 1
63 29 98.3571395874 1
63 29 98.3638305664 1
63 29 98.4041290283 1
63 29 98.4169616699 1
63 29 98.4180450439 1
63 29 98.453956604 1
63 29 98.4904937744 1
63 29 98.5041427612 1
63 29 98.5212173462 1
63 29 98.5250015259 1
63 29 98.5416488647 1
63 29 98.5421295166 1
63 29 98.5481796265 1
63 29 98.5681915283 1
63 29 98.5718383789 1
63 29 98.5898284912 1
63 29 98.5911102295 1
63 29 98.5911178589 1
63 29 98.5958633423 1
63 29 98.5990371704 1
63 29 98.6137466431 1
63 29 98.6357879639 1
63 29 98.6941680908 1
63 29 98.6987533569 1
63 29 98.7034072876 1
63 29 98.7191772461 1
63 29 98.7314224243 1
63 29 98.7340164185 1
63 29 98.7509689331 1
63 29 98.7555999756 1
63 29 98.7708511353 1
63 29 98.7756271362 1
63 29 98.7807235718 1
63 29 98.7825622559 1
63 29 98.8012313843 1
63 29 98.8030700684 1
63 29 98.8106689453 1
63 29 98.8123016357 1
63 29 98.8649139404 1
63 29 98.8738250732 1
63 29 98.8804016113 1
63 29 98.8815689087 1
63 29 98.8847122192 1
63 29 98.8924484253 1
63 29 98.9121856689 1
63 29 98.9193115234 1
63 29 98.9310073853 1
63 29 98.9349212646 1
63 29 98.9557647705 1
63 29 98.9603500366 1
63 29 98.9730300903 1
63 29 98.9893569946 1
63 29 98.9931716919 1
63 29 98.9937286377 1
63 29 99.032119751 1
63 29 99.0569152832 1
63 29 99.0587539673 1
63 29 99.0760955811 1
63 29 99.0875091553 1
63 29 99.0921096802 1
63 29 99.0967941284 1
63 29 99.1009674072 1
63 29 99.1098556519 1
63 29 99.110748291 1
63 29 99.1305084229 1
63 29 99.1708908081 1
63 29 99.1998672485 1
63 29 99.2082901001 1
63 29 99.2360534668 1
63 29 99.2368621826 1
63 29 99.2514038086 1
63 29 99.2592849731 1
63 29 99.2762908936 1
63 29 99.3101654053 1
63 29 99.3512268066 1
63 29 99.3592376709 1
63 29 99.3611068726 1
63 29 99.3692016602 1
63 29 99.4012527466 1
63 29 99.4156646729 1
63 29 99.4188766479 1
63 29 99.4197845459 1
63 29 99.4346618652 1
63 29 99.4424438477 1
63 29 99.4481048584 1
63 29 99.4655609131 1
63 29 99.4781723022 1
63 29 99.4871368408 1
63 29 99.4987258911 1
63 29 99.5109863281 1
63 29 99.5308151245 1
63 29 99.5308227539 1
63 29 99.5576858521 1
63 29 99.567199707 1
63 29 99.5835494995 1
63 29 99.5880432129 1
63 29 99.591758728 1
63 29 99.6338653564 1
63 29 99.6339263916 1
63 29 99.6454086304 1
63 29 99.662727356 1
63 29 99.6731338501 1
63 29 99.6766967773 1
63 29 99.6994018555 1
63 29 99.7054367065 1
63 29 99.7101135254 1
63 29 99.7114715576 1
63 29 99.7195739746 1
63 29 99.7357711792 1
63 29 99.746887207 1
63 29 99.7632904053 1
63 29 99.7741775513 1
63 29 99.7820053101 1
63 29 99.7890701294 1
63 29 99.8302459717 1
63 29 99.8410720825 1
63 29 99.8485412598 1
63 29 99.8641662598 1
63 29 99.8796920776 1
63 29 99.8810501099 1
63 29 99.9129867554 1
63 29 99.9209899902 1
63 29 99.9216766357 1
63 29 99.9552001953 1
63 29 99.9596099854 1
63 29 99.98828125 1
63 29 99.9939422607 1
63 29 100.022651672 1
63 29 100.02897644 1
63 29 100.071624756 1
63 29 100.075813293 1
63 29 100.087165833 1
63 29 100.119544983 1
63 29 100.121246338 1
63 29 100.15813446 1
63 29 100.180923462 1
63 29 100.190078735 1
63 29 100.193412781 1
63 29 100.198028564 1
63 29 100.20476532 1
63 29 100.220275879 1
63 29 100.230522156 1
63 29 100.239562988 1
63 29 100.24445343 1
63 29 100.277290344 1
63 29 100.281448364 1
63 29 100.289894104 1
63 29 100.312705994 1
63 29 100.323829651 1
63 29 100.324394226 1
63 29 100.33139801 1
63 29 100.339057922 1
63 29 100.34462738 1
63 29 100.358024597 1
63 29 100.359741211 1
63 29 100.376853943 1
63 29 100.380233765 1
63 29 100.384796143 1
63 29 100.407470703 1
63 29 100.410972595 1
63 29 100.414176941 1
63 29 100.442207336 1
63 29 100.451156616 1
63 29 100.457199097 1
63 29 100.476791382 1
63 29 100.488792419 1
63 29 100.503013611 1
63 29 100.51373291 1
63 29 100.520568848 1
63 29 100.528366089 1
63 29 100.530677795 1
63 29 100.531349182 1
63 29 100.533592224 1
63 29 100.535163879 1
63 29 100.547691345 1
63 29 100.568374634 1
63 29 100.624580383 1
63 29 100.701095581 1
63 29 100.712303162 1
63 29 100.714263916 1
63 29 100.724464417 1
63 29 100.777755737 1
63 29 100.778755188 1
63 29 100.783340454 1
63 29 100.784568787 1
63 29 100.800048828 1
63 29 100.822090149 1
63 29 100.834350586 1
63 29 100.838363647 1
63 29 100.849960327 1
63 29 100.861824036 1
63 29 100.869514465 1
63 29 100.874000549 1
63 29 100.894126892 1
63 29 100.936500549 1
63 29 100.947731018 1
63 29 100.994987488 1
63 29 100.995567322 1
63 29 101.014221191 1
63 29 101.025245667 1
63 29 101.037208557 1
63 29 101.037879944 1
63 29 101.044517517 1
63 29 101.048706055 1
63 29 101.073143005 1
63 29 101.090431213 1
63 29 101.113891602 1
63 29 101.115966797 1
63 29 101.124656677 1
63 29 101.130371094 1
63 29 101.140617371 1
63 29 101.150878906 1
63 29 101.156143188 1
63 29 101.160774231 1
63 29 101.168395996 1
63 29 101.202362061 1
63 29 101.223175049 1
63 29 101.268211365 1
63 29 101.278785706 1
63 29 101.288391113 1
63 29 101.357704163 1
63 29 101.384529114 1
63 29 101.390762329 1
63 29 101.393379211 1
63 29 101.474700928 1
63 29 101.484542847 1
63 29 101.509765625 1
63 29 101.509979248 1
63 29 101.510154724 1
63 29 101.516456604 1
63 29 101.573371887 1
63 29 101.580451965 1
63 29 101.592773438 1
63 29 101.595153809 1
63 29 101.595626831 1
63 29 101.608573914 1
63 29 101.661003113 1
63 29 101.661499023 1
63 29 101.672737122 1
63 29 101.685371399 1
63 29 101.725532532 1
63 29 101.734443665 1
63 29 101.751365662 1
63 29 101.761764526 1
63 29 101.767959595 1
63 29 101.790184021 1
63 29 101.804153442 1
63 29 101.806648254 1
63 29 101.819030762 1
63 29 101.829727173 1
63 29 101.834396362 1
63 29 101.879837036 1
63 29 101.895782471 1
63 29 101.903091431 1
63 29 101.906745911 1
63 29 101.934539795 1
63 29 101.938743591 1
63 29 101.94757843 1
63 29 101.963424683 1
63 29 101.971366882 1
63 29 101.986503601 1
63 29 102.007766724 1
63 29 102.032569885 1
63 29 102.036621094 1
63 29 102.040618896 1
63 29 102.044708252 1
63 29 102.065620422 1
63 29 102.070518494 1
63 29 102.088165283 1
63 29 102.090896606 1
63 29 102.10899353 1
63 29 102.121917725 1
63 29 102.134178162 1
63 29 102.15322113 1
63 29 102.163246155 1
63 29 102.166603088 1
63 29 102.190887451 1
63 29 102.191146851 1
63 29 102.196479797 1
63 29 102.205070496 1
63 29 102.212692261 1
63 29 102.218925476 1
63 29 102.222297668 1
63 29 102.258308411 1
63 29 102.282875061 1
63 29 102.289855957 1
63 29 102.31401825 1
63 29 102.317970276 1
63 29 102.320808411 1
63 29 102.365257263 1
63 29 102.365463257 1
63 29 102.372436523 1
63 29 102.378387451 1
63 29 102.379997253 1
63 29 102.422828674 1
63 29 102.457740784 1
63 29 102.464385986 1
63 29 102.483894348 1
63 29 102.498977661 1
63 29 102.511428833 1
63 29 102.566589355 1
63 29 102.572143555 1
63 29 102.606208801 1
63 29 102.609382629 1
63 29 102.666809082 1
63 29 102.668273926 1
63 29 102.690208435 1
63 29 102.691299438 1
63 29 102.694824219 1
63 29 102.698074341 1
63 29 102.699211121 1
63 29 102.729019165 1
63 29 102.738067627 1
63 29 102.798690796 1
63 29 102.810241699 1
63 29 102.815750122 1
63 29 102.818878174 1
63 29 102.838439941 1
63 29 102.847854614 1
63 29 102.854324341 1
63 29 102.857093811 1
63 29 102.862625122 1
63 29 102.862930298 1
63 29 102.876724243 1
63 29 102.882339478 1
63 29 102.913101196 1
63 29 102.922203064 1
63 29 102.926849365 1
63 29 102.930831909 1
63 29 102.97568512 1
63 29 102.985694885 1
63 29 102.989486694 1
63 29 103.016395569 1
63 29 103.040466309 1
63 29 103.07901001 1
63 29 103.094970703 1
63 29 103.095237732 1
63 29 103.129951477 1
63 29 103.1483078 1
63 29 103.253814697 1
63 29 103.257781982 1
63 29 103.270507812 1
63 29 103.289070129 1
63 29 103.293525696 1
63 29 103.340255737 1
63 29 103.352714539 1
63 29 103.35748291 1
63 29 103.358283997 1
63 29 103.3645401 1
63 29 103.382148743 1
63 29 103.385124207 1
63 29 103.398643494 1
63 29 103.405502319 1
63 29 103.409980774 1
63 29 103.438217163 1
63 29 103.452095032 1
63 29 103.474708557 1
63 29 103.546272278 1
63 29 103.565345764 1
63 29 103.606987 1
63 29 103.622673035 1
63 29 103.625221252 1
63 29 103.670692444 1
63 29 103.676559448 1
63 29 103.685127258 1
63 29 103.695404053 1
63 29 103.697280884 1
63 29 103.705673218 1
63 29 103.728752136 1
63 29 103.737747192 1
63 29 103.769966125 1
63 29 103.777954102 1
63 29 103.81842041 1
63 29 103.824195862 1
63 29 103.874954224 1
63 29 103.893295288 1
63 29 103.894248962 1
63 29 103.949913025 1
63 29 103.950027466 1
63 29 103.970695496 1
63 29 103.992149353 1
63 29 103.992980957 1
63 29 104.01374054 1
63 29 104.081832886 1
63 29 104.156417847 1
63 29 104.167106628 1
63 29 104.196296692 1
63 29 104.266159058 1
63 29 104.275794983 1
63 29 104.28931427 1
63 29 104.293266296 1
63 29 104.302848816 1
63 29 104.312309265 1
63 29 104.329917908 1
63 29 104.354286194 1
63 29 104.371192932 1
63 29 104.383178711 1
63 29 104.39238739 1
63 29 104.547859192 1
63 29 104.563224792 1
63 29 104.578811646 1
63 29 104.584197998 1
63 29 104.620002747 1
63 29 104.627281189 1
63 29 104.630432129 1
63 29 104.631958008 1
63 29 104.639007568 1
63 29 104.653762817 1
63 29 104.692634583 1
63 29 104.703460693 1
63 29 104.815505981 1
63 29 104.824462891 1
63 29 104.863273621 1
63 29 104.86530304 1
63 29 104.87436676 1
63 29 104.874633789 1
63 29 104.888092041 1
63 29 104.908668518 1
63 29 104.938293457 1
63 29 104.950134277 1
63 29 104.954116821 1
63 29 104.956542969 1
63 29 104.982406616 1
63 29 105.00818634 1
63 29 105.013275146 1
63 29 105.038970947 1
63 29 105.048492432 1
63 29 105.079788208 1
63 29 105.105239868 1
63 29 105.12033844 1
63 29 105.133239746 1
63 29 105.162849426 1
63 29 105.224960327 1
63 29 105.234275818 1
63 29 105.294464111 1
63 29 105.336799622 1
63 29 105.36542511 1
63 29 105.484786987 1
63 29 105.489341736 1
63 29 105.508399963 1
63 29 105.530174255 1
63 29 105.538444519 1
63 29 105.570487976 1
63 29 105.579208374 1
63 29 105.587142944 1
63 29 105.618438721 1
63 29 105.630767822 1
63 29 105.647590637 1
63 29 105.663711548 1
63 29 105.679321289 1
63 29 105.724273682 1
63 29 105.727416992 1
63 29 105.737823486 1
63 29 105.798316956 1
63 29 105.82774353 1
63 29 105.850883484 1
63 29 105.87134552 1
63 29 105.900436401 1
63 29 105.914375305 1
63 29 105.953796387 1
63 29 105.970161438 1
63 29 105.973075867 1
63 29 106.072875977 1
63 29 106.090553284 1
63 29 106.097076416 1
63 29 106.11530304 1
63 29 106.118125916 1
63 29 106.196395874 1
63 29 106.199119568 1
63 29 106.214439392 1
63 29 106.256477356 1
63 29 106.269004822 1
63 29 106.272270203 1
63 29 106.311164856 1
63 29 106.349464417 1
63 29 106.353462219 1
63 29 106.371749878 1
63 29 106.372047424 1
63 29 106.430618286 1
63 29 106.438301086 1
63 29 106.458961487 1
63 29 106.463508606 1
63 29 106.526321411 1
63 29 106.585914612 1
63 29 106.58757019 1
63 29 106.591041565 1
63 29 106.609367371 1
63 29 106.668067932 1
63 29 106.683372498 1
63 29 106.683547974 1
63 29 106.686172485 1
63 29 106.712493896 1
63 29 106.735359192 1
63 29 106.763015747 1
63 29 106.774482727 1
63 29 106.788993835 1
63 29 106.828536987 1
63 29 106.863594055 1
63 29 106.943397522 1
63 29 106.9480896 1
63 29 106.949081421 1
63 29 106.984802246 1
63 29 106.994361877 1
63 29 107.034179688 1
63 29 107.129364014 1
63 29 107.136184692 1
63 29 107.188644409 1
63 29 107.302284241 1
63 29 107.307670593 1
63 29 107.330345154 1
63 29 107.33682251 1
63 29 107.374351501 1
63 29 107.457557678 1
63 29 107.528617859 1
63 29 107.54196167 1
63 29 107.552947998 1
63 29 107.573692322 1
63 29 107.575210571 1
63 29 107.593811035 1
63 29 107.616333008 1
63 29 107.635467529 1
63 29 107.658958435 1
63 29 107.710838318 1
63 29 107.719314575 1
63 29 107.727088928 1
63 29 107.752662659 1
63 29 107.764816284 1
63 29 107.897384644 1
63 29 107.915161133 1
63 29 107.92540741 1
63 29 107.953353882 1
63 29 107.979125977 1
63 29 107.982704163 1
63 29 107.998626709 1
63 29 108.006912231 1
63 29 108.00868988 1
63 29 108.054206848 1
63 29 108.065582275 1
63 29 108.079177856 1
63 29 108.104362488 1
63 29 108.10559845 1
63 29 108.124694824 1
63 29 108.129203796 1
63 29 108.183067322 1
63 29 108.1873703 1
63 29 108.245750427 1
63 29 108.25630188 1
63 29 108.27154541 1
63 29 108.42401123 1
63 29 108.43347168 1
63 29 108.506065369 1
63 29 108.532455444 1
63 29 108.580215454 1
63 29 108.609588623 1
63 29 108.672294617 1
63 29 108.815811157 1
63 29 108.878463745 1
63 29 108.892448425 1
63 29 108.927947998 1
63 29 109.00567627 1
63 29 109.15045166 1
63 29 109.167457581 1
63 29 109.19002533 1
63 29 109.303955078 1
63 29 109.317214966 1
63 29 109.318359375 1
63 29 109.329727173 1
63 29 109.374023438 1
63 29 109.47782135 1
63 29 109.491111755 1
63 29 109.497299194 1
63 29 109.503341675 1
63 29 109.611801147 1
63 29 109.61907959 1
63 29 109.662910461 1
63 29 109.675941467 1
63 29 109.71105957 1
63 29 109.813941956 1
63 29 109.847518921 1
63 29 109.8722229 1
63 29 109.874671936 1
63 29 109.900787354 1
63 29 109.936538696 1
63 29 109.961517334 1
63 29 109.996078491 1
63 29 110.028205872 1
63 29 110.036643982 1
63 29 110.058288574 1
63 29 110.064743042 1
63 29 110.107704163 1
63 29 110.13584137 1
63 29 110.136657715 1
63 29 110.21257019 1
63 29 110.226463318 1
63 29 110.227142334 1
63 29 110.231376648 1
63 29 110.240226746 1
63 29 110.251327515 1
63 29 110.350265503 1
63 29 110.35774231 1
63 29 110.414924622 1
63 29 110.4347229 1
63 29 110.469360352 1
63 29 110.479957581 1
63 29 110.582778931 1
63 29 110.613792419 1
63 29 110.614990234 1
63 29 110.621604919 1
63 29 110.646034241 1
63 29 110.669418335 1
63 29 110.670707703 1
63 29 110.686477661 1
63 29 110.691017151 1
63 29 110.708953857 1
63 29 110.738464355 1
63 29 110.742759705 1
63 29 110.757873535 1
63 29 110.952018738 1
63 29 110.969062805 1
63 29 110.977104187 1
63 29 110.977226257 1
63 29 111.024223328 1
63 29 111.041931152 1
63 29 111.1720047 1
63 29 111.27645874 1
63 29 111.292678833 1
63 29 111.379447937 1
63 29 111.447692871 1
63 29 111.450187683 1
63 29 111.55355072 1
63 29 111.602218628 1
63 29 111.629867554 1
63 29 111.633125305 1
63 29 111.692710876 1
63 29 111.987052917 1
63 29 112.220588684 1
63 29 112.227996826 1
63 29 112.273620605 1
63 29 112.314758301 1
63 29 112.514892578 1
63 29 112.532676697 1
63 29 112.553565979 1
63 29 112.573928833 1
63 29 112.576179504 1
63 29 112.580108643 1
63 29 112.597099304 1
63 29 112.657897949 1
63 29 112.709388733 1
63 29 112.734832764 1
63 29 112.740257263 1
63 29 112.844520569 1
63 29 112.896774292 1
63 29 112.996566772 1
63 29 113.003845215 1
63 29 113.076789856 1
63 29 113.111801147 1
63 29 113.141090393 1
63 29 113.175354004 1
63 29 113.276268005 1
63 29 113.28881073 1
63 29 113.355125427 1
63 29 113.383224487 1
63 29 113.531059265 1
63 29 113.731376648 1
63 29 113.791732788 1
63 29 113.815093994 1
63 29 113.820655823 1
63 29 113.862220764 1
63 29 113.897117615 1
63 29 113.904876709 1
63 29 113.921577454 1
63 29 113.951675415 1
63 29 114.046989441 1
63 29 114.101547241 1
63 29 114.134544373 1
63 29 114.150100708 1
63 29 114.204597473 1
63 29 114.208137512 1
63 29 114.223022461 1
63 29 114.233200073 1
63 29 114.313873291 1
63 29 114.347442627 1
63 29 114.448234558 1
63 29 114.451179504 1
63 29 114.57989502 1
63 29 114.586883545 1
63 29 114.604438782 1
63 29 114.726257324 1
63 29 114.730163574 1
63 29 114.82510376 1
63 29 114.836585999 1
63 29 114.863288879 1
63 29 114.882217407 1
63 29 114.90435791 1
63 29 114.955238342 1
63 29 114.958442688 1
63 29 114.959564209 1
63 29 114.961479187 1
63 29 115.07598114 1
63 29 115.230819702 1
63 29 115.293312073 1
63 29 115.300682068 1
63 29 115.355674744 1
63 29 115.48336792 1
63 29 115.505821228 1
63 29 115.516548157 1
63 29 115.575286865 1
63 29 115.608016968 1
63 29 115.715690613 1
63 29 115.836807251 1
63 29 115.849502563 1
63 29 115.907920837 1
63 29 115.945083618 1
63 29 115.98891449 1
63 29 116.032295227 1
63 29 116.073364258 1
63 29 116.15625 1
63 29 116.217391968 1
63 29 116.220878601 1
63 29 116.248985291 1
63 29 116.250846863 1
63 29 116.275184631 1
63 29 116.277908325 1
63 29 116.300003052 1
63 29 116.381034851 1
63 29 116.393829346 1
63 29 116.396026611 1
63 29 116.455574036 1
63 29 116.57484436 1
63 29 116.611686707 1
63 29 116.61643219 1
63 29 116.620246887 1
63 29 116.672515869 1
63 29 116.740737915 1
63 29 116.894447327 1
63 29 116.920143127 1
63 29 117.037414551 1
63 29 117.104660034 1
63 29 117.2081604 1
63 29 117.211135864 1
63 29 117.234359741 1
63 29 117.248710632 1
63 29 117.253318787 1
63 29 117.263778687 1
63 29 117.278701782 1
63 29 117.289352417 1
63 29 117.337203979 1
63 29 117.469917297 1
63 29 117.538749695 1
63 29 117.690856934 1
63 29 117.73538208 1
63 29 117.84979248 1
63 29 117.855186462 1
63 29 117.934020996 1
63 29 117.961906433 1
63 29 118.129051208 1
63 29 118.172676086 1
63 29 118.246963501 1
63 29 118.270088196 1
63 29 118.320251465 1
63 29 118.359947205 1
63 29 118.37677002 1
63 29 118.503929138 1
63 29 118.571388245 1
63 29 118.721252441 1
63 29 118.767662048 1
63 29 118.820571899 1
63 29 118.900489807 1
63 29 118.91834259 1
63 29 118.943069458 1
63 29 118.953994751 1
63 29 119.025817871 1
63 29 119.033538818 1
63 29 119.050415039 1
63 29 119.093643188 1
63 29 119.095176697 1
63 29 119.103149414 1
63 29 119.204780579 1
63 29 119.259147644 1
63 29 119.295402527 1
63 29 119.32257843 1
63 29 119.330299377 1
63 29 119.366989136 1
63 29 119.429611206 1
63 29 119.439903259 1
63 29 119.520683289 1
63 29 119.597999573 1
63 29 119.713310242 1
63 29 119.742729187 1
63 29 119.749908447 1
63 29 119.856636047 1
63 29 119.871749878 1
63 29 119.984382629 1
63 29 120.090316772 1
63 29 120.219299316 1
63 29 120.325088501 1
63 29 120.349258423 1
63 29 120.418441772 1
63 29 120.508781433 1
63 29 120.625358582 1
63 29 120.708625793 1
63 29 120.796615601 1
63 29 120.831596375 1
63 29 120.859924316 1
63 29 120.95476532 1
63 29 120.960243225 1
63 29 120.960754395 1
63 29 120.972358704 1
63 29 120.983566284 1
63 29 121.205627441 1
63 29 121.227996826 1
63 29 121.346389771 1
63 29 121.387252808 1
63 29 121.463401794 1
63 29 121.484390259 1
63 29 121.675117493 1
63 29 121.890769958 1
63 29 122.004638672 1
63 29 122.05140686 1
63 29 122.104171753 1
63 29 122.186767578 1
63 29 122.19417572 1
63 29 122.285041809 1
63 29 122.457313538 1
63 29 122.533210754 1
63 29 122.878364563 1
63 29 122.976158142 1
63 29 123.042282104 1
63 29 123.269676208 1
63 29 123.298873901 1
63 29 123.353515625 1
63 29 123.453163147 1
63 29 123.513816833 1
63 29 123.553237915 1
63 29 123.576423645 1
63 29 123.60357666 1
63 29 123.783691406 1
63 29 123.817726135 1
63 29 123.913063049 1
63 29 123.955047607 1
63 29 124.143592834 1
63 29 124.284805298 1
63 29 124.38684845 1
63 29 124.399497986 1
63 29 124.643943787 1
63 29 124.67906189 1
63 29 124.746871948 1
63 29 124.771873474 1
63 29 124.824279785 1
63 29 124.939613342 1
63 29 125.014816284 1
63 29 125.076034546 1
63 29 125.127685547 1
63 29 125.245697021 1
63 29 125.26638031 1
63 29 125.32447052 1
63 29 125.550895691 1
63 29 125.631324768 1
63 29 125.734306335 1
63 29 125.79826355 1
63 29 125.836250305 1
63 29 125.883728027 1
63 29 126.141693115 1
63 29 126.166595459 1
63 29 126.228996277 1
63 29 126.233940125 1
63 29 126.660293579 1
63 29 126.675773621 1
63 29 126.826667786 1
63 29 126.989570618 1
63 29 127.004638672 1
63 29 127.169952393 1
63 29 127.190170288 1
63 29 127.261657715 1
63 29 127.279190063 1
63 29 127.40398407 1
63 29 127.530982971 1
63 29 127.678909302 1
63 29 127.753082275 1
63 29 127.768783569 1
63 29 127.864578247 1
63 29 128.100646973 1
63 29 128.137985229 1
63 29 128.171051025 1
63 29 128.223175049 1
63 29 128.584884644 1
63 29 128.663284302 1
63 29 128.796798706 1
63 29 128.993515015 1
63 29 129.02897644 1
63 29 129.299484253 1
63 29 129.451950073 1
63 29 129.655334473 1
63 29 129.66835022 1
63 29 129.932510376 1
63 29 129.968933105 1
63 29 130.209320068 1
63 29 130.254562378 1
63 29 130.331222534 1
63 29 130.724563599 1
63 29 130.745529175 1
63 29 130.797973633 1
63 29 130.822998047 1
63 29 130.832229614 1
63 29 131.106460571 1
63 29 131.108276367 1
63 29 131.25970459 1
63 29 131.307250977 1
63 29 131.315841675 1
63 29 131.652709961 1
63 29 131.845611572 1
63 29 131.880447388 1
63 29 132.050079346 1
63 29 132.16293335 1
63 29 132.444198608 1
63 29 132.57673645 1
63 29 132.876861572 1
63 29 133.018051147 1
63 29 133.130691528 1
63 29 133.180404663 1
63 29 133.264038086 1
63 29 133.398239136 1
63 29 133.412826538 1
63 29 133.670440674 1
63 29 133.804367065 1
63 29 134.06942749 1
63 29 134.107086182 1
63 29 134.554016113 1
63 29 134.683380127 1
63 29 134.816390991 1
63 29 134.820068359 1
63 29 135.136169434 1
63 29 135.23487854 1
63 29 135.251358032 1
63 29 135.377593994 1
63 29 135.440750122 1
63 29 135.633758545 1
63 29 135.76083374 1
63 29 135.944000244 1
63 29 136.196548462 1
63 29 136.252853394 1
63 29 136.438400269 1
63 29 136.444885254 1
63 29 136.480133057 1
63 29 136.494537354 1
63 29 136.669769287 1
63 29 136.676330566 1
63 29 136.752716064 1
63 29 136.781570435 1
63 29 136.871551514 1
63 29 136.87638855 1
63 29 136.953155518 1
63 29 137.001800537 1
63 29 137.460800171 1
63 29 137.54107666 1
63 29 137.618453979 1
63 29 137.684509277 1
63 29 138.184432983 1
63 29 138.283233643 1
63 29 138.401977539 1
63 29 138.736450195 1
63 29 138.793441772 1
63 29 138.832565308 1
63 29 139.125961304 1
63 29 139.282409668 1
63 29 139.29397583 1
63 29 139.71472168 1
63 29 139.859146118 1
63 29 139.913070679 1
63 29 140.588775635 1
63 29 140.899261475 1
63 29 141.364395142 1
63 29 141.451202393 1
63 29 142.279220581 1
63 29 142.637649536 1
63 29 142.722763062 1
63 29 142.986236572 1
63 29 143.227493286 1
63 29 143.246246338 1
63 29 143.331192017 1
63 29 143.462020874 1
63 29 143.499023438 1
63 29 143.58821106 1
63 29 143.75604248 1
63 29 143.976898193 1
63 29 144.020843506 1
63 29 144.032791138 1
63 29 144.358932495 1
63 29 144.74987793 1
63 29 144.989059448 1
63 29 145.106689453 1
63 29 145.300247192 1
63 29 145.697814941 1
63 29 145.843551636 1
63 29 145.861358643 1
63 29 146.638336182 1
63 29 147.207397461 1
63 29 147.53692627 1
63 29 147.639160156 1
63 29 148.590957642 1
63 29 148.649627686 1
63 29 148.682113647 1
63 29 148.692810059 1
63 29 148.837036133 1
63 29 149.243927002 1
63 29 149.339035034 1
63 29 149.561859131 1
63 29 150.179977417 1
63 29 150.992721558 1
63 29 150.99987793 1
63 29 151.56980896 1
63 29 152.28163147 1
63 29 153.128890991 1
63 29 153.7421875 1
63 29 153.984344482 1
63 29 154.047515869 1
63 29 154.085830688 1
63 29 154.229812622 1
63 29 154.368606567 1
63 29 154.784118652 1
63 29 155.468719482 1
63 29 155.511535645 1
63 29 155.779708862 1
63 29 155.986450195 1
63 29 157.271957397 1
63 29 157.284759521 1
63 29 157.582901001 1
63 29 159.106338501 1
63 29 159.691589355 1
63 29 159.989822388 1
63 29 160.061340332 1
63 29 160.080490112 1
63 29 160.345504761 1
63 29 160.554000854 1
63 29 160.595947266 1
63 29 160.61630249 1
63 29 161.097427368 1
63 29 161.31489563 1
63 29 162.292388916 1
63 29 162.36932373 1
63 29 162.56980896 1
63 29 163.465240479 1
63 29 163.815719604 1
63 29 163.854248047 1
63 29 163.970397949 1
63 29 164.440368652 1
63 29 165.101821899 1
63 29 165.245040894 1
63 29 165.428497314 1
63 29 167.105758667 1
63 29 167.870925903 1
63 29 167.968490601 1
63 29 168.239944458 1
63 29 169.253326416 1
63 29 171.668365479 1
63 29 171.857131958 1
63 29 171.985183716 1
63 29 172.327789307 1
63 29 172.725112915 1
63 29 173.239562988 1
63 29 174.012023926 1
63 29 174.653579712 1
63 29 174.737258911 1
63 29 174.823059082 1
63 29 175.270889282 1
63 29 176.23727417 1
63 29 176.939605713 1
63 29 177.512908936 1
63 29 177.670822144 1
63 29 177.740234375 1
63 29 178.479095459 1
63 29 179.686203003 1
63 29 180.533416748 1
63 29 180.584640503 1
63 29 181.093765259 1
63 29 181.240905762 1
63 29 182.328903198 1
63 29 182.37638855 1
63 29 182.629730225 1
63 29 182.659103394 1
63 29 183.145187378 1
63 29 183.598388672 1
63 29 185.079498291 1
63 29 185.184936523 1
63 29 186.156829834 1
63 29 186.184341431 1
63 29 186.200088501 1
63 29 189.020843506 1
63 29 189.039825439 1
63 29 189.175430298 1
63 29 189.239746094 1
63 29 189.784088135 1
63 29 189.947021484 1
63 29 190.640792847 1
63 29 190.723953247 1
63 29 190.79598999 1
63 29 191.581222534 1
63 29 191.646606445 1
63 29 192.787765503 1
63 29 195.482040405 1
63 29 195.912002563 1
63 29 196.443786621 1
63 29 196.718292236 1
63 29 196.777069092 1
63 29 196.779571533 1
63 29 197.662475586 1
63 29 197.672470093 1
63 29 199.121276855 1
63 29 200.662582397 1
63 29 201.22857666 1
63 29 203.628738403 1
63 29 203.650680542 1
63 29 205.120025635 1
63 29 205.744400024 1
63 29 205.995361328 1
63 29 206.009674072 1
63 29 206.266967773 1
63 29 208.676757812 1
63 29 209.447998047 1
63 29 210.373046875 1
63 29 211.720932007 1
63 29 212.765853882 1
63 29 212.883834839 1
63 29 214.69493103 1
63 29 214.946563721 1
63 29 215.034454346 1
63 29 216.454071045 1
63 29 218.261810303 1
63 29 218.491149902 1
63 29 219.339553833 1
63 29 220.04800415 1
63 29 220.556503296 1
63 29 222.563720703 1
63 29 222.888137817 1
63 29 223.185150146 1
63 29 224.871063232 1
63 29 225.586029053 1
63 29 229.604782104 1
63 29 231.318618774 1
63 29 232.299407959 1
63 29 232.605422974 1
63 29 236.897109985 1
63 29 240.18737793 1
63 29 241.112808228 1
63 29 247.59487915 1
63 29 248.61567688 1
63 29 250.665466309 1
63 29 250.953170776 1
63 29 252.007247925 1
63 29 252.753204346 1
63 29 253.381515503 1
63 29 253.699356079 1
63 29 256.75012207 1
63 29 258.785614014 1
63 29 258.906463623 1
63 29 259.39276123 1
63 29 262.395141602 1
63 29 262.72177124 1
63 29 263.555847168 1
63 29 264.735778809 1
63 29 265.546081543 1
63 29 265.986663818 1
63 29 266.675689697 1
63 29 269.268341064 1
63 29 269.459564209 1
63 29 269.581207275 1
63 29 270.075714111 1
63 29 273.997375488 1
63 29 274.892333984 1
63 29 277.180419922 1
63 29 280.610473633 1
63 29 282.983764648 1
63 29 284.012054443 1
63 29 284.176635742 1
63 29 284.692962646 1
63 29 287.409332275 1
63 29 289.702087402 1
63 29 291.532592773 1
63 29 295.280151367 1
63 29 299.560241699 1
63 29 303.090454102 1
63 29 304.25 1
63 29 305.876525879 1
63 29 309.447570801 1
63 29 314.297973633 1
63 29 319.762268066 1
63 29 321.276794434 1
63 29 325.773803711 1
63 29 332.382781982 1
63 29 333.340332031 1
63 29 335.324066162 1
63 29 340.552368164 1
63 29 342.06161499 1
63 29 346.34967041 1
63 29 347.553253174 1
63 29 347.899749756 1
63 29 353.97567749 1
63 29 358.608306885 1
63 29 358.872833252 1
63 29 360.466888428 1
63 29 371.880584717 1
63 29 372.847686768 1
63 29 376.183410645 1
63 29 376.349060059 1
63 29 385.092315674 1
63 29 394.062072754 1
63 29 399.221191406 1
63 29 403.945587158 1
63 29 420.266815186 1
63 29 420.99899292 1
63 29 457.962493896 1
63 29 466.924255371 1
63 29 467.612945557 1
63 29 469.573944092 1
63 29 469.994689941 1
63 29 470.567321777 1
63 29 479.240264893 1
63 29 482.589111328 1
63 29 487.043823242 1
63 29 490.22442627 1
63 29 522.065063477 1
63 29 525.598876953 1
63 29 544.396179199 1
63 29 546.812316895 1
63 29 547.902709961 1
63 29 551.715759277 1
63 29 559.214538574 1
63 29 571.903808594 1
63 29 578.683105469 1
63 29 581.09552002 1
63 29 586.762756348 1
63 29 591.958251953 1
63 29 612.005065918 1
63 29 617.845092773 1
63 29 618.290222168 1
63 29 695.746520996 1
63 29 730.328552246 1
63 29 832.215087891 1
63 29 835.673156738 1
63 29 882.70501709 1
63 29 917.360900879 1
63 29 972.300048828 1
63 29 1280.16943359 1
63 29 1307.99584961 1
63 29 1315.3614502 1
63 31 97.0392684937 1
63 31 99.2249908447 1
63 31 101.6847229 1
63 31 104.472709656 1
63 31 104.929832458 1
63 31 107.065795898 1
63 31 108.385215759 1
63 31 109.854240417 1
63 31 113.41002655 1
63 31 114.147857666 1
63 31 117.862770081 1
63 31 122.059501648 1
63 31 122.978645325 1
63 31 126.852783203 1
63 31 129.382034302 1
63 31 132.799926758 1
63 31 133.766113281 1
63 31 135.276611328 1
63 31 135.408493042 1
63 31 135.847427368 1
63 31 136.134155273 1
63 31 137.178924561 1
63 31 137.892410278 1
63 31 138.445220947 1
63 31 139.427825928 1
63 31 139.821105957 1
63 31 140.527862549 1
63 31 140.567672729 1
63 31 141.781295776 1
63 31 144.905426025 1
63 31 145.690673828 1
63 31 147.023925781 1
63 31 150.836761475 1
63 31 150.897735596 1
63 31 152.572509766 1
63 31 153.236221313 1
63 31 153.342636108 1
63 31 153.357696533 1
63 31 154.417602539 1
63 31 154.489578247 1
63 31 154.778961182 1
63 31 160.53338623 1
63 31 162.548950195 1
63 31 165.305160522 1
63 31 166.139862061 1
63 31 168.339355469 1
63 31 168.629989624 1
63 31 168.849121094 1
63 31 169.290145874 1
63 31 170.880432129 1
63 31 171.169036865 1
63 31 171.683532715 1
63 31 172.756225586 1
63 31 174.403762817 1
63 31 175.150253296 1
63 31 179.458786011 1
63 31 182.183151245 1
63 31 182.380905151 1
63 31 182.652435303 1
63 31 183.161895752 1
63 31 185.200271606 1
63 31 185.404525757 1
63 31 190.347564697 1
63 31 190.4112854 1
63 31 191.88822937 1
63 31 192.36428833 1
63 31 192.969436646 1
63 31 195.289321899 1
63 31 197.199417114 1
63 31 201.731292725 1
63 31 202.478683472 1
63 31 203.431686401 1
63 31 203.901641846 1
63 31 204.863983154 1
63 31 204.885818481 1
63 31 205.632278442 1
63 31 206.948410034 1
63 31 207.893920898 1
63 31 209.797073364 1
63 31 210.720123291 1
63 31 211.326202393 1
63 31 211.375274658 1
63 31 212.636016846 1
63 31 214.238967896 1
63 31 215.201461792 1
63 31 217.285873413 1
63 31 217.556808472 1
63 31 220.755126953 1
63 31 221.20161438 1
63 31 221.829025269 1
63 31 223.578216553 1
63 31 224.039413452 1
63 31 225.167572021 1
63 31 227.479858398 1
63 31 230.535140991 1
63 31 230.780380249 1
63 31 231.094863892 1
63 31 231.33895874 1
63 31 231.70375061 1
63 31 232.237731934 1
63 31 232.929702759 1
63 31 233.861053467 1
63 31 233.951690674 1
63 31 236.420715332 1
63 31 239.993301392 1
63 31 242.405151367 1
63 31 243.524078369 1
63 31 243.774047852 1
63 31 247.327362061 1
63 31 247.931091309 1
63 31 251.716674805 1
63 31 257.890930176 1
63 31 258.42175293 1
63 31 274.173278809 1
63 31 275.693756104 1
63 31 275.949035645 1
63 31 276.526916504 1
63 31 278.628692627 1
63 31 279.140167236 1
63 31 282.485107422 1
63 31 282.606628418 1
63 31 288.360198975 1
63 31 288.814086914 1
63 31 295.121459961 1
63 31 295.225860596 1
63 31 298.287780762 1
63 31 302.177581787 1
63 31 308.579803467 1
63 31 312.157470703 1
63 31 314.76348877 1
63 31 315.880157471 1
63 31 316.645080566 1
63 31 322.789031982 1
63 31 324.458129883 1
63 31 327.160095215 1
63 31 330.683044434 1
63 31 332.729370117 1
63 31 335.448944092 1
63 31 340.913696289 1
63 31 343.183898926 1
63 31 350.346435547 1
63 31 352.086669922 1
63 31 353.569488525 1
63 31 354.658996582 1
63 31 359.959503174 1
63 31 363.226867676 1
63 31 368.821655273 1
63 31 369.233459473 1
63 31 378.008026123 1
63 31 385.985778809 1
63 31 391.395904541 1
63 31 391.924163818 1
63 31 400.585083008 1
63 31 401.456634521 1
63 31 418.530426025 1
63 31 421.632232666 1
63 31 429.269989014 1
63 31 432.748931885 1
63 31 437.5887146 1
63 31 453.702453613 1
63 31 454.930053711 1
63 31 456.263305664 1
63 31 465.404449463 1
63 31 476.552581787 1
63 31 479.659576416 1
63 31 484.664489746 1
63 31 488.89932251 1
63 31 492.270843506 1
63 31 523.162719727 1
63 31 527.336547852 1
63 31 545.665405273 1
63 31 570.028747559 1
63 31 570.678466797 1
63 31 580.511230469 1
63 31 610.504882812 1
63 31 623.278198242 1
63 31 689.160949707 1
63 31 699.362670898 1
63 31 809.514709473 1
63 31 874.137390137 1
63 31 877.240478516 1
63 31 879.471618652 1
63 31 938.182495117 1
63 31 951.808776855 1
63 32 200.083831787 1
63 32 211.695175171 1
63 32 213.200836182 1
63 32 213.225540161 1
63 32 218.299545288 1
63 32 224.197463989 1
63 32 226.913314819 1
63 32 237.822219849 1
63 32 238.187103271 1
63 32 247.176208496 1
63 32 249.046524048 1
63 32 255.975280762 1
63 32 264.158111572 1
63 32 264.502593994 1
63 32 265.037384033 1
63 32 266.171142578 1
63 32 276.026397705 1
63 32 277.982940674 1
63 32 281.114990234 1
63 32 292.3515625 1
63 32 292.61920166 1
63 32 293.88394165 1
63 32 296.010253906 1
63 32 296.971923828 1
63 32 300.109405518 1
63 32 300.77532959 1
63 32 303.402832031 1
63 32 308.601806641 1
63 32 309.762756348 1
63 32 313.831451416 1
63 32 316.441680908 1
63 32 317.48526001 1
63 32 323.833984375 1
63 32 326.07913208 1
63 32 333.999603271 1
63 32 344.049224854 1
63 32 344.285003662 1
63 32 354.30480957 1
63 32 361.881134033 1
63 32 374.168640137 1
63 32 397.676513672 1
63 32 398.188049316 1
63 32 410.861694336 1
63 32 424.047546387 1
63 32 425.875640869 1
63 32 429.070770264 1
63 32 430.398986816 1
63 32 438.858886719 1
63 32 444.402984619 1
63 32 452.231781006 1
63 32 465.208374023 1
63 32 471.368377686 1
63 32 476.310668945 1
63 32 514.196105957 1
63 32 515.968688965 1
63 32 525.61151123 1
63 32 548.983947754 1
63 32 582.096801758 1
63 32 633.893920898 1
63 32 831.151855469 1
63 32 891.580566406 1
63 32 925.633850098 1
63 32 1019.19421387 1
63 32 1387.43322754 1
63 33 331.982574463 1
63 33 338.084686279 1
63 33 359.648010254 1
63 33 403.293640137 1
63 33 459.399353027 1
63 33 466.111907959 1
63 33 482.524902344 1
63 33 536.40435791 1
63 33 558.847900391 1
63 33 568.905029297 1
63 33 583.958496094 1
63 33 622.656494141 1
64 21 1638.95043945 1
64 24 1340.99963379 1
64 24 2133.52172852 1
64 25 962.576477051 1
64 25 1323.21276855 1
64 26 859.306396484 1
64 26 1103.20922852 1
64 26 1162.33483887 1
64 27 889.049133301 1
64 27 919.410217285 1
64 27 1009.52935791 1
64 27 1010.9519043 1
64 27 1095.26953125 1
64 28 684.296325684 1
64 28 728.510925293 1
64 28 798.222717285 1
64 28 831.56451416 1
64 28 1091.53027344 1
64 28 1131.79614258 1
64 28 1351.93029785 1
64 29 724.162780762 1
64 29 791.069030762 1
64 29 872.02722168 1
64 29 1091.38684082 1
64 29 1253.25708008 1
64 30 653.867248535 1
64 30 714.60345459 1
64 30 787.972351074 1
64 30 801.640197754 1
64 30 827.567199707 1
64 30 829.262817383 1
64 30 830.058410645 1
64 30 965.487304688 1
64 31 866.955749512 1
64 31 989.701660156 1
64 31 1250.10180664 1
64 31 1416.21032715 1
64 32 825.338256836 1
65 26 1990.38928223 1
69 30 1308.23400879 1
70 20 2867.86083984 1
70 23 1071.5390625 1
70 23 1440.03942871 1
70 26 809.915527344 1
70 26 1404.55371094 1
70 26 1416.69958496 1
70 26 1433.39208984 1
70 26 1682.03015137 1
70 27 747.569213867 1
70 27 749.577575684 1
70 27 750.484313965 1
70 27 763.901184082 1
70 27 771.65246582 1
70 27 832.265075684 1
70 27 848.481872559 1
70 27 891.506530762 1
70 27 1098.09411621 1
70 27 1280.8046875 1
70 28 689.319458008 1
70 28 694.247802734 1
70 28 701.483459473 1
70 28 776.41973877 1
70 28 787.978881836 1
70 28 923.998291016 1
70 28 983.846008301 1
70 28 987.393676758 1
70 28 1272.42175293 1
70 28 1344.80737305 1
70 28 1401.61218262 1
70 28 1612.8371582 1
70 28 2007.83947754 1
70 28 3635.85644531 1
70 29 662.624816895 1
70 29 669.983825684 1
70 29 858.170227051 1
70 29 995.638977051 1
70 29 1051.12402344 1
70 29 1181.52160645 1
70 29 1286.26184082 1
70 29 1427.15393066 1
70 29 1636.3651123 1
70 30 700.103149414 1
70 30 745.982788086 1
70 30 996.346191406 1
70 30 1164.79101562 1
70 30 1234.25390625 1
70 31 933.53503418 1
70 31 958.018005371 1
70 31 1228.38952637 1
70 32 865.421325684 1
71 21 1385.33557129 1
71 22 1055.47937012 1
71 22 1770.13537598 1
71 23 1480.44213867 1
71 24 1036.44299316 1
71 24 1102.86743164 1
71 24 1231.86035156 1
71 24 1304.34265137 1
71 24 1335.2467041 1
71 25 976.066101074 1
71 25 1147.60070801 1
71 25 1399.07910156 1
71 26 782.709777832 1
71 26 892.361877441 1
71 26 1058.12768555 1
71 26 1123.34301758 1
71 26 1575.80078125 1
71 26 2822.56005859 1
71 27 753.450561523 1
71 27 791.636657715 1
71 27 963.378662109 1
71 27 978.220947266 1
71 27 1086.44628906 1
71 27 1294.58410645 1
71 27 1843.16247559 1
71 28 685.686767578 1
71 28 689.375183105 1
71 28 713.153198242 1
71 28 797.642822266 1
71 28 824.510070801 1
71 28 842.184387207 1
71 28 1000.359375 1
71 28 1491.06945801 1
71 28 1901.70568848 1
71 29 727.609436035 1
71 29 814.542480469 1
71 29 835.083618164 1
71 29 910.667236328 1
71 29 1012.07501221 1
71 30 671.373901367 1
71 30 684.412841797 1
71 30 686.363952637 1
71 30 700.41015625 1
71 30 927.680297852 1
71 31 1319.39892578 1
71 32 1112.76940918 1
71 32 1603.81982422 1
72 25 2121.11523438 1
72 30 1644.13049316 1
76 30 1980.78564453 1
77 29 1317.32214355 1
