000 1519.0 0.0 1000000.0
010 1093.0 0.0 1000000.0
020 1137.0 0.0 1000000.0
030 1325.0 0.0 1000000.0
040 1626.0 0.0 1000000.0
050 1943.0 0.0 1000000.0
060 1991.0 0.0 1000000.0
070 1852.0 0.0 1000000.0
090 1475.0 0.0 1000000.0
120 726.0 0.0 1000000.0
140 462.0 0.0 1000000.0
150 296.0 0.0 1000000.0
160 205.0 0.0 1000000.0
170 108.0 0.0 1000000.0
190 117.0 0.0 1000000.0
200 184.0 0.0 1000000.0
210 255.0 0.0 1000000.0
220 376.0 0.0 1000000.0
240 833.0 0.0 1000000.0
260 1452.0 0.0 1000000.0
270 1832.0 0.0 1000000.0
290 2542.0 0.0 1000000.0
300 2910.0 0.0 1000000.0
310 3050.0 0.0 1000000.0
320 3191.0 0.0 1000000.0
330 2944.0 0.0 1000000.0
340 2350.0 0.0 1000000.0
350 1505.0 0.0 1000000.0
