string dom time hits
44 17 2736.17285156 1
45 29 1303.12646484 1
45 29 1620.61645508 1
53 26 1615.3572998 1
54 20 1627.53137207 1
54 24 1294.23046875 1
54 24 1307.4753418 1
54 26 741.249389648 1
54 26 769.440124512 1
54 26 904.011474609 1
54 26 975.817871094 1
54 26 1269.35009766 1
54 26 1393.5123291 1
54 27 688.47454834 1
54 27 743.366333008 1
54 27 762.145996094 1
54 27 775.342102051 1
54 27 854.788757324 1
54 27 854.907470703 1
54 27 860.108398438 1
54 27 922.350769043 1
54 27 930.73828125 1
54 27 1078.01831055 1
54 27 1341.60253906 1
54 28 645.442687988 1
54 28 703.938232422 1
54 28 708.980224609 1
54 28 845.775024414 1
54 28 885.586975098 1
54 28 1157.79699707 1
54 28 1899.7890625 1
54 29 708.124267578 1
54 29 786.479309082 1
54 29 790.907836914 1
54 29 904.335571289 1
54 29 963.478820801 1
54 29 977.751281738 1
54 29 1240.19812012 1
54 30 691.497802734 1
54 30 737.837524414 1
54 30 757.233032227 1
54 30 760.442199707 1
54 30 791.847839355 1
54 30 811.491943359 1
54 30 1288.11694336 1
54 31 1176.28930664 1
54 31 2328.48608398 1
54 32 821.631286621 1
54 32 917.227966309 1
54 32 1121.7376709 1
55 23 908.594726562 1
55 26 781.145996094 1
55 26 1104.95703125 1
55 26 1588.94702148 1
55 26 1600.13378906 1
55 27 756.066772461 1
55 27 846.266113281 1
55 27 1010.22796631 1
55 28 748.80090332 1
55 28 785.536743164 1
55 28 814.607116699 1
55 28 822.670593262 1
55 28 826.059997559 1
55 28 868.398071289 1
55 28 985.784362793 1
55 28 1055.88354492 1
55 28 1113.39746094 1
55 28 1155.44299316 1
55 28 1639.31652832 1
55 29 604.177246094 1
55 29 637.758728027 1
55 29 706.153015137 1
55 29 713.93371582 1
55 29 830.28515625 1
55 29 987.530212402 1
55 30 954.335388184 1
55 30 955.07635498 1
55 30 1672.24072266 1
55 32 803.118286133 1
56 26 1452.14404297 1
56 31 1508.13745117 1
61 24 2364.50854492 1
61 27 1597.59863281 1
62 19 2668.54638672 1
62 22 2022.26928711 1
62 23 1149.80834961 1
62 24 1026.29162598 1
62 25 855.790588379 1
62 25 857.146240234 1
62 25 916.454284668 1
62 25 1136.49072266 1
62 26 985.094360352 1
62 26 1005.2822876 1
62 26 1271.85583496 1
62 27 695.066833496 1
62 27 782.156311035 1
62 27 819.612915039 1
62 27 888.472839355 1
62 27 917.322814941 1
62 27 990.495666504 1
62 27 1520.27148438 1
62 28 692.219055176 1
62 28 757.246154785 1
62 28 922.310668945 1
62 28 943.332275391 1
62 28 959.020996094 1
62 28 1013.25183105 1
62 28 1181.64660645 1
62 28 1262.74523926 1
62 28 1282.87524414 1
62 28 1347.00805664 1
62 28 1771.3092041 1
62 29 754.277770996 1
62 29 804.519348145 1
62 29 805.980407715 1
62 29 851.108215332 1
62 29 947.993591309 1
62 29 950.342224121 1
62 29 993.594116211 1
62 29 1077.87097168 1
62 29 1482.78198242 1
62 29 1689.67541504 1
62 29 1692.51306152 1
62 30 647.535583496 1
62 30 676.82800293 1
62 30 880.989807129 1
62 30 1277.23852539 1
62 30 1395.84033203 1
62 31 890.456420898 1
62 31 966.503295898 1
62 31 1184.34912109 1
62 31 1216.7130127 1
63 18 1421.7635498 1
63 19 1174.67504883 1
63 19 1430.00146484 1
63 20 2098.08618164 1
63 21 1696.3560791 1
63 22 749.565307617 1
63 22 779.86517334 1
63 22 859.364990234 1
63 22 862.576416016 1
63 22 929.96307373 1
63 22 999.524108887 1
63 22 1216.86743164 1
63 22 1264.12011719 1
63 22 1871.98388672 1
63 23 628.097229004 1
63 23 750.010803223 1
63 23 883.529907227 1
63 23 976.497131348 1
63 23 1226.18371582 1
63 23 1258.61108398 1
63 23 1559.16943359 1
63 23 2352.87231445 1
63 24 521.826843262 1
63 24 536.968444824 1
63 24 543.184936523 1
63 24 551.045043945 1
63 24 558.254272461 1
63 24 560.068725586 1
63 24 571.257080078 1
63 24 577.153991699 1
63 24 601.87487793 1
63 24 608.030700684 1
63 24 634.453430176 1
63 24 638.454528809 1
63 24 639.155395508 1
63 24 646.458496094 1
63 24 648.795349121 1
63 24 648.84942627 1
63 24 658.167663574 1
63 24 673.515197754 1
63 24 705.977233887 1
63 24 719.589599609 1
63 24 751.109924316 1
63 24 827.230957031 1
63 24 872.017333984 1
63 24 874.684265137 1
63 24 916.196838379 1
63 24 974.668029785 1
63 24 1015.18310547 1
63 24 1028.078125 1
63 24 1082.35107422 1
63 24 1131.72497559 1
63 24 1503.73779297 1
63 24 1661.86755371 1
63 25 422.563659668 1
63 25 436.278656006 1
63 25 439.360015869 1
63 25 442.284637451 1
63 25 443.443847656 1
63 25 447.052368164 1
63 25 450.736022949 1
63 25 457.748535156 1
63 25 466.836669922 1
63 25 467.078277588 1
63 25 474.15246582 1
63 25 478.357666016 1
63 25 483.52520752 1
63 25 484.197113037 1
63 25 487.317657471 1
63 25 488.465789795 1
63 25 491.524780273 1
63 25 518.659790039 1
63 25 519.829223633 1
63 25 527.709411621 1
63 25 527.941589355 1
63 25 532.395324707 1
63 25 535.064941406 1
63 25 538.629577637 1
63 25 545.484375 1
63 25 554.070556641 1
63 25 567.030456543 1
63 25 567.948669434 1
63 25 574.122802734 1
63 25 578.666015625 1
63 25 581.385437012 1
63 25 596.791992188 1
63 25 605.065429688 1
63 25 608.68182373 1
63 25 623.141235352 1
63 25 626.071228027 1
63 25 638.383544922 1
63 25 641.822570801 1
63 25 667.95880127 1
63 25 676.424560547 1
63 25 702.280883789 1
63 25 715.674926758 1
63 25 734.089294434 1
63 25 774.074645996 1
63 25 775.494628906 1
63 25 888.425964355 1
63 25 889.694030762 1
63 25 894.630249023 1
63 25 1073.8807373 1
63 25 1081.24755859 1
63 25 1259.57910156 1
63 25 1299.50061035 1
63 25 1308.42004395 1
63 26 326.975616455 1
63 26 328.29095459 1
63 26 332.872375488 1
63 26 336.767242432 1
63 26 339.292572021 1
63 26 341.322998047 1
63 26 343.275817871 1
63 26 346.892425537 1
63 26 347.145202637 1
63 26 348.492614746 1
63 26 348.497436523 1
63 26 349.55657959 1
63 26 350.822418213 1
63 26 352.794036865 1
63 26 353.05682373 1
63 26 353.36605835 1
63 26 354.549072266 1
63 26 358.785614014 1
63 26 359.148864746 1
63 26 359.561431885 1
63 26 361.341766357 1
63 26 362.114868164 1
63 26 364.729644775 1
63 26 365.527954102 1
63 26 366.198120117 1
63 26 366.440246582 1
63 26 366.837097168 1
63 26 368.384552002 1
63 26 368.995758057 1
63 26 372.072479248 1
63 26 373.398101807 1
63 26 374.08883667 1
63 26 375.848876953 1
63 26 376.671569824 1
63 26 377.819122314 1
63 26 378.521942139 1
63 26 381.091125488 1
63 26 381.61505127 1
63 26 382.978515625 1
63 26 383.783172607 1
63 26 384.565246582 1
63 26 384.578979492 1
63 26 385.54864502 1
63 26 387.019500732 1
63 26 388.11416626 1
63 26 389.715667725 1
63 26 389.737854004 1
63 26 390.424041748 1
63 26 390.995483398 1
63 26 392.623657227 1
63 26 392.703460693 1
63 26 393.353424072 1
63 26 393.88873291 1
63 26 396.061828613 1
63 26 398.059844971 1
63 26 398.66027832 1
63 26 400.321380615 1
63 26 401.168945312 1
63 26 401.495422363 1
63 26 409.39276123 1
63 26 410.24520874 1
63 26 410.388092041 1
63 26 412.562347412 1
63 26 414.170623779 1
63 26 414.966888428 1
63 26 415.417663574 1
63 26 415.456420898 1
63 26 416.672271729 1
63 26 421.31729126 1
63 26 425.169342041 1
63 26 425.757141113 1
63 26 428.972503662 1
63 26 432.083770752 1
63 26 434.005249023 1
63 26 435.779266357 1
63 26 440.257904053 1
63 26 441.507049561 1
63 26 442.451812744 1
63 26 443.820953369 1
63 26 445.01171875 1
63 26 446.780487061 1
63 26 448.362487793 1
63 26 458.658477783 1
63 26 461.469116211 1
63 26 466.491851807 1
63 26 479.578613281 1
63 26 482.455841064 1
63 26 483.238189697 1
63 26 485.37890625 1
63 26 504.176849365 1
63 26 504.654205322 1
63 26 505.037994385 1
63 26 506.42956543 1
63 26 522.957275391 1
63 26 523.834411621 1
63 26 525.673828125 1
63 26 531.562316895 1
63 26 534.86932373 1
63 26 536.185119629 1
63 26 546.895080566 1
63 26 547.882080078 1
63 26 551.80456543 1
63 26 558.782104492 1
63 26 559.204650879 1
63 26 560.444458008 1
63 26 574.186462402 1
63 26 588.92388916 1
63 26 589.847717285 1
63 26 594.936828613 1
63 26 600.290283203 1
63 26 600.74432373 1
63 26 613.111450195 1
63 26 613.256469727 1
63 26 616.201599121 1
63 26 619.734924316 1
63 26 620.883911133 1
63 26 628.352478027 1
63 26 631.414550781 1
63 26 632.135986328 1
63 26 646.99041748 1
63 26 649.698059082 1
63 26 670.487670898 1
63 26 693.821044922 1
63 26 723.450683594 1
63 26 725.916564941 1
63 26 753.032897949 1
63 26 767.830688477 1
63 26 809.891723633 1
63 26 825.908630371 1
63 26 833.922546387 1
63 26 864.361694336 1
63 26 966.269104004 1
63 26 1026.73510742 1
63 26 1051.04589844 1
63 26 1058.12072754 1
63 26 1164.75036621 1
63 26 1574.83728027 1
63 26 1855.14746094 1
63 27 238.977722168 1
63 27 241.133911133 1
63 27 241.79460144 1
63 27 242.503601074 1
63 27 242.586532593 1
63 27 244.351882935 1
63 27 246.376449585 1
63 27 246.435516357 1
63 27 247.033752441 1
63 27 247.38053894 1
63 27 248.082839966 1
63 27 249.186676025 1
63 27 249.518203735 1
63 27 250.172103882 1
63 27 250.458572388 1
63 27 250.604431152 1
63 27 250.882202148 1
63 27 251.016845703 1
63 27 251.299621582 1
63 27 251.56552124 1
63 27 251.766708374 1
63 27 251.806716919 1
63 27 251.89743042 1
63 27 252.326644897 1
63 27 252.608276367 1
63 27 253.112747192 1
63 27 253.768432617 1
63 27 253.916473389 1
63 27 254.482116699 1
63 27 254.604141235 1
63 27 254.68081665 1
63 27 255.110443115 1
63 27 255.213607788 1
63 27 255.312210083 1
63 27 255.828872681 1
63 27 256.032165527 1
63 27 256.191925049 1
63 27 256.368835449 1
63 27 256.853912354 1
63 27 256.874420166 1
63 27 256.937835693 1
63 27 256.977203369 1
63 27 257.134185791 1
63 27 257.141540527 1
63 27 257.209075928 1
63 27 257.458892822 1
63 27 258.317199707 1
63 27 258.42868042 1
63 27 258.461578369 1
63 27 258.675476074 1
63 27 258.733978271 1
63 27 258.802215576 1
63 27 258.925598145 1
63 27 258.972900391 1
63 27 259.091125488 1
63 27 259.40914917 1
63 27 259.756347656 1
63 27 260.033538818 1
63 27 260.458526611 1
63 27 260.468811035 1
63 27 260.533050537 1
63 27 261.130249023 1
63 27 261.32522583 1
63 27 261.55480957 1
63 27 261.823272705 1
63 27 261.833343506 1
63 27 262.226837158 1
63 27 262.261932373 1
63 27 262.845794678 1
63 27 263.115234375 1
63 27 263.265716553 1
63 27 263.336181641 1
63 27 263.738006592 1
63 27 263.765930176 1
63 27 264.029632568 1
63 27 264.185028076 1
63 27 264.848937988 1
63 27 265.245544434 1
63 27 265.897827148 1
63 27 265.942565918 1
63 27 266.817626953 1
63 27 267.016845703 1
63 27 267.119140625 1
63 27 267.203125 1
63 27 267.378662109 1
63 27 267.382019043 1
63 27 267.549194336 1
63 27 267.82232666 1
63 27 267.847869873 1
63 27 268.142913818 1
63 27 268.44821167 1
63 27 268.574127197 1
63 27 269.109039307 1
63 27 269.776824951 1
63 27 269.780853271 1
63 27 269.952056885 1
63 27 270.009399414 1
63 27 270.0809021 1
63 27 270.255615234 1
63 27 270.308563232 1
63 27 271.391326904 1
63 27 271.802307129 1
63 27 271.821105957 1
63 27 272.107543945 1
63 27 272.608459473 1
63 27 272.633605957 1
63 27 272.678894043 1
63 27 272.856018066 1
63 27 273.49597168 1
63 27 273.614257812 1
63 27 273.672607422 1
63 27 273.705230713 1
63 27 273.791595459 1
63 27 273.829040527 1
63 27 273.888977051 1
63 27 274.539306641 1
63 27 275.134399414 1
63 27 275.431610107 1
63 27 275.526092529 1
63 27 275.906890869 1
63 27 276.299346924 1
63 27 276.322479248 1
63 27 276.840240479 1
63 27 277.013122559 1
63 27 277.114776611 1
63 27 277.967437744 1
63 27 278.023651123 1
63 27 278.324798584 1
63 27 278.735839844 1
63 27 278.838623047 1
63 27 279.21774292 1
63 27 279.554229736 1
63 27 280.763092041 1
63 27 280.895935059 1
63 27 281.259796143 1
63 27 281.922119141 1
63 27 282.314147949 1
63 27 282.342010498 1
63 27 282.401550293 1
63 27 282.884094238 1
63 27 283.030761719 1
63 27 283.315216064 1
63 27 283.82019043 1
63 27 285.21484375 1
63 27 285.410644531 1
63 27 285.443786621 1
63 27 285.542388916 1
63 27 285.603607178 1
63 27 286.123565674 1
63 27 286.586730957 1
63 27 286.695343018 1
63 27 286.69543457 1
63 27 287.5546875 1
63 27 287.617584229 1
63 27 288.23324585 1
63 27 289.044708252 1
63 27 289.307891846 1
63 27 289.579956055 1
63 27 289.615692139 1
63 27 290.119689941 1
63 27 290.163391113 1
63 27 290.812744141 1
63 27 290.876556396 1
63 27 290.893249512 1
63 27 290.915496826 1
63 27 290.940338135 1
63 27 291.055236816 1
63 27 291.214294434 1
63 27 291.232849121 1
63 27 291.675811768 1
63 27 291.809631348 1
63 27 293.437683105 1
63 27 293.458648682 1
63 27 293.51361084 1
63 27 293.705413818 1
63 27 293.789581299 1
63 27 294.149780273 1
63 27 294.299224854 1
63 27 294.448547363 1
63 27 294.628234863 1
63 27 295.054962158 1
63 27 295.419372559 1
63 27 296.435302734 1
63 27 296.748291016 1
63 27 297.107177734 1
63 27 297.277404785 1
63 27 297.318603516 1
63 27 297.394775391 1
63 27 297.791564941 1
63 27 297.900482178 1
63 27 298.257110596 1
63 27 298.602325439 1
63 27 299.730773926 1
63 27 299.905548096 1
63 27 300.114776611 1
63 27 300.212799072 1
63 27 300.325927734 1
63 27 300.589447021 1
63 27 301.235473633 1
63 27 301.54006958 1
63 27 301.603027344 1
63 27 301.909606934 1
63 27 302.481323242 1
63 27 302.626281738 1
63 27 302.679626465 1
63 27 303.511627197 1
63 27 303.559265137 1
63 27 303.589904785 1
63 27 304.694396973 1
63 27 305.057891846 1
63 27 305.354797363 1
63 27 305.675140381 1
63 27 306.101104736 1
63 27 306.62310791 1
63 27 307.213226318 1
63 27 307.539855957 1
63 27 308.044403076 1
63 27 309.231781006 1
63 27 309.986236572 1
63 27 310.415466309 1
63 27 310.863769531 1
63 27 311.010864258 1
63 27 313.459594727 1
63 27 313.617492676 1
63 27 316.69934082 1
63 27 316.774261475 1
63 27 318.526428223 1
63 27 321.799102783 1
63 27 324.327301025 1
63 27 325.015716553 1
63 27 325.936279297 1
63 27 326.205535889 1
63 27 327.939483643 1
63 27 328.559387207 1
63 27 329.269134521 1
63 27 329.967712402 1
63 27 330.276000977 1
63 27 330.712341309 1
63 27 330.731903076 1
63 27 330.829284668 1
63 27 331.126556396 1
63 27 333.294006348 1
63 27 334.285858154 1
63 27 334.426971436 1
63 27 335.212677002 1
63 27 336.700195312 1
63 27 338.579498291 1
63 27 340.663085938 1
63 27 340.774688721 1
63 27 341.73223877 1
63 27 343.273162842 1
63 27 343.476959229 1
63 27 343.690887451 1
63 27 344.164978027 1
63 27 344.204681396 1
63 27 345.958831787 1
63 27 346.999023438 1
63 27 349.963470459 1
63 27 350.061157227 1
63 27 350.646148682 1
63 27 351.60925293 1
63 27 351.683197021 1
63 27 352.960327148 1
63 27 353.458068848 1
63 27 353.656280518 1
63 27 354.466674805 1
63 27 354.617431641 1
63 27 356.243103027 1
63 27 357.997161865 1
63 27 358.319580078 1
63 27 358.763641357 1
63 27 361.54107666 1
63 27 361.959350586 1
63 27 362.485076904 1
63 27 362.517120361 1
63 27 368.412078857 1
63 27 369.842926025 1
63 27 370.969573975 1
63 27 372.32522583 1
63 27 372.875793457 1
63 27 377.115203857 1
63 27 377.848052979 1
63 27 379.946777344 1
63 27 380.42767334 1
63 27 383.135803223 1
63 27 383.576934814 1
63 27 384.435241699 1
63 27 389.724395752 1
63 27 391.624237061 1
63 27 393.394500732 1
63 27 399.679534912 1
63 27 401.123321533 1
63 27 406.957824707 1
63 27 408.174072266 1
63 27 409.580657959 1
63 27 410.654327393 1
63 27 411.651580811 1
63 27 412.721740723 1
63 27 415.521972656 1
63 27 416.467193604 1
63 27 418.238616943 1
63 27 420.533447266 1
63 27 421.294891357 1
63 27 434.59274292 1
63 27 435.900360107 1
63 27 438.87109375 1
63 27 449.371368408 1
63 27 450.89932251 1
63 27 468.358917236 1
63 27 478.043914795 1
63 27 482.149139404 1
63 27 491.029693604 1
63 27 496.974975586 1
63 27 497.629302979 1
63 27 502.778533936 1
63 27 508.414245605 1
63 27 533.322143555 1
63 27 541.182434082 1
63 27 542.436157227 1
63 27 549.873413086 1
63 27 550.295043945 1
63 27 551.339294434 1
63 27 581.252990723 1
63 27 584.332641602 1
63 27 586.082458496 1
63 27 590.652587891 1
63 27 590.795654297 1
63 27 591.199707031 1
63 27 596.998840332 1
63 27 602.332092285 1
63 27 621.502807617 1
63 27 623.16796875 1
63 27 637.800964355 1
63 27 641.926208496 1
63 27 650.869262695 1
63 27 653.669311523 1
63 27 663.299438477 1
63 27 664.264648438 1
63 27 674.980712891 1
63 27 685.785705566 1
63 27 693.032104492 1
63 27 699.235168457 1
63 27 709.195007324 1
63 27 722.7265625 1
63 27 727.199829102 1
63 27 754.671630859 1
63 27 769.292907715 1
63 27 783.87109375 1
63 27 815.205749512 1
63 27 914.890563965 1
63 27 931.56439209 1
63 27 958.522216797 1
63 27 1010.83270264 1
63 27 1017.20941162 1
63 27 1055.9888916 1
63 27 1076.08728027 1
63 27 1127.08959961 1
63 27 1242.92907715 1
63 27 1350.16333008 1
63 28 158.052658081 1
63 28 159.136657715 1
63 28 159.33706665 1
63 28 159.725738525 1
63 28 160.32611084 1
63 28 160.398025513 1
63 28 161.226425171 1
63 28 161.706481934 1
63 28 162.176879883 1
63 28 162.54510498 1
63 28 164.269104004 1
63 28 164.2762146 1
63 28 164.375839233 1
63 28 164.460281372 1
63 28 164.483200073 1
63 28 164.540252686 1
63 28 164.866210938 1
63 28 164.881835938 1
63 28 165.031295776 1
63 28 165.129547119 1
63 28 165.192306519 1
63 28 165.24382019 1
63 28 165.29914856 1
63 28 165.482254028 1
63 28 165.787811279 1
63 28 165.862014771 1
63 28 166.132995605 1
63 28 166.348373413 1
63 28 166.484634399 1
63 28 166.550720215 1
63 28 166.716949463 1
63 28 166.750701904 1
63 28 167.103652954 1
63 28 167.142578125 1
63 28 167.174072266 1
63 28 167.181854248 1
63 28 167.391891479 1
63 28 167.459213257 1
63 28 167.492477417 1
63 28 167.532714844 1
63 28 167.674911499 1
63 28 167.796508789 1
63 28 167.839065552 1
63 28 167.8646698 1
63 28 167.869812012 1
63 28 167.997619629 1
63 28 168.070602417 1
63 28 168.09085083 1
63 28 168.097961426 1
63 28 168.226928711 1
63 28 168.452148438 1
63 28 168.503372192 1
63 28 168.642868042 1
63 28 168.657669067 1
63 28 168.667953491 1
63 28 168.973724365 1
63 28 168.975524902 1
63 28 169.07472229 1
63 28 169.1121521 1
63 28 169.120742798 1
63 28 169.163619995 1
63 28 169.35836792 1
63 28 169.370864868 1
63 28 169.459381104 1
63 28 169.703613281 1
63 28 169.722640991 1
63 28 169.750213623 1
63 28 169.881652832 1
63 28 170.029129028 1
63 28 170.05847168 1
63 28 170.1537323 1
63 28 170.15524292 1
63 28 170.164306641 1
63 28 170.230407715 1
63 28 170.30682373 1
63 28 170.325027466 1
63 28 170.362380981 1
63 28 170.396484375 1
63 28 170.672195435 1
63 28 170.678863525 1
63 28 170.68460083 1
63 28 170.692932129 1
63 28 170.714050293 1
63 28 170.728317261 1
63 28 170.733337402 1
63 28 170.791503906 1
63 28 170.884475708 1
63 28 170.903808594 1
63 28 170.954269409 1
63 28 171.007171631 1
63 28 171.114944458 1
63 28 171.134506226 1
63 28 171.274154663 1
63 28 171.292709351 1
63 28 171.300476074 1
63 28 171.336608887 1
63 28 171.39855957 1
63 28 171.402008057 1
63 28 171.44128418 1
63 28 171.455825806 1
63 28 171.482177734 1
63 28 171.511856079 1
63 28 171.532150269 1
63 28 171.596237183 1
63 28 171.659835815 1
63 28 171.719390869 1
63 28 171.916992188 1
63 28 171.936645508 1
63 28 171.941040039 1
63 28 171.972061157 1
63 28 172.020233154 1
63 28 172.044570923 1
63 28 172.117294312 1
63 28 172.233596802 1
63 28 172.437988281 1
63 28 172.494750977 1
63 28 172.641326904 1
63 28 172.745513916 1
63 28 172.891464233 1
63 28 173.000274658 1
63 28 173.274551392 1
63 28 173.369506836 1
63 28 173.402404785 1
63 28 173.458007812 1
63 28 173.50062561 1
63 28 173.52406311 1
63 28 173.681442261 1
63 28 173.754257202 1
63 28 173.80657959 1
63 28 173.82421875 1
63 28 173.89201355 1
63 28 173.951828003 1
63 28 173.964416504 1
63 28 173.971450806 1
63 28 174.034561157 1
63 28 174.094161987 1
63 28 174.205886841 1
63 28 174.23739624 1
63 28 174.304336548 1
63 28 174.508392334 1
63 28 174.692474365 1
63 28 174.698471069 1
63 28 174.704711914 1
63 28 174.74130249 1
63 28 174.751541138 1
63 28 174.764450073 1
63 28 174.77532959 1
63 28 174.837005615 1
63 28 174.881332397 1
63 28 174.917480469 1
63 28 175.00428772 1
63 28 175.022827148 1
63 28 175.056137085 1
63 28 175.06918335 1
63 28 175.10345459 1
63 28 175.124664307 1
63 28 175.148788452 1
63 28 175.164413452 1
63 28 175.1771698 1
63 28 175.196731567 1
63 28 175.199157715 1
63 28 175.359329224 1
63 28 175.402740479 1
63 28 175.462417603 1
63 28 175.463363647 1
63 28 175.524139404 1
63 28 175.531921387 1
63 28 175.538925171 1
63 28 175.544204712 1
63 28 175.544662476 1
63 28 175.598556519 1
63 28 175.665283203 1
63 28 175.866195679 1
63 28 175.952926636 1
63 28 175.978973389 1
63 28 175.998168945 1
63 28 176.093780518 1
63 28 176.132385254 1
63 28 176.134552002 1
63 28 176.20249939 1
63 28 176.29548645 1
63 28 176.330566406 1
63 28 176.425170898 1
63 28 176.440444946 1
63 28 176.477493286 1
63 28 176.683639526 1
63 28 176.710235596 1
63 28 176.782699585 1
63 28 176.914093018 1
63 28 176.949295044 1
63 28 177.013961792 1
63 28 177.1484375 1
63 28 177.188903809 1
63 28 177.22618103 1
63 28 177.255981445 1
63 28 177.265991211 1
63 28 177.315338135 1
63 28 177.324493408 1
63 28 177.444885254 1
63 28 177.469787598 1
63 28 177.492736816 1
63 28 177.56552124 1
63 28 177.576293945 1
63 28 177.57989502 1
63 28 177.587722778 1
63 28 177.632904053 1
63 28 177.648452759 1
63 28 177.702026367 1
63 28 177.739959717 1
63 28 177.890304565 1
63 28 177.932220459 1
63 28 178.015472412 1
63 28 178.039138794 1
63 28 178.056762695 1
63 28 178.122512817 1
63 28 178.149963379 1
63 28 178.169799805 1
63 28 178.189117432 1
63 28 178.217346191 1
63 28 178.299942017 1
63 28 178.349441528 1
63 28 178.379013062 1
63 28 178.418945312 1
63 28 178.453414917 1
63 28 178.59765625 1
63 28 178.603805542 1
63 28 178.758651733 1
63 28 178.793045044 1
63 28 178.862701416 1
63 28 178.91595459 1
63 28 178.971191406 1
63 28 179.024154663 1
63 28 179.04119873 1
63 28 179.057037354 1
63 28 179.156112671 1
63 28 179.167938232 1
63 28 179.267379761 1
63 28 179.274841309 1
63 28 179.365936279 1
63 28 179.420684814 1
63 28 179.465438843 1
63 28 179.496368408 1
63 28 179.52204895 1
63 28 179.633636475 1
63 28 179.889450073 1
63 28 179.910415649 1
63 28 179.924072266 1
63 28 180.016830444 1
63 28 180.064682007 1
63 28 180.087875366 1
63 28 180.142852783 1
63 28 180.186401367 1
63 28 180.299514771 1
63 28 180.327331543 1
63 28 180.363372803 1
63 28 180.374389648 1
63 28 180.452896118 1
63 28 180.497116089 1
63 28 180.61390686 1
63 28 180.749664307 1
63 28 180.835586548 1
63 28 180.866424561 1
63 28 180.879669189 1
63 28 180.888320923 1
63 28 180.957778931 1
63 28 181.02911377 1
63 28 181.069885254 1
63 28 181.178268433 1
63 28 181.346206665 1
63 28 181.355392456 1
63 28 181.504043579 1
63 28 181.51222229 1
63 28 181.551315308 1
63 28 181.647949219 1
63 28 181.671600342 1
63 28 181.878982544 1
63 28 181.906768799 1
63 28 181.930541992 1
63 28 181.996765137 1
63 28 182.057556152 1
63 28 182.063171387 1
63 28 182.156860352 1
63 28 182.300338745 1
63 28 182.338867188 1
63 28 182.353149414 1
63 28 182.397140503 1
63 28 182.570083618 1
63 28 182.601547241 1
63 28 182.709060669 1
63 28 182.740615845 1
63 28 182.753204346 1
63 28 182.893447876 1
63 28 183.081130981 1
63 28 183.153411865 1
63 28 183.225265503 1
63 28 183.226730347 1
63 28 183.316253662 1
63 28 183.404907227 1
63 28 183.487167358 1
63 28 183.52482605 1
63 28 183.586044312 1
63 28 183.631195068 1
63 28 183.638763428 1
63 28 183.644256592 1
63 28 183.662857056 1
63 28 183.667495728 1
63 28 183.729049683 1
63 28 183.912567139 1
63 28 183.960952759 1
63 28 184.044372559 1
63 28 184.046554565 1
63 28 184.075210571 1
63 28 184.09211731 1
63 28 184.146087646 1
63 28 184.147613525 1
63 28 184.200561523 1
63 28 184.23638916 1
63 28 184.319152832 1
63 28 184.344619751 1
63 28 184.444671631 1
63 28 184.448547363 1
63 28 184.473632812 1
63 28 184.55947876 1
63 28 184.608016968 1
63 28 184.809570312 1
63 28 184.821517944 1
63 28 184.994369507 1
63 28 185.02166748 1
63 28 185.194473267 1
63 28 185.271957397 1
63 28 185.348144531 1
63 28 185.391540527 1
63 28 185.445037842 1
63 28 185.504379272 1
63 28 185.663223267 1
63 28 185.692199707 1
63 28 186.069610596 1
63 28 186.116607666 1
63 28 186.266677856 1
63 28 186.383346558 1
63 28 186.407424927 1
63 28 186.493988037 1
63 28 186.567642212 1
63 28 186.606689453 1
63 28 186.609512329 1
63 28 186.72203064 1
63 28 186.78604126 1
63 28 186.801956177 1
63 28 186.828475952 1
63 28 187.012374878 1
63 28 187.047729492 1
63 28 187.052398682 1
63 28 187.090988159 1
63 28 187.218566895 1
63 28 187.249542236 1
63 28 187.351242065 1
63 28 187.418121338 1
63 28 187.539550781 1
63 28 187.553421021 1
63 28 187.64654541 1
63 28 187.672332764 1
63 28 187.681549072 1
63 28 187.698989868 1
63 28 187.716384888 1
63 28 187.91456604 1
63 28 187.955291748 1
63 28 187.976165771 1
63 28 188.016616821 1
63 28 188.097518921 1
63 28 188.172119141 1
63 28 188.260375977 1
63 28 188.299118042 1
63 28 188.327545166 1
63 28 188.398803711 1
63 28 188.443832397 1
63 28 188.645141602 1
63 28 188.676147461 1
63 28 188.734771729 1
63 28 188.777526855 1
63 28 188.828933716 1
63 28 188.873962402 1
63 28 189.008926392 1
63 28 189.061569214 1
63 28 189.103973389 1
63 28 189.260055542 1
63 28 189.260360718 1
63 28 189.330368042 1
63 28 189.494384766 1
63 28 189.590316772 1
63 28 189.631546021 1
63 28 189.640136719 1
63 28 189.699050903 1
63 28 189.763168335 1
63 28 189.942932129 1
63 28 189.948486328 1
63 28 190.029876709 1
63 28 190.287658691 1
63 28 190.320281982 1
63 28 190.331100464 1
63 28 190.578598022 1
63 28 190.623382568 1
63 28 190.697906494 1
63 28 190.743545532 1
63 28 190.7890625 1
63 28 190.791503906 1
63 28 190.875 1
63 28 191.045974731 1
63 28 191.083618164 1
63 28 191.203170776 1
63 28 191.263427734 1
63 28 191.266479492 1
63 28 191.280853271 1
63 28 191.655731201 1
63 28 191.67578125 1
63 28 191.813934326 1
63 28 191.821243286 1
63 28 191.828536987 1
63 28 191.836898804 1
63 28 191.864959717 1
63 28 191.900985718 1
63 28 191.918823242 1
63 28 192.008682251 1
63 28 192.135314941 1
63 28 192.170654297 1
63 28 192.187683105 1
63 28 192.42805481 1
63 28 192.510375977 1
63 28 192.679199219 1
63 28 192.74446106 1
63 28 192.755737305 1
63 28 192.818984985 1
63 28 192.873001099 1
63 28 192.962890625 1
63 28 193.022384644 1
63 28 193.125366211 1
63 28 193.382781982 1
63 28 193.685577393 1
63 28 193.748672485 1
63 28 193.821548462 1
63 28 193.862442017 1
63 28 193.945327759 1
63 28 194.005310059 1
63 28 194.086425781 1
63 28 194.193328857 1
63 28 194.269134521 1
63 28 194.466522217 1
63 28 194.504974365 1
63 28 194.566543579 1
63 28 194.627914429 1
63 28 194.649261475 1
63 28 194.65814209 1
63 28 194.881607056 1
63 28 194.922531128 1
63 28 195.419998169 1
63 28 195.424072266 1
63 28 195.479980469 1
63 28 195.859344482 1
63 28 196.097900391 1
63 28 196.103561401 1
63 28 196.320022583 1
63 28 196.68447876 1
63 28 196.940719604 1
63 28 197.066680908 1
63 28 197.2290802 1
63 28 197.256744385 1
63 28 197.616012573 1
63 28 197.724517822 1
63 28 197.83543396 1
63 28 197.911575317 1
63 28 198.270935059 1
63 28 198.344604492 1
63 28 198.545654297 1
63 28 198.968994141 1
63 28 199.135650635 1
63 28 199.180053711 1
63 28 199.312805176 1
63 28 199.345489502 1
63 28 199.402084351 1
63 28 199.514083862 1
63 28 199.726486206 1
63 28 199.766296387 1
63 28 199.82850647 1
63 28 199.838195801 1
63 28 200.14024353 1
63 28 200.453552246 1
63 28 200.503341675 1
63 28 200.652526855 1
63 28 201.133728027 1
63 28 201.266433716 1
63 28 201.337966919 1
63 28 201.43270874 1
63 28 201.585784912 1
63 28 201.654571533 1
63 28 201.815414429 1
63 28 201.820632935 1
63 28 201.919448853 1
63 28 201.961105347 1
63 28 201.968017578 1
63 28 202.10269165 1
63 28 202.148773193 1
63 28 202.607498169 1
63 28 202.648742676 1
63 28 202.987167358 1
63 28 203.146286011 1
63 28 203.251953125 1
63 28 203.287887573 1
63 28 203.41696167 1
63 28 203.536254883 1
63 28 203.642074585 1
63 28 203.707397461 1
63 28 203.78338623 1
63 28 203.934341431 1
63 28 204.167938232 1
63 28 204.176025391 1
63 28 204.209976196 1
63 28 204.280471802 1
63 28 204.398956299 1
63 28 204.410430908 1
63 28 204.781036377 1
63 28 204.946212769 1
63 28 205.039382935 1
63 28 205.230224609 1
63 28 205.529754639 1
63 28 205.562347412 1
63 28 205.572006226 1
63 28 205.578567505 1
63 28 205.839752197 1
63 28 205.86050415 1
63 28 205.980255127 1
63 28 206.052764893 1
63 28 206.434066772 1
63 28 206.503143311 1
63 28 206.782775879 1
63 28 207.085464478 1
63 28 207.289459229 1
63 28 207.494216919 1
63 28 207.50302124 1
63 28 207.622848511 1
63 28 207.644622803 1
63 28 207.852813721 1
63 28 208.6222229 1
63 28 208.879455566 1
63 28 208.972290039 1
63 28 209.032287598 1
63 28 209.041244507 1
63 28 209.184799194 1
63 28 209.532501221 1
63 28 209.747451782 1
63 28 210.015548706 1
63 28 210.665527344 1
63 28 211.214996338 1
63 28 211.616394043 1
63 28 211.733230591 1
63 28 212.193023682 1
63 28 212.264724731 1
63 28 212.271316528 1
63 28 212.444488525 1
63 28 212.703491211 1
63 28 213.182113647 1
63 28 213.264266968 1
63 28 213.320404053 1
63 28 213.456344604 1
63 28 213.527694702 1
63 28 213.665924072 1
63 28 213.835998535 1
63 28 213.980560303 1
63 28 213.997497559 1
63 28 214.483718872 1
63 28 214.494537354 1
63 28 214.850524902 1
63 28 214.930725098 1
63 28 215.578231812 1
63 28 215.878890991 1
63 28 216.079284668 1
63 28 216.111099243 1
63 28 216.787658691 1
63 28 216.988677979 1
63 28 217.201843262 1
63 28 217.234039307 1
63 28 217.445297241 1
63 28 217.778152466 1
63 28 218.262893677 1
63 28 218.298187256 1
63 28 218.351608276 1
63 28 218.51461792 1
63 28 218.516784668 1
63 28 218.775253296 1
63 28 218.787963867 1
63 28 218.891876221 1
63 28 219.812225342 1
63 28 219.896484375 1
63 28 219.975738525 1
63 28 220.534820557 1
63 28 220.636764526 1
63 28 220.667114258 1
63 28 220.734329224 1
63 28 220.860839844 1
63 28 221.087265015 1
63 28 221.32484436 1
63 28 221.366577148 1
63 28 221.65234375 1
63 28 222.014968872 1
63 28 222.083084106 1
63 28 222.67515564 1
63 28 223.955551147 1
63 28 224.143127441 1
63 28 224.183441162 1
63 28 224.637573242 1
63 28 224.75088501 1
63 28 224.842834473 1
63 28 225.408706665 1
63 28 225.473892212 1
63 28 225.601089478 1
63 28 225.860931396 1
63 28 226.09161377 1
63 28 226.564041138 1
63 28 226.818862915 1
63 28 226.854171753 1
63 28 227.296203613 1
63 28 227.60748291 1
63 28 227.653579712 1
63 28 228.291442871 1
63 28 229.023803711 1
63 28 229.051864624 1
63 28 229.078613281 1
63 28 229.255844116 1
63 28 229.604095459 1
63 28 229.937850952 1
63 28 230.117645264 1
63 28 230.1612854 1
63 28 230.411849976 1
63 28 232.312835693 1
63 28 232.828201294 1
63 28 234.004333496 1
63 28 234.016921997 1
63 28 234.091888428 1
63 28 235.089874268 1
63 28 235.743453979 1
63 28 235.762817383 1
63 28 236.155639648 1
63 28 236.273208618 1
63 28 237.069335938 1
63 28 237.191925049 1
63 28 237.60559082 1
63 28 239.404312134 1
63 28 240.599578857 1
63 28 242.244842529 1
63 28 242.280334473 1
63 28 242.456451416 1
63 28 242.999053955 1
63 28 243.409637451 1
63 28 243.446655273 1
63 28 244.57901001 1
63 28 244.840087891 1
63 28 244.915435791 1
63 28 245.175964355 1
63 28 245.475448608 1
63 28 245.783828735 1
63 28 248.540359497 1
63 28 249.272628784 1
63 28 249.341751099 1
63 28 249.956802368 1
63 28 250.265487671 1
63 28 251.215942383 1
63 28 251.646636963 1
63 28 252.238861084 1
63 28 253.302719116 1
63 28 253.495727539 1
63 28 253.571228027 1
63 28 253.731079102 1
63 28 255.293182373 1
63 28 255.844268799 1
63 28 255.994018555 1
63 28 256.676208496 1
63 28 257.32019043 1
63 28 257.824035645 1
63 28 260.099151611 1
63 28 262.654663086 1
63 28 263.140167236 1
63 28 263.621398926 1
63 28 264.753753662 1
63 28 265.43170166 1
63 28 266.442749023 1
63 28 267.186309814 1
63 28 271.471191406 1
63 28 272.90927124 1
63 28 272.924133301 1
63 28 274.855926514 1
63 28 277.291809082 1
63 28 277.551025391 1
63 28 278.996612549 1
63 28 281.413299561 1
63 28 285.758087158 1
63 28 290.014038086 1
63 28 292.043579102 1
63 28 293.553070068 1
63 28 295.491546631 1
63 28 299.279815674 1
63 28 300.05065918 1
63 28 300.175689697 1
63 28 300.23059082 1
63 28 300.318786621 1
63 28 301.160919189 1
63 28 301.296478271 1
63 28 301.740325928 1
63 28 304.014129639 1
63 28 304.449981689 1
63 28 306.268829346 1
63 28 307.213470459 1
63 28 310.030181885 1
63 28 310.230957031 1
63 28 311.898498535 1
63 28 312.036560059 1
63 28 315.907806396 1
63 28 316.683349609 1
63 28 319.356719971 1
63 28 319.428924561 1
63 28 323.239562988 1
63 28 326.192596436 1
63 28 326.785430908 1
63 28 327.416534424 1
63 28 327.442352295 1
63 28 328.448455811 1
63 28 329.001922607 1
63 28 330.219116211 1
63 28 333.02911377 1
63 28 339.714355469 1
63 28 341.832397461 1
63 28 342.885650635 1
63 28 343.043548584 1
63 28 345.540985107 1
63 28 346.301300049 1
63 28 349.735168457 1
63 28 353.369354248 1
63 28 353.393310547 1
63 28 370.325744629 1
63 28 372.518035889 1
63 28 372.621154785 1
63 28 373.163024902 1
63 28 373.83291626 1
63 28 376.415435791 1
63 28 376.677307129 1
63 28 377.335723877 1
63 28 387.405456543 1
63 28 392.870452881 1
63 28 394.503295898 1
63 28 395.434387207 1
63 28 398.602874756 1
63 28 413.253173828 1
63 28 413.50479126 1
63 28 424.172546387 1
63 28 426.540679932 1
63 28 428.933807373 1
63 28 434.098968506 1
63 28 438.029602051 1
63 28 438.184875488 1
63 28 440.918731689 1
63 28 441.694335938 1
63 28 445.671173096 1
63 28 452.434387207 1
63 28 454.708129883 1
63 28 458.306945801 1
63 28 461.168792725 1
63 28 471.72076416 1
63 28 482.646850586 1
63 28 496.381896973 1
63 28 506.815216064 1
63 28 512.579101562 1
63 28 514.137451172 1
63 28 516.974487305 1
63 28 522.029968262 1
63 28 532.630615234 1
63 28 536.868286133 1
63 28 540.172485352 1
63 28 540.72479248 1
63 28 543.807189941 1
63 28 566.023803711 1
63 28 566.452331543 1
63 28 567.164978027 1
63 28 577.048583984 1
63 28 594.670288086 1
63 28 618.007995605 1
63 28 620.456481934 1
63 28 644.279907227 1
63 28 648.065246582 1
63 28 668.09375 1
63 28 698.444580078 1
63 28 728.480224609 1
63 28 730.230041504 1
63 28 737.73815918 1
63 28 756.616699219 1
63 28 771.712524414 1
63 28 774.381469727 1
63 28 783.232055664 1
63 28 785.637207031 1
63 28 828.571411133 1
63 28 912.381286621 1
63 28 921.243286133 1
63 28 922.57208252 1
63 28 944.204956055 1
63 28 1057.27490234 1
63 28 1073.95568848 1
63 28 1271.90551758 1
63 28 1674.31347656 1
63 29 79.358215332 1
63 29 79.4160690308 1
63 29 79.5732650757 1
63 29 79.7074279785 1
63 29 80.0277099609 1
63 29 80.5732574463 1
63 29 80.974647522 1
63 29 81.0068588257 1
63 29 81.0436630249 1
63 29 81.1057891846 1
63 29 81.1445617676 1
63 29 81.1568832397 1
63 29 81.1867752075 1
63 29 81.3368682861 1
63 29 81.4099349976 1
63 29 81.4375 1
63 29 81.4453125 1
63 29 81.6749191284 1
63 29 81.7550735474 1
63 29 81.8678283691 1
63 29 81.9216690063 1
63 29 81.9593429565 1
63 29 82.1816482544 1
63 29 82.3679962158 1
63 29 82.4555358887 1
63 29 82.4750137329 1
63 29 82.5279006958 1
63 29 82.5908508301 1
63 29 82.7531738281 1
63 29 82.7643737793 1
63 29 82.7891235352 1
63 29 82.8401184082 1
63 29 82.8520050049 1
63 29 82.8975448608 1
63 29 82.9262084961 1
63 29 82.9531784058 1
63 29 83.0315246582 1
63 29 83.0425949097 1
63 29 83.0926895142 1
63 29 83.1508789062 1
63 29 83.2440719604 1
63 29 83.2622756958 1
63 29 83.3059997559 1
63 29 83.3184814453 1
63 29 83.3494415283 1
63 29 83.4509124756 1
63 29 83.5496368408 1
63 29 83.6778488159 1
63 29 83.7087020874 1
63 29 83.7190704346 1
63 29 83.7588806152 1
63 29 83.7668609619 1
63 29 83.7954025269 1
63 29 83.80078125 1
63 29 83.808380127 1
63 29 83.8231735229 1
63 29 83.8314819336 1
63 29 83.9000015259 1
63 29 83.9047546387 1
63 29 83.9453659058 1
63 29 84.0740890503 1
63 29 84.0752792358 1
63 29 84.0808639526 1
63 29 84.0881347656 1
63 29 84.1135940552 1
63 29 84.1220932007 1
63 29 84.1546554565 1
63 29 84.1680755615 1
63 29 84.1861877441 1
63 29 84.204750061 1
63 29 84.2235641479 1
63 29 84.2372665405 1
63 29 84.2400894165 1
63 29 84.2848892212 1
63 29 84.3133773804 1
63 29 84.3452377319 1
63 29 84.3511276245 1
63 29 84.3515090942 1
63 29 84.354019165 1
63 29 84.3783340454 1
63 29 84.4429168701 1
63 29 84.4479217529 1
63 29 84.4947967529 1
63 29 84.4974365234 1
63 29 84.499710083 1
63 29 84.5342636108 1
63 29 84.553024292 1
63 29 84.626083374 1
63 29 84.661567688 1
63 29 84.6709747314 1
63 29 84.6745681763 1
63 29 84.7005081177 1
63 29 84.7256393433 1
63 29 84.7447433472 1
63 29 84.7456436157 1
63 29 84.7615356445 1
63 29 84.7892990112 1
63 29 84.8068847656 1
63 29 84.8162612915 1
63 29 84.818611145 1
63 29 84.8300323486 1
63 29 84.8614501953 1
63 29 84.8796768188 1
63 29 84.909324646 1
63 29 84.951499939 1
63 29 85.0366210938 1
63 29 85.0375671387 1
63 29 85.05052948 1
63 29 85.0540084839 1
63 29 85.0693283081 1
63 29 85.0765533447 1
63 29 85.076965332 1
63 29 85.0896606445 1
63 29 85.1000671387 1
63 29 85.111000061 1
63 29 85.1277084351 1
63 29 85.2028884888 1
63 29 85.2420272827 1
63 29 85.2798919678 1
63 29 85.2883377075 1
63 29 85.3093032837 1
63 29 85.3141174316 1
63 29 85.3188705444 1
63 29 85.3453063965 1
63 29 85.3522949219 1
63 29 85.3619918823 1
63 29 85.3766555786 1
63 29 85.4057235718 1
63 29 85.4059829712 1
63 29 85.4145584106 1
63 29 85.4441452026 1
63 29 85.4730834961 1
63 29 85.5201034546 1
63 29 85.5327453613 1
63 29 85.5883255005 1
63 29 85.6055603027 1
63 29 85.6133956909 1
63 29 85.6279296875 1
63 29 85.6392745972 1
63 29 85.6490402222 1
63 29 85.675239563 1
63 29 85.708984375 1
63 29 85.7367706299 1
63 29 85.7469406128 1
63 29 85.7483139038 1
63 29 85.7647705078 1
63 29 85.7723464966 1
63 29 85.7754821777 1
63 29 85.7802047729 1
63 29 85.8378829956 1
63 29 85.8885345459 1
63 29 85.8921661377 1
63 29 85.9258804321 1
63 29 85.9275970459 1
63 29 85.9292831421 1
63 29 86.0094604492 1
63 29 86.0654220581 1
63 29 86.0772323608 1
63 29 86.0922622681 1
63 29 86.0988845825 1
63 29 86.1462173462 1
63 29 86.1516036987 1
63 29 86.1910629272 1
63 29 86.2042999268 1
63 29 86.2091827393 1
63 29 86.2116851807 1
63 29 86.2488021851 1
63 29 86.2815628052 1
63 29 86.2958297729 1
63 29 86.3013000488 1
63 29 86.306022644 1
63 29 86.3182983398 1
63 29 86.3195114136 1
63 29 86.321975708 1
63 29 86.3274688721 1
63 29 86.3483886719 1
63 29 86.3587799072 1
63 29 86.3619918823 1
63 29 86.3623275757 1
63 29 86.4280090332 1
63 29 86.4465255737 1
63 29 86.4576187134 1
63 29 86.4689025879 1
63 29 86.4832305908 1
63 29 86.4957885742 1
63 29 86.5173492432 1
63 29 86.5216293335 1
63 29 86.5267333984 1
63 29 86.5274658203 1
63 29 86.5369186401 1
63 29 86.5487289429 1
63 29 86.5545120239 1
63 29 86.5646133423 1
63 29 86.5784912109 1
63 29 86.6117858887 1
63 29 86.6468887329 1
63 29 86.6603469849 1
63 29 86.6635818481 1
63 29 86.6700820923 1
63 29 86.6725006104 1
63 29 86.7116165161 1
63 29 86.7485733032 1
63 29 86.805480957 1
63 29 86.8321456909 1
63 29 86.8383026123 1
63 29 86.8387527466 1
63 29 86.8480453491 1
63 29 86.8523483276 1
63 29 86.8908309937 1
63 29 86.8957366943 1
63 29 86.9143981934 1
63 29 86.9229202271 1
63 29 86.9241943359 1
63 29 86.9270858765 1
63 29 86.9301528931 1
63 29 86.9335479736 1
63 29 86.9351654053 1
63 29 86.9367828369 1
63 29 86.9560241699 1
63 29 86.9560470581 1
63 29 86.9579238892 1
63 29 86.9798583984 1
63 29 86.9801177979 1
63 29 86.9839706421 1
63 29 86.9844589233 1
63 29 86.9926223755 1
63 29 87.0147781372 1
63 29 87.1008834839 1
63 29 87.1101913452 1
63 29 87.1424102783 1
63 29 87.1613769531 1
63 29 87.2075881958 1
63 29 87.215385437 1
63 29 87.2179946899 1
63 29 87.2251281738 1
63 29 87.2378845215 1
63 29 87.2401733398 1
63 29 87.2422409058 1
63 29 87.2706298828 1
63 29 87.2920684814 1
63 29 87.3375549316 1
63 29 87.3406677246 1
63 29 87.3439025879 1
63 29 87.3475570679 1
63 29 87.3511505127 1
63 29 87.352432251 1
63 29 87.3571472168 1
63 29 87.372543335 1
63 29 87.3887863159 1
63 29 87.4304046631 1
63 29 87.463180542 1
63 29 87.4907836914 1
63 29 87.4920425415 1
63 29 87.4944458008 1
63 29 87.4968490601 1
63 29 87.5146026611 1
63 29 87.5266418457 1
63 29 87.5335922241 1
63 29 87.5357131958 1
63 29 87.5448608398 1
63 29 87.5622253418 1
63 29 87.5860519409 1
63 29 87.6056671143 1
63 29 87.6076049805 1
63 29 87.6085891724 1
63 29 87.6235122681 1
63 29 87.6362915039 1
63 29 87.6364212036 1
63 29 87.6541748047 1
63 29 87.6600646973 1
63 29 87.6714401245 1
63 29 87.6718139648 1
63 29 87.6752090454 1
63 29 87.6756820679 1
63 29 87.6949234009 1
63 29 87.6965866089 1
63 29 87.6974258423 1
63 29 87.7029266357 1
63 29 87.7102127075 1
63 29 87.7246246338 1
63 29 87.7261352539 1
63 29 87.7505111694 1
63 29 87.7532501221 1
63 29 87.7548980713 1
63 29 87.7831573486 1
63 29 87.7886734009 1
63 29 87.7898330688 1
63 29 87.8014068604 1
63 29 87.8114013672 1
63 29 87.8125152588 1
63 29 87.8433761597 1
63 29 87.8682937622 1
63 29 87.8740615845 1
63 29 87.8843536377 1
63 29 87.90675354 1
63 29 87.9541625977 1
63 29 87.9602050781 1
63 29 87.9890975952 1
63 29 87.9906463623 1
63 29 88.0208053589 1
63 29 88.0255584717 1
63 29 88.03175354 1
63 29 88.0422439575 1
63 29 88.1092910767 1
63 29 88.1108779907 1
63 29 88.1117935181 1
63 29 88.113243103 1
63 29 88.1287460327 1
63 29 88.1339111328 1
63 29 88.179397583 1
63 29 88.2296524048 1
63 29 88.2337493896 1
63 29 88.2582015991 1
63 29 88.2836380005 1
63 29 88.3037414551 1
63 29 88.3177490234 1
63 29 88.3279266357 1
63 29 88.3283538818 1
63 29 88.3368606567 1
63 29 88.3383712769 1
63 29 88.3647232056 1
63 29 88.3738632202 1
63 29 88.3928909302 1
63 29 88.4024658203 1
63 29 88.4051132202 1
63 29 88.4576339722 1
63 29 88.4646835327 1
63 29 88.4819030762 1
63 29 88.4852676392 1
63 29 88.488319397 1
63 29 88.4984817505 1
63 29 88.5071640015 1
63 29 88.510093689 1
63 29 88.532371521 1
63 29 88.5522232056 1
63 29 88.557258606 1
63 29 88.5591430664 1
63 29 88.568031311 1
63 29 88.588973999 1
63 29 88.6075592041 1
63 29 88.6211471558 1
63 29 88.6349563599 1
63 29 88.6424331665 1
63 29 88.6434707642 1
63 29 88.6464538574 1
63 29 88.6498260498 1
63 29 88.6594085693 1
63 29 88.6645584106 1
63 29 88.6717453003 1
63 29 88.6722564697 1
63 29 88.6748275757 1
63 29 88.691368103 1
63 29 88.693572998 1
63 29 88.7055053711 1
63 29 88.7072143555 1
63 29 88.7144622803 1
63 29 88.7189712524 1
63 29 88.7454528809 1
63 29 88.7472229004 1
63 29 88.7801132202 1
63 29 88.8050842285 1
63 29 88.8149032593 1
63 29 88.8314361572 1
63 29 88.8377075195 1
63 29 88.8440475464 1
63 29 88.8697738647 1
63 29 88.875617981 1
63 29 88.879119873 1
63 29 88.8820571899 1
63 29 88.8828811646 1
63 29 88.8846740723 1
63 29 88.8874206543 1
63 29 88.8881835938 1
63 29 88.8992233276 1
63 29 88.9085464478 1
63 29 88.9138336182 1
63 29 88.9172058105 1
63 29 88.9252319336 1
63 29 88.9361877441 1
63 29 88.9620513916 1
63 29 88.97240448 1
63 29 88.9771118164 1
63 29 88.9984817505 1
63 29 89.001159668 1
63 29 89.0189208984 1
63 29 89.0264053345 1
63 29 89.0312042236 1
63 29 89.035194397 1
63 29 89.0484313965 1
63 29 89.0959472656 1
63 29 89.1110992432 1
63 29 89.119758606 1
63 29 89.1238479614 1
63 29 89.1347579956 1
63 29 89.1425018311 1
63 29 89.1492996216 1
63 29 89.1680297852 1
63 29 89.1820144653 1
63 29 89.1834869385 1
63 29 89.1890411377 1
63 29 89.2121200562 1
63 29 89.216255188 1
63 29 89.2382278442 1
63 29 89.2406082153 1
63 29 89.2447280884 1
63 29 89.2528381348 1
63 29 89.2618942261 1
63 29 89.2646179199 1
63 29 89.2809677124 1
63 29 89.2833251953 1
63 29 89.2840270996 1
63 29 89.2852630615 1
63 29 89.2993545532 1
63 29 89.3034057617 1
63 29 89.3071060181 1
63 29 89.321434021 1
63 29 89.3394699097 1
63 29 89.3451843262 1
63 29 89.358795166 1
63 29 89.3759384155 1
63 29 89.3847198486 1
63 29 89.3851928711 1
63 29 89.4113311768 1
63 29 89.4125289917 1
63 29 89.4182434082 1
63 29 89.4205322266 1
63 29 89.4211425781 1
63 29 89.4216995239 1
63 29 89.4446334839 1
63 29 89.4580764771 1
63 29 89.4613876343 1
63 29 89.4720001221 1
63 29 89.4732818604 1
63 29 89.4847946167 1
63 29 89.536781311 1
63 29 89.5369949341 1
63 29 89.5736999512 1
63 29 89.6367645264 1
63 29 89.6481552124 1
63 29 89.6675949097 1
63 29 89.7045059204 1
63 29 89.7134170532 1
63 29 89.7378463745 1
63 29 89.741355896 1
63 29 89.7521057129 1
63 29 89.7540893555 1
63 29 89.7587814331 1
63 29 89.7602615356 1
63 29 89.7607498169 1
63 29 89.7675094604 1
63 29 89.7720870972 1
63 29 89.7720870972 1
63 29 89.779045105 1
63 29 89.7848510742 1
63 29 89.7876586914 1
63 29 89.7939758301 1
63 29 89.7944641113 1
63 29 89.7957992554 1
63 29 89.8201675415 1
63 29 89.8493270874 1
63 29 89.8560943604 1
63 29 89.8566207886 1
63 29 89.8592453003 1
63 29 89.8728866577 1
63 29 89.8798599243 1
63 29 89.8811187744 1
63 29 89.8945770264 1
63 29 89.9152603149 1
63 29 89.91822052 1
63 29 89.9297332764 1
63 29 89.9496841431 1
63 29 89.9514465332 1
63 29 89.9653930664 1
63 29 89.9659347534 1
63 29 89.9771194458 1
63 29 89.9961547852 1
63 29 90.0182189941 1
63 29 90.0579223633 1
63 29 90.0589828491 1
63 29 90.0642471313 1
63 29 90.0663909912 1
63 29 90.0922775269 1
63 29 90.0944137573 1
63 29 90.0952987671 1
63 29 90.1375579834 1
63 29 90.1423492432 1
63 29 90.148979187 1
63 29 90.1529388428 1
63 29 90.1581573486 1
63 29 90.1585769653 1
63 29 90.1635437012 1
63 29 90.16355896 1
63 29 90.1650314331 1
63 29 90.165435791 1
63 29 90.1668930054 1
63 29 90.184425354 1
63 29 90.1893234253 1
63 29 90.198425293 1
63 29 90.1999435425 1
63 29 90.2006759644 1
63 29 90.2180557251 1
63 29 90.2609405518 1
63 29 90.2624740601 1
63 29 90.2763214111 1
63 29 90.2861328125 1
63 29 90.2943572998 1
63 29 90.3210144043 1
63 29 90.3276443481 1
63 29 90.3282241821 1
63 29 90.3629455566 1
63 29 90.3722839355 1
63 29 90.3764648438 1
63 29 90.3999710083 1
63 29 90.4053115845 1
63 29 90.4515380859 1
63 29 90.4783630371 1
63 29 90.5145721436 1
63 29 90.5205078125 1
63 29 90.5287475586 1
63 29 90.5419692993 1
63 29 90.5609207153 1
63 29 90.5674209595 1
63 29 90.5760040283 1
63 29 90.6087493896 1
63 29 90.620262146 1
63 29 90.628578186 1
63 29 90.6339492798 1
63 29 90.6513214111 1
63 29 90.6829299927 1
63 29 90.6868515015 1
63 29 90.6962890625 1
63 29 90.7023162842 1
63 29 90.7063980103 1
63 29 90.7123718262 1
63 29 90.7200393677 1
63 29 90.7261810303 1
63 29 90.7378005981 1
63 29 90.7388763428 1
63 29 90.7585220337 1
63 29 90.758644104 1
63 29 90.770866394 1
63 29 90.7801742554 1
63 29 90.8105163574 1
63 29 90.8152923584 1
63 29 90.8202209473 1
63 29 90.8415756226 1
63 29 90.8498306274 1
63 29 90.8511352539 1
63 29 90.888092041 1
63 29 90.8921203613 1
63 29 90.9006729126 1
63 29 90.903793335 1
63 29 90.9128646851 1
63 29 90.9149475098 1
63 29 90.916557312 1
63 29 90.9268722534 1
63 29 90.9326705933 1
63 29 90.9405517578 1
63 29 90.9771957397 1
63 29 90.9904327393 1
63 29 90.9970932007 1
63 29 90.9989547729 1
63 29 91.0147094727 1
63 29 91.0220489502 1
63 29 91.0243759155 1
63 29 91.0611953735 1
63 29 91.0714950562 1
63 29 91.0832519531 1
63 29 91.0904388428 1
63 29 91.0958709717 1
63 29 91.1202468872 1
63 29 91.1372756958 1
63 29 91.1502761841 1
63 29 91.1507568359 1
63 29 91.1536178589 1
63 29 91.1807861328 1
63 29 91.1813964844 1
63 29 91.196647644 1
63 29 91.2011108398 1
63 29 91.2016372681 1
63 29 91.2160339355 1
63 29 91.2219390869 1
63 29 91.2451019287 1
63 29 91.2566299438 1
63 29 91.2720184326 1
63 29 91.2895965576 1
63 29 91.2935028076 1
63 29 91.2978210449 1
63 29 91.3152084351 1
63 29 91.3223342896 1
63 29 91.3288803101 1
63 29 91.3400039673 1
63 29 91.3588790894 1
63 29 91.36277771 1
63 29 91.3823547363 1
63 29 91.3891677856 1
63 29 91.3969650269 1
63 29 91.4019317627 1
63 29 91.4020767212 1
63 29 91.4088363647 1
63 29 91.4092712402 1
63 29 91.4149932861 1
63 29 91.4198226929 1
63 29 91.4246444702 1
63 29 91.4273605347 1
63 29 91.4531173706 1
63 29 91.4583740234 1
63 29 91.459312439 1
63 29 91.4688339233 1
63 29 91.4745254517 1
63 29 91.4786834717 1
63 29 91.479057312 1
63 29 91.4926300049 1
63 29 91.5208435059 1
63 29 91.5285644531 1
63 29 91.5638198853 1
63 29 91.5785675049 1
63 29 91.5844039917 1
63 29 91.5854110718 1
63 29 91.6134338379 1
63 29 91.63306427 1
63 29 91.6536483765 1
63 29 91.6625213623 1
63 29 91.6773605347 1
63 29 91.6850509644 1
63 29 91.6985626221 1
63 29 91.7108840942 1
63 29 91.7246780396 1
63 29 91.7289352417 1
63 29 91.7334899902 1
63 29 91.7358551025 1
63 29 91.7398452759 1
63 29 91.7412948608 1
63 29 91.7669219971 1
63 29 91.7681274414 1
63 29 91.7696151733 1
63 29 91.7803115845 1
63 29 91.7823944092 1
63 29 91.7862472534 1
63 29 91.793838501 1
63 29 91.7983779907 1
63 29 91.8025588989 1
63 29 91.8083496094 1
63 29 91.829536438 1
63 29 91.8302612305 1
63 29 91.8310852051 1
63 29 91.8344497681 1
63 29 91.8459091187 1
63 29 91.8466186523 1
63 29 91.8562316895 1
63 29 91.8574829102 1
63 29 91.8602981567 1
63 29 91.8795700073 1
63 29 91.8818435669 1
63 29 91.8926315308 1
63 29 91.9001464844 1
63 29 91.9077224731 1
63 29 91.9082870483 1
63 29 91.9316940308 1
63 29 91.935333252 1
63 29 91.9393157959 1
63 29 91.942276001 1
63 29 91.9544067383 1
63 29 91.9643859863 1
63 29 91.9659347534 1
63 29 91.9798965454 1
63 29 91.9912490845 1
63 29 91.9985580444 1
63 29 92.0183639526 1
63 29 92.0269088745 1
63 29 92.0305252075 1
63 29 92.0314941406 1
63 29 92.0455093384 1
63 29 92.0495071411 1
63 29 92.0497360229 1
63 29 92.0531005859 1
63 29 92.059928894 1
63 29 92.0711975098 1
63 29 92.0858917236 1
63 29 92.1196975708 1
63 29 92.1218643188 1
63 29 92.1281280518 1
63 29 92.1516952515 1
63 29 92.1555023193 1
63 29 92.1627883911 1
63 29 92.1782455444 1
63 29 92.185508728 1
63 29 92.1868438721 1
63 29 92.1919174194 1
63 29 92.199798584 1
63 29 92.2087936401 1
63 29 92.2147216797 1
63 29 92.2157897949 1
63 29 92.2194824219 1
63 29 92.2395706177 1
63 29 92.2583694458 1
63 29 92.2786102295 1
63 29 92.2877655029 1
63 29 92.2881240845 1
63 29 92.3250427246 1
63 29 92.326713562 1
63 29 92.364402771 1
63 29 92.3726272583 1
63 29 92.3914260864 1
63 29 92.393409729 1
63 29 92.3980789185 1
63 29 92.4032974243 1
63 29 92.4226913452 1
63 29 92.4334335327 1
63 29 92.4363632202 1
63 29 92.436920166 1
63 29 92.4436416626 1
63 29 92.4439849854 1
63 29 92.4456481934 1
63 29 92.4487838745 1
63 29 92.4526977539 1
63 29 92.4708709717 1
63 29 92.4769668579 1
63 29 92.4972763062 1
63 29 92.5098953247 1
63 29 92.5198898315 1
63 29 92.5726165771 1
63 29 92.5736846924 1
63 29 92.5856933594 1
63 29 92.5905838013 1
63 29 92.6113357544 1
63 29 92.6292190552 1
63 29 92.6338424683 1
63 29 92.6404724121 1
63 29 92.6446533203 1
63 29 92.6518096924 1
63 29 92.6588973999 1
63 29 92.6596298218 1
63 29 92.6703109741 1
63 29 92.6725540161 1
63 29 92.7091522217 1
63 29 92.7094726562 1
63 29 92.7157897949 1
63 29 92.7186431885 1
63 29 92.7244491577 1
63 29 92.7271957397 1
63 29 92.7323150635 1
63 29 92.7323455811 1
63 29 92.7528610229 1
63 29 92.7626800537 1
63 29 92.7872085571 1
63 29 92.7895507812 1
63 29 92.8029937744 1
63 29 92.8159332275 1
63 29 92.8195419312 1
63 29 92.8359069824 1
63 29 92.8376083374 1
63 29 92.842048645 1
63 29 92.8441162109 1
63 29 92.8489303589 1
63 29 92.8521575928 1
63 29 92.8565139771 1
63 29 92.8645095825 1
63 29 92.8655548096 1
63 29 92.8720779419 1
63 29 92.8764801025 1
63 29 92.8863220215 1
63 29 92.8869781494 1
63 29 92.8916168213 1
63 29 92.8928833008 1
63 29 92.8972091675 1
63 29 92.8984222412 1
63 29 92.9113464355 1
63 29 92.9189834595 1
63 29 92.9527740479 1
63 29 92.9570236206 1
63 29 92.9642181396 1
63 29 92.9827346802 1
63 29 92.9858016968 1
63 29 92.9907913208 1
63 29 93.0014572144 1
63 29 93.0180206299 1
63 29 93.0216827393 1
63 29 93.0291366577 1
63 29 93.0309143066 1
63 29 93.0462188721 1
63 29 93.0526351929 1
63 29 93.0575408936 1
63 29 93.0624160767 1
63 29 93.0662689209 1
63 29 93.068397522 1
63 29 93.0713119507 1
63 29 93.0735855103 1
63 29 93.0757446289 1
63 29 93.0783920288 1
63 29 93.0956726074 1
63 29 93.1073226929 1
63 29 93.1359100342 1
63 29 93.1404647827 1
63 29 93.1437606812 1
63 29 93.1474075317 1
63 29 93.1587295532 1
63 29 93.1625900269 1
63 29 93.1650772095 1
63 29 93.1657943726 1
63 29 93.1972503662 1
63 29 93.2019729614 1
63 29 93.2092437744 1
63 29 93.2116088867 1
63 29 93.2129211426 1
63 29 93.2190170288 1
63 29 93.2389755249 1
63 29 93.2434387207 1
63 29 93.2589492798 1
63 29 93.2691650391 1
63 29 93.2696456909 1
63 29 93.2769317627 1
63 29 93.287147522 1
63 29 93.3171081543 1
63 29 93.3173522949 1
63 29 93.3187561035 1
63 29 93.3282241821 1
63 29 93.3306427002 1
63 29 93.3642807007 1
63 29 93.390953064 1
63 29 93.3986663818 1
63 29 93.3992385864 1
63 29 93.3999176025 1
63 29 93.4046859741 1
63 29 93.4116516113 1
63 29 93.4236602783 1
63 29 93.4261245728 1
63 29 93.4274368286 1
63 29 93.4385910034 1
63 29 93.4387435913 1
63 29 93.4449768066 1
63 29 93.453163147 1
63 29 93.4558105469 1
63 29 93.4657516479 1
63 29 93.4755935669 1
63 29 93.4780807495 1
63 29 93.4867324829 1
63 29 93.5049591064 1
63 29 93.516166687 1
63 29 93.5169906616 1
63 29 93.5231170654 1
63 29 93.5280532837 1
63 29 93.5566558838 1
63 29 93.5620574951 1
63 29 93.562789917 1
63 29 93.5672531128 1
63 29 93.5702209473 1
63 29 93.5715179443 1
63 29 93.5767440796 1
63 29 93.5874938965 1
63 29 93.6066665649 1
63 29 93.6103134155 1
63 29 93.6142578125 1
63 29 93.6396713257 1
63 29 93.6418380737 1
63 29 93.6424331665 1
63 29 93.665977478 1
63 29 93.6703186035 1
63 29 93.6719436646 1
63 29 93.6795578003 1
63 29 93.6990203857 1
63 29 93.7123260498 1
63 29 93.7293624878 1
63 29 93.729888916 1
63 29 93.7354049683 1
63 29 93.7529525757 1
63 29 93.7539520264 1
63 29 93.7542495728 1
63 29 93.7551651001 1
63 29 93.770362854 1
63 29 93.7868347168 1
63 29 93.7925415039 1
63 29 93.7981796265 1
63 29 93.8030319214 1
63 29 93.8031463623 1
63 29 93.8312301636 1
63 29 93.8329315186 1
63 29 93.8371963501 1
63 29 93.8405838013 1
63 29 93.8581390381 1
63 29 93.8582382202 1
63 29 93.9056930542 1
63 29 93.9142608643 1
63 29 93.9188232422 1
63 29 93.9320526123 1
63 29 93.9337234497 1
63 29 93.9337768555 1
63 29 93.935043335 1
63 29 93.9426574707 1
63 29 93.9822692871 1
63 29 93.9970779419 1
63 29 93.9970855713 1
63 29 94.0078964233 1
63 29 94.009979248 1
63 29 94.0213394165 1
63 29 94.0275115967 1
63 29 94.0394973755 1
63 29 94.051071167 1
63 29 94.0591125488 1
63 29 94.0593261719 1
63 29 94.0754470825 1
63 29 94.0791015625 1
63 29 94.0910949707 1
63 29 94.0948028564 1
63 29 94.0966644287 1
63 29 94.0974807739 1
63 29 94.1137390137 1
63 29 94.1151733398 1
63 29 94.1173171997 1
63 29 94.1207275391 1
63 29 94.130645752 1
63 29 94.149017334 1
63 29 94.1689376831 1
63 29 94.1694335938 1
63 29 94.1755371094 1
63 29 94.1824798584 1
63 29 94.1862411499 1
63 29 94.1907806396 1
63 29 94.2258148193 1
63 29 94.2274093628 1
63 29 94.2406921387 1
63 29 94.2431335449 1
63 29 94.2498474121 1
63 29 94.251335144 1
63 29 94.2558898926 1
63 29 94.2690963745 1
63 29 94.2754058838 1
63 29 94.2769775391 1
63 29 94.3135375977 1
63 29 94.3137283325 1
63 29 94.3360519409 1
63 29 94.3416900635 1
63 29 94.3598709106 1
63 29 94.3601760864 1
63 29 94.3603286743 1
63 29 94.3609008789 1
63 29 94.3737945557 1
63 29 94.3748016357 1
63 29 94.3825531006 1
63 29 94.3910446167 1
63 29 94.4013595581 1
63 29 94.4047927856 1
63 29 94.4233932495 1
63 29 94.4405822754 1
63 29 94.4427032471 1
63 29 94.456817627 1
63 29 94.4631958008 1
63 29 94.467880249 1
63 29 94.4710769653 1
63 29 94.4778137207 1
63 29 94.481300354 1
63 29 94.5143585205 1
63 29 94.5146026611 1
63 29 94.5282897949 1
63 29 94.5441665649 1
63 29 94.5481796265 1
63 29 94.5485992432 1
63 29 94.5680084229 1
63 29 94.5693969727 1
63 29 94.5831985474 1
63 29 94.5953216553 1
63 29 94.6041564941 1
63 29 94.6411819458 1
63 29 94.6483383179 1
63 29 94.6484680176 1
63 29 94.6621322632 1
63 29 94.6811065674 1
63 29 94.6916656494 1
63 29 94.6952590942 1
63 29 94.6993179321 1
63 29 94.7051620483 1
63 29 94.7229385376 1
63 29 94.7254638672 1
63 29 94.7365493774 1
63 29 94.7377319336 1
63 29 94.7485351562 1
63 29 94.7583770752 1
63 29 94.7602920532 1
63 29 94.7954711914 1
63 29 94.8055267334 1
63 29 94.8129806519 1
63 29 94.8287200928 1
63 29 94.8447189331 1
63 29 94.8569335938 1
63 29 94.857711792 1
63 29 94.8578567505 1
63 29 94.8677444458 1
63 29 94.8816299438 1
63 29 94.8818664551 1
63 29 94.8846054077 1
63 29 94.8869018555 1
63 29 94.8950958252 1
63 29 94.9000549316 1
63 29 94.9092941284 1
63 29 94.9141616821 1
63 29 94.9251937866 1
63 29 94.9480209351 1
63 29 94.9677505493 1
63 29 94.9710922241 1
63 29 94.983505249 1
63 29 95.0008468628 1
63 29 95.0018539429 1
63 29 95.0035400391 1
63 29 95.0108413696 1
63 29 95.0184783936 1
63 29 95.0198440552 1
63 29 95.0298614502 1
63 29 95.0342483521 1
63 29 95.0482330322 1
63 29 95.0543746948 1
63 29 95.0694198608 1
63 29 95.0708618164 1
63 29 95.1013717651 1
63 29 95.1079788208 1
63 29 95.1168441772 1
63 29 95.1191177368 1
63 29 95.148399353 1
63 29 95.1555862427 1
63 29 95.1614151001 1
63 29 95.1685028076 1
63 29 95.1745071411 1
63 29 95.1768798828 1
63 29 95.1874237061 1
63 29 95.1923446655 1
63 29 95.2050018311 1
63 29 95.2115936279 1
63 29 95.223487854 1
63 29 95.2357711792 1
63 29 95.2366867065 1
63 29 95.2440948486 1
63 29 95.285484314 1
63 29 95.3004608154 1
63 29 95.3151931763 1
63 29 95.3250045776 1
63 29 95.3354187012 1
63 29 95.3464584351 1
63 29 95.3568572998 1
63 29 95.3683776855 1
63 29 95.3756561279 1
63 29 95.3859939575 1
63 29 95.3903427124 1
63 29 95.3941268921 1
63 29 95.3944625854 1
63 29 95.3989639282 1
63 29 95.4178161621 1
63 29 95.4293823242 1
63 29 95.4569702148 1
63 29 95.4649581909 1
63 29 95.4652938843 1
63 29 95.4756774902 1
63 29 95.4870834351 1
63 29 95.4903335571 1
63 29 95.4945602417 1
63 29 95.5059814453 1
63 29 95.5096588135 1
63 29 95.5127258301 1
63 29 95.5265426636 1
63 29 95.5373916626 1
63 29 95.5678253174 1
63 29 95.5844268799 1
63 29 95.5861282349 1
63 29 95.5941619873 1
63 29 95.6021194458 1
63 29 95.6044464111 1
63 29 95.6260757446 1
63 29 95.6330490112 1
63 29 95.6350784302 1
63 29 95.6376037598 1
63 29 95.6436233521 1
63 29 95.6489715576 1
63 29 95.6700820923 1
63 29 95.6753234863 1
63 29 95.6803283691 1
63 29 95.6972579956 1
63 29 95.7159576416 1
63 29 95.7222442627 1
63 29 95.7224502563 1
63 29 95.7351379395 1
63 29 95.7357177734 1
63 29 95.7362213135 1
63 29 95.7363433838 1
63 29 95.7374649048 1
63 29 95.7377624512 1
63 29 95.7390060425 1
63 29 95.7455749512 1
63 29 95.7965164185 1
63 29 95.8051452637 1
63 29 95.8107757568 1
63 29 95.8163375854 1
63 29 95.8203887939 1
63 29 95.8249282837 1
63 29 95.8267974854 1
63 29 95.8272399902 1
63 29 95.8297042847 1
63 29 95.8399887085 1
63 29 95.845954895 1
63 29 95.8477401733 1
63 29 95.8492202759 1
63 29 95.8599243164 1
63 29 95.8601837158 1
63 29 95.8604736328 1
63 29 95.8605499268 1
63 29 95.8666305542 1
63 29 95.8847427368 1
63 29 95.8861312866 1
63 29 95.8870315552 1
63 29 95.8976516724 1
63 29 95.8991470337 1
63 29 95.8994293213 1
63 29 95.9004592896 1
63 29 95.9011077881 1
63 29 95.9132385254 1
63 29 95.920539856 1
63 29 95.9428100586 1
63 29 95.9461593628 1
63 29 95.9648361206 1
63 29 95.9791412354 1
63 29 95.9889526367 1
63 29 95.9987564087 1
63 29 96.0046768188 1
63 29 96.005355835 1
63 29 96.0128173828 1
63 29 96.0192337036 1
63 29 96.0228500366 1
63 29 96.0319290161 1
63 29 96.0345916748 1
63 29 96.0495300293 1
63 29 96.0690536499 1
63 29 96.0702590942 1
63 29 96.0713424683 1
63 29 96.0765304565 1
63 29 96.0817184448 1
63 29 96.0839996338 1
63 29 96.0841217041 1
63 29 96.0865249634 1
63 29 96.0874557495 1
63 29 96.1091766357 1
63 29 96.1190643311 1
63 29 96.1241607666 1
63 29 96.1272888184 1
63 29 96.1332778931 1
63 29 96.1517333984 1
63 29 96.1593780518 1
63 29 96.1627578735 1
63 29 96.1690368652 1
63 29 96.1712265015 1
63 29 96.1721115112 1
63 29 96.178894043 1
63 29 96.1835861206 1
63 29 96.1965713501 1
63 29 96.2161331177 1
63 29 96.2286300659 1
63 29 96.2318649292 1
63 29 96.2342987061 1
63 29 96.2416152954 1
63 29 96.2725830078 1
63 29 96.2745056152 1
63 29 96.2796401978 1
63 29 96.2976226807 1
63 29 96.3055801392 1
63 29 96.3207855225 1
63 29 96.3340835571 1
63 29 96.3414764404 1
63 29 96.3653259277 1
63 29 96.375 1
63 29 96.3975830078 1
63 29 96.3992843628 1
63 29 96.4027862549 1
63 29 96.4156265259 1
63 29 96.4202194214 1
63 29 96.4230957031 1
63 29 96.4322967529 1
63 29 96.4336853027 1
63 29 96.4542770386 1
63 29 96.4657440186 1
63 29 96.4798736572 1
63 29 96.4973983765 1
63 29 96.4982070923 1
63 29 96.5164794922 1
63 29 96.5226516724 1
63 29 96.5329589844 1
63 29 96.5379486084 1
63 29 96.551322937 1
63 29 96.5691375732 1
63 29 96.570022583 1
63 29 96.573387146 1
63 29 96.5767974854 1
63 29 96.5906143188 1
63 29 96.6016616821 1
63 29 96.6123809814 1
63 29 96.6134872437 1
63 29 96.6143951416 1
63 29 96.6352767944 1
63 29 96.635307312 1
63 29 96.6370239258 1
63 29 96.638168335 1
63 29 96.6424331665 1
63 29 96.6459884644 1
63 29 96.6569061279 1
63 29 96.657661438 1
63 29 96.6584472656 1
63 29 96.6621398926 1
63 29 96.6671981812 1
63 29 96.6700897217 1
63 29 96.6741256714 1
63 29 96.702583313 1
63 29 96.708732605 1
63 29 96.7288665771 1
63 29 96.7333221436 1
63 29 96.7376403809 1
63 29 96.745475769 1
63 29 96.7476425171 1
63 29 96.7573623657 1
63 29 96.7826843262 1
63 29 96.7881469727 1
63 29 96.805480957 1
63 29 96.8060913086 1
63 29 96.8079452515 1
63 29 96.8130111694 1
63 29 96.8197631836 1
63 29 96.8289031982 1
63 29 96.830909729 1
63 29 96.8343963623 1
63 29 96.8351745605 1
63 29 96.8357009888 1
63 29 96.8533782959 1
63 29 96.8642807007 1
63 29 96.865196228 1
63 29 96.8654403687 1
63 29 96.8675842285 1
63 29 96.877746582 1
63 29 96.8851776123 1
63 29 96.8925476074 1
63 29 96.8925476074 1
63 29 96.9121932983 1
63 29 96.9166488647 1
63 29 96.9177017212 1
63 29 96.9429931641 1
63 29 96.9494628906 1
63 29 96.9631729126 1
63 29 96.9662857056 1
63 29 96.9793167114 1
63 29 96.9813308716 1
63 29 96.9853973389 1
63 29 96.9870605469 1
63 29 96.9900970459 1
63 29 96.9911651611 1
63 29 96.9983062744 1
63 29 97.0067825317 1
63 29 97.008644104 1
63 29 97.0271759033 1
63 29 97.0325622559 1
63 29 97.0330581665 1
63 29 97.047492981 1
63 29 97.0514373779 1
63 29 97.0571060181 1
63 29 97.0587158203 1
63 29 97.064414978 1
63 29 97.0646896362 1
63 29 97.0718307495 1
63 29 97.0841293335 1
63 29 97.0874710083 1
63 29 97.0978546143 1
63 29 97.1204681396 1
63 29 97.1409759521 1
63 29 97.1427536011 1
63 29 97.1557769775 1
63 29 97.1842956543 1
63 29 97.1990814209 1
63 29 97.2120056152 1
63 29 97.2136459351 1
63 29 97.2178878784 1
63 29 97.2467651367 1
63 29 97.2528762817 1
63 29 97.2554168701 1
63 29 97.258354187 1
63 29 97.2801055908 1
63 29 97.2812271118 1
63 29 97.282333374 1
63 29 97.2959976196 1
63 29 97.3061828613 1
63 29 97.315246582 1
63 29 97.3266906738 1
63 29 97.3909912109 1
63 29 97.3973922729 1
63 29 97.3993453979 1
63 29 97.404045105 1
63 29 97.4076690674 1
63 29 97.4136962891 1
63 29 97.4206085205 1
63 29 97.426864624 1
63 29 97.4280319214 1
63 29 97.4313430786 1
63 29 97.4506378174 1
63 29 97.4569320679 1
63 29 97.460105896 1
63 29 97.4770278931 1
63 29 97.4817123413 1
63 29 97.4973754883 1
63 29 97.5274505615 1
63 29 97.5454483032 1
63 29 97.5544815063 1
63 29 97.5623397827 1
63 29 97.589012146 1
63 29 97.5891265869 1
63 29 97.5960845947 1
63 29 97.6119003296 1
63 29 97.6209716797 1
63 29 97.6346740723 1
63 29 97.6597976685 1
63 29 97.6646881104 1
63 29 97.6675262451 1
63 29 97.6722412109 1
63 29 97.6746673584 1
63 29 97.6848449707 1
63 29 97.7015151978 1
63 29 97.7074584961 1
63 29 97.7380981445 1
63 29 97.7476654053 1
63 29 97.7524185181 1
63 29 97.7741622925 1
63 29 97.7747802734 1
63 29 97.7809829712 1
63 29 97.7983703613 1
63 29 97.821434021 1
63 29 97.8229293823 1
63 29 97.8340682983 1
63 29 97.8520736694 1
63 29 97.8561019897 1
63 29 97.862121582 1
63 29 97.8941268921 1
63 29 97.8947677612 1
63 29 97.9024200439 1
63 29 97.9434051514 1
63 29 97.9836044312 1
63 29 98.0005569458 1
63 29 98.0037765503 1
63 29 98.0050964355 1
63 29 98.0196990967 1
63 29 98.0208358765 1
63 29 98.0499725342 1
63 29 98.0540542603 1
63 29 98.0624847412 1
63 29 98.0625839233 1
63 29 98.0809326172 1
63 29 98.0950012207 1
63 29 98.1028900146 1
63 29 98.1080627441 1
63 29 98.1104812622 1
63 29 98.1166305542 1
63 29 98.1191558838 1
63 29 98.1381835938 1
63 29 98.1513900757 1
63 29 98.1548690796 1
63 29 98.1631164551 1
63 29 98.1742553711 1
63 29 98.1965179443 1
63 29 98.2041625977 1
63 29 98.2082519531 1
63 29 98.2259597778 1
63 29 98.2304458618 1
63 29 98.2747192383 1
63 29 98.2938995361 1
63 29 98.3060913086 1
63 29 98.3133468628 1
63 29 98.3213272095 1
63 29 98.3585510254 1
63 29 98.3609848022 1
63 29 98.3627700806 1
63 29 98.3667984009 1
63 29 98.3765335083 1
63 29 98.3803710938 1
63 29 98.3809890747 1
63 29 98.3909912109 1
63 29 98.4053268433 1
63 29 98.4144210815 1
63 29 98.4330291748 1
63 29 98.433303833 1
63 29 98.4707107544 1
63 29 98.4714660645 1
63 29 98.4771728516 1
63 29 98.4854660034 1
63 29 98.4979934692 1
63 29 98.4990463257 1
63 29 98.5175323486 1
63 29 98.5205383301 1
63 29 98.5238113403 1
63 29 98.5339660645 1
63 29 98.5447311401 1
63 29 98.5587844849 1
63 29 98.5841903687 1
63 29 98.5925674438 1
63 29 98.6048278809 1
63 29 98.6269989014 1
63 29 98.6416091919 1
63 29 98.6560058594 1
63 29 98.6633758545 1
63 29 98.6808776855 1
63 29 98.6924362183 1
63 29 98.7033843994 1
63 29 98.7054367065 1
63 29 98.7141494751 1
63 29 98.7221908569 1
63 29 98.7312698364 1
63 29 98.7482528687 1
63 29 98.7718887329 1
63 29 98.7917709351 1
63 29 98.8360214233 1
63 29 98.8399505615 1
63 29 98.8480682373 1
63 29 98.8523330688 1
63 29 98.863319397 1
63 29 98.8719787598 1
63 29 98.8869400024 1
63 29 98.8878173828 1
63 29 98.9106674194 1
63 29 98.9108505249 1
63 29 98.9119262695 1
63 29 98.9367752075 1
63 29 98.9471054077 1
63 29 98.9488830566 1
63 29 98.9518585205 1
63 29 98.9534378052 1
63 29 98.9597244263 1
63 29 98.9599533081 1
63 29 98.9702758789 1
63 29 98.9901733398 1
63 29 98.9922943115 1
63 29 98.997467041 1
63 29 99.0459136963 1
63 29 99.0492095947 1
63 29 99.0587539673 1
63 29 99.0699768066 1
63 29 99.0729675293 1
63 29 99.0780792236 1
63 29 99.0848922729 1
63 29 99.1063156128 1
63 29 99.1328125 1
63 29 99.141242981 1
63 29 99.1721954346 1
63 29 99.1966094971 1
63 29 99.2025375366 1
63 29 99.2490768433 1
63 29 99.2518692017 1
63 29 99.2722930908 1
63 29 99.2827835083 1
63 29 99.2905197144 1
63 29 99.2958221436 1
63 29 99.3256530762 1
63 29 99.3508682251 1
63 29 99.3539276123 1
63 29 99.3578186035 1
63 29 99.369430542 1
63 29 99.3719329834 1
63 29 99.3868026733 1
63 29 99.3972473145 1
63 29 99.40284729 1
63 29 99.4048309326 1
63 29 99.423614502 1
63 29 99.4379806519 1
63 29 99.4501571655 1
63 29 99.45677948 1
63 29 99.4607467651 1
63 29 99.475982666 1
63 29 99.4791107178 1
63 29 99.4792556763 1
63 29 99.5073013306 1
63 29 99.5089950562 1
63 29 99.5322647095 1
63 29 99.5348510742 1
63 29 99.5922470093 1
63 29 99.6151580811 1
63 29 99.6218490601 1
63 29 99.6238098145 1
63 29 99.6547164917 1
63 29 99.6589431763 1
63 29 99.6734085083 1
63 29 99.6739883423 1
63 29 99.6885528564 1
63 29 99.6923599243 1
63 29 99.7010803223 1
63 29 99.7126083374 1
63 29 99.7249908447 1
63 29 99.7397232056 1
63 29 99.7704849243 1
63 29 99.840423584 1
63 29 99.8470077515 1
63 29 99.8498077393 1
63 29 99.8508682251 1
63 29 99.8545074463 1
63 29 99.8643112183 1
63 29 99.873626709 1
63 29 99.8737487793 1
63 29 99.8770523071 1
63 29 99.9082183838 1
63 29 99.9499359131 1
63 29 99.9587554932 1
63 29 99.9649124146 1
63 29 99.9786834717 1
63 29 99.9908828735 1
63 29 100.002410889 1
63 29 100.014472961 1
63 29 100.01990509 1
63 29 100.021881104 1
63 29 100.027107239 1
63 29 100.033584595 1
63 29 100.058364868 1
63 29 100.067779541 1
63 29 100.071586609 1
63 29 100.072921753 1
63 29 100.123207092 1
63 29 100.127990723 1
63 29 100.139900208 1
63 29 100.143676758 1
63 29 100.199897766 1
63 29 100.203323364 1
63 29 100.207458496 1
63 29 100.230819702 1
63 29 100.260627747 1
63 29 100.27368927 1
63 29 100.273750305 1
63 29 100.297439575 1
63 29 100.298088074 1
63 29 100.317253113 1
63 29 100.318733215 1
63 29 100.320899963 1
63 29 100.322822571 1
63 29 100.346611023 1
63 29 100.363945007 1
63 29 100.369438171 1
63 29 100.384429932 1
63 29 100.401039124 1
63 29 100.487174988 1
63 29 100.492637634 1
63 29 100.498832703 1
63 29 100.500442505 1
63 29 100.531265259 1
63 29 100.537162781 1
63 29 100.546279907 1
63 29 100.563407898 1
63 29 100.564064026 1
63 29 100.582740784 1
63 29 100.602340698 1
63 29 100.602409363 1
63 29 100.635498047 1
63 29 100.659156799 1
63 29 100.67540741 1
63 29 100.679519653 1
63 29 100.679695129 1
63 29 100.713294983 1
63 29 100.723007202 1
63 29 100.725509644 1
63 29 100.742637634 1
63 29 100.747970581 1
63 29 100.764305115 1
63 29 100.76927948 1
63 29 100.779853821 1
63 29 100.788452148 1
63 29 100.804702759 1
63 29 100.807525635 1
63 29 100.817985535 1
63 29 100.832565308 1
63 29 100.846206665 1
63 29 100.852859497 1
63 29 100.876373291 1
63 29 100.882293701 1
63 29 100.904022217 1
63 29 100.907371521 1
63 29 100.909164429 1
63 29 100.918952942 1
63 29 100.926994324 1
63 29 100.937202454 1
63 29 100.956718445 1
63 29 100.965866089 1
63 29 100.980392456 1
63 29 100.992843628 1
63 29 101.015319824 1
63 29 101.020561218 1
63 29 101.050498962 1
63 29 101.058578491 1
63 29 101.103660583 1
63 29 101.106765747 1
63 29 101.113342285 1
63 29 101.114173889 1
63 29 101.14175415 1
63 29 101.162330627 1
63 29 101.219451904 1
63 29 101.230499268 1
63 29 101.251869202 1
63 29 101.259246826 1
63 29 101.277809143 1
63 29 101.296257019 1
63 29 101.301300049 1
63 29 101.346725464 1
63 29 101.358146667 1
63 29 101.366111755 1
63 29 101.386474609 1
63 29 101.406814575 1
63 29 101.41456604 1
63 29 101.416297913 1
63 29 101.428215027 1
63 29 101.508087158 1
63 29 101.508773804 1
63 29 101.518928528 1
63 29 101.527450562 1
63 29 101.539672852 1
63 29 101.545783997 1
63 29 101.554100037 1
63 29 101.588562012 1
63 29 101.644119263 1
63 29 101.666908264 1
63 29 101.667762756 1
63 29 101.688423157 1
63 29 101.698326111 1
63 29 101.700149536 1
63 29 101.711967468 1
63 29 101.713050842 1
63 29 101.749229431 1
63 29 101.77394104 1
63 29 101.784538269 1
63 29 101.797554016 1
63 29 101.802459717 1
63 29 101.812637329 1
63 29 101.819480896 1
63 29 101.847839355 1
63 29 101.848365784 1
63 29 101.85344696 1
63 29 101.857284546 1
63 29 101.864593506 1
63 29 101.865135193 1
63 29 101.870414734 1
63 29 101.878349304 1
63 29 101.889549255 1
63 29 101.902198792 1
63 29 101.90700531 1
63 29 101.916038513 1
63 29 101.941390991 1
63 29 101.942337036 1
63 29 101.961509705 1
63 29 101.971153259 1
63 29 101.976264954 1
63 29 101.981712341 1
63 29 101.995559692 1
63 29 102.026870728 1
63 29 102.03377533 1
63 29 102.048454285 1
63 29 102.066734314 1
63 29 102.085083008 1
63 29 102.089752197 1
63 29 102.090270996 1
63 29 102.096046448 1
63 29 102.096641541 1
63 29 102.098960876 1
63 29 102.101982117 1
63 29 102.116256714 1
63 29 102.120475769 1
63 29 102.203346252 1
63 29 102.214447021 1
63 29 102.246421814 1
63 29 102.2681427 1
63 29 102.293746948 1
63 29 102.318908691 1
63 29 102.3279953 1
63 29 102.330863953 1
63 29 102.344078064 1
63 29 102.349861145 1
63 29 102.353378296 1
63 29 102.358078003 1
63 29 102.365386963 1
63 29 102.375587463 1
63 29 102.403656006 1
63 29 102.408584595 1
63 29 102.422286987 1
63 29 102.456565857 1
63 29 102.467399597 1
63 29 102.479316711 1
63 29 102.491203308 1
63 29 102.513565063 1
63 29 102.519378662 1
63 29 102.538406372 1
63 29 102.547874451 1
63 29 102.59336853 1
63 29 102.599525452 1
63 29 102.630470276 1
63 29 102.630516052 1
63 29 102.673614502 1
63 29 102.685249329 1
63 29 102.694908142 1
63 29 102.717849731 1
63 29 102.739433289 1
63 29 102.76525116 1
63 29 102.786079407 1
63 29 102.786369324 1
63 29 102.803474426 1
63 29 102.838272095 1
63 29 102.856117249 1
63 29 102.860687256 1
63 29 102.878562927 1
63 29 102.882270813 1
63 29 102.891197205 1
63 29 102.896087646 1
63 29 102.905830383 1
63 29 102.909248352 1
63 29 102.934677124 1
63 29 102.937026978 1
63 29 102.948661804 1
63 29 102.96522522 1
63 29 102.976860046 1
63 29 102.985107422 1
63 29 103.006111145 1
63 29 103.006668091 1
63 29 103.027366638 1
63 29 103.034362793 1
63 29 103.126869202 1
63 29 103.203201294 1
63 29 103.212112427 1
63 29 103.217285156 1
63 29 103.223930359 1
63 29 103.22555542 1
63 29 103.228248596 1
63 29 103.233253479 1
63 29 103.234039307 1
63 29 103.244064331 1
63 29 103.270904541 1
63 29 103.271186829 1
63 29 103.27305603 1
63 29 103.292266846 1
63 29 103.323295593 1
63 29 103.359008789 1
63 29 103.378631592 1
63 29 103.379837036 1
63 29 103.381568909 1
63 29 103.403121948 1
63 29 103.409362793 1
63 29 103.428184509 1
63 29 103.437950134 1
63 29 103.438491821 1
63 29 103.460189819 1
63 29 103.495353699 1
63 29 103.496635437 1
63 29 103.540542603 1
63 29 103.561424255 1
63 29 103.561843872 1
63 29 103.567436218 1
63 29 103.580810547 1
63 29 103.605682373 1
63 29 103.63710022 1
63 29 103.653022766 1
63 29 103.701660156 1
63 29 103.744613647 1
63 29 103.762763977 1
63 29 103.785331726 1
63 29 103.787445068 1
63 29 103.873931885 1
63 29 103.887062073 1
63 29 103.896728516 1
63 29 103.909042358 1
63 29 103.917121887 1
63 29 104.002838135 1
63 29 104.022773743 1
63 29 104.049446106 1
63 29 104.0520401 1
63 29 104.067092896 1
63 29 104.087142944 1
63 29 104.097846985 1
63 29 104.099983215 1
63 29 104.111129761 1
63 29 104.114944458 1
63 29 104.125984192 1
63 29 104.133636475 1
63 29 104.14831543 1
63 29 104.201332092 1
63 29 104.208030701 1
63 29 104.224952698 1
63 29 104.264602661 1
63 29 104.30796814 1
63 29 104.31451416 1
63 29 104.320480347 1
63 29 104.330421448 1
63 29 104.335647583 1
63 29 104.357711792 1
63 29 104.361930847 1
63 29 104.380493164 1
63 29 104.388435364 1
63 29 104.419586182 1
63 29 104.437522888 1
63 29 104.456741333 1
63 29 104.471252441 1
63 29 104.492095947 1
63 29 104.511810303 1
63 29 104.519630432 1
63 29 104.5337677 1
63 29 104.547447205 1
63 29 104.5493927 1
63 29 104.580879211 1
63 29 104.586372375 1
63 29 104.598937988 1
63 29 104.601829529 1
63 29 104.603004456 1
63 29 104.608825684 1
63 29 104.622688293 1
63 29 104.673500061 1
63 29 104.694549561 1
63 29 104.709625244 1
63 29 104.738937378 1
63 29 104.740341187 1
63 29 104.777114868 1
63 29 104.801361084 1
63 29 104.863388062 1
63 29 104.884216309 1
63 29 104.885185242 1
63 29 104.906394958 1
63 29 104.931427002 1
63 29 104.93687439 1
63 29 104.966804504 1
63 29 104.975097656 1
63 29 105.076072693 1
63 29 105.090904236 1
63 29 105.104164124 1
63 29 105.107711792 1
63 29 105.132568359 1
63 29 105.142402649 1
63 29 105.178237915 1
63 29 105.199615479 1
63 29 105.205749512 1
63 29 105.291091919 1
63 29 105.294807434 1
63 29 105.296157837 1
63 29 105.303863525 1
63 29 105.318992615 1
63 29 105.35131073 1
63 29 105.367263794 1
63 29 105.372673035 1
63 29 105.375984192 1
63 29 105.380912781 1
63 29 105.443832397 1
63 29 105.491127014 1
63 29 105.499191284 1
63 29 105.533782959 1
63 29 105.556671143 1
63 29 105.58719635 1
63 29 105.607025146 1
63 29 105.608299255 1
63 29 105.654953003 1
63 29 105.685112 1
63 29 105.686096191 1
63 29 105.694129944 1
63 29 105.69455719 1
63 29 105.699607849 1
63 29 105.772506714 1
63 29 105.800170898 1
63 29 105.819641113 1
63 29 105.848091125 1
63 29 105.88092804 1
63 29 105.907546997 1
63 29 105.953132629 1
63 29 105.956741333 1
63 29 105.959945679 1
63 29 105.98400116 1
63 29 106.028381348 1
63 29 106.053329468 1
63 29 106.055671692 1
63 29 106.075942993 1
63 29 106.124572754 1
63 29 106.156723022 1
63 29 106.247940063 1
63 29 106.255569458 1
63 29 106.308753967 1
63 29 106.321090698 1
63 29 106.324859619 1
63 29 106.361289978 1
63 29 106.38596344 1
63 29 106.42049408 1
63 29 106.421066284 1
63 29 106.427406311 1
63 29 106.433616638 1
63 29 106.463890076 1
63 29 106.471618652 1
63 29 106.486930847 1
63 29 106.48739624 1
63 29 106.491676331 1
63 29 106.536239624 1
63 29 106.604362488 1
63 29 106.66192627 1
63 29 106.673851013 1
63 29 106.674209595 1
63 29 106.677818298 1
63 29 106.681167603 1
63 29 106.704849243 1
63 29 106.737564087 1
63 29 106.751441956 1
63 29 106.759437561 1
63 29 106.761322021 1
63 29 106.833839417 1
63 29 106.843582153 1
63 29 106.855331421 1
63 29 106.896148682 1
63 29 106.937347412 1
63 29 106.95262146 1
63 29 106.998687744 1
63 29 107.063934326 1
63 29 107.091110229 1
63 29 107.14793396 1
63 29 107.170394897 1
63 29 107.204696655 1
63 29 107.236236572 1
63 29 107.295471191 1
63 29 107.306114197 1
63 29 107.323913574 1
63 29 107.341056824 1
63 29 107.343338013 1
63 29 107.425041199 1
63 29 107.438667297 1
63 29 107.495101929 1
63 29 107.498832703 1
63 29 107.555198669 1
63 29 107.564407349 1
63 29 107.613098145 1
63 29 107.61680603 1
63 29 107.648658752 1
63 29 107.695701599 1
63 29 107.746627808 1
63 29 107.795646667 1
63 29 107.799446106 1
63 29 107.834526062 1
63 29 107.893745422 1
63 29 107.946861267 1
63 29 107.964874268 1
63 29 107.967666626 1
63 29 107.990486145 1
63 29 108.001167297 1
63 29 108.015525818 1
63 29 108.01864624 1
63 29 108.077629089 1
63 29 108.098655701 1
63 29 108.113723755 1
63 29 108.119438171 1
63 29 108.186721802 1
63 29 108.232246399 1
63 29 108.244232178 1
63 29 108.268966675 1
63 29 108.273147583 1
63 29 108.31943512 1
63 29 108.410179138 1
63 29 108.437347412 1
63 29 108.455024719 1
63 29 108.482719421 1
63 29 108.502067566 1
63 29 108.517570496 1
63 29 108.525154114 1
63 29 108.585525513 1
63 29 108.625228882 1
63 29 108.634910583 1
63 29 108.653915405 1
63 29 108.657997131 1
63 29 108.707565308 1
63 29 108.714019775 1
63 29 108.73110199 1
63 29 108.766494751 1
63 29 108.817375183 1
63 29 108.818984985 1
63 29 108.834480286 1
63 29 108.869117737 1
63 29 108.9034729 1
63 29 108.931915283 1
63 29 108.95880127 1
63 29 109.026901245 1
63 29 109.069892883 1
63 29 109.095672607 1
63 29 109.136436462 1
63 29 109.232543945 1
63 29 109.27986145 1
63 29 109.293045044 1
63 29 109.319595337 1
63 29 109.320877075 1
63 29 109.371604919 1
63 29 109.440742493 1
63 29 109.468391418 1
63 29 109.542610168 1
63 29 109.554031372 1
63 29 109.595046997 1
63 29 109.603462219 1
63 29 109.619422913 1
63 29 109.638015747 1
63 29 109.640151978 1
63 29 109.645950317 1
63 29 109.679725647 1
63 29 109.770797729 1
63 29 109.787719727 1
63 29 109.865730286 1
63 29 109.872566223 1
63 29 109.886260986 1
63 29 109.891105652 1
63 29 109.959289551 1
63 29 109.995986938 1
63 29 110.014717102 1
63 29 110.020095825 1
63 29 110.026199341 1
63 29 110.070343018 1
63 29 110.104042053 1
63 29 110.105201721 1
63 29 110.124221802 1
63 29 110.129898071 1
63 29 110.182823181 1
63 29 110.191307068 1
63 29 110.224266052 1
63 29 110.230140686 1
63 29 110.249580383 1
63 29 110.257904053 1
63 29 110.269638062 1
63 29 110.29499054 1
63 29 110.333496094 1
63 29 110.340293884 1
63 29 110.364738464 1
63 29 110.408447266 1
63 29 110.420898438 1
63 29 110.497016907 1
63 29 110.540756226 1
63 29 110.571372986 1
63 29 110.587005615 1
63 29 110.609359741 1
63 29 110.635513306 1
63 29 110.6977005 1
63 29 110.722755432 1
63 29 110.771980286 1
63 29 110.907684326 1
63 29 110.919418335 1
63 29 110.927680969 1
63 29 110.93347168 1
63 29 110.970146179 1
63 29 110.992614746 1
63 29 110.992782593 1
63 29 111.001899719 1
63 29 111.017425537 1
63 29 111.141876221 1
63 29 111.189048767 1
63 29 111.196899414 1
63 29 111.235404968 1
63 29 111.32875824 1
63 29 111.339256287 1
63 29 111.366333008 1
63 29 111.424957275 1
63 29 111.462173462 1
63 29 111.533149719 1
63 29 111.539329529 1
63 29 111.560455322 1
63 29 111.577766418 1
63 29 111.635063171 1
63 29 111.678909302 1
63 29 111.71572876 1
63 29 111.760887146 1
63 29 111.861557007 1
63 29 111.907867432 1
63 29 111.919532776 1
63 29 111.965507507 1
63 29 111.965606689 1
63 29 111.992286682 1
63 29 112.012748718 1
63 29 112.062858582 1
63 29 112.07169342 1
63 29 112.090660095 1
63 29 112.095367432 1
63 29 112.117797852 1
63 29 112.122322083 1
63 29 112.15057373 1
63 29 112.203407288 1
63 29 112.217971802 1
63 29 112.2315979 1
63 29 112.380302429 1
63 29 112.380996704 1
63 29 112.397636414 1
63 29 112.444206238 1
63 29 112.447715759 1
63 29 112.484031677 1
63 29 112.737457275 1
63 29 112.97996521 1
63 29 113.009971619 1
63 29 113.055015564 1
63 29 113.056648254 1
63 29 113.07800293 1
63 29 113.14881134 1
63 29 113.192573547 1
63 29 113.226623535 1
63 29 113.368591309 1
63 29 113.381011963 1
63 29 113.394729614 1
63 29 113.498260498 1
63 29 113.639144897 1
63 29 113.677932739 1
63 29 113.701522827 1
63 29 113.717269897 1
63 29 113.811386108 1
63 29 113.82749939 1
63 29 113.965950012 1
63 29 113.985443115 1
63 29 114.015884399 1
63 29 114.071678162 1
63 29 114.136619568 1
63 29 114.139854431 1
63 29 114.143959045 1
63 29 114.15776062 1
63 29 114.226089478 1
63 29 114.268577576 1
63 29 114.293182373 1
63 29 114.397575378 1
63 29 114.406944275 1
63 29 114.40788269 1
63 29 114.417900085 1
63 29 114.432189941 1
63 29 114.579650879 1
63 29 114.643798828 1
63 29 114.758369446 1
63 29 114.868659973 1
63 29 114.921524048 1
63 29 114.941627502 1
63 29 114.944313049 1
63 29 115.044021606 1
63 29 115.068267822 1
63 29 115.253036499 1
63 29 115.315628052 1
63 29 115.3282547 1
63 29 115.33404541 1
63 29 115.371490479 1
63 29 115.392448425 1
63 29 115.450973511 1
63 29 115.480567932 1
63 29 115.56880188 1
63 29 115.60710907 1
63 29 115.665519714 1
63 29 115.667221069 1
63 29 115.701217651 1
63 29 115.719200134 1
63 29 115.720252991 1
63 29 115.748703003 1
63 29 115.793083191 1
63 29 115.803184509 1
63 29 115.855453491 1
63 29 115.9087677 1
63 29 115.966194153 1
63 29 116.021026611 1
63 29 116.04888916 1
63 29 116.08367157 1
63 29 116.107307434 1
63 29 116.113388062 1
63 29 116.189567566 1
63 29 116.226470947 1
63 29 116.23008728 1
63 29 116.275886536 1
63 29 116.330589294 1
63 29 116.373764038 1
63 29 116.427597046 1
63 29 116.447265625 1
63 29 116.550827026 1
63 29 116.70072937 1
63 29 116.75693512 1
63 29 116.817184448 1
63 29 116.817268372 1
63 29 116.840240479 1
63 29 116.88130188 1
63 29 116.904983521 1
63 29 117.031280518 1
63 29 117.033958435 1
63 29 117.190483093 1
63 29 117.241752625 1
63 29 117.359794617 1
63 29 117.361251831 1
63 29 117.483100891 1
63 29 117.610244751 1
63 29 117.733169556 1
63 29 117.847702026 1
63 29 117.928108215 1
63 29 117.93006897 1
63 29 117.941116333 1
63 29 117.952278137 1
63 29 117.96673584 1
63 29 118.091873169 1
63 29 118.236831665 1
63 29 118.417198181 1
63 29 118.449752808 1
63 29 118.473846436 1
63 29 118.490539551 1
63 29 118.542442322 1
63 29 118.573982239 1
63 29 118.588546753 1
63 29 118.594337463 1
63 29 118.645568848 1
63 29 118.691040039 1
63 29 118.807060242 1
63 29 118.886695862 1
63 29 118.923866272 1
63 29 119.023345947 1
63 29 119.041229248 1
63 29 119.062980652 1
63 29 119.163093567 1
63 29 119.356742859 1
63 29 119.433982849 1
63 29 119.54335022 1
63 29 119.5676651 1
63 29 119.652610779 1
63 29 119.66582489 1
63 29 119.677902222 1
63 29 120.029205322 1
63 29 120.04473877 1
63 29 120.045372009 1
63 29 120.098503113 1
63 29 120.272315979 1
63 29 120.290481567 1
63 29 120.361610413 1
63 29 120.395385742 1
63 29 120.432273865 1
63 29 120.435043335 1
63 29 120.553009033 1
63 29 120.558853149 1
63 29 120.55922699 1
63 29 120.585029602 1
63 29 120.610404968 1
63 29 120.862190247 1
63 29 120.95110321 1
63 29 120.979164124 1
63 29 121.196060181 1
63 29 121.37033844 1
63 29 121.489547729 1
63 29 121.490493774 1
63 29 121.572685242 1
63 29 121.574523926 1
63 29 121.614814758 1
63 29 121.644386292 1
63 29 121.717826843 1
63 29 121.766357422 1
63 29 121.824691772 1
63 29 121.846878052 1
63 29 121.888237 1
63 29 121.917488098 1
63 29 121.949111938 1
63 29 122.177154541 1
63 29 122.178611755 1
63 29 122.258041382 1
63 29 122.30871582 1
63 29 122.459983826 1
63 29 122.697906494 1
63 29 122.866203308 1
63 29 123.010742188 1
63 29 123.020553589 1
63 29 123.042625427 1
63 29 123.160820007 1
63 29 123.22819519 1
63 29 123.243186951 1
63 29 123.261650085 1
63 29 123.410873413 1
63 29 123.449493408 1
63 29 123.480018616 1
63 29 123.527259827 1
63 29 123.529518127 1
63 29 123.606285095 1
63 29 123.833587646 1
63 29 123.901649475 1
63 29 123.942726135 1
63 29 124.213912964 1
63 29 124.287849426 1
63 29 124.319145203 1
63 29 124.327720642 1
63 29 124.442352295 1
63 29 124.73084259 1
63 29 124.746414185 1
63 29 124.751701355 1
63 29 124.784820557 1
63 29 124.808036804 1
63 29 124.947494507 1
63 29 125.232543945 1
63 29 125.335693359 1
63 29 125.423553467 1
63 29 125.445617676 1
63 29 125.607757568 1
63 29 125.797538757 1
63 29 125.919494629 1
63 29 126.042480469 1
63 29 126.091583252 1
63 29 126.195915222 1
63 29 126.274009705 1
63 29 126.369087219 1
63 29 126.445678711 1
63 29 126.566490173 1
63 29 126.695678711 1
63 29 127.002906799 1
63 29 127.037261963 1
63 29 127.093307495 1
63 29 127.229606628 1
63 29 127.329376221 1
63 29 127.374633789 1
63 29 127.500358582 1
63 29 127.675941467 1
63 29 127.840667725 1
63 29 128.18371582 1
63 29 128.520263672 1
63 29 128.539581299 1
63 29 128.57131958 1
63 29 128.936126709 1
63 29 128.973983765 1
63 29 129.057998657 1
63 29 129.209228516 1
63 29 129.331268311 1
63 29 129.40625 1
63 29 129.443206787 1
63 29 129.895629883 1
63 29 129.911239624 1
63 29 130.095855713 1
63 29 130.115921021 1
63 29 130.216369629 1
63 29 130.316589355 1
63 29 130.384078979 1
63 29 130.68107605 1
63 29 131.581588745 1
63 29 131.75769043 1
63 29 131.769561768 1
63 29 131.789962769 1
63 29 132.049331665 1
63 29 132.406265259 1
63 29 132.486206055 1
63 29 132.623596191 1
63 29 132.68699646 1
63 29 132.854644775 1
63 29 132.917221069 1
63 29 133.166946411 1
63 29 133.212966919 1
63 29 133.550094604 1
63 29 133.611709595 1
63 29 133.62677002 1
63 29 133.769470215 1
63 29 133.888442993 1
63 29 133.979187012 1
63 29 134.424987793 1
63 29 134.428009033 1
63 29 134.526733398 1
63 29 134.772003174 1
63 29 135.249038696 1
63 29 135.457443237 1
63 29 135.706939697 1
63 29 136.652816772 1
63 29 136.681518555 1
63 29 136.981781006 1
63 29 137.014694214 1
63 29 137.461349487 1
63 29 137.494689941 1
63 29 137.749008179 1
63 29 137.822463989 1
63 29 137.851715088 1
63 29 137.877746582 1
63 29 138.426345825 1
63 29 139.611846924 1
63 29 139.614608765 1
63 29 140.369338989 1
63 29 140.549026489 1
63 29 140.756149292 1
63 29 140.982421875 1
63 29 141.423324585 1
63 29 141.548904419 1
63 29 141.715774536 1
63 29 141.813674927 1
63 29 142.107254028 1
63 29 142.206100464 1
63 29 142.74446106 1
63 29 142.772628784 1
63 29 142.802505493 1
63 29 142.956054688 1
63 29 143.212615967 1
63 29 144.1328125 1
63 29 144.157531738 1
63 29 144.225769043 1
63 29 144.264923096 1
63 29 144.570205688 1
63 29 144.824584961 1
63 29 144.835922241 1
63 29 144.882064819 1
63 29 145.249694824 1
63 29 145.594497681 1
63 29 145.714019775 1
63 29 146.192337036 1
63 29 146.34286499 1
63 29 146.409820557 1
63 29 146.436843872 1
63 29 146.888031006 1
63 29 146.923599243 1
63 29 147.4087677 1
63 29 147.41897583 1
63 29 147.431472778 1
63 29 147.536651611 1
63 29 147.57270813 1
63 29 147.806655884 1
63 29 148.72203064 1
63 29 148.819824219 1
63 29 148.956420898 1
63 29 149.760360718 1
63 29 150.045043945 1
63 29 150.854782104 1
63 29 151.527038574 1
63 29 151.767471313 1
63 29 151.772476196 1
63 29 152.02835083 1
63 29 152.323425293 1
63 29 152.686019897 1
63 29 152.736038208 1
63 29 153.052505493 1
63 29 153.058258057 1
63 29 153.172241211 1
63 29 153.384552002 1
63 29 153.515518188 1
63 29 153.623703003 1
63 29 154.139175415 1
63 29 154.196609497 1
63 29 154.377288818 1
63 29 154.695709229 1
63 29 154.902084351 1
63 29 155.304092407 1
63 29 155.758743286 1
63 29 156.272140503 1
63 29 157.020568848 1
63 29 157.408538818 1
63 29 159.158355713 1
63 29 159.165725708 1
63 29 159.42225647 1
63 29 159.960601807 1
63 29 160.034286499 1
63 29 160.10710144 1
63 29 161.657714844 1
63 29 161.826416016 1
63 29 161.948226929 1
63 29 162.177276611 1
63 29 162.261291504 1
63 29 162.864044189 1
63 29 163.207687378 1
63 29 163.810058594 1
63 29 163.935409546 1
63 29 164.054855347 1
63 29 164.36730957 1
63 29 164.506011963 1
63 29 165.10307312 1
63 29 165.895095825 1
63 29 165.97833252 1
63 29 166.679534912 1
63 29 166.824737549 1
63 29 167.387252808 1
63 29 167.65536499 1
63 29 168.40423584 1
63 29 168.64225769 1
63 29 168.895172119 1
63 29 169.123794556 1
63 29 169.507141113 1
63 29 169.749801636 1
63 29 172.133422852 1
63 29 172.187713623 1
63 29 172.533203125 1
63 29 172.632293701 1
63 29 172.779998779 1
63 29 173.462860107 1
63 29 173.560714722 1
63 29 173.680450439 1
63 29 174.058944702 1
63 29 174.488571167 1
63 29 175.294433594 1
63 29 177.864151001 1
63 29 178.340072632 1
63 29 180.097335815 1
63 29 180.569442749 1
63 29 180.641983032 1
63 29 180.744781494 1
63 29 182.985427856 1
63 29 186.290405273 1
63 29 186.86076355 1
63 29 186.912811279 1
63 29 187.015762329 1
63 29 187.863311768 1
63 29 188.431854248 1
63 29 189.931396484 1
63 29 190.554580688 1
63 29 192.401687622 1
63 29 192.613250732 1
63 29 193.66343689 1
63 29 193.875320435 1
63 29 194.127380371 1
63 29 197.06048584 1
63 29 198.096603394 1
63 29 198.425628662 1
63 29 199.045944214 1
63 29 199.913208008 1
63 29 200.911453247 1
63 29 200.987121582 1
63 29 201.119613647 1
63 29 201.153610229 1
63 29 201.242462158 1
63 29 201.32244873 1
63 29 201.433380127 1
63 29 201.486785889 1
63 29 201.925643921 1
63 29 202.103912354 1
63 29 202.243041992 1
63 29 203.265014648 1
63 29 205.120651245 1
63 29 205.416824341 1
63 29 206.612030029 1
63 29 207.027359009 1
63 29 210.555450439 1
63 29 211.668945312 1
63 29 212.218948364 1
63 29 212.760040283 1
63 29 214.215057373 1
63 29 215.318786621 1
63 29 215.826065063 1
63 29 217.334716797 1
63 29 217.627365112 1
63 29 219.567474365 1
63 29 220.547332764 1
63 29 220.613800049 1
63 29 221.307006836 1
63 29 223.886322021 1
63 29 224.633010864 1
63 29 226.058883667 1
63 29 226.591186523 1
63 29 228.170883179 1
63 29 228.586349487 1
63 29 228.764923096 1
63 29 228.967529297 1
63 29 230.519866943 1
63 29 230.875762939 1
63 29 230.914352417 1
63 29 233.956771851 1
63 29 235.368499756 1
63 29 239.185409546 1
63 29 239.203567505 1
63 29 240.3331604 1
63 29 244.671463013 1
63 29 245.252685547 1
63 29 246.1668396 1
63 29 247.702484131 1
63 29 254.371551514 1
63 29 257.528900146 1
63 29 258.439300537 1
63 29 259.704833984 1
63 29 260.058746338 1
63 29 261.569000244 1
63 29 262.236236572 1
63 29 263.512237549 1
63 29 264.377746582 1
63 29 267.589416504 1
63 29 268.820892334 1
63 29 270.977081299 1
63 29 271.137390137 1
63 29 274.734649658 1
63 29 285.972351074 1
63 29 286.185699463 1
63 29 286.434020996 1
63 29 288.786132812 1
63 29 297.487609863 1
63 29 297.893218994 1
63 29 298.063018799 1
63 29 300.392364502 1
63 29 306.318206787 1
63 29 312.755828857 1
63 29 314.472564697 1
63 29 318.563171387 1
63 29 320.008911133 1
63 29 325.115753174 1
63 29 326.624908447 1
63 29 333.448760986 1
63 29 336.190795898 1
63 29 340.431671143 1
63 29 341.955230713 1
63 29 352.267120361 1
63 29 353.550567627 1
63 29 376.772705078 1
63 29 378.216247559 1
63 29 381.320343018 1
63 29 389.208374023 1
63 29 390.595245361 1
63 29 391.725341797 1
63 29 394.001831055 1
63 29 394.172271729 1
63 29 394.674621582 1
63 29 396.907531738 1
63 29 401.408691406 1
63 29 419.304412842 1
63 29 420.838012695 1
63 29 428.221343994 1
63 29 429.002258301 1
63 29 429.665740967 1
63 29 435.330444336 1
63 29 437.913208008 1
63 29 439.023254395 1
63 29 442.098052979 1
63 29 447.780883789 1
63 29 452.40032959 1
63 29 452.451660156 1
63 29 463.424316406 1
63 29 464.414306641 1
63 29 481.445556641 1
63 29 483.277740479 1
63 29 484.696350098 1
63 29 488.135803223 1
63 29 488.189758301 1
63 29 492.140716553 1
63 29 503.305053711 1
63 29 518.236877441 1
63 29 521.938171387 1
63 29 531.456665039 1
63 29 531.651733398 1
63 29 537.588195801 1
63 29 541.232055664 1
63 29 544.137939453 1
63 29 551.258117676 1
63 29 551.617248535 1
63 29 566.886474609 1
63 29 568.809814453 1
63 29 593.454589844 1
63 29 603.115478516 1
63 29 606.310668945 1
63 29 620.66796875 1
63 29 627.854858398 1
63 29 632.28894043 1
63 29 640.541015625 1
63 29 643.507324219 1
63 29 654.04675293 1
63 29 675.692199707 1
63 29 691.675537109 1
63 29 714.960571289 1
63 29 756.970031738 1
63 29 795.031188965 1
63 29 805.731201172 1
63 29 881.475036621 1
63 29 986.627929688 1
63 29 1019.07427979 1
63 29 1129.5423584 1
63 29 1164.55322266 1
63 29 1295.70935059 1
63 29 1445.54711914 1
63 31 102.2084198 1
63 31 103.450721741 1
63 31 108.384162903 1
63 31 108.559516907 1
63 31 110.562652588 1
63 31 116.660484314 1
63 31 121.542907715 1
63 31 121.935844421 1
63 31 126.442390442 1
63 31 127.719848633 1
63 31 127.845939636 1
63 31 129.552459717 1
63 31 130.333770752 1
63 31 130.590011597 1
63 31 131.319351196 1
63 31 132.949020386 1
63 31 134.622055054 1
63 31 137.779296875 1
63 31 139.171524048 1
63 31 141.274673462 1
63 31 141.720092773 1
63 31 143.405639648 1
63 31 143.595977783 1
63 31 144.87322998 1
63 31 146.265365601 1
63 31 146.277313232 1
63 31 152.567977905 1
63 31 154.513092041 1
63 31 157.811431885 1
63 31 157.937683105 1
63 31 159.941375732 1
63 31 159.999755859 1
63 31 162.535461426 1
63 31 164.004257202 1
63 31 166.196975708 1
63 31 168.012557983 1
63 31 171.590164185 1
63 31 175.285430908 1
63 31 176.647827148 1
63 31 176.898223877 1
63 31 180.542709351 1
63 31 183.10496521 1
63 31 185.760162354 1
63 31 187.313659668 1
63 31 187.875259399 1
63 31 188.001342773 1
63 31 189.590377808 1
63 31 195.144119263 1
63 31 195.441314697 1
63 31 197.955947876 1
63 31 198.081665039 1
63 31 198.550628662 1
63 31 203.498794556 1
63 31 203.610778809 1
63 31 204.884490967 1
63 31 209.160446167 1
63 31 209.489562988 1
63 31 211.330886841 1
63 31 211.806045532 1
63 31 211.811523438 1
63 31 212.252960205 1
63 31 212.548660278 1
63 31 212.756774902 1
63 31 215.191711426 1
63 31 217.06288147 1
63 31 217.478866577 1
63 31 217.799331665 1
63 31 219.305847168 1
63 31 220.117874146 1
63 31 223.764511108 1
63 31 225.105255127 1
63 31 226.309707642 1
63 31 227.060791016 1
63 31 228.786361694 1
63 31 230.464172363 1
63 31 233.282775879 1
63 31 237.276275635 1
63 31 243.76361084 1
63 31 246.305709839 1
63 31 248.22265625 1
63 31 248.733383179 1
63 31 253.695251465 1
63 31 254.909545898 1
63 31 261.25378418 1
63 31 262.938812256 1
63 31 264.83001709 1
63 31 267.501708984 1
63 31 268.482299805 1
63 31 272.129058838 1
63 31 273.283477783 1
63 31 279.705230713 1
63 31 279.885345459 1
63 31 280.816650391 1
63 31 283.401184082 1
63 31 283.582000732 1
63 31 286.165557861 1
63 31 287.970916748 1
63 31 291.657806396 1
63 31 297.357513428 1
63 31 300.705932617 1
63 31 303.030853271 1
63 31 303.797058105 1
63 31 306.612579346 1
63 31 306.916046143 1
63 31 311.811828613 1
63 31 312.231506348 1
63 31 317.161682129 1
63 31 325.992889404 1
63 31 326.489593506 1
63 31 334.453063965 1
63 31 336.527526855 1
63 31 340.273101807 1
63 31 341.796508789 1
63 31 342.547790527 1
63 31 346.438018799 1
63 31 348.84362793 1
63 31 352.659698486 1
63 31 358.362060547 1
63 31 364.12600708 1
63 31 370.320343018 1
63 31 372.145874023 1
63 31 379.989135742 1
63 31 381.305328369 1
63 31 381.615386963 1
63 31 383.191802979 1
63 31 387.67980957 1
63 31 389.702789307 1
63 31 401.476989746 1
63 31 403.076507568 1
63 31 411.240692139 1
63 31 425.13861084 1
63 31 426.072570801 1
63 31 433.238189697 1
63 31 441.338500977 1
63 31 444.331420898 1
63 31 445.242828369 1
63 31 446.089111328 1
63 31 453.878875732 1
63 31 470.453155518 1
63 31 471.438140869 1
63 31 512.116088867 1
63 31 523.460144043 1
63 31 566.030029297 1
63 31 570.229736328 1
63 31 599.423950195 1
63 31 616.40234375 1
63 31 630.059204102 1
63 31 631.829101562 1
63 31 657.758300781 1
63 31 685.507019043 1
63 31 700.50378418 1
63 31 701.100524902 1
63 31 707.026000977 1
63 31 778.634399414 1
63 31 874.442260742 1
63 31 875.996765137 1
63 31 912.838928223 1
63 31 918.847595215 1
63 31 1183.47229004 1
63 32 232.688796997 1
63 32 233.580429077 1
63 32 237.405944824 1
63 32 243.057250977 1
63 32 250.431945801 1
63 32 251.766952515 1
63 32 260.604400635 1
63 32 261.992645264 1
63 32 274.950531006 1
63 32 281.030792236 1
63 32 284.272766113 1
63 32 288.077697754 1
63 32 295.971588135 1
63 32 300.271789551 1
63 32 300.951934814 1
63 32 303.554199219 1
63 32 312.438903809 1
63 32 316.67755127 1
63 32 318.416320801 1
63 32 318.438262939 1
63 32 320.389892578 1
63 32 327.387634277 1
63 32 336.651275635 1
63 32 346.425476074 1
63 32 350.091125488 1
63 32 362.616638184 1
63 32 363.717987061 1
63 32 367.533477783 1
63 32 368.679412842 1
63 32 369.908691406 1
63 32 371.633636475 1
63 32 374.017913818 1
63 32 378.194488525 1
63 32 380.705383301 1
63 32 383.865539551 1
63 32 400.566711426 1
63 32 404.189300537 1
63 32 407.745300293 1
63 32 409.791473389 1
63 32 420.290222168 1
63 32 420.882049561 1
63 32 432.192321777 1
63 32 435.969390869 1
63 32 436.965179443 1
63 32 441.619049072 1
63 32 444.22253418 1
63 32 447.154724121 1
63 32 456.056396484 1
63 32 468.955688477 1
63 32 489.985748291 1
63 32 491.705627441 1
63 32 496.186798096 1
63 32 498.9034729 1
63 32 507.352233887 1
63 32 515.760864258 1
63 32 539.495483398 1
63 32 543.153747559 1
63 32 560.842529297 1
63 32 561.405395508 1
63 32 563.423828125 1
63 32 592.528808594 1
63 32 601.21496582 1
63 32 624.344482422 1
63 32 669.893920898 1
63 32 739.726379395 1
63 32 769.229370117 1
63 32 787.762817383 1
63 32 838.860107422 1
63 32 896.679748535 1
63 32 926.196411133 1
63 32 930.650695801 1
63 32 934.146179199 1
63 32 959.372497559 1
63 32 998.139587402 1
63 32 1077.4375 1
63 33 349.621032715 1
63 33 369.379272461 1
63 33 456.818634033 1
63 33 482.227508545 1
63 33 497.592956543 1
63 33 521.534667969 1
63 33 577.338256836 1
63 33 577.561401367 1
63 33 592.702636719 1
63 33 647.367675781 1
63 33 744.260375977 1
63 33 867.264221191 1
63 33 1819.26477051 1
63 34 470.899688721 1
63 34 594.39642334 1
63 34 781.878479004 1
63 35 1066.23962402 1
64 26 1123.6295166 1
64 27 744.859985352 1
64 27 879.853637695 1
64 27 966.389648438 1
64 27 1227.46350098 1
64 27 1290.62719727 1
64 28 697.367980957 1
64 28 787.270568848 1
64 28 888.995178223 1
64 28 1030.54699707 1
64 28 1082.78210449 1
64 29 730.476501465 1
64 29 745.515930176 1
64 29 780.906555176 1
64 29 880.485534668 1
64 29 1049.25048828 1
64 29 1148.04162598 1
64 29 1174.2833252 1
64 30 753.734985352 1
64 30 796.79296875 1
64 30 835.177978516 1
64 30 839.32208252 1
64 30 852.088623047 1
64 30 940.398925781 1
64 30 947.264526367 1
64 30 1547.96130371 1
64 30 1562.24523926 1
64 31 729.916442871 1
64 31 915.526611328 1
64 31 925.003417969 1
64 31 1111.01843262 1
64 31 1688.10595703 1
64 32 864.200134277 1
64 32 925.049682617 1
64 32 1066.03320312 1
64 34 952.055175781 1
65 28 1662.03662109 1
69 24 1897.63537598 1
69 30 1358.39599609 1
70 21 1476.99609375 1
70 22 2772.85498047 1
70 25 1014.75891113 1
70 25 1570.40698242 1
70 26 1121.95849609 1
70 26 1201.12744141 1
70 27 781.421508789 1
70 27 808.633972168 1
70 27 809.239562988 1
70 27 891.006469727 1
70 27 924.112854004 1
70 28 748.036865234 1
70 28 797.233764648 1
70 28 800.728881836 1
70 28 830.588623047 1
70 28 835.940612793 1
70 28 859.52935791 1
70 28 1205.76843262 1
70 28 1214.54785156 1
70 28 1325.21276855 1
70 29 697.334289551 1
70 29 777.690856934 1
70 29 781.210266113 1
70 29 844.351013184 1
70 29 1034.37805176 1
70 29 1106.55395508 1
70 29 1167.95007324 1
70 29 1210.27746582 1
70 29 1324.26196289 1
70 29 2595.83154297 1
70 30 657.260559082 1
70 30 794.993896484 1
70 30 818.826599121 1
70 30 835.723937988 1
70 30 901.006530762 1
70 30 994.156005859 1
70 30 1007.41705322 1
70 30 1046.88903809 1
70 30 1131.24243164 1
70 31 812.940124512 1
70 31 843.02722168 1
70 32 1089.72009277 1
70 32 1091.26953125 1
71 20 1251.07006836 1
71 24 1135.15637207 1
71 25 1597.39489746 1
71 25 1803.62243652 1
71 26 812.533325195 1
71 26 1488.78393555 1
71 27 718.203796387 1
71 27 809.712341309 1
71 27 874.918212891 1
71 27 941.273254395 1
71 27 975.557739258 1
71 27 1050.26269531 1
71 27 1287.88684082 1
71 27 1730.27807617 1
71 27 1819.49597168 1
71 27 2194.78930664 1
71 28 713.995483398 1
71 28 736.370483398 1
71 28 769.798522949 1
71 28 829.30847168 1
71 28 832.237304688 1
71 28 846.889831543 1
71 28 938.619262695 1
71 28 1015.13208008 1
71 28 1231.64428711 1
71 28 1399.72937012 1
71 28 1912.95959473 1
71 29 667.325683594 1
71 29 812.805297852 1
71 29 892.34588623 1
71 29 1188.72924805 1
71 29 1584.60412598 1
71 30 801.440368652 1
71 30 897.213317871 1
71 30 1321.66418457 1
71 30 1914.81359863 1
71 31 739.012084961 1
71 31 815.723815918 1
71 32 1015.5380249 1
71 32 1083.62011719 1
72 28 1468.89648438 1
72 29 1323.29614258 1
72 29 1354.61914062 1
72 30 1855.1697998 1
76 22 1750.86694336 1
77 29 1846.75744629 1
77 33 1775.55883789 1
78 28 1693.53076172 1
