000 363.0 0.0 1000000.0
008 289.0 0.0 1000000.0
009 313.0 0.0 1000000.0
010 261.0 0.0 1000000.0
011 274.0 0.0 1000000.0
013 260.0 0.0 1000000.0
016 269.0 0.0 1000000.0
022 271.0 0.0 1000000.0
027 280.0 0.0 1000000.0
034 251.0 0.0 1000000.0
045 242.0 0.0 1000000.0
063 227.0 0.0 1000000.0
090 161.0 0.0 1000000.0
117 86.0 0.0 1000000.0
135 55.0 0.0 1000000.0
146 39.0 0.0 1000000.0
153 30.0 0.0 1000000.0
158 24.0 0.0 1000000.0
162 23.0 0.0 1000000.0
164 14.0 0.0 1000000.0
166 11.0 0.0 1000000.0
167 13.0 0.0 1000000.0
169 18.0 0.0 1000000.0
171 16.0 0.0 1000000.0
172 19.0 0.0 1000000.0
180 17.0 0.0 1000000.0
