000 990.0 0.0 10000000.0
008 961.0 0.0 10000000.0
009 904.0 0.0 10000000.0
010 861.0 0.0 10000000.0
011 976.0 0.0 10000000.0
013 866.0 0.0 10000000.0
016 948.0 0.0 10000000.0
022 1055.0 0.0 10000000.0
027 1099.0 0.0 10000000.0
034 1301.0 0.0 10000000.0
045 1445.0 0.0 10000000.0
063 1759.0 0.0 10000000.0
090 1677.0 0.0 10000000.0
117 1154.0 0.0 10000000.0
135 829.0 0.0 10000000.0
146 613.0 0.0 10000000.0
153 508.0 0.0 10000000.0
158 427.0 0.0 10000000.0
162 375.0 0.0 10000000.0
164 384.0 0.0 10000000.0
166 351.0 0.0 10000000.0
167 356.0 0.0 10000000.0
169 335.0 0.0 10000000.0
171 348.0 0.0 10000000.0
172 320.0 0.0 10000000.0
180 273.0 0.0 10000000.0
