string dom time hits
44 16 3125.53564453 1
45 24 1489.44226074 1
45 26 1566.515625 1
45 28 1473.09179688 1
45 30 1898.45288086 1
45 31 1731.72570801 1
53 27 1472.15332031 1
53 29 2320.91113281 1
54 22 1665.14355469 1
54 24 1853.77160645 1
54 26 833.304382324 1
54 26 1020.39941406 1
54 26 1139.52075195 1
54 26 1173.6697998 1
54 27 733.518554688 1
54 27 739.696777344 1
54 27 801.43927002 1
54 27 853.127746582 1
54 27 863.787719727 1
54 27 962.514892578 1
54 27 966.968200684 1
54 27 978.140930176 1
54 27 1361.47131348 1
54 27 1419.92663574 1
54 27 1768.40148926 1
54 28 742.899230957 1
54 28 759.288696289 1
54 28 771.546386719 1
54 28 836.999450684 1
54 28 1224.13342285 1
54 28 2134.21313477 1
54 28 3532.91210938 1
54 29 768.883544922 1
54 29 920.336730957 1
54 29 964.123535156 1
54 29 1051.26025391 1
54 29 1054.57727051 1
54 29 1100.63342285 1
54 29 1101.6003418 1
54 29 1167.89697266 1
54 29 2374.55688477 1
54 30 753.140563965 1
54 30 825.424926758 1
54 30 981.987426758 1
54 30 1044.45397949 1
54 30 1064.43017578 1
54 30 1116.42785645 1
54 30 1196.19519043 1
54 30 1259.81237793 1
54 30 1660.00744629 1
54 30 1823.59301758 1
54 32 745.264892578 1
54 32 947.643615723 1
55 20 2372.421875 1
55 23 1249.04992676 1
55 24 1462.2677002 1
55 25 1145.73181152 1
55 25 1283.65429688 1
55 26 999.119934082 1
55 26 1165.42163086 1
55 26 1619.90429688 1
55 26 2662.32861328 1
55 27 736.475708008 1
55 27 746.75793457 1
55 27 754.21673584 1
55 27 904.468811035 1
55 28 654.973144531 1
55 28 676.837036133 1
55 28 846.66192627 1
55 28 898.398681641 1
55 28 913.143005371 1
55 28 916.130615234 1
55 28 935.120361328 1
55 28 971.085998535 1
55 28 1047.53186035 1
55 28 1214.25268555 1
55 28 1492.99768066 1
55 29 728.138916016 1
55 29 751.719482422 1
55 29 817.53112793 1
55 29 884.008178711 1
55 29 928.035400391 1
55 29 1019.28649902 1
55 29 1260.06506348 1
55 29 1526.84765625 1
55 30 923.935119629 1
55 30 1203.72607422 1
55 30 1256.09985352 1
55 31 712.750244141 1
55 31 815.884094238 1
55 31 1177.23095703 1
55 33 1122.10888672 1
55 33 1614.80871582 1
56 25 1577.89538574 1
56 27 1633.76208496 1
56 28 1937.82446289 1
56 29 1354.65869141 1
56 31 1303.94995117 1
62 18 2141.69995117 1
62 23 1193.13745117 1
62 23 1385.34619141 1
62 25 1170.24291992 1
62 25 1394.81335449 1
62 26 1215.23937988 1
62 27 699.296203613 1
62 27 764.096923828 1
62 27 780.472106934 1
62 27 812.698120117 1
62 27 816.891906738 1
62 27 835.64831543 1
62 27 858.886474609 1
62 27 913.093078613 1
62 27 956.852844238 1
62 27 1163.45629883 1
62 27 1275.65380859 1
62 27 1391.56567383 1
62 28 697.203063965 1
62 28 744.023620605 1
62 28 748.683837891 1
62 28 894.177001953 1
62 28 1028.66589355 1
62 28 1064.18823242 1
62 28 1127.75219727 1
62 28 1404.17993164 1
62 28 1699.36047363 1
62 29 698.017944336 1
62 29 749.586914062 1
62 29 815.043945312 1
62 29 824.170288086 1
62 29 940.47052002 1
62 29 949.352050781 1
62 29 1011.4654541 1
62 29 1250.5736084 1
62 30 794.111572266 1
62 30 1015.61108398 1
62 30 1138.5970459 1
62 30 1615.55688477 1
62 31 716.11517334 1
62 31 833.575561523 1
62 32 1208.56396484 1
63 20 1095.14709473 1
63 20 1133.67907715 1
63 20 1134.3182373 1
63 20 1947.57507324 1
63 21 1131.96801758 1
63 22 790.808105469 1
63 22 795.614990234 1
63 22 822.25201416 1
63 22 1553.91992188 1
63 22 1802.79101562 1
63 23 722.741638184 1
63 23 787.155578613 1
63 23 796.034484863 1
63 23 1127.89782715 1
63 23 1193.39819336 1
63 23 1208.54907227 1
63 24 574.822021484 1
63 24 661.505126953 1
63 24 661.538574219 1
63 24 824.256958008 1
63 24 835.01159668 1
63 24 855.46081543 1
63 24 856.107177734 1
63 24 933.826293945 1
63 24 944.217773438 1
63 24 1107.16772461 1
63 24 1152.8770752 1
63 24 1195.63049316 1
63 24 1201.63366699 1
63 24 1218.79248047 1
63 25 427.36227417 1
63 25 427.869628906 1
63 25 429.569488525 1
63 25 453.940460205 1
63 25 465.513366699 1
63 25 472.777404785 1
63 25 473.843811035 1
63 25 489.967681885 1
63 25 522.455444336 1
63 25 523.066040039 1
63 25 534.508544922 1
63 25 540.400878906 1
63 25 570.349182129 1
63 25 579.638916016 1
63 25 582.726867676 1
63 25 585.776672363 1
63 25 588.778564453 1
63 25 612.145690918 1
63 25 614.092468262 1
63 25 619.91986084 1
63 25 662.62109375 1
63 25 690.128356934 1
63 25 713.28338623 1
63 25 722.202209473 1
63 25 728.134765625 1
63 25 751.952392578 1
63 25 769.892578125 1
63 25 794.439025879 1
63 25 825.291259766 1
63 25 838.675842285 1
63 25 1025.97790527 1
63 25 1088.80285645 1
63 25 1213.42321777 1
63 25 1241.67333984 1
63 25 1316.86816406 1
63 25 1687.67443848 1
63 25 1728.2701416 1
63 26 328.229125977 1
63 26 332.830078125 1
63 26 343.7394104 1
63 26 344.457458496 1
63 26 349.951049805 1
63 26 358.994506836 1
63 26 360.746459961 1
63 26 364.087768555 1
63 26 364.161499023 1
63 26 372.09173584 1
63 26 373.108001709 1
63 26 374.711883545 1
63 26 375.690338135 1
63 26 377.830871582 1
63 26 378.494781494 1
63 26 380.963592529 1
63 26 388.65536499 1
63 26 390.072143555 1
63 26 395.078369141 1
63 26 397.060546875 1
63 26 398.837646484 1
63 26 399.671325684 1
63 26 401.337768555 1
63 26 402.239624023 1
63 26 402.496612549 1
63 26 405.356842041 1
63 26 405.578796387 1
63 26 407.425140381 1
63 26 408.251800537 1
63 26 412.718933105 1
63 26 413.720092773 1
63 26 415.960418701 1
63 26 418.25378418 1
63 26 419.199249268 1
63 26 422.824005127 1
63 26 423.893310547 1
63 26 428.342681885 1
63 26 431.032440186 1
63 26 436.100708008 1
63 26 452.359222412 1
63 26 453.395111084 1
63 26 455.773376465 1
63 26 457.918945312 1
63 26 460.911895752 1
63 26 462.342987061 1
63 26 468.61315918 1
63 26 479.089172363 1
63 26 479.460571289 1
63 26 490.556518555 1
63 26 497.895385742 1
63 26 505.779541016 1
63 26 508.532226562 1
63 26 513.553955078 1
63 26 516.917907715 1
63 26 520.223632812 1
63 26 520.538818359 1
63 26 527.768432617 1
63 26 528.643493652 1
63 26 536.018188477 1
63 26 540.24407959 1
63 26 540.823547363 1
63 26 543.989074707 1
63 26 546.732910156 1
63 26 555.387451172 1
63 26 558.21862793 1
63 26 563.812255859 1
63 26 581.667785645 1
63 26 583.200012207 1
63 26 603.922851562 1
63 26 634.904724121 1
63 26 642.202453613 1
63 26 719.586669922 1
63 26 755.449584961 1
63 26 764.373535156 1
63 26 814.690856934 1
63 26 826.219909668 1
63 26 832.842590332 1
63 26 858.700683594 1
63 26 886.556518555 1
63 26 983.616760254 1
63 26 996.446289062 1
63 26 1053.07495117 1
63 26 1266.36828613 1
63 26 1406.03942871 1
63 27 236.561508179 1
63 27 243.22996521 1
63 27 247.00302124 1
63 27 252.23008728 1
63 27 255.402038574 1
63 27 257.615905762 1
63 27 259.463195801 1
63 27 259.997711182 1
63 27 260.45892334 1
63 27 260.714172363 1
63 27 261.290466309 1
63 27 261.526367188 1
63 27 261.871246338 1
63 27 263.047637939 1
63 27 263.357757568 1
63 27 264.835845947 1
63 27 265.494659424 1
63 27 265.930725098 1
63 27 266.17086792 1
63 27 266.388916016 1
63 27 267.046386719 1
63 27 269.628997803 1
63 27 270.624694824 1
63 27 270.93460083 1
63 27 271.178131104 1
63 27 271.786560059 1
63 27 273.80065918 1
63 27 274.227935791 1
63 27 274.541656494 1
63 27 274.584503174 1
63 27 274.622253418 1
63 27 275.161010742 1
63 27 275.250579834 1
63 27 277.438659668 1
63 27 277.934417725 1
63 27 278.661254883 1
63 27 278.985809326 1
63 27 279.216644287 1
63 27 280.194458008 1
63 27 280.781433105 1
63 27 280.85925293 1
63 27 281.363342285 1
63 27 283.145751953 1
63 27 283.220581055 1
63 27 283.550476074 1
63 27 284.273376465 1
63 27 284.36505127 1
63 27 284.448974609 1
63 27 286.200653076 1
63 27 286.948516846 1
63 27 288.207427979 1
63 27 288.254211426 1
63 27 289.27822876 1
63 27 289.661743164 1
63 27 290.070831299 1
63 27 290.540344238 1
63 27 290.923950195 1
63 27 291.202514648 1
63 27 291.752166748 1
63 27 292.360198975 1
63 27 293.014373779 1
63 27 293.072387695 1
63 27 293.285858154 1
63 27 294.409179688 1
63 27 294.657165527 1
63 27 295.075256348 1
63 27 295.463256836 1
63 27 295.681518555 1
63 27 296.638580322 1
63 27 296.681732178 1
63 27 296.716094971 1
63 27 298.644775391 1
63 27 299.647613525 1
63 27 300.230804443 1
63 27 302.218444824 1
63 27 302.539855957 1
63 27 304.298370361 1
63 27 305.955352783 1
63 27 306.075073242 1
63 27 307.953948975 1
63 27 308.467346191 1
63 27 308.545074463 1
63 27 308.897003174 1
63 27 310.210510254 1
63 27 310.683013916 1
63 27 312.088989258 1
63 27 313.010803223 1
63 27 314.97946167 1
63 27 320.245269775 1
63 27 321.760772705 1
63 27 322.302154541 1
63 27 322.484741211 1
63 27 325.114532471 1
63 27 328.70904541 1
63 27 330.122741699 1
63 27 330.464782715 1
63 27 330.708618164 1
63 27 333.736358643 1
63 27 334.363739014 1
63 27 335.983703613 1
63 27 336.649780273 1
63 27 341.918487549 1
63 27 345.23928833 1
63 27 345.84185791 1
63 27 346.789123535 1
63 27 347.791290283 1
63 27 349.211639404 1
63 27 350.375793457 1
63 27 351.277740479 1
63 27 351.701599121 1
63 27 354.23651123 1
63 27 358.127105713 1
63 27 358.475585938 1
63 27 359.406982422 1
63 27 359.954803467 1
63 27 359.979370117 1
63 27 360.371002197 1
63 27 361.114776611 1
63 27 362.452056885 1
63 27 363.723632812 1
63 27 364.888549805 1
63 27 364.946594238 1
63 27 369.674591064 1
63 27 376.779876709 1
63 27 378.435760498 1
63 27 386.004333496 1
63 27 387.396606445 1
63 27 389.393920898 1
63 27 390.482299805 1
63 27 390.677947998 1
63 27 394.496398926 1
63 27 401.961181641 1
63 27 402.651153564 1
63 27 404.651733398 1
63 27 407.131835938 1
63 27 420.124389648 1
63 27 421.840911865 1
63 27 421.886535645 1
63 27 428.521087646 1
63 27 429.013000488 1
63 27 433.665374756 1
63 27 433.66998291 1
63 27 439.145172119 1
63 27 440.501495361 1
63 27 442.755706787 1
63 27 445.197235107 1
63 27 451.824981689 1
63 27 452.349212646 1
63 27 455.126220703 1
63 27 457.601379395 1
63 27 458.094421387 1
63 27 467.561004639 1
63 27 475.020599365 1
63 27 476.988372803 1
63 27 481.462280273 1
63 27 487.29385376 1
63 27 493.184326172 1
63 27 493.456634521 1
63 27 496.258361816 1
63 27 501.11907959 1
63 27 506.98840332 1
63 27 509.854675293 1
63 27 524.510925293 1
63 27 534.896728516 1
63 27 546.651184082 1
63 27 564.085693359 1
63 27 581.022583008 1
63 27 585.780029297 1
63 27 590.075683594 1
63 27 592.351074219 1
63 27 603.909667969 1
63 27 606.470825195 1
63 27 607.663818359 1
63 27 618.156433105 1
63 27 622.383361816 1
63 27 626.815246582 1
63 27 638.745056152 1
63 27 666.654846191 1
63 27 695.273132324 1
63 27 705.153442383 1
63 27 705.430603027 1
63 27 733.184326172 1
63 27 759.72064209 1
63 27 765.898803711 1
63 27 777.475524902 1
63 27 800.806518555 1
63 27 803.254638672 1
63 27 823.973022461 1
63 27 828.774902344 1
63 27 852.289550781 1
63 27 887.69342041 1
63 27 917.145812988 1
63 27 939.461303711 1
63 27 1013.43249512 1
63 27 1038.3260498 1
63 27 1042.17883301 1
63 27 1124.05981445 1
63 27 1182.32006836 1
63 27 1240.3651123 1
63 27 1310.12854004 1
63 27 1310.73352051 1
63 27 1342.94519043 1
63 27 1549.44689941 1
63 28 161.700698853 1
63 28 162.103622437 1
63 28 162.32510376 1
63 28 164.125579834 1
63 28 164.664840698 1
63 28 164.86831665 1
63 28 165.285491943 1
63 28 165.583312988 1
63 28 165.926574707 1
63 28 165.963562012 1
63 28 166.167098999 1
63 28 166.59487915 1
63 28 166.694900513 1
63 28 168.467849731 1
63 28 168.944793701 1
63 28 169.719741821 1
63 28 169.763595581 1
63 28 170.719421387 1
63 28 170.936935425 1
63 28 170.949630737 1
63 28 171.196640015 1
63 28 171.286682129 1
63 28 171.564758301 1
63 28 171.970718384 1
63 28 172.08996582 1
63 28 172.251190186 1
63 28 173.236724854 1
63 28 173.498443604 1
63 28 173.537582397 1
63 28 173.705917358 1
63 28 173.727462769 1
63 28 173.933944702 1
63 28 173.96975708 1
63 28 174.007736206 1
63 28 174.123718262 1
63 28 174.145584106 1
63 28 174.466217041 1
63 28 174.860717773 1
63 28 174.887481689 1
63 28 175.268890381 1
63 28 175.303405762 1
63 28 175.304672241 1
63 28 175.576782227 1
63 28 175.790130615 1
63 28 175.853820801 1
63 28 176.06489563 1
63 28 176.219863892 1
63 28 176.292190552 1
63 28 176.560195923 1
63 28 176.633285522 1
63 28 176.733306885 1
63 28 176.756942749 1
63 28 176.811157227 1
63 28 177.023406982 1
63 28 177.294555664 1
63 28 177.597747803 1
63 28 177.679107666 1
63 28 177.98928833 1
63 28 178.05696106 1
63 28 178.197631836 1
63 28 178.221313477 1
63 28 178.296417236 1
63 28 178.341003418 1
63 28 178.375534058 1
63 28 178.458755493 1
63 28 178.696014404 1
63 28 178.796646118 1
63 28 179.103286743 1
63 28 179.345794678 1
63 28 179.34677124 1
63 28 179.445724487 1
63 28 179.801528931 1
63 28 179.884140015 1
63 28 179.997253418 1
63 28 180.047103882 1
63 28 180.104660034 1
63 28 180.660507202 1
63 28 180.843063354 1
63 28 180.859848022 1
63 28 180.990829468 1
63 28 181.088470459 1
63 28 181.207366943 1
63 28 181.584869385 1
63 28 181.608840942 1
63 28 181.791000366 1
63 28 181.973632812 1
63 28 181.974533081 1
63 28 182.0390625 1
63 28 182.143447876 1
63 28 182.156448364 1
63 28 182.448196411 1
63 28 182.809371948 1
63 28 182.937408447 1
63 28 182.969802856 1
63 28 183.07585144 1
63 28 183.227111816 1
63 28 183.451187134 1
63 28 183.48475647 1
63 28 183.600341797 1
63 28 183.791213989 1
63 28 183.840286255 1
63 28 184.108139038 1
63 28 184.286956787 1
63 28 184.369903564 1
63 28 184.382324219 1
63 28 184.410614014 1
63 28 184.545593262 1
63 28 184.703979492 1
63 28 184.819503784 1
63 28 184.82081604 1
63 28 184.982955933 1
63 28 185.088226318 1
63 28 185.146957397 1
63 28 185.391815186 1
63 28 185.414169312 1
63 28 185.820465088 1
63 28 185.883483887 1
63 28 186.396636963 1
63 28 186.40675354 1
63 28 186.810653687 1
63 28 186.90171814 1
63 28 187.222076416 1
63 28 187.278457642 1
63 28 187.788299561 1
63 28 188.067459106 1
63 28 188.086410522 1
63 28 188.150299072 1
63 28 188.419021606 1
63 28 188.527160645 1
63 28 188.576904297 1
63 28 189.589569092 1
63 28 189.753448486 1
63 28 189.921951294 1
63 28 190.046569824 1
63 28 190.21673584 1
63 28 190.225234985 1
63 28 190.366577148 1
63 28 190.386520386 1
63 28 190.649047852 1
63 28 190.890304565 1
63 28 191.0625 1
63 28 191.095535278 1
63 28 191.10395813 1
63 28 191.109466553 1
63 28 191.605484009 1
63 28 191.661209106 1
63 28 191.901473999 1
63 28 191.973770142 1
63 28 192.135162354 1
63 28 192.393783569 1
63 28 192.45715332 1
63 28 192.525497437 1
63 28 192.544540405 1
63 28 192.59475708 1
63 28 193.04637146 1
63 28 193.261993408 1
63 28 193.313171387 1
63 28 193.510116577 1
63 28 193.741821289 1
63 28 194.033218384 1
63 28 194.215057373 1
63 28 194.414978027 1
63 28 194.513549805 1
63 28 194.785339355 1
63 28 194.860488892 1
63 28 195.01008606 1
63 28 195.081130981 1
63 28 195.220703125 1
63 28 196.088119507 1
63 28 196.246231079 1
63 28 196.473205566 1
63 28 196.502731323 1
63 28 196.558395386 1
63 28 196.587127686 1
63 28 196.842544556 1
63 28 196.967483521 1
63 28 197.030380249 1
63 28 197.488891602 1
63 28 197.952896118 1
63 28 198.064331055 1
63 28 198.407226562 1
63 28 199.343811035 1
63 28 199.635025024 1
63 28 200.294174194 1
63 28 200.44152832 1
63 28 200.482192993 1
63 28 200.593139648 1
63 28 200.780258179 1
63 28 200.842391968 1
63 28 201.044540405 1
63 28 201.112243652 1
63 28 201.33480835 1
63 28 201.658081055 1
63 28 201.928085327 1
63 28 202.528381348 1
63 28 202.843490601 1
63 28 202.906585693 1
63 28 203.354446411 1
63 28 203.592575073 1
63 28 203.652572632 1
63 28 203.738204956 1
63 28 203.742477417 1
63 28 203.818634033 1
63 28 203.856170654 1
63 28 204.08782959 1
63 28 204.327865601 1
63 28 204.400817871 1
63 28 204.412780762 1
63 28 204.750671387 1
63 28 204.859405518 1
63 28 205.025146484 1
63 28 205.460266113 1
63 28 205.87310791 1
63 28 205.927429199 1
63 28 206.047790527 1
63 28 206.467163086 1
63 28 206.63772583 1
63 28 207.037857056 1
63 28 207.064529419 1
63 28 207.950332642 1
63 28 208.1512146 1
63 28 208.251220703 1
63 28 208.345535278 1
63 28 208.562515259 1
63 28 208.739868164 1
63 28 208.821243286 1
63 28 208.88494873 1
63 28 208.887268066 1
63 28 209.016494751 1
63 28 209.388336182 1
63 28 209.435714722 1
63 28 209.868133545 1
63 28 210.472442627 1
63 28 210.95149231 1
63 28 211.195495605 1
63 28 211.22013855 1
63 28 211.604064941 1
63 28 211.719665527 1
63 28 211.778076172 1
63 28 212.244689941 1
63 28 212.360427856 1
63 28 212.689376831 1
63 28 212.843215942 1
63 28 213.608810425 1
63 28 213.617828369 1
63 28 213.658355713 1
63 28 214.427947998 1
63 28 214.791305542 1
63 28 215.283569336 1
63 28 216.313903809 1
63 28 216.434677124 1
63 28 216.691741943 1
63 28 216.761230469 1
63 28 217.501953125 1
63 28 218.434677124 1
63 28 218.771347046 1
63 28 218.930557251 1
63 28 219.442718506 1
63 28 220.029220581 1
63 28 220.693939209 1
63 28 220.921554565 1
63 28 221.425933838 1
63 28 221.646697998 1
63 28 222.679397583 1
63 28 222.873855591 1
63 28 223.169052124 1
63 28 223.328735352 1
63 28 223.83656311 1
63 28 224.008209229 1
63 28 224.220230103 1
63 28 225.650970459 1
63 28 225.811676025 1
63 28 226.093856812 1
63 28 226.382843018 1
63 28 226.69442749 1
63 28 226.995300293 1
63 28 227.733306885 1
63 28 227.832122803 1
63 28 228.592071533 1
63 28 228.750396729 1
63 28 230.603149414 1
63 28 231.487411499 1
63 28 232.118988037 1
63 28 233.075714111 1
63 28 233.161636353 1
63 28 233.648773193 1
63 28 234.136245728 1
63 28 234.405563354 1
63 28 234.463195801 1
63 28 235.174499512 1
63 28 235.376312256 1
63 28 235.594543457 1
63 28 235.605377197 1
63 28 235.643264771 1
63 28 237.110473633 1
63 28 238.242599487 1
63 28 238.677261353 1
63 28 239.942718506 1
63 28 240.046722412 1
63 28 240.32649231 1
63 28 243.213897705 1
63 28 243.716918945 1
63 28 243.929367065 1
63 28 244.197250366 1
63 28 245.512924194 1
63 28 245.974136353 1
63 28 245.996414185 1
63 28 246.302902222 1
63 28 248.948730469 1
63 28 249.969299316 1
63 28 250.125976562 1
63 28 250.153198242 1
63 28 250.836837769 1
63 28 251.481811523 1
63 28 252.639007568 1
63 28 252.682815552 1
63 28 254.697311401 1
63 28 255.057815552 1
63 28 255.735305786 1
63 28 256.327728271 1
63 28 256.956573486 1
63 28 257.259368896 1
63 28 258.560821533 1
63 28 258.729522705 1
63 28 259.47543335 1
63 28 260.264160156 1
63 28 260.430389404 1
63 28 262.043731689 1
63 28 264.820678711 1
63 28 266.173400879 1
63 28 266.284118652 1
63 28 267.516082764 1
63 28 267.931304932 1
63 28 268.239685059 1
63 28 268.724121094 1
63 28 269.938934326 1
63 28 270.471130371 1
63 28 270.891479492 1
63 28 271.028656006 1
63 28 271.572021484 1
63 28 273.108184814 1
63 28 273.781402588 1
63 28 274.295257568 1
63 28 276.416137695 1
63 28 278.158111572 1
63 28 279.549713135 1
63 28 281.998748779 1
63 28 282.802490234 1
63 28 283.122009277 1
63 28 284.640197754 1
63 28 284.796234131 1
63 28 285.177886963 1
63 28 290.322814941 1
63 28 294.634368896 1
63 28 295.171539307 1
63 28 296.345184326 1
63 28 296.892364502 1
63 28 299.850402832 1
63 28 302.960296631 1
63 28 303.377258301 1
63 28 304.638763428 1
63 28 305.004302979 1
63 28 305.759094238 1
63 28 308.168670654 1
63 28 311.628265381 1
63 28 312.033538818 1
63 28 312.099487305 1
63 28 313.647796631 1
63 28 315.761505127 1
63 28 316.030303955 1
63 28 317.374572754 1
63 28 317.87411499 1
63 28 319.982421875 1
63 28 320.590454102 1
63 28 321.224700928 1
63 28 323.148925781 1
63 28 324.00112915 1
63 28 328.705810547 1
63 28 334.605621338 1
63 28 336.21484375 1
63 28 337.941009521 1
63 28 340.041687012 1
63 28 341.451477051 1
63 28 341.84085083 1
63 28 342.835266113 1
63 28 343.379394531 1
63 28 344.196868896 1
63 28 345.411834717 1
63 28 345.465270996 1
63 28 354.369812012 1
63 28 359.546905518 1
63 28 359.77432251 1
63 28 368.036743164 1
63 28 369.546783447 1
63 28 371.557617188 1
63 28 375.266418457 1
63 28 375.438079834 1
63 28 378.371704102 1
63 28 379.564178467 1
63 28 381.904876709 1
63 28 383.866210938 1
63 28 395.561035156 1
63 28 399.063079834 1
63 28 404.804016113 1
63 28 408.145629883 1
63 28 410.414886475 1
63 28 420.885040283 1
63 28 438.79675293 1
63 28 438.906005859 1
63 28 440.559448242 1
63 28 454.522094727 1
63 28 455.512237549 1
63 28 457.233459473 1
63 28 457.732757568 1
63 28 461.241699219 1
63 28 468.490722656 1
63 28 475.50604248 1
63 28 490.6953125 1
63 28 496.01651001 1
63 28 503.312957764 1
63 28 513.70513916 1
63 28 514.341064453 1
63 28 516.719787598 1
63 28 518.393493652 1
63 28 522.187988281 1
63 28 524.41418457 1
63 28 540.306213379 1
63 28 541.83782959 1
63 28 556.147521973 1
63 28 556.18157959 1
63 28 563.913635254 1
63 28 565.02130127 1
63 28 565.691894531 1
63 28 583.371398926 1
63 28 596.25579834 1
63 28 627.321350098 1
63 28 658.39239502 1
63 28 673.874816895 1
63 28 679.63684082 1
63 28 683.925476074 1
63 28 715.803161621 1
63 28 789.031738281 1
63 28 811.907104492 1
63 28 852.571289062 1
63 28 860.859802246 1
63 28 932.81854248 1
63 28 985.51385498 1
63 28 1004.57427979 1
63 28 1038.83764648 1
63 28 1084.08483887 1
63 28 1148.51123047 1
63 28 1170.02758789 1
63 28 1523.82958984 1
63 28 2312.34814453 1
63 29 78.7971572876 1
63 29 80.7333831787 1
63 29 80.8975906372 1
63 29 81.6971817017 1
63 29 82.7020492554 1
63 29 82.7660675049 1
63 29 83.2329864502 1
63 29 83.3217163086 1
63 29 83.7264862061 1
63 29 83.8177490234 1
63 29 83.925567627 1
63 29 83.9669723511 1
63 29 84.0163040161 1
63 29 84.2166442871 1
63 29 84.4201583862 1
63 29 84.460105896 1
63 29 84.4811096191 1
63 29 84.5550003052 1
63 29 84.6225891113 1
63 29 84.6567382812 1
63 29 84.7497558594 1
63 29 84.8425369263 1
63 29 84.8910980225 1
63 29 84.9069366455 1
63 29 84.9162750244 1
63 29 84.9346618652 1
63 29 84.9392242432 1
63 29 85.2089004517 1
63 29 85.2752380371 1
63 29 85.3049545288 1
63 29 85.3087005615 1
63 29 85.4621734619 1
63 29 85.5221557617 1
63 29 85.6572647095 1
63 29 85.6895751953 1
63 29 85.7629089355 1
63 29 85.8305206299 1
63 29 85.8411102295 1
63 29 85.9546737671 1
63 29 86.0916671753 1
63 29 86.1044845581 1
63 29 86.1455307007 1
63 29 86.2066726685 1
63 29 86.2737960815 1
63 29 86.2819671631 1
63 29 86.3496704102 1
63 29 86.366394043 1
63 29 86.5151824951 1
63 29 86.5160827637 1
63 29 86.5555343628 1
63 29 86.6564788818 1
63 29 86.7125701904 1
63 29 86.7194213867 1
63 29 86.7226867676 1
63 29 86.7503890991 1
63 29 86.7639007568 1
63 29 86.8331604004 1
63 29 86.8999786377 1
63 29 87.0559463501 1
63 29 87.1282806396 1
63 29 87.1810455322 1
63 29 87.1844406128 1
63 29 87.1878204346 1
63 29 87.2280578613 1
63 29 87.2290878296 1
63 29 87.3618621826 1
63 29 87.4482650757 1
63 29 87.5370483398 1
63 29 87.6024932861 1
63 29 87.6240768433 1
63 29 87.6394577026 1
63 29 87.6455764771 1
63 29 87.7729568481 1
63 29 87.8321762085 1
63 29 87.8814620972 1
63 29 87.9223327637 1
63 29 87.9335403442 1
63 29 87.9784545898 1
63 29 88.0194473267 1
63 29 88.0385284424 1
63 29 88.0702514648 1
63 29 88.118057251 1
63 29 88.149559021 1
63 29 88.2148132324 1
63 29 88.3886108398 1
63 29 88.451385498 1
63 29 88.4534301758 1
63 29 88.5098342896 1
63 29 88.5705108643 1
63 29 88.5743713379 1
63 29 88.5763931274 1
63 29 88.7129974365 1
63 29 88.7173843384 1
63 29 88.7379226685 1
63 29 88.7584533691 1
63 29 88.7670974731 1
63 29 88.8595046997 1
63 29 88.8909301758 1
63 29 88.9644851685 1
63 29 89.0302810669 1
63 29 89.0522689819 1
63 29 89.0537109375 1
63 29 89.1315231323 1
63 29 89.1621170044 1
63 29 89.2124786377 1
63 29 89.2743530273 1
63 29 89.282585144 1
63 29 89.3817520142 1
63 29 89.4218597412 1
63 29 89.4371948242 1
63 29 89.4432373047 1
63 29 89.4591064453 1
63 29 89.4988479614 1
63 29 89.515411377 1
63 29 89.532623291 1
63 29 89.5477218628 1
63 29 89.5736846924 1
63 29 89.5994415283 1
63 29 89.6217803955 1
63 29 89.6487731934 1
63 29 89.6913986206 1
63 29 89.6920852661 1
63 29 89.7203216553 1
63 29 89.7790679932 1
63 29 89.7868652344 1
63 29 89.8425292969 1
63 29 89.8513031006 1
63 29 89.9115371704 1
63 29 89.9571990967 1
63 29 89.9980545044 1
63 29 90.0092163086 1
63 29 90.1059265137 1
63 29 90.1860961914 1
63 29 90.2461013794 1
63 29 90.2848892212 1
63 29 90.3361968994 1
63 29 90.3378372192 1
63 29 90.3632583618 1
63 29 90.3658752441 1
63 29 90.3709945679 1
63 29 90.445526123 1
63 29 90.4643554688 1
63 29 90.4995117188 1
63 29 90.6602020264 1
63 29 90.6714630127 1
63 29 90.6793365479 1
63 29 90.6865005493 1
63 29 90.7026901245 1
63 29 90.743812561 1
63 29 90.7630004883 1
63 29 90.8001251221 1
63 29 90.8042526245 1
63 29 90.8141021729 1
63 29 90.8353881836 1
63 29 90.8591156006 1
63 29 90.8618011475 1
63 29 90.9007644653 1
63 29 90.9020080566 1
63 29 90.9667434692 1
63 29 90.9958190918 1
63 29 91.0170135498 1
63 29 91.0512771606 1
63 29 91.0554046631 1
63 29 91.1458587646 1
63 29 91.1620941162 1
63 29 91.1663818359 1
63 29 91.1670913696 1
63 29 91.1914749146 1
63 29 91.2030029297 1
63 29 91.2344741821 1
63 29 91.2811660767 1
63 29 91.2884292603 1
63 29 91.3169784546 1
63 29 91.3434371948 1
63 29 91.362159729 1
63 29 91.3959503174 1
63 29 91.4343948364 1
63 29 91.4859008789 1
63 29 91.6735992432 1
63 29 91.6944885254 1
63 29 91.7030029297 1
63 29 91.7376174927 1
63 29 91.7519378662 1
63 29 91.7798995972 1
63 29 91.8368606567 1
63 29 91.9398498535 1
63 29 91.9941177368 1
63 29 92.0606002808 1
63 29 92.0624771118 1
63 29 92.0833129883 1
63 29 92.0876998901 1
63 29 92.0915603638 1
63 29 92.1529769897 1
63 29 92.290222168 1
63 29 92.2954483032 1
63 29 92.2971115112 1
63 29 92.3057785034 1
63 29 92.373916626 1
63 29 92.4487228394 1
63 29 92.5238571167 1
63 29 92.5407562256 1
63 29 92.5862121582 1
63 29 92.5892181396 1
63 29 92.5958404541 1
63 29 92.607635498 1
63 29 92.7190246582 1
63 29 92.72215271 1
63 29 92.7306594849 1
63 29 92.765411377 1
63 29 92.7981567383 1
63 29 92.8161468506 1
63 29 92.8267669678 1
63 29 92.8784255981 1
63 29 92.9066925049 1
63 29 92.9399490356 1
63 29 92.9468002319 1
63 29 93.0949630737 1
63 29 93.1284713745 1
63 29 93.1337203979 1
63 29 93.1647262573 1
63 29 93.1756591797 1
63 29 93.202255249 1
63 29 93.2984008789 1
63 29 93.2984085083 1
63 29 93.3004989624 1
63 29 93.3467559814 1
63 29 93.3636856079 1
63 29 93.3683929443 1
63 29 93.4193191528 1
63 29 93.4214172363 1
63 29 93.453414917 1
63 29 93.4932250977 1
63 29 93.5254745483 1
63 29 93.577835083 1
63 29 93.664642334 1
63 29 93.6786346436 1
63 29 93.7402877808 1
63 29 93.7475967407 1
63 29 93.8147583008 1
63 29 93.8490066528 1
63 29 93.9095611572 1
63 29 93.9178466797 1
63 29 93.9295959473 1
63 29 93.9728240967 1
63 29 94.0329437256 1
63 29 94.0344085693 1
63 29 94.0460281372 1
63 29 94.0461654663 1
63 29 94.0678710938 1
63 29 94.0719451904 1
63 29 94.083114624 1
63 29 94.1018753052 1
63 29 94.1025619507 1
63 29 94.1113891602 1
63 29 94.11277771 1
63 29 94.1572723389 1
63 29 94.1591949463 1
63 29 94.1963043213 1
63 29 94.2064819336 1
63 29 94.2653884888 1
63 29 94.2687225342 1
63 29 94.286567688 1
63 29 94.4058609009 1
63 29 94.4258956909 1
63 29 94.4299163818 1
63 29 94.443107605 1
63 29 94.5039672852 1
63 29 94.5458374023 1
63 29 94.5503768921 1
63 29 94.5747070312 1
63 29 94.5871124268 1
63 29 94.6579437256 1
63 29 94.7193984985 1
63 29 94.7323608398 1
63 29 94.8011627197 1
63 29 94.807434082 1
63 29 94.8626174927 1
63 29 94.8679046631 1
63 29 94.8710632324 1
63 29 94.9017944336 1
63 29 94.9303512573 1
63 29 94.9378662109 1
63 29 94.9589004517 1
63 29 94.9670257568 1
63 29 94.9803695679 1
63 29 95.1116638184 1
63 29 95.1755752563 1
63 29 95.182510376 1
63 29 95.2384414673 1
63 29 95.3116149902 1
63 29 95.3202667236 1
63 29 95.3296051025 1
63 29 95.3303527832 1
63 29 95.3571090698 1
63 29 95.4030609131 1
63 29 95.4265899658 1
63 29 95.4695968628 1
63 29 95.4791183472 1
63 29 95.5180511475 1
63 29 95.5375442505 1
63 29 95.5419845581 1
63 29 95.5696563721 1
63 29 95.5826644897 1
63 29 95.5915603638 1
63 29 95.6008377075 1
63 29 95.6061935425 1
63 29 95.6166610718 1
63 29 95.6770248413 1
63 29 95.7279815674 1
63 29 95.7658004761 1
63 29 95.7731018066 1
63 29 95.7779083252 1
63 29 95.7928848267 1
63 29 95.7938842773 1
63 29 95.8016738892 1
63 29 95.804901123 1
63 29 95.8282699585 1
63 29 95.8332748413 1
63 29 95.8438873291 1
63 29 95.8468170166 1
63 29 95.8763275146 1
63 29 95.9211196899 1
63 29 95.9419708252 1
63 29 95.9752731323 1
63 29 95.9963226318 1
63 29 96.0809402466 1
63 29 96.0873336792 1
63 29 96.0929870605 1
63 29 96.1112365723 1
63 29 96.201965332 1
63 29 96.242149353 1
63 29 96.2762756348 1
63 29 96.3216934204 1
63 29 96.3302841187 1
63 29 96.375831604 1
63 29 96.3788604736 1
63 29 96.3943786621 1
63 29 96.4205169678 1
63 29 96.447265625 1
63 29 96.4577789307 1
63 29 96.4669647217 1
63 29 96.5300598145 1
63 29 96.6145324707 1
63 29 96.6220397949 1
63 29 96.6342773438 1
63 29 96.6363983154 1
63 29 96.6376266479 1
63 29 96.6707458496 1
63 29 96.693031311 1
63 29 96.6930847168 1
63 29 96.7085418701 1
63 29 96.7372894287 1
63 29 96.7654342651 1
63 29 96.8073959351 1
63 29 96.8267974854 1
63 29 96.9443359375 1
63 29 96.9854736328 1
63 29 96.9970397949 1
63 29 97.0317459106 1
63 29 97.0327758789 1
63 29 97.0801544189 1
63 29 97.1097335815 1
63 29 97.1253967285 1
63 29 97.1678390503 1
63 29 97.2199935913 1
63 29 97.2545318604 1
63 29 97.2649536133 1
63 29 97.3100967407 1
63 29 97.3174819946 1
63 29 97.3372268677 1
63 29 97.3389358521 1
63 29 97.359375 1
63 29 97.3847579956 1
63 29 97.3935089111 1
63 29 97.4079055786 1
63 29 97.4415435791 1
63 29 97.4514923096 1
63 29 97.4705123901 1
63 29 97.5812835693 1
63 29 97.6091003418 1
63 29 97.6831436157 1
63 29 97.6869659424 1
63 29 97.7050018311 1
63 29 97.7375106812 1
63 29 97.7537384033 1
63 29 97.8089599609 1
63 29 97.8217544556 1
63 29 97.8342285156 1
63 29 97.8815689087 1
63 29 97.9647903442 1
63 29 97.9885101318 1
63 29 98.1099700928 1
63 29 98.1160125732 1
63 29 98.1435546875 1
63 29 98.1465682983 1
63 29 98.1709289551 1
63 29 98.183807373 1
63 29 98.2018356323 1
63 29 98.2050018311 1
63 29 98.221786499 1
63 29 98.2527389526 1
63 29 98.3125762939 1
63 29 98.3196258545 1
63 29 98.3466339111 1
63 29 98.3871307373 1
63 29 98.3935928345 1
63 29 98.4090805054 1
63 29 98.4981536865 1
63 29 98.5749206543 1
63 29 98.6621322632 1
63 29 98.6795883179 1
63 29 98.7046356201 1
63 29 98.7257995605 1
63 29 98.7354507446 1
63 29 98.7781295776 1
63 29 98.7803649902 1
63 29 98.8181152344 1
63 29 98.8541412354 1
63 29 98.8857040405 1
63 29 98.9049758911 1
63 29 98.91847229 1
63 29 98.9242248535 1
63 29 99.0222473145 1
63 29 99.1357727051 1
63 29 99.1530990601 1
63 29 99.165145874 1
63 29 99.2568283081 1
63 29 99.3034667969 1
63 29 99.3079986572 1
63 29 99.341835022 1
63 29 99.3697128296 1
63 29 99.4616012573 1
63 29 99.4627380371 1
63 29 99.4769897461 1
63 29 99.4965744019 1
63 29 99.5096511841 1
63 29 99.5340652466 1
63 29 99.5944290161 1
63 29 99.657875061 1
63 29 99.6968841553 1
63 29 99.6995239258 1
63 29 99.7010879517 1
63 29 99.703918457 1
63 29 99.7112579346 1
63 29 99.7323989868 1
63 29 99.7959060669 1
63 29 99.8227081299 1
63 29 99.8692550659 1
63 29 99.9016036987 1
63 29 99.9134063721 1
63 29 99.9755172729 1
63 29 99.9770812988 1
63 29 99.9967651367 1
63 29 99.9997787476 1
63 29 100.015617371 1
63 29 100.044021606 1
63 29 100.049964905 1
63 29 100.054634094 1
63 29 100.089958191 1
63 29 100.181060791 1
63 29 100.192222595 1
63 29 100.201042175 1
63 29 100.202514648 1
63 29 100.32069397 1
63 29 100.334999084 1
63 29 100.36390686 1
63 29 100.497421265 1
63 29 100.5052948 1
63 29 100.571166992 1
63 29 100.671989441 1
63 29 100.712425232 1
63 29 100.802101135 1
63 29 100.885383606 1
63 29 100.893058777 1
63 29 100.956367493 1
63 29 101.132705688 1
63 29 101.159294128 1
63 29 101.184509277 1
63 29 101.230865479 1
63 29 101.277984619 1
63 29 101.307289124 1
63 29 101.350486755 1
63 29 101.415802002 1
63 29 101.577171326 1
63 29 101.753257751 1
63 29 101.764167786 1
63 29 101.819190979 1
63 29 101.844146729 1
63 29 101.851142883 1
63 29 101.853988647 1
63 29 101.86631012 1
63 29 101.903434753 1
63 29 101.933326721 1
63 29 101.937149048 1
63 29 102.011276245 1
63 29 102.034912109 1
63 29 102.054199219 1
63 29 102.065979004 1
63 29 102.142280579 1
63 29 102.305770874 1
63 29 102.313858032 1
63 29 102.350509644 1
63 29 102.404541016 1
63 29 102.475036621 1
63 29 102.495597839 1
63 29 102.636703491 1
63 29 102.673347473 1
63 29 102.680671692 1
63 29 102.691421509 1
63 29 102.736129761 1
63 29 102.74471283 1
63 29 102.768379211 1
63 29 102.840690613 1
63 29 102.86516571 1
63 29 102.973335266 1
63 29 103.027709961 1
63 29 103.044471741 1
63 29 103.045822144 1
63 29 103.151420593 1
63 29 103.20149231 1
63 29 103.220993042 1
63 29 103.27583313 1
63 29 103.278831482 1
63 29 103.328323364 1
63 29 103.382225037 1
63 29 103.394889832 1
63 29 103.395324707 1
63 29 103.403144836 1
63 29 103.470535278 1
63 29 103.510025024 1
63 29 103.648857117 1
63 29 103.812667847 1
63 29 103.838577271 1
63 29 103.854064941 1
63 29 103.95249176 1
63 29 103.993286133 1
63 29 104.054100037 1
63 29 104.096946716 1
63 29 104.153556824 1
63 29 104.214988708 1
63 29 104.391494751 1
63 29 104.404914856 1
63 29 104.416908264 1
63 29 104.463699341 1
63 29 104.513015747 1
63 29 104.599884033 1
63 29 104.607322693 1
63 29 104.679763794 1
63 29 104.683258057 1
63 29 104.737625122 1
63 29 104.90663147 1
63 29 104.914131165 1
63 29 104.956855774 1
63 29 105.013572693 1
63 29 105.024131775 1
63 29 105.028083801 1
63 29 105.101768494 1
63 29 105.129997253 1
63 29 105.164649963 1
63 29 105.178024292 1
63 29 105.204193115 1
63 29 105.245628357 1
63 29 105.290252686 1
63 29 105.318153381 1
63 29 105.318771362 1
63 29 105.421096802 1
63 29 105.479927063 1
63 29 105.515129089 1
63 29 105.519836426 1
63 29 105.684715271 1
63 29 105.724525452 1
63 29 105.844322205 1
63 29 105.964317322 1
63 29 105.991172791 1
63 29 105.997817993 1
63 29 106.015419006 1
63 29 106.058120728 1
63 29 106.063247681 1
63 29 106.131706238 1
63 29 106.170394897 1
63 29 106.262138367 1
63 29 106.293495178 1
63 29 106.318473816 1
63 29 106.336143494 1
63 29 106.359268188 1
63 29 106.379837036 1
63 29 106.428108215 1
63 29 106.545532227 1
63 29 106.564453125 1
63 29 106.619529724 1
63 29 106.833183289 1
63 29 106.907150269 1
63 29 106.948730469 1
63 29 106.975616455 1
63 29 107.053291321 1
63 29 107.193740845 1
63 29 107.23349762 1
63 29 107.5414505 1
63 29 107.546516418 1
63 29 107.620796204 1
63 29 107.639839172 1
63 29 107.698059082 1
63 29 107.954177856 1
63 29 107.958305359 1
63 29 107.959037781 1
63 29 108.017532349 1
63 29 108.024238586 1
63 29 108.05342865 1
63 29 108.06337738 1
63 29 108.126922607 1
63 29 108.176971436 1
63 29 108.185173035 1
63 29 108.247970581 1
63 29 108.276115417 1
63 29 108.329238892 1
63 29 108.33997345 1
63 29 108.351066589 1
63 29 108.458755493 1
63 29 108.519035339 1
63 29 108.525360107 1
63 29 108.582565308 1
63 29 108.660942078 1
63 29 108.767845154 1
63 29 108.832435608 1
63 29 108.84046936 1
63 29 108.858886719 1
63 29 108.928375244 1
63 29 108.94355011 1
63 29 109.024131775 1
63 29 109.029502869 1
63 29 109.067527771 1
63 29 109.134979248 1
63 29 109.143241882 1
63 29 109.171676636 1
63 29 109.278495789 1
63 29 109.364006042 1
63 29 109.37865448 1
63 29 109.664741516 1
63 29 109.678390503 1
63 29 109.718360901 1
63 29 109.749053955 1
63 29 109.831161499 1
63 29 109.879615784 1
63 29 109.893058777 1
63 29 110.017219543 1
63 29 110.019508362 1
63 29 110.03024292 1
63 29 110.094299316 1
63 29 110.10849762 1
63 29 110.21496582 1
63 29 110.244827271 1
63 29 110.274185181 1
63 29 110.280487061 1
63 29 110.324440002 1
63 29 110.344917297 1
63 29 110.379867554 1
63 29 110.713668823 1
63 29 110.719520569 1
63 29 110.794761658 1
63 29 110.929801941 1
63 29 110.945083618 1
63 29 111.294288635 1
63 29 111.370780945 1
63 29 111.441101074 1
63 29 111.462631226 1
63 29 111.499343872 1
63 29 111.565246582 1
63 29 111.636688232 1
63 29 111.66784668 1
63 29 111.734985352 1
63 29 111.820373535 1
63 29 111.845565796 1
63 29 111.920776367 1
63 29 111.950950623 1
63 29 112.06855011 1
63 29 112.098220825 1
63 29 112.12714386 1
63 29 112.138053894 1
63 29 112.200782776 1
63 29 112.236381531 1
63 29 112.468803406 1
63 29 112.504394531 1
63 29 112.508926392 1
63 29 112.700866699 1
63 29 112.905189514 1
63 29 113.062911987 1
63 29 113.113517761 1
63 29 113.28817749 1
63 29 113.329200745 1
63 29 113.392242432 1
63 29 113.557746887 1
63 29 113.578872681 1
63 29 113.803100586 1
63 29 113.813087463 1
63 29 113.820472717 1
63 29 113.860229492 1
63 29 113.992904663 1
63 29 114.159164429 1
63 29 114.287475586 1
63 29 114.367485046 1
63 29 114.413871765 1
63 29 114.588752747 1
63 29 114.619735718 1
63 29 115.095069885 1
63 29 115.209983826 1
63 29 115.328269958 1
63 29 115.413192749 1
63 29 115.504600525 1
63 29 115.52230835 1
63 29 115.624290466 1
63 29 115.719070435 1
63 29 115.81943512 1
63 29 115.856750488 1
63 29 115.928321838 1
63 29 115.943901062 1
63 29 116.123466492 1
63 29 116.419822693 1
63 29 116.505912781 1
63 29 116.628692627 1
63 29 116.639633179 1
63 29 116.697685242 1
63 29 116.852607727 1
63 29 116.881515503 1
63 29 116.920814514 1
63 29 116.980140686 1
63 29 117.045173645 1
63 29 117.159225464 1
63 29 117.405097961 1
63 29 117.605987549 1
63 29 117.612678528 1
63 29 118.102264404 1
63 29 118.224494934 1
63 29 118.300247192 1
63 29 118.389907837 1
63 29 118.448127747 1
63 29 118.481887817 1
63 29 118.51990509 1
63 29 118.541984558 1
63 29 118.648109436 1
63 29 118.670066833 1
63 29 118.777671814 1
63 29 119.09223938 1
63 29 119.112518311 1
63 29 119.125900269 1
63 29 119.13495636 1
63 29 119.15750885 1
63 29 119.459312439 1
63 29 119.696121216 1
63 29 119.778831482 1
63 29 119.957885742 1
63 29 120.012657166 1
63 29 120.080993652 1
63 29 120.470321655 1
63 29 120.523292542 1
63 29 120.633224487 1
63 29 120.72996521 1
63 29 120.750579834 1
63 29 120.936012268 1
63 29 120.967056274 1
63 29 121.044380188 1
63 29 121.083824158 1
63 29 121.207313538 1
63 29 121.272323608 1
63 29 121.415611267 1
63 29 122.214401245 1
63 29 122.224327087 1
63 29 122.316474915 1
63 29 122.502128601 1
63 29 123.037971497 1
63 29 123.069732666 1
63 29 123.145271301 1
63 29 123.390159607 1
63 29 123.623268127 1
63 29 123.767250061 1
63 29 123.848266602 1
63 29 123.84853363 1
63 29 123.897636414 1
63 29 123.982002258 1
63 29 124.087760925 1
63 29 124.131401062 1
63 29 124.310997009 1
63 29 124.414054871 1
63 29 124.511924744 1
63 29 124.591796875 1
63 29 124.607788086 1
63 29 124.774810791 1
63 29 124.893424988 1
63 29 124.909683228 1
63 29 124.946479797 1
63 29 124.98274231 1
63 29 125.061149597 1
63 29 125.183021545 1
63 29 125.262168884 1
63 29 125.271316528 1
63 29 125.520561218 1
63 29 125.772453308 1
63 29 125.871925354 1
63 29 126.046791077 1
63 29 126.088867188 1
63 29 126.095619202 1
63 29 126.412895203 1
63 29 126.501281738 1
63 29 126.585952759 1
63 29 126.605308533 1
63 29 126.771659851 1
63 29 126.779762268 1
63 29 126.847091675 1
63 29 127.09147644 1
63 29 127.400695801 1
63 29 127.762756348 1
63 29 127.814422607 1
63 29 127.992004395 1
63 29 128.082931519 1
63 29 128.11378479 1
63 29 128.198608398 1
63 29 128.355209351 1
63 29 128.378082275 1
63 29 128.4375 1
63 29 128.889984131 1
63 29 128.908706665 1
63 29 129.029067993 1
63 29 129.81628418 1
63 29 129.823959351 1
63 29 129.872848511 1
63 29 129.904449463 1
63 29 130.220077515 1
63 29 130.362258911 1
63 29 130.420425415 1
63 29 130.906799316 1
63 29 130.95715332 1
63 29 131.321380615 1
63 29 131.663391113 1
63 29 131.708587646 1
63 29 132.291229248 1
63 29 132.421829224 1
63 29 132.456390381 1
63 29 132.570205688 1
63 29 133.244369507 1
63 29 133.29675293 1
63 29 133.535461426 1
63 29 133.786560059 1
63 29 133.876968384 1
63 29 134.579818726 1
63 29 134.729248047 1
63 29 135.018035889 1
63 29 135.28137207 1
63 29 135.291183472 1
63 29 135.423797607 1
63 29 135.503097534 1
63 29 135.548416138 1
63 29 136.123809814 1
63 29 136.171066284 1
63 29 136.656707764 1
63 29 136.696487427 1
63 29 136.947738647 1
63 29 137.584091187 1
63 29 137.806365967 1
63 29 137.841018677 1
63 29 137.988296509 1
63 29 138.393005371 1
63 29 138.604644775 1
63 29 138.746810913 1
63 29 139.366973877 1
63 29 139.676589966 1
63 29 140.424407959 1
63 29 141.130569458 1
63 29 141.278488159 1
63 29 141.413299561 1
63 29 142.03855896 1
63 29 143.384780884 1
63 29 144.3465271 1
63 29 144.588424683 1
63 29 145.238449097 1
63 29 145.242599487 1
63 29 145.353561401 1
63 29 145.373474121 1
63 29 145.686553955 1
63 29 145.893478394 1
63 29 146.187850952 1
63 29 146.246826172 1
63 29 146.488967896 1
63 29 146.851730347 1
63 29 146.911804199 1
63 29 146.946853638 1
63 29 147.35206604 1
63 29 148.065582275 1
63 29 148.417648315 1
63 29 148.434585571 1
63 29 148.558517456 1
63 29 148.967391968 1
63 29 150.572998047 1
63 29 150.856460571 1
63 29 151.544448853 1
63 29 151.710510254 1
63 29 153.06427002 1
63 29 153.215560913 1
63 29 153.529663086 1
63 29 153.721862793 1
63 29 153.776031494 1
63 29 154.217575073 1
63 29 154.585174561 1
63 29 154.867416382 1
63 29 154.873382568 1
63 29 155.250747681 1
63 29 155.664031982 1
63 29 155.915496826 1
63 29 157.094421387 1
63 29 157.116226196 1
63 29 157.245269775 1
63 29 157.467651367 1
63 29 157.76902771 1
63 29 158.123352051 1
63 29 159.182189941 1
63 29 159.797332764 1
63 29 160.501907349 1
63 29 160.655181885 1
63 29 161.519012451 1
63 29 162.328048706 1
63 29 162.505599976 1
63 29 162.704559326 1
63 29 163.234008789 1
63 29 164.091186523 1
63 29 164.601867676 1
63 29 164.619384766 1
63 29 166.117965698 1
63 29 166.140335083 1
63 29 166.325302124 1
63 29 166.432449341 1
63 29 166.650024414 1
63 29 167.676803589 1
63 29 167.942764282 1
63 29 168.032119751 1
63 29 168.531234741 1
63 29 168.539840698 1
63 29 169.25 1
63 29 169.44682312 1
63 29 170.192657471 1
63 29 170.548843384 1
63 29 170.717849731 1
63 29 171.432601929 1
63 29 172.011077881 1
63 29 172.467529297 1
63 29 172.806671143 1
63 29 173.154541016 1
63 29 173.629074097 1
63 29 174.40083313 1
63 29 175.214065552 1
63 29 177.086578369 1
63 29 178.328735352 1
63 29 179.173919678 1
63 29 182.096313477 1
63 29 183.019073486 1
63 29 183.468032837 1
63 29 183.72958374 1
63 29 183.935592651 1
63 29 184.546524048 1
63 29 184.551879883 1
63 29 185.980773926 1
63 29 186.084106445 1
63 29 186.142959595 1
63 29 187.423049927 1
63 29 188.094894409 1
63 29 190.535339355 1
63 29 190.551727295 1
63 29 190.565322876 1
63 29 191.579986572 1
63 29 191.732940674 1
63 29 192.133117676 1
63 29 192.826278687 1
63 29 193.187850952 1
63 29 195.721694946 1
63 29 195.977615356 1
63 29 197.169113159 1
63 29 197.690994263 1
63 29 198.092819214 1
63 29 199.135070801 1
63 29 199.791549683 1
63 29 203.971923828 1
63 29 204.568084717 1
63 29 206.915054321 1
63 29 208.820220947 1
63 29 211.158248901 1
63 29 211.986968994 1
63 29 214.875579834 1
63 29 215.96887207 1
63 29 216.901428223 1
63 29 217.690658569 1
63 29 219.315643311 1
63 29 219.890808105 1
63 29 221.504455566 1
63 29 221.582580566 1
63 29 224.252380371 1
63 29 224.667938232 1
63 29 225.956588745 1
63 29 226.03112793 1
63 29 226.426620483 1
63 29 227.490249634 1
63 29 227.783172607 1
63 29 229.174331665 1
63 29 231.877822876 1
63 29 232.413650513 1
63 29 234.709686279 1
63 29 238.815032959 1
63 29 239.971954346 1
63 29 240.105880737 1
63 29 241.601730347 1
63 29 242.420593262 1
63 29 243.325531006 1
63 29 246.7915802 1
63 29 247.537643433 1
63 29 248.518997192 1
63 29 249.467880249 1
63 29 249.975860596 1
63 29 251.778503418 1
63 29 252.759872437 1
63 29 253.888397217 1
63 29 254.550506592 1
63 29 254.949539185 1
63 29 257.3515625 1
63 29 259.753631592 1
63 29 260.239349365 1
63 29 263.212585449 1
63 29 263.378234863 1
63 29 265.042144775 1
63 29 270.590240479 1
63 29 274.462524414 1
63 29 274.823150635 1
63 29 277.321960449 1
63 29 277.69909668 1
63 29 278.286773682 1
63 29 280.816650391 1
63 29 282.376708984 1
63 29 283.63104248 1
63 29 284.710601807 1
63 29 289.906829834 1
63 29 292.620513916 1
63 29 300.318908691 1
63 29 301.492584229 1
63 29 305.905273438 1
63 29 307.440063477 1
63 29 308.4559021 1
63 29 308.613464355 1
63 29 315.199737549 1
63 29 318.522186279 1
63 29 322.127716064 1
63 29 322.642242432 1
63 29 325.7862854 1
63 29 327.616546631 1
63 29 328.679229736 1
63 29 329.465179443 1
63 29 333.049194336 1
63 29 344.955383301 1
63 29 346.234771729 1
63 29 347.753143311 1
63 29 356.528137207 1
63 29 357.853851318 1
63 29 359.669433594 1
63 29 359.74407959 1
63 29 361.031524658 1
63 29 361.686157227 1
63 29 369.383850098 1
63 29 372.432800293 1
63 29 374.024139404 1
63 29 382.329315186 1
63 29 385.482879639 1
63 29 386.161010742 1
63 29 396.420410156 1
63 29 399.791107178 1
63 29 402.639099121 1
63 29 405.324523926 1
63 29 406.50378418 1
63 29 419.512084961 1
63 29 420.28012085 1
63 29 424.445709229 1
63 29 425.434112549 1
63 29 428.954986572 1
63 29 432.238525391 1
63 29 432.288024902 1
63 29 434.810241699 1
63 29 443.469329834 1
63 29 445.456329346 1
63 29 446.258331299 1
63 29 458.611846924 1
63 29 461.877380371 1
63 29 467.596405029 1
63 29 469.968383789 1
63 29 492.328063965 1
63 29 509.118438721 1
63 29 518.485778809 1
63 29 519.472473145 1
63 29 522.254882812 1
63 29 534.122009277 1
63 29 558.136657715 1
63 29 559.434265137 1
63 29 562.780334473 1
63 29 565.256896973 1
63 29 574.049865723 1
63 29 603.309326172 1
63 29 637.635803223 1
63 29 647.113647461 1
63 29 662.336853027 1
63 29 671.371765137 1
63 29 674.2421875 1
63 29 679.081054688 1
63 29 684.938659668 1
63 29 685.046447754 1
63 29 688.188598633 1
63 29 696.483642578 1
63 29 709.255493164 1
63 29 716.952941895 1
63 29 717.033935547 1
63 29 742.188659668 1
63 29 752.032714844 1
63 29 757.256347656 1
63 29 777.754455566 1
63 29 782.226501465 1
63 29 805.774230957 1
63 29 805.909545898 1
63 29 848.20098877 1
63 29 862.646972656 1
63 29 881.656677246 1
63 29 937.754577637 1
63 29 1116.25683594 1
63 29 1142.51318359 1
63 29 1235.6295166 1
63 29 1292.04125977 1
63 29 1317.14855957 1
63 29 1331.28234863 1
63 31 93.7848205566 1
63 31 94.5195541382 1
63 31 95.3108139038 1
63 31 96.6980285645 1
63 31 99.5614624023 1
63 31 99.5684890747 1
63 31 100.406173706 1
63 31 100.717964172 1
63 31 100.879699707 1
63 31 101.980506897 1
63 31 102.391548157 1
63 31 102.517372131 1
63 31 102.634674072 1
63 31 104.021629333 1
63 31 104.04964447 1
63 31 104.486083984 1
63 31 104.491508484 1
63 31 104.534751892 1
63 31 104.773124695 1
63 31 104.78478241 1
63 31 104.92074585 1
63 31 106.058616638 1
63 31 106.170608521 1
63 31 106.452629089 1
63 31 106.624282837 1
63 31 106.912208557 1
63 31 107.50541687 1
63 31 107.550712585 1
63 31 107.752677917 1
63 31 108.039924622 1
63 31 108.304405212 1
63 31 108.351791382 1
63 31 109.432342529 1
63 31 110.024223328 1
63 31 110.620780945 1
63 31 111.436920166 1
63 31 111.877235413 1
63 31 112.190765381 1
63 31 112.290931702 1
63 31 113.392066956 1
63 31 113.721389771 1
63 31 113.964927673 1
63 31 114.159896851 1
63 31 114.61946106 1
63 31 114.630622864 1
63 31 114.992179871 1
63 31 115.244216919 1
63 31 115.350822449 1
63 31 115.835014343 1
63 31 116.622909546 1
63 31 116.70337677 1
63 31 116.817237854 1
63 31 117.030677795 1
63 31 117.306930542 1
63 31 118.954063416 1
63 31 119.223457336 1
63 31 122.320167542 1
63 31 122.491600037 1
63 31 122.577972412 1
63 31 122.601348877 1
63 31 123.277992249 1
63 31 123.447853088 1
63 31 124.087936401 1
63 31 124.333389282 1
63 31 124.563209534 1
63 31 125.522666931 1
63 31 126.445800781 1
63 31 126.805412292 1
63 31 127.248390198 1
63 31 128.05657959 1
63 31 128.389373779 1
63 31 128.753799438 1
63 31 129.047668457 1
63 31 131.085083008 1
63 31 131.222717285 1
63 31 131.921081543 1
63 31 132.86050415 1
63 31 133.347595215 1
63 31 133.507919312 1
63 31 133.781158447 1
63 31 133.94442749 1
63 31 134.071868896 1
63 31 134.244491577 1
63 31 136.306381226 1
63 31 136.642486572 1
63 31 137.264083862 1
63 31 137.469497681 1
63 31 137.821838379 1
63 31 139.401245117 1
63 31 140.317260742 1
63 31 140.391082764 1
63 31 140.896896362 1
63 31 141.266998291 1
63 31 141.948379517 1
63 31 142.024459839 1
63 31 142.041046143 1
63 31 143.74206543 1
63 31 144.30166626 1
63 31 146.061752319 1
63 31 147.685943604 1
63 31 148.909713745 1
63 31 150.360733032 1
63 31 150.370513916 1
63 31 150.707565308 1
63 31 152.256195068 1
63 31 152.420898438 1
63 31 152.56022644 1
63 31 154.20211792 1
63 31 154.964767456 1
63 31 155.425369263 1
63 31 156.55317688 1
63 31 157.267242432 1
63 31 157.445404053 1
63 31 157.851959229 1
63 31 158.882873535 1
63 31 159.395370483 1
63 31 160.915390015 1
63 31 161.196243286 1
63 31 161.323257446 1
63 31 161.327575684 1
63 31 163.56552124 1
63 31 164.731506348 1
63 31 168.005340576 1
63 31 169.402420044 1
63 31 170.232406616 1
63 31 170.353179932 1
63 31 175.386642456 1
63 31 175.542556763 1
63 31 175.65953064 1
63 31 176.298141479 1
63 31 176.339019775 1
63 31 176.944137573 1
63 31 178.213119507 1
63 31 178.247787476 1
63 31 180.554473877 1
63 31 181.175765991 1
63 31 181.332107544 1
63 31 183.271057129 1
63 31 186.369812012 1
63 31 186.56010437 1
63 31 187.199417114 1
63 31 188.331268311 1
63 31 189.658950806 1
63 31 190.170974731 1
63 31 190.329849243 1
63 31 190.591262817 1
63 31 191.103149414 1
63 31 192.305953979 1
63 31 193.574005127 1
63 31 193.687347412 1
63 31 194.976135254 1
63 31 195.159622192 1
63 31 195.218902588 1
63 31 195.805282593 1
63 31 197.421981812 1
63 31 197.584991455 1
63 31 199.129837036 1
63 31 201.188613892 1
63 31 203.235855103 1
63 31 204.266357422 1
63 31 204.763565063 1
63 31 205.505874634 1
63 31 205.650436401 1
63 31 205.655090332 1
63 31 207.274978638 1
63 31 208.119110107 1
63 31 208.494277954 1
63 31 210.525970459 1
63 31 211.519210815 1
63 31 211.722351074 1
63 31 211.830978394 1
63 31 211.929351807 1
63 31 212.565551758 1
63 31 213.376678467 1
63 31 213.536819458 1
63 31 215.502532959 1
63 31 215.561477661 1
63 31 216.935546875 1
63 31 218.681854248 1
63 31 219.128311157 1
63 31 220.419021606 1
63 31 222.977233887 1
63 31 223.3175354 1
63 31 226.58354187 1
63 31 227.755569458 1
63 31 229.021499634 1
63 31 229.43812561 1
63 31 231.442596436 1
63 31 231.772323608 1
63 31 236.509307861 1
63 31 238.879455566 1
63 31 239.30607605 1
63 31 241.83392334 1
63 31 243.074417114 1
63 31 244.639297485 1
63 31 247.21661377 1
63 31 247.617645264 1
63 31 249.42678833 1
63 31 250.836349487 1
63 31 254.152786255 1
63 31 254.97543335 1
63 31 255.146347046 1
63 31 257.729736328 1
63 31 259.389099121 1
63 31 262.949279785 1
63 31 266.9324646 1
63 31 267.609802246 1
63 31 270.08706665 1
63 31 271.849304199 1
63 31 272.730010986 1
63 31 272.768280029 1
63 31 273.38394165 1
63 31 273.934631348 1
63 31 278.26663208 1
63 31 278.706970215 1
63 31 288.134613037 1
63 31 288.358306885 1
63 31 290.029876709 1
63 31 293.41519165 1
63 31 295.725646973 1
63 31 296.272674561 1
63 31 296.33203125 1
63 31 297.985534668 1
63 31 302.423950195 1
63 31 302.732025146 1
63 31 304.808990479 1
63 31 305.87512207 1
63 31 309.285552979 1
63 31 318.046600342 1
63 31 325.627227783 1
63 31 326.049163818 1
63 31 326.430755615 1
63 31 329.045410156 1
63 31 330.154815674 1
63 31 330.825897217 1
63 31 332.229949951 1
63 31 333.45022583 1
63 31 334.695404053 1
63 31 336.362884521 1
63 31 336.85067749 1
63 31 346.823059082 1
63 31 348.291503906 1
63 31 351.741455078 1
63 31 352.044250488 1
63 31 357.876495361 1
63 31 365.81048584 1
63 31 380.359527588 1
63 31 381.55267334 1
63 31 383.677001953 1
63 31 393.312896729 1
63 31 406.944732666 1
63 31 411.522857666 1
63 31 413.431091309 1
63 31 421.593597412 1
63 31 429.637237549 1
63 31 432.675354004 1
63 31 438.661346436 1
63 31 442.208892822 1
63 31 450.718231201 1
63 31 460.50378418 1
63 31 475.921813965 1
63 31 479.649261475 1
63 31 479.828613281 1
63 31 484.665740967 1
63 31 499.830322266 1
63 31 508.855224609 1
63 31 513.315795898 1
63 31 519.85546875 1
63 31 522.17565918 1
63 31 530.367431641 1
63 31 537.808410645 1
63 31 543.835327148 1
63 31 544.58984375 1
63 31 568.658630371 1
63 31 577.449157715 1
63 31 581.675476074 1
63 31 588.471740723 1
63 31 631.885559082 1
63 31 649.509155273 1
63 31 656.907104492 1
63 31 658.188659668 1
63 31 682.29107666 1
63 31 696.002685547 1
63 31 732.114685059 1
63 31 742.672424316 1
63 31 744.038635254 1
63 31 781.335754395 1
63 31 861.685241699 1
63 31 864.01550293 1
63 31 909.844909668 1
63 31 1110.34326172 1
63 31 1502.62915039 1
63 32 187.121414185 1
63 32 194.316070557 1
63 32 200.465408325 1
63 32 201.271591187 1
63 32 208.683898926 1
63 32 216.419403076 1
63 32 219.152328491 1
63 32 229.136352539 1
63 32 234.862319946 1
63 32 236.525024414 1
63 32 240.634902954 1
63 32 243.25479126 1
63 32 256.198364258 1
63 32 258.181030273 1
63 32 261.929412842 1
63 32 265.783905029 1
63 32 266.380462646 1
63 32 266.405212402 1
63 32 276.021331787 1
63 32 276.89743042 1
63 32 277.383056641 1
63 32 288.565582275 1
63 32 290.092590332 1
63 32 293.358154297 1
63 32 295.027526855 1
63 32 299.863647461 1
63 32 300.910675049 1
63 32 301.48324585 1
63 32 305.537597656 1
63 32 305.755859375 1
63 32 308.559173584 1
63 32 313.108795166 1
63 32 318.779541016 1
63 32 327.640899658 1
63 32 334.824523926 1
63 32 340.528778076 1
63 32 342.250244141 1
63 32 349.986633301 1
63 32 351.255859375 1
63 32 351.861846924 1
63 32 352.654296875 1
63 32 355.66506958 1
63 32 359.917144775 1
63 32 361.77835083 1
63 32 364.820404053 1
63 32 365.388641357 1
63 32 373.396148682 1
63 32 388.621429443 1
63 32 403.070953369 1
63 32 411.550079346 1
63 32 416.688903809 1
63 32 417.072937012 1
63 32 423.893615723 1
63 32 435.008026123 1
63 32 440.009643555 1
63 32 448.3253479 1
63 32 449.044158936 1
63 32 454.707672119 1
63 32 468.269866943 1
63 32 470.363342285 1
63 32 482.265014648 1
63 32 489.576385498 1
63 32 490.815612793 1
63 32 493.962646484 1
63 32 498.734191895 1
63 32 507.389343262 1
63 32 513.648925781 1
63 32 518.876403809 1
63 32 528.684387207 1
63 32 540.448120117 1
63 32 549.686157227 1
63 32 558.201049805 1
63 32 558.500061035 1
63 32 599.059082031 1
63 32 614.800048828 1
63 32 671.268432617 1
63 32 693.194274902 1
63 32 736.018981934 1
63 32 778.658752441 1
63 32 928.544006348 1
63 32 1326.13208008 1
63 33 322.68157959 1
63 33 385.776611328 1
63 33 390.660552979 1
63 33 393.712097168 1
63 33 418.753479004 1
63 33 424.586975098 1
63 33 457.140625 1
63 33 457.151885986 1
63 33 465.79888916 1
63 33 490.786437988 1
63 33 497.117126465 1
63 33 524.069335938 1
63 33 529.34387207 1
63 33 572.694702148 1
63 33 592.025512695 1
63 33 596.611694336 1
63 33 714.614990234 1
63 33 739.485046387 1
63 34 558.406982422 1
63 34 718.830383301 1
63 35 637.044006348 1
64 26 818.500305176 1
64 26 1537.17651367 1
64 27 1010.06494141 1
64 27 1755.47070312 1
64 28 713.608642578 1
64 28 744.680358887 1
64 28 768.901245117 1
64 28 984.934570312 1
64 28 1245.23754883 1
64 28 1510.96520996 1
64 28 1631.50146484 1
64 29 652.150024414 1
64 29 674.577941895 1
64 29 730.328125 1
64 29 1000.07971191 1
64 29 1080.69750977 1
64 29 1246.90966797 1
64 29 1403.25085449 1
64 30 624.188964844 1
64 30 666.797058105 1
64 30 675.86932373 1
64 30 720.03704834 1
64 30 771.38494873 1
64 30 822.54675293 1
64 30 826.753723145 1
64 30 1030.25170898 1
64 30 1773.9732666 1
64 31 720.889953613 1
64 31 742.821533203 1
64 31 1469.11450195 1
64 32 790.164001465 1
64 32 1322.56176758 1
64 32 1707.49536133 1
64 33 1435.83605957 1
64 34 1046.01708984 1
65 27 1764.92382812 1
65 27 1838.8918457 1
69 20 3145.171875 1
70 22 1976.57763672 1
70 25 908.948181152 1
70 25 1090.31542969 1
70 25 2147.8737793 1
70 26 1334.88598633 1
70 26 1655.55334473 1
70 27 750.579650879 1
70 27 752.426086426 1
70 27 809.091552734 1
70 27 821.967163086 1
70 27 865.04107666 1
70 27 904.833984375 1
70 27 979.947143555 1
70 27 981.97467041 1
70 27 1054.49804688 1
70 28 680.919921875 1
70 28 712.308349609 1
70 28 751.894042969 1
70 28 934.515869141 1
70 28 955.571350098 1
70 28 955.660888672 1
70 28 986.824829102 1
70 28 1050.27453613 1
70 28 1083.44702148 1
70 28 1345.71643066 1
70 28 1572.69030762 1
70 28 1627.77160645 1
70 28 1692.0690918 1
70 28 1884.66674805 1
70 29 651.021850586 1
70 29 700.125976562 1
70 29 742.805480957 1
70 29 882.319030762 1
70 29 905.092285156 1
70 29 925.068115234 1
70 29 1046.10009766 1
70 29 1059.47790527 1
70 29 1104.90600586 1
70 29 1134.19580078 1
70 29 1349.37023926 1
70 29 1365.8046875 1
70 29 1650.67163086 1
70 29 1949.98242188 1
70 30 639.430541992 1
70 30 672.155700684 1
70 30 820.321899414 1
70 30 1329.09277344 1
70 31 753.858032227 1
70 31 1032.40039062 1
70 31 1049.58251953 1
70 31 1491.28149414 1
70 31 1847.86364746 1
71 21 1469.44177246 1
71 22 1049.32128906 1
71 25 944.473693848 1
71 25 2123.46142578 1
71 26 1050.22924805 1
71 27 1081.17590332 1
71 28 705.755065918 1
71 28 747.709472656 1
71 28 765.483947754 1
71 28 852.565063477 1
71 28 873.209533691 1
71 28 928.7265625 1
71 28 965.334350586 1
71 29 674.482971191 1
71 29 679.883239746 1
71 29 731.014465332 1
71 29 798.604675293 1
71 29 839.432006836 1
71 29 850.249206543 1
71 29 1201.33618164 1
71 29 1287.27185059 1
71 29 1325.63684082 1
71 30 675.905761719 1
71 30 731.422485352 1
71 30 861.260009766 1
71 30 864.46875 1
71 30 1010.10668945 1
71 31 808.922424316 1
71 31 965.875305176 1
71 31 1010.30169678 1
71 32 1213.60534668 1
71 32 1325.71289062 1
72 24 1577.41125488 1
72 29 1501.08911133 1
81 8 3564.72021484 1
