000 404.0 0.0 1000000.0
008 319.0 0.0 1000000.0
009 315.0 0.0 1000000.0
010 296.0 0.0 1000000.0
011 328.0 0.0 1000000.0
013 311.0 0.0 1000000.0
016 324.0 0.0 1000000.0
022 314.0 0.0 1000000.0
027 302.0 0.0 1000000.0
034 297.0 0.0 1000000.0
045 281.0 0.0 1000000.0
063 243.0 0.0 1000000.0
090 162.0 0.0 1000000.0
117 82.0 0.0 1000000.0
135 44.0 0.0 1000000.0
146 23.0 0.0 1000000.0
153 20.0 0.0 1000000.0
158 25.0 0.0 1000000.0
162 23.0 0.0 1000000.0
164 18.0 0.0 1000000.0
166 22.0 0.0 1000000.0
167 23.0 0.0 1000000.0
169 14.0 0.0 1000000.0
171 20.0 0.0 1000000.0
172 22.0 0.0 1000000.0
180 15.0 0.0 1000000.0
