000 2724.0 0.0 10000000.0
008 2855.0 0.0 10000000.0
009 2779.0 0.0 10000000.0
010 2832.0 0.0 10000000.0
011 3064.0 0.0 10000000.0
013 3006.0 0.0 10000000.0
016 3071.0 0.0 10000000.0
022 3254.0 0.0 10000000.0
027 3231.0 0.0 10000000.0
034 3233.0 0.0 10000000.0
045 2963.0 0.0 10000000.0
063 2546.0 0.0 10000000.0
090 1693.0 0.0 10000000.0
117 858.0 0.0 10000000.0
135 472.0 0.0 10000000.0
146 313.0 0.0 10000000.0
153 279.0 0.0 10000000.0
158 215.0 0.0 10000000.0
162 185.0 0.0 10000000.0
164 205.0 0.0 10000000.0
166 219.0 0.0 10000000.0
167 196.0 0.0 10000000.0
169 199.0 0.0 10000000.0
171 186.0 0.0 10000000.0
172 191.0 0.0 10000000.0
180 188.0 0.0 10000000.0
