string dom time hits
45 32 1674.82385254 1
45 32 1848.29772949 1
53 23 2711.04272461 1
53 29 1650.37585449 1
53 29 2136.19580078 1
54 22 1671.81872559 1
54 23 2041.37634277 1
54 24 1097.64172363 1
54 24 1214.82006836 1
54 26 750.722290039 1
54 26 974.859863281 1
54 26 1458.59313965 1
54 26 1649.9152832 1
54 26 2020.27612305 1
54 27 668.857971191 1
54 27 669.564208984 1
54 27 726.319458008 1
54 27 790.985412598 1
54 27 826.25177002 1
54 27 886.134216309 1
54 27 981.3203125 1
54 27 1297.15795898 1
54 27 1391.2878418 1
54 28 680.70892334 1
54 28 691.16784668 1
54 28 703.229919434 1
54 28 711.354309082 1
54 28 725.847839355 1
54 28 797.616943359 1
54 28 875.097045898 1
54 28 1232.11962891 1
54 29 638.713134766 1
54 29 749.251953125 1
54 29 754.022094727 1
54 29 754.683166504 1
54 29 784.552490234 1
54 29 888.329101562 1
54 29 1282.03442383 1
54 29 1392.93566895 1
54 29 1496.21337891 1
54 29 1757.33154297 1
54 30 796.514526367 1
54 30 1009.53564453 1
54 30 1042.38183594 1
54 30 1163.828125 1
54 31 750.421691895 1
54 31 1124.52453613 1
54 31 1143.26086426 1
54 31 1278.38232422 1
54 31 1917.5189209 1
54 32 689.767883301 1
55 21 1400.57861328 1
55 21 1562.11572266 1
55 22 1170.84399414 1
55 22 1209.57177734 1
55 22 1335.64746094 1
55 23 1075.49926758 1
55 24 1733.0390625 1
55 25 1030.51965332 1
55 25 2689.57592773 1
55 26 718.703125 1
55 26 787.434448242 1
55 26 847.442810059 1
55 26 922.02947998 1
55 26 1028.15454102 1
55 26 1055.23803711 1
55 26 1080.77185059 1
55 26 1124.58618164 1
55 26 1132.31103516 1
55 26 1334.6463623 1
55 27 730.471252441 1
55 27 813.863830566 1
55 27 991.369384766 1
55 27 1018.62701416 1
55 27 1067.47302246 1
55 27 1439.45898438 1
55 27 1615.09008789 1
55 27 1696.64587402 1
55 28 694.162902832 1
55 28 743.298095703 1
55 28 776.511291504 1
55 28 781.494628906 1
55 28 810.787597656 1
55 28 1116.90002441 1
55 28 1197.32409668 1
55 28 1297.62304688 1
55 28 1403.72668457 1
55 29 850.377502441 1
55 29 903.133117676 1
55 29 1133.46447754 1
55 29 1595.14819336 1
55 29 1826.53771973 1
55 30 859.485473633 1
55 30 3114.66430664 1
55 31 922.51171875 1
55 31 2049.16210938 1
55 32 1213.90222168 1
56 27 3148.3059082 1
56 29 2126.74975586 1
56 30 1365.64831543 1
56 30 1521.23571777 1
61 31 1971.19030762 1
62 21 1423.39770508 1
62 25 1320.57287598 1
62 25 1532.50317383 1
62 26 771.744018555 1
62 26 985.193237305 1
62 26 1144.54431152 1
62 26 2022.00854492 1
62 26 2158.08618164 1
62 27 857.68963623 1
62 27 895.884460449 1
62 27 1310.57678223 1
62 28 765.973999023 1
62 28 830.218383789 1
62 29 638.41418457 1
62 29 649.256225586 1
62 29 658.413208008 1
62 29 808.501831055 1
62 29 827.660095215 1
62 29 839.596435547 1
62 29 900.316467285 1
62 29 1280.15905762 1
62 30 729.536499023 1
62 30 745.874389648 1
62 30 786.831604004 1
62 30 807.097961426 1
62 30 890.487792969 1
62 30 1035.81750488 1
62 30 1053.46765137 1
62 30 1186.4855957 1
62 31 889.669128418 1
62 31 1253.23291016 1
62 31 1697.76196289 1
63 19 1661.77905273 1
63 20 1464.1986084 1
63 20 1486.11987305 1
63 20 1780.11474609 1
63 21 832.000244141 1
63 21 864.787414551 1
63 21 885.81048584 1
63 22 727.564331055 1
63 22 791.808288574 1
63 22 868.412841797 1
63 22 882.915344238 1
63 22 894.090148926 1
63 22 956.482788086 1
63 22 1154.00622559 1
63 22 1433.39709473 1
63 23 700.174133301 1
63 23 722.041137695 1
63 23 730.348999023 1
63 23 739.344055176 1
63 23 740.982299805 1
63 23 894.852783203 1
63 23 910.688964844 1
63 23 1040.95703125 1
63 23 1280.66809082 1
63 23 1531.81311035 1
63 24 561.888183594 1
63 24 577.012878418 1
63 24 629.865234375 1
63 24 654.766967773 1
63 24 689.360534668 1
63 24 698.942016602 1
63 24 703.616210938 1
63 24 711.654541016 1
63 24 762.179016113 1
63 24 767.128967285 1
63 24 767.710388184 1
63 24 770.591369629 1
63 24 779.68536377 1
63 24 860.764526367 1
63 24 1391.21386719 1
63 25 426.95489502 1
63 25 428.385345459 1
63 25 433.507995605 1
63 25 445.820098877 1
63 25 450.600097656 1
63 25 462.632873535 1
63 25 482.813140869 1
63 25 488.041473389 1
63 25 491.223815918 1
63 25 491.685119629 1
63 25 498.405456543 1
63 25 500.716796875 1
63 25 502.484375 1
63 25 510.933807373 1
63 25 516.14239502 1
63 25 518.875610352 1
63 25 525.704345703 1
63 25 525.888366699 1
63 25 527.314575195 1
63 25 535.389709473 1
63 25 536.359069824 1
63 25 540.910095215 1
63 25 546.382324219 1
63 25 548.053344727 1
63 25 548.921142578 1
63 25 555.085205078 1
63 25 592.317626953 1
63 25 602.309265137 1
63 25 604.48425293 1
63 25 606.174804688 1
63 25 641.428039551 1
63 25 671.014282227 1
63 25 682.286682129 1
63 25 764.114013672 1
63 25 876.943725586 1
63 25 884.796508789 1
63 25 885.410949707 1
63 25 989.413696289 1
63 25 1491.00671387 1
63 26 325.190155029 1
63 26 328.360992432 1
63 26 333.667205811 1
63 26 334.860351562 1
63 26 335.137542725 1
63 26 336.63885498 1
63 26 337.786437988 1
63 26 342.344543457 1
63 26 344.520141602 1
63 26 348.298736572 1
63 26 348.345062256 1
63 26 348.668243408 1
63 26 348.888977051 1
63 26 349.515991211 1
63 26 350.588226318 1
63 26 350.97076416 1
63 26 351.886260986 1
63 26 353.015563965 1
63 26 353.417694092 1
63 26 357.244415283 1
63 26 359.517120361 1
63 26 360.012298584 1
63 26 361.065490723 1
63 26 361.151641846 1
63 26 363.718353271 1
63 26 365.958312988 1
63 26 366.063964844 1
63 26 368.822143555 1
63 26 369.319030762 1
63 26 370.536315918 1
63 26 371.159851074 1
63 26 372.669036865 1
63 26 373.347595215 1
63 26 375.916900635 1
63 26 376.393463135 1
63 26 383.562255859 1
63 26 383.782073975 1
63 26 383.824676514 1
63 26 385.57232666 1
63 26 386.762084961 1
63 26 389.495910645 1
63 26 390.931365967 1
63 26 393.353912354 1
63 26 394.216552734 1
63 26 394.542694092 1
63 26 394.602996826 1
63 26 395.946960449 1
63 26 398.479248047 1
63 26 401.933837891 1
63 26 403.340179443 1
63 26 403.510955811 1
63 26 404.179962158 1
63 26 404.540496826 1
63 26 405.50302124 1
63 26 411.076904297 1
63 26 413.6121521 1
63 26 413.917358398 1
63 26 414.965789795 1
63 26 416.110168457 1
63 26 417.911437988 1
63 26 422.122192383 1
63 26 422.629302979 1
63 26 425.121520996 1
63 26 431.00970459 1
63 26 431.273620605 1
63 26 436.138336182 1
63 26 439.309539795 1
63 26 440.419311523 1
63 26 442.572570801 1
63 26 444.539276123 1
63 26 444.68649292 1
63 26 446.959594727 1
63 26 454.008728027 1
63 26 454.955230713 1
63 26 458.166168213 1
63 26 458.39364624 1
63 26 462.159454346 1
63 26 465.97354126 1
63 26 466.778015137 1
63 26 467.005767822 1
63 26 469.095733643 1
63 26 472.520172119 1
63 26 473.050048828 1
63 26 475.76651001 1
63 26 483.311462402 1
63 26 486.700714111 1
63 26 488.546112061 1
63 26 497.920196533 1
63 26 504.688446045 1
63 26 510.541290283 1
63 26 513.162414551 1
63 26 516.927734375 1
63 26 522.438171387 1
63 26 525.426452637 1
63 26 525.754882812 1
63 26 528.486450195 1
63 26 532.637695312 1
63 26 538.531921387 1
63 26 540.15838623 1
63 26 544.240966797 1
63 26 551.96484375 1
63 26 555.655517578 1
63 26 562.11517334 1
63 26 568.170410156 1
63 26 579.818969727 1
63 26 583.407104492 1
63 26 584.274719238 1
63 26 586.027770996 1
63 26 597.179931641 1
63 26 599.130126953 1
63 26 602.417663574 1
63 26 613.847106934 1
63 26 641.170166016 1
63 26 651.558410645 1
63 26 654.483764648 1
63 26 677.764343262 1
63 26 717.16204834 1
63 26 717.7734375 1
63 26 720.935180664 1
63 26 734.651550293 1
63 26 781.014953613 1
63 26 783.273376465 1
63 26 797.459838867 1
63 26 810.829650879 1
63 26 858.980102539 1
63 26 878.661376953 1
63 26 946.450805664 1
63 26 1009.15460205 1
63 26 1107.39782715 1
63 26 1294.9708252 1
63 26 1451.54272461 1
63 26 1490.96679688 1
63 26 1519.00927734 1
63 27 246.1925354 1
63 27 248.661453247 1
63 27 249.263427734 1
63 27 250.097595215 1
63 27 250.532974243 1
63 27 250.755615234 1
63 27 252.056015015 1
63 27 252.338119507 1
63 27 252.623336792 1
63 27 252.761550903 1
63 27 252.974609375 1
63 27 253.623794556 1
63 27 253.902252197 1
63 27 254.631958008 1
63 27 254.673736572 1
63 27 254.906555176 1
63 27 254.966598511 1
63 27 255.860580444 1
63 27 256.005889893 1
63 27 256.17010498 1
63 27 256.370147705 1
63 27 256.813873291 1
63 27 256.875274658 1
63 27 257.462738037 1
63 27 257.51083374 1
63 27 257.561309814 1
63 27 257.945404053 1
63 27 259.211639404 1
63 27 259.302886963 1
63 27 259.530975342 1
63 27 260.086761475 1
63 27 260.362609863 1
63 27 260.589019775 1
63 27 260.684020996 1
63 27 260.753326416 1
63 27 260.806427002 1
63 27 261.109802246 1
63 27 261.487213135 1
63 27 261.594177246 1
63 27 261.606994629 1
63 27 262.24432373 1
63 27 262.254669189 1
63 27 262.687957764 1
63 27 263.248962402 1
63 27 263.251678467 1
63 27 263.743438721 1
63 27 264.067047119 1
63 27 264.472503662 1
63 27 264.590362549 1
63 27 264.596160889 1
63 27 265.145172119 1
63 27 265.704406738 1
63 27 265.849975586 1
63 27 266.094665527 1
63 27 266.157714844 1
63 27 266.488494873 1
63 27 266.841644287 1
63 27 267.03805542 1
63 27 267.428283691 1
63 27 267.713775635 1
63 27 267.773254395 1
63 27 267.931427002 1
63 27 267.981933594 1
63 27 268.042022705 1
63 27 268.106964111 1
63 27 268.145965576 1
63 27 268.174621582 1
63 27 268.178527832 1
63 27 269.167541504 1
63 27 269.311218262 1
63 27 269.514556885 1
63 27 269.593902588 1
63 27 269.901855469 1
63 27 270.452697754 1
63 27 270.620239258 1
63 27 270.683074951 1
63 27 271.073120117 1
63 27 271.278015137 1
63 27 271.775634766 1
63 27 272.141326904 1
63 27 272.149658203 1
63 27 272.198486328 1
63 27 272.443572998 1
63 27 273.069854736 1
63 27 273.354797363 1
63 27 273.613098145 1
63 27 273.746856689 1
63 27 274.261169434 1
63 27 274.441986084 1
63 27 274.691802979 1
63 27 274.992431641 1
63 27 275.613311768 1
63 27 276.053466797 1
63 27 276.510803223 1
63 27 276.848022461 1
63 27 277.11428833 1
63 27 277.165466309 1
63 27 277.245117188 1
63 27 277.904846191 1
63 27 278.133575439 1
63 27 278.250274658 1
63 27 278.317352295 1
63 27 278.601745605 1
63 27 278.787109375 1
63 27 278.948181152 1
63 27 279.1980896 1
63 27 279.214691162 1
63 27 279.385681152 1
63 27 280.080718994 1
63 27 280.703582764 1
63 27 281.192321777 1
63 27 281.227600098 1
63 27 281.391876221 1
63 27 282.244415283 1
63 27 282.893127441 1
63 27 282.960906982 1
63 27 283.837615967 1
63 27 284.234771729 1
63 27 284.770629883 1
63 27 284.93737793 1
63 27 285.145782471 1
63 27 285.14743042 1
63 27 285.458435059 1
63 27 286.017669678 1
63 27 286.573730469 1
63 27 286.737457275 1
63 27 287.035217285 1
63 27 287.806213379 1
63 27 288.264190674 1
63 27 288.409088135 1
63 27 288.762390137 1
63 27 288.828063965 1
63 27 288.880218506 1
63 27 289.503936768 1
63 27 289.656829834 1
63 27 289.720855713 1
63 27 290.123718262 1
63 27 290.610961914 1
63 27 291.055419922 1
63 27 292.072387695 1
63 27 292.376373291 1
63 27 292.471893311 1
63 27 292.677764893 1
63 27 292.970855713 1
63 27 293.812072754 1
63 27 294.503875732 1
63 27 295.071899414 1
63 27 295.637268066 1
63 27 296.451446533 1
63 27 296.769378662 1
63 27 297.243133545 1
63 27 297.756530762 1
63 27 297.852203369 1
63 27 298.14163208 1
63 27 298.600128174 1
63 27 298.69909668 1
63 27 299.897705078 1
63 27 300.164459229 1
63 27 300.493713379 1
63 27 301.092163086 1
63 27 301.166473389 1
63 27 301.445068359 1
63 27 303.304382324 1
63 27 303.60168457 1
63 27 303.862243652 1
63 27 303.961517334 1
63 27 304.061218262 1
63 27 305.883270264 1
63 27 306.428588867 1
63 27 308.393035889 1
63 27 310.331268311 1
63 27 312.553131104 1
63 27 312.734619141 1
63 27 313.161499023 1
63 27 314.045593262 1
63 27 314.858398438 1
63 27 315.129638672 1
63 27 316.908874512 1
63 27 317.264007568 1
63 27 318.807891846 1
63 27 318.931060791 1
63 27 319.198547363 1
63 27 319.419616699 1
63 27 319.753967285 1
63 27 321.80380249 1
63 27 324.193450928 1
63 27 324.819854736 1
63 27 324.871307373 1
63 27 325.17779541 1
63 27 325.425567627 1
63 27 325.691131592 1
63 27 326.414825439 1
63 27 326.981750488 1
63 27 327.114929199 1
63 27 328.465942383 1
63 27 328.611328125 1
63 27 331.784423828 1
63 27 333.396881104 1
63 27 333.997924805 1
63 27 334.077423096 1
63 27 334.625854492 1
63 27 334.977081299 1
63 27 338.251708984 1
63 27 342.103363037 1
63 27 342.587799072 1
63 27 342.688110352 1
63 27 344.42578125 1
63 27 345.441986084 1
63 27 345.633728027 1
63 27 346.951599121 1
63 27 347.268035889 1
63 27 347.628051758 1
63 27 348.429290771 1
63 27 348.680847168 1
63 27 351.033813477 1
63 27 351.196746826 1
63 27 351.662231445 1
63 27 353.078338623 1
63 27 354.178710938 1
63 27 354.240661621 1
63 27 354.437896729 1
63 27 355.235229492 1
63 27 355.882751465 1
63 27 356.080596924 1
63 27 357.66595459 1
63 27 358.109222412 1
63 27 358.858062744 1
63 27 359.586791992 1
63 27 361.319854736 1
63 27 364.055633545 1
63 27 365.617431641 1
63 27 365.66973877 1
63 27 366.025909424 1
63 27 366.210021973 1
63 27 371.099090576 1
63 27 373.454528809 1
63 27 375.382873535 1
63 27 376.09274292 1
63 27 381.043914795 1
63 27 381.341522217 1
63 27 381.778991699 1
63 27 383.234130859 1
63 27 384.92376709 1
63 27 386.608673096 1
63 27 388.262176514 1
63 27 388.848297119 1
63 27 394.837585449 1
63 27 396.03817749 1
63 27 397.255584717 1
63 27 402.26953125 1
63 27 402.866760254 1
63 27 402.868927002 1
63 27 403.478240967 1
63 27 403.797058105 1
63 27 404.45715332 1
63 27 406.847137451 1
63 27 421.04397583 1
63 27 424.991699219 1
63 27 434.833740234 1
63 27 436.83404541 1
63 27 437.179840088 1
63 27 452.646850586 1
63 27 454.04800415 1
63 27 459.931610107 1
63 27 476.125213623 1
63 27 476.395751953 1
63 27 479.508666992 1
63 27 485.753265381 1
63 27 494.641876221 1
63 27 495.729217529 1
63 27 499.348999023 1
63 27 503.769470215 1
63 27 504.02947998 1
63 27 507.753723145 1
63 27 508.239868164 1
63 27 516.296264648 1
63 27 525.401550293 1
63 27 529.354553223 1
63 27 551.948364258 1
63 27 555.481201172 1
63 27 565.483215332 1
63 27 574.887207031 1
63 27 585.366271973 1
63 27 611.96472168 1
63 27 619.928161621 1
63 27 622.626281738 1
63 27 645.267089844 1
63 27 654.719482422 1
63 27 668.944458008 1
63 27 678.891357422 1
63 27 680.342956543 1
63 27 685.21282959 1
63 27 694.081848145 1
63 27 737.812011719 1
63 27 752.002258301 1
63 27 769.154602051 1
63 27 775.540100098 1
63 27 802.299255371 1
63 27 807.134399414 1
63 27 816.582763672 1
63 27 823.490356445 1
63 27 836.389648438 1
63 27 846.58984375 1
63 27 849.855224609 1
63 27 919.05847168 1
63 27 1003.27520752 1
63 27 1009.40039062 1
63 27 1092.72351074 1
63 27 1359.82543945 1
63 27 1429.26318359 1
63 27 1555.93554688 1
63 28 159.930786133 1
63 28 159.97253418 1
63 28 160.318328857 1
63 28 161.46812439 1
63 28 161.542678833 1
63 28 162.048904419 1
63 28 162.0834198 1
63 28 162.659744263 1
63 28 163.01739502 1
63 28 163.145172119 1
63 28 163.253219604 1
63 28 163.859359741 1
63 28 164.024078369 1
63 28 164.149856567 1
63 28 164.231063843 1
63 28 164.279754639 1
63 28 164.585723877 1
63 28 164.602386475 1
63 28 164.653594971 1
63 28 164.688568115 1
63 28 164.757446289 1
63 28 165.086837769 1
63 28 165.296508789 1
63 28 165.313064575 1
63 28 165.328201294 1
63 28 165.408096313 1
63 28 165.932937622 1
63 28 165.967346191 1
63 28 166.511245728 1
63 28 166.731170654 1
63 28 166.761917114 1
63 28 166.838287354 1
63 28 166.988052368 1
63 28 167.001815796 1
63 28 167.124069214 1
63 28 167.26171875 1
63 28 167.286590576 1
63 28 167.359802246 1
63 28 167.381439209 1
63 28 167.527603149 1
63 28 167.727142334 1
63 28 167.831771851 1
63 28 167.861495972 1
63 28 167.886077881 1
63 28 167.899200439 1
63 28 168.044662476 1
63 28 168.164535522 1
63 28 168.203308105 1
63 28 168.264846802 1
63 28 168.736160278 1
63 28 168.791671753 1
63 28 168.807052612 1
63 28 168.827163696 1
63 28 169.050109863 1
63 28 169.073379517 1
63 28 169.099502563 1
63 28 169.114303589 1
63 28 169.240234375 1
63 28 169.253143311 1
63 28 169.256484985 1
63 28 169.295288086 1
63 28 169.363632202 1
63 28 169.497970581 1
63 28 169.579498291 1
63 28 169.614257812 1
63 28 169.782363892 1
63 28 169.795471191 1
63 28 169.933914185 1
63 28 169.980133057 1
63 28 170.110916138 1
63 28 170.127090454 1
63 28 170.268554688 1
63 28 170.451934814 1
63 28 170.454284668 1
63 28 170.479064941 1
63 28 170.501281738 1
63 28 170.509735107 1
63 28 170.538848877 1
63 28 170.62046814 1
63 28 170.795501709 1
63 28 170.833084106 1
63 28 170.971939087 1
63 28 171.019958496 1
63 28 171.052459717 1
63 28 171.115142822 1
63 28 171.358154297 1
63 28 171.368133545 1
63 28 171.376052856 1
63 28 171.492507935 1
63 28 171.494216919 1
63 28 171.506256104 1
63 28 171.565460205 1
63 28 171.700332642 1
63 28 171.74331665 1
63 28 171.765289307 1
63 28 171.817611694 1
63 28 171.863082886 1
63 28 171.868286133 1
63 28 172.009902954 1
63 28 172.044418335 1
63 28 172.082580566 1
63 28 172.084640503 1
63 28 172.093536377 1
63 28 172.12789917 1
63 28 172.271896362 1
63 28 172.280303955 1
63 28 172.305343628 1
63 28 172.423904419 1
63 28 172.448410034 1
63 28 172.529922485 1
63 28 172.575698853 1
63 28 172.594802856 1
63 28 172.617416382 1
63 28 172.709457397 1
63 28 172.727905273 1
63 28 172.728652954 1
63 28 172.740707397 1
63 28 172.783706665 1
63 28 172.851409912 1
63 28 172.860931396 1
63 28 172.891738892 1
63 28 172.938842773 1
63 28 172.982711792 1
63 28 173.05569458 1
63 28 173.29927063 1
63 28 173.339477539 1
63 28 173.34614563 1
63 28 173.347000122 1
63 28 173.347518921 1
63 28 173.348236084 1
63 28 173.380004883 1
63 28 173.432754517 1
63 28 173.501251221 1
63 28 173.670578003 1
63 28 173.680618286 1
63 28 173.696960449 1
63 28 173.706832886 1
63 28 173.787033081 1
63 28 173.821044922 1
63 28 173.837982178 1
63 28 173.888336182 1
63 28 174.029281616 1
63 28 174.037307739 1
63 28 174.074325562 1
63 28 174.091522217 1
63 28 174.092269897 1
63 28 174.173309326 1
63 28 174.208648682 1
63 28 174.218185425 1
63 28 174.285568237 1
63 28 174.29208374 1
63 28 174.403808594 1
63 28 174.482940674 1
63 28 174.484848022 1
63 28 174.503082275 1
63 28 174.511444092 1
63 28 174.648239136 1
63 28 174.658630371 1
63 28 175.025619507 1
63 28 175.124160767 1
63 28 175.152297974 1
63 28 175.165435791 1
63 28 175.260375977 1
63 28 175.335479736 1
63 28 175.378509521 1
63 28 175.442108154 1
63 28 175.483581543 1
63 28 175.484344482 1
63 28 175.501678467 1
63 28 175.610412598 1
63 28 175.612075806 1
63 28 175.660171509 1
63 28 175.692840576 1
63 28 175.712158203 1
63 28 175.758499146 1
63 28 175.805603027 1
63 28 175.810317993 1
63 28 175.897521973 1
63 28 175.943771362 1
63 28 176.010757446 1
63 28 176.052108765 1
63 28 176.092712402 1
63 28 176.172409058 1
63 28 176.202728271 1
63 28 176.263031006 1
63 28 176.321609497 1
63 28 176.349502563 1
63 28 176.398849487 1
63 28 176.470550537 1
63 28 176.493881226 1
63 28 176.506500244 1
63 28 176.5209198 1
63 28 176.697662354 1
63 28 176.707839966 1
63 28 176.790512085 1
63 28 177.004180908 1
63 28 177.058807373 1
63 28 177.13319397 1
63 28 177.143554688 1
63 28 177.250167847 1
63 28 177.524688721 1
63 28 177.540161133 1
63 28 177.686126709 1
63 28 177.693374634 1
63 28 177.728103638 1
63 28 177.916915894 1
63 28 177.939605713 1
63 28 178.080474854 1
63 28 178.242233276 1
63 28 178.419815063 1
63 28 178.628952026 1
63 28 178.650787354 1
63 28 178.661087036 1
63 28 178.835922241 1
63 28 178.903076172 1
63 28 178.906921387 1
63 28 178.993011475 1
63 28 179.011413574 1
63 28 179.030227661 1
63 28 179.109954834 1
63 28 179.195587158 1
63 28 179.266479492 1
63 28 179.298538208 1
63 28 179.31854248 1
63 28 179.326919556 1
63 28 179.661346436 1
63 28 179.689422607 1
63 28 179.9662323 1
63 28 180.098083496 1
63 28 180.120330811 1
63 28 180.15184021 1
63 28 180.252990723 1
63 28 180.255813599 1
63 28 180.32421875 1
63 28 180.46257019 1
63 28 180.568740845 1
63 28 180.587936401 1
63 28 180.736526489 1
63 28 180.806884766 1
63 28 180.895996094 1
63 28 180.922775269 1
63 28 180.934967041 1
63 28 180.990463257 1
63 28 181.003585815 1
63 28 181.025665283 1
63 28 181.100738525 1
63 28 181.319412231 1
63 28 181.376235962 1
63 28 181.388671875 1
63 28 181.425537109 1
63 28 181.475128174 1
63 28 181.552322388 1
63 28 181.592849731 1
63 28 181.769439697 1
63 28 181.839065552 1
63 28 181.965637207 1
63 28 181.97052002 1
63 28 181.97454834 1
63 28 182.058486938 1
63 28 182.065612793 1
63 28 182.090545654 1
63 28 182.125640869 1
63 28 182.251647949 1
63 28 182.29637146 1
63 28 182.337844849 1
63 28 182.384887695 1
63 28 182.504562378 1
63 28 182.545730591 1
63 28 182.676589966 1
63 28 182.696456909 1
63 28 182.784240723 1
63 28 182.837783813 1
63 28 182.851333618 1
63 28 182.865875244 1
63 28 182.870513916 1
63 28 182.894515991 1
63 28 183.022598267 1
63 28 183.063110352 1
63 28 183.125778198 1
63 28 183.472564697 1
63 28 183.517959595 1
63 28 183.527740479 1
63 28 183.545425415 1
63 28 183.602706909 1
63 28 183.64112854 1
63 28 183.748336792 1
63 28 183.78717041 1
63 28 183.833633423 1
63 28 183.861679077 1
63 28 183.868927002 1
63 28 184.03074646 1
63 28 184.032073975 1
63 28 184.088821411 1
63 28 184.150482178 1
63 28 184.152359009 1
63 28 184.31022644 1
63 28 184.366973877 1
63 28 184.44644165 1
63 28 184.493118286 1
63 28 184.546554565 1
63 28 184.609893799 1
63 28 184.668014526 1
63 28 184.761962891 1
63 28 184.857131958 1
63 28 184.877792358 1
63 28 184.9349823 1
63 28 184.970108032 1
63 28 185.063537598 1
63 28 185.17149353 1
63 28 185.253051758 1
63 28 185.258117676 1
63 28 185.407226562 1
63 28 185.426467896 1
63 28 185.527450562 1
63 28 185.552474976 1
63 28 185.71546936 1
63 28 185.781097412 1
63 28 185.812545776 1
63 28 185.928115845 1
63 28 185.992050171 1
63 28 186.011749268 1
63 28 186.014709473 1
63 28 186.241775513 1
63 28 186.33821106 1
63 28 186.341827393 1
63 28 186.419967651 1
63 28 186.426620483 1
63 28 186.505523682 1
63 28 186.867767334 1
63 28 187.040328979 1
63 28 187.183578491 1
63 28 187.401565552 1
63 28 187.548568726 1
63 28 187.810806274 1
63 28 187.925689697 1
63 28 187.947540283 1
63 28 188.106658936 1
63 28 188.288986206 1
63 28 188.307373047 1
63 28 188.441543579 1
63 28 188.45993042 1
63 28 188.499847412 1
63 28 188.791702271 1
63 28 188.856033325 1
63 28 188.939971924 1
63 28 189.011047363 1
63 28 189.095596313 1
63 28 189.124084473 1
63 28 189.214065552 1
63 28 189.319213867 1
63 28 189.378067017 1
63 28 189.456878662 1
63 28 189.512863159 1
63 28 189.562988281 1
63 28 189.637695312 1
63 28 189.754348755 1
63 28 189.897201538 1
63 28 189.900756836 1
63 28 189.990112305 1
63 28 190.11416626 1
63 28 190.148590088 1
63 28 190.714889526 1
63 28 190.833404541 1
63 28 190.853515625 1
63 28 190.919921875 1
63 28 190.95703125 1
63 28 191.010513306 1
63 28 191.146270752 1
63 28 191.148849487 1
63 28 191.17918396 1
63 28 191.236221313 1
63 28 191.590240479 1
63 28 191.661514282 1
63 28 192.008987427 1
63 28 192.125991821 1
63 28 192.236282349 1
63 28 192.281097412 1
63 28 192.294876099 1
63 28 192.334014893 1
63 28 192.4243927 1
63 28 192.496414185 1
63 28 192.5753479 1
63 28 192.655929565 1
63 28 192.691879272 1
63 28 192.749588013 1
63 28 193.019683838 1
63 28 193.057128906 1
63 28 193.478607178 1
63 28 193.64692688 1
63 28 193.854064941 1
63 28 194.232391357 1
63 28 194.288513184 1
63 28 194.343536377 1
63 28 194.471679688 1
63 28 195.305038452 1
63 28 195.376358032 1
63 28 195.76109314 1
63 28 195.888809204 1
63 28 195.99067688 1
63 28 196.063369751 1
63 28 196.088607788 1
63 28 196.20022583 1
63 28 196.235641479 1
63 28 196.271331787 1
63 28 196.376983643 1
63 28 196.577056885 1
63 28 196.599914551 1
63 28 196.66645813 1
63 28 196.894668579 1
63 28 197.007965088 1
63 28 197.09387207 1
63 28 197.10848999 1
63 28 197.254562378 1
63 28 197.421783447 1
63 28 197.427261353 1
63 28 197.463150024 1
63 28 197.781570435 1
63 28 198.350463867 1
63 28 198.465866089 1
63 28 198.541000366 1
63 28 198.869567871 1
63 28 198.89932251 1
63 28 198.927536011 1
63 28 199.07409668 1
63 28 199.086273193 1
63 28 199.1771698 1
63 28 199.344070435 1
63 28 199.36000061 1
63 28 199.576934814 1
63 28 199.61479187 1
63 28 199.822967529 1
63 28 199.856842041 1
63 28 199.914810181 1
63 28 200.086853027 1
63 28 200.111297607 1
63 28 200.132232666 1
63 28 200.201156616 1
63 28 200.241287231 1
63 28 200.302078247 1
63 28 200.980270386 1
63 28 201.340499878 1
63 28 201.833023071 1
63 28 202.014831543 1
63 28 202.050369263 1
63 28 202.17199707 1
63 28 202.532226562 1
63 28 202.607208252 1
63 28 202.963623047 1
63 28 203.066589355 1
63 28 203.884384155 1
63 28 203.928894043 1
63 28 204.013000488 1
63 28 204.050430298 1
63 28 204.099731445 1
63 28 204.728988647 1
63 28 204.764038086 1
63 28 205.240402222 1
63 28 205.251602173 1
63 28 205.418441772 1
63 28 205.662261963 1
63 28 205.668746948 1
63 28 205.71307373 1
63 28 205.893280029 1
63 28 205.907775879 1
63 28 206.320236206 1
63 28 206.47227478 1
63 28 206.507995605 1
63 28 206.796798706 1
63 28 207.17074585 1
63 28 207.812850952 1
63 28 207.955276489 1
63 28 207.958267212 1
63 28 208.085037231 1
63 28 208.100265503 1
63 28 208.414337158 1
63 28 208.6693573 1
63 28 208.745361328 1
63 28 208.761123657 1
63 28 208.961181641 1
63 28 209.005783081 1
63 28 209.040924072 1
63 28 209.326522827 1
63 28 209.470657349 1
63 28 209.718673706 1
63 28 209.887512207 1
63 28 209.930740356 1
63 28 209.939208984 1
63 28 210.419250488 1
63 28 210.950958252 1
63 28 211.307571411 1
63 28 211.346710205 1
63 28 211.568099976 1
63 28 211.735107422 1
63 28 212.881057739 1
63 28 212.966217041 1
63 28 213.423049927 1
63 28 213.585586548 1
63 28 214.18081665 1
63 28 214.320571899 1
63 28 214.498764038 1
63 28 215.093582153 1
63 28 215.823013306 1
63 28 216.479278564 1
63 28 216.48059082 1
63 28 216.662063599 1
63 28 216.982818604 1
63 28 217.206512451 1
63 28 217.581481934 1
63 28 217.682907104 1
63 28 218.271560669 1
63 28 219.37197876 1
63 28 220.740600586 1
63 28 221.00012207 1
63 28 222.25970459 1
63 28 222.48085022 1
63 28 222.930557251 1
63 28 223.02507019 1
63 28 223.639221191 1
63 28 223.814758301 1
63 28 223.913375854 1
63 28 224.078353882 1
63 28 224.171630859 1
63 28 224.416748047 1
63 28 224.604934692 1
63 28 224.930648804 1
63 28 225.292541504 1
63 28 226.427368164 1
63 28 226.531661987 1
63 28 226.997009277 1
63 28 227.207672119 1
63 28 228.075073242 1
63 28 229.680007935 1
63 28 229.813430786 1
63 28 229.967712402 1
63 28 231.361328125 1
63 28 231.878143311 1
63 28 232.074890137 1
63 28 232.832321167 1
63 28 232.927932739 1
63 28 233.024017334 1
63 28 234.341003418 1
63 28 235.090896606 1
63 28 236.533462524 1
63 28 236.814788818 1
63 28 237.038314819 1
63 28 238.13130188 1
63 28 238.744354248 1
63 28 239.076416016 1
63 28 239.181350708 1
63 28 240.320999146 1
63 28 240.514053345 1
63 28 240.831588745 1
63 28 241.179885864 1
63 28 241.274581909 1
63 28 241.31791687 1
63 28 242.652236938 1
63 28 243.374847412 1
63 28 243.438095093 1
63 28 243.903457642 1
63 28 243.950500488 1
63 28 244.110855103 1
63 28 244.611877441 1
63 28 246.171264648 1
63 28 246.177200317 1
63 28 246.424224854 1
63 28 246.531433105 1
63 28 246.862167358 1
63 28 247.025177002 1
63 28 247.748458862 1
63 28 248.306121826 1
63 28 249.007369995 1
63 28 249.940155029 1
63 28 250.519042969 1
63 28 250.791030884 1
63 28 252.210128784 1
63 28 252.229949951 1
63 28 253.475387573 1
63 28 256.889373779 1
63 28 257.723632812 1
63 28 258.021972656 1
63 28 258.072875977 1
63 28 259.267211914 1
63 28 259.961608887 1
63 28 260.157287598 1
63 28 262.315185547 1
63 28 262.362426758 1
63 28 263.581726074 1
63 28 264.18951416 1
63 28 267.008483887 1
63 28 267.490234375 1
63 28 272.41583252 1
63 28 273.470336914 1
63 28 275.085388184 1
63 28 275.809234619 1
63 28 275.934570312 1
63 28 276.448699951 1
63 28 276.776641846 1
63 28 281.944671631 1
63 28 282.695343018 1
63 28 288.393615723 1
63 28 289.747894287 1
63 28 290.274108887 1
63 28 290.813323975 1
63 28 291.62612915 1
63 28 292.896331787 1
63 28 295.434082031 1
63 28 295.499908447 1
63 28 295.776153564 1
63 28 297.66519165 1
63 28 298.85269165 1
63 28 299.165588379 1
63 28 302.213348389 1
63 28 302.355377197 1
63 28 302.866760254 1
63 28 304.776184082 1
63 28 307.5831604 1
63 28 309.719207764 1
63 28 310.466583252 1
63 28 310.722961426 1
63 28 313.582244873 1
63 28 314.147186279 1
63 28 317.454315186 1
63 28 319.068572998 1
63 28 321.150787354 1
63 28 321.806488037 1
63 28 321.93145752 1
63 28 324.088256836 1
63 28 327.675140381 1
63 28 330.607543945 1
63 28 331.428955078 1
63 28 332.036773682 1
63 28 335.58102417 1
63 28 335.645507812 1
63 28 340.674682617 1
63 28 341.551483154 1
63 28 344.7940979 1
63 28 348.479736328 1
63 28 350.043029785 1
63 28 350.410369873 1
63 28 351.470001221 1
63 28 354.343383789 1
63 28 356.139221191 1
63 28 366.033355713 1
63 28 366.608337402 1
63 28 375.000244141 1
63 28 376.215942383 1
63 28 379.438323975 1
63 28 380.428100586 1
63 28 385.961791992 1
63 28 391.687103271 1
63 28 405.246704102 1
63 28 409.639556885 1
63 28 420.391357422 1
63 28 429.702697754 1
63 28 431.075561523 1
63 28 433.69039917 1
63 28 433.831268311 1
63 28 439.262481689 1
63 28 456.017608643 1
63 28 459.77520752 1
63 28 460.283081055 1
63 28 460.54598999 1
63 28 462.337402344 1
63 28 467.539154053 1
63 28 477.309967041 1
63 28 488.972503662 1
63 28 507.217590332 1
63 28 508.246795654 1
63 28 510.879211426 1
63 28 516.271850586 1
63 28 517.709777832 1
63 28 544.031188965 1
63 28 544.41809082 1
63 28 546.824707031 1
63 28 552.737365723 1
63 28 561.681884766 1
63 28 566.52520752 1
63 28 573.972106934 1
63 28 579.554138184 1
63 28 589.282714844 1
63 28 594.459777832 1
63 28 630.242126465 1
63 28 636.567016602 1
63 28 639.632385254 1
63 28 645.666992188 1
63 28 654.184204102 1
63 28 657.257324219 1
63 28 665.659851074 1
63 28 666.393920898 1
63 28 679.177490234 1
63 28 694.416137695 1
63 28 784.122741699 1
63 28 797.154418945 1
63 28 817.359375 1
63 28 839.16217041 1
63 28 925.324035645 1
63 28 1001.47106934 1
63 28 1002.97277832 1
63 28 1027.20983887 1
63 28 1033.42773438 1
63 28 1055.69213867 1
63 28 1257.64404297 1
63 28 1273.94775391 1
63 28 1469.18676758 1
63 28 1575.49389648 1
63 29 76.2224960327 1
63 29 77.9245071411 1
63 29 78.7881088257 1
63 29 78.9694595337 1
63 29 79.4112014771 1
63 29 79.9436721802 1
63 29 80.00440979 1
63 29 80.2872390747 1
63 29 80.6157989502 1
63 29 81.1721801758 1
63 29 81.3606185913 1
63 29 81.3957748413 1
63 29 81.5027923584 1
63 29 81.5645294189 1
63 29 81.5716323853 1
63 29 81.6542510986 1
63 29 81.7503356934 1
63 29 81.8937606812 1
63 29 81.8980255127 1
63 29 82.0671539307 1
63 29 82.1500167847 1
63 29 82.167350769 1
63 29 82.1781921387 1
63 29 82.2177352905 1
63 29 82.276260376 1
63 29 82.2953491211 1
63 29 82.3202819824 1
63 29 82.5227661133 1
63 29 82.6030044556 1
63 29 82.6301498413 1
63 29 82.645362854 1
63 29 82.7562179565 1
63 29 82.8698043823 1
63 29 82.8844223022 1
63 29 82.9530410767 1
63 29 82.956161499 1
63 29 82.958732605 1
63 29 82.9702682495 1
63 29 83.0596847534 1
63 29 83.1316680908 1
63 29 83.157081604 1
63 29 83.1951065063 1
63 29 83.201133728 1
63 29 83.2655944824 1
63 29 83.2761230469 1
63 29 83.2897491455 1
63 29 83.3962554932 1
63 29 83.4462432861 1
63 29 83.4479217529 1
63 29 83.4724121094 1
63 29 83.4884109497 1
63 29 83.5001831055 1
63 29 83.5704803467 1
63 29 83.5856399536 1
63 29 83.5876541138 1
63 29 83.6131896973 1
63 29 83.6137237549 1
63 29 83.622505188 1
63 29 83.6546554565 1
63 29 83.7382583618 1
63 29 83.7393951416 1
63 29 83.7677612305 1
63 29 83.879234314 1
63 29 83.8992996216 1
63 29 83.9356613159 1
63 29 83.9362945557 1
63 29 83.9364700317 1
63 29 83.9561157227 1
63 29 83.9763183594 1
63 29 83.986831665 1
63 29 84.0563430786 1
63 29 84.0774002075 1
63 29 84.1101913452 1
63 29 84.1642456055 1
63 29 84.2667541504 1
63 29 84.3001174927 1
63 29 84.3134994507 1
63 29 84.3958053589 1
63 29 84.4012069702 1
63 29 84.4469528198 1
63 29 84.5036010742 1
63 29 84.5169296265 1
63 29 84.5306625366 1
63 29 84.5401000977 1
63 29 84.5480728149 1
63 29 84.6347198486 1
63 29 84.6950531006 1
63 29 84.7582550049 1
63 29 84.8562927246 1
63 29 84.8586578369 1
63 29 84.8708648682 1
63 29 84.8732452393 1
63 29 84.9127426147 1
63 29 84.9436721802 1
63 29 84.9888076782 1
63 29 84.9954299927 1
63 29 85.0246887207 1
63 29 85.0302200317 1
63 29 85.0470581055 1
63 29 85.0594482422 1
63 29 85.0737991333 1
63 29 85.109336853 1
63 29 85.1238555908 1
63 29 85.1267776489 1
63 29 85.1575241089 1
63 29 85.2086791992 1
63 29 85.2476730347 1
63 29 85.2806015015 1
63 29 85.2834472656 1
63 29 85.2949142456 1
63 29 85.3037719727 1
63 29 85.3542327881 1
63 29 85.3632354736 1
63 29 85.378944397 1
63 29 85.3839263916 1
63 29 85.4711837769 1
63 29 85.4769744873 1
63 29 85.5149917603 1
63 29 85.530960083 1
63 29 85.5454483032 1
63 29 85.5507278442 1
63 29 85.5519790649 1
63 29 85.5638656616 1
63 29 85.5859146118 1
63 29 85.5872497559 1
63 29 85.6250610352 1
63 29 85.6810150146 1
63 29 85.6846008301 1
63 29 85.7260055542 1
63 29 85.7484664917 1
63 29 85.7589187622 1
63 29 85.796081543 1
63 29 85.8038253784 1
63 29 85.8166885376 1
63 29 85.826789856 1
63 29 85.8372268677 1
63 29 85.854057312 1
63 29 85.8731918335 1
63 29 85.887046814 1
63 29 85.8989639282 1
63 29 85.9041824341 1
63 29 85.9135971069 1
63 29 85.9139862061 1
63 29 85.9512023926 1
63 29 86.0240249634 1
63 29 86.0458297729 1
63 29 86.0710067749 1
63 29 86.0855255127 1
63 29 86.095123291 1
63 29 86.0955047607 1
63 29 86.1081390381 1
63 29 86.1287689209 1
63 29 86.1423034668 1
63 29 86.149810791 1
63 29 86.1504058838 1
63 29 86.1769256592 1
63 29 86.179649353 1
63 29 86.1930618286 1
63 29 86.214515686 1
63 29 86.2396469116 1
63 29 86.2867050171 1
63 29 86.3738555908 1
63 29 86.3996276855 1
63 29 86.4085159302 1
63 29 86.437461853 1
63 29 86.4739151001 1
63 29 86.4785995483 1
63 29 86.4890289307 1
63 29 86.5082931519 1
63 29 86.5871276855 1
63 29 86.5912094116 1
63 29 86.5995254517 1
63 29 86.5996398926 1
63 29 86.6098556519 1
63 29 86.6362533569 1
63 29 86.6550292969 1
63 29 86.6619873047 1
63 29 86.6664199829 1
63 29 86.6698684692 1
63 29 86.6728057861 1
63 29 86.7257156372 1
63 29 86.7314682007 1
63 29 86.7335510254 1
63 29 86.7345581055 1
63 29 86.7471008301 1
63 29 86.7817382812 1
63 29 86.787109375 1
63 29 86.8825759888 1
63 29 86.8969955444 1
63 29 86.9250564575 1
63 29 86.9426727295 1
63 29 86.9446640015 1
63 29 86.9576568604 1
63 29 86.9791259766 1
63 29 86.9943466187 1
63 29 87.0088272095 1
63 29 87.0156402588 1
63 29 87.1095352173 1
63 29 87.115020752 1
63 29 87.1485214233 1
63 29 87.1798782349 1
63 29 87.2570114136 1
63 29 87.2585372925 1
63 29 87.2638549805 1
63 29 87.2784957886 1
63 29 87.2852554321 1
63 29 87.2910003662 1
63 29 87.293006897 1
63 29 87.3058853149 1
63 29 87.3250656128 1
63 29 87.3313522339 1
63 29 87.3699111938 1
63 29 87.3794174194 1
63 29 87.3886489868 1
63 29 87.4360656738 1
63 29 87.4370117188 1
63 29 87.4424743652 1
63 29 87.4483795166 1
63 29 87.4542770386 1
63 29 87.5048446655 1
63 29 87.532699585 1
63 29 87.5480728149 1
63 29 87.6042861938 1
63 29 87.6080932617 1
63 29 87.6132736206 1
63 29 87.6167068481 1
63 29 87.6178359985 1
63 29 87.6335983276 1
63 29 87.6565170288 1
63 29 87.6741790771 1
63 29 87.6765289307 1
63 29 87.6848220825 1
63 29 87.6918182373 1
63 29 87.7087020874 1
63 29 87.7580337524 1
63 29 87.7747955322 1
63 29 87.8098373413 1
63 29 87.8133544922 1
63 29 87.8338088989 1
63 29 87.8468017578 1
63 29 87.8484039307 1
63 29 87.8527984619 1
63 29 87.8548278809 1
63 29 87.8570251465 1
63 29 87.8878936768 1
63 29 87.9192886353 1
63 29 87.9581375122 1
63 29 87.9603347778 1
63 29 87.9918441772 1
63 29 88.03074646 1
63 29 88.0316619873 1
63 29 88.0514144897 1
63 29 88.072593689 1
63 29 88.0792694092 1
63 29 88.0820770264 1
63 29 88.0897903442 1
63 29 88.0936279297 1
63 29 88.1050567627 1
63 29 88.1417312622 1
63 29 88.1674346924 1
63 29 88.1712188721 1
63 29 88.173614502 1
63 29 88.1784896851 1
63 29 88.1845092773 1
63 29 88.1946716309 1
63 29 88.200592041 1
63 29 88.2014694214 1
63 29 88.2237930298 1
63 29 88.2525024414 1
63 29 88.2957382202 1
63 29 88.3083724976 1
63 29 88.3289794922 1
63 29 88.3443222046 1
63 29 88.3538208008 1
63 29 88.3644714355 1
63 29 88.3754119873 1
63 29 88.3813247681 1
63 29 88.384223938 1
63 29 88.405128479 1
63 29 88.4170303345 1
63 29 88.4246444702 1
63 29 88.4253768921 1
63 29 88.4459991455 1
63 29 88.453086853 1
63 29 88.4572906494 1
63 29 88.4644241333 1
63 29 88.5057067871 1
63 29 88.5083312988 1
63 29 88.5132522583 1
63 29 88.5166549683 1
63 29 88.5259933472 1
63 29 88.5282211304 1
63 29 88.5338134766 1
63 29 88.5341339111 1
63 29 88.5520477295 1
63 29 88.5878982544 1
63 29 88.5911712646 1
63 29 88.6149902344 1
63 29 88.6338577271 1
63 29 88.6559677124 1
63 29 88.6608505249 1
63 29 88.6633605957 1
63 29 88.6823577881 1
63 29 88.6908111572 1
63 29 88.7085647583 1
63 29 88.7161712646 1
63 29 88.716835022 1
63 29 88.719078064 1
63 29 88.737991333 1
63 29 88.7573776245 1
63 29 88.7587661743 1
63 29 88.7910614014 1
63 29 88.8314666748 1
63 29 88.8563766479 1
63 29 88.8563766479 1
63 29 88.8673858643 1
63 29 88.915512085 1
63 29 88.9169845581 1
63 29 88.9201278687 1
63 29 88.9217224121 1
63 29 88.9313735962 1
63 29 88.9334411621 1
63 29 88.9802856445 1
63 29 88.9834594727 1
63 29 88.9991760254 1
63 29 88.9993667603 1
63 29 89.0026931763 1
63 29 89.0501556396 1
63 29 89.0569381714 1
63 29 89.0570449829 1
63 29 89.0634918213 1
63 29 89.0727767944 1
63 29 89.0927810669 1
63 29 89.0952453613 1
63 29 89.1140365601 1
63 29 89.1295852661 1
63 29 89.1503448486 1
63 29 89.1879653931 1
63 29 89.2239074707 1
63 29 89.2570037842 1
63 29 89.2588348389 1
63 29 89.2621536255 1
63 29 89.3107910156 1
63 29 89.3160705566 1
63 29 89.3395843506 1
63 29 89.3719406128 1
63 29 89.3764724731 1
63 29 89.3852386475 1
63 29 89.3884353638 1
63 29 89.4034423828 1
63 29 89.4053421021 1
63 29 89.4067001343 1
63 29 89.4226760864 1
63 29 89.4270095825 1
63 29 89.4390182495 1
63 29 89.4493560791 1
63 29 89.4577713013 1
63 29 89.4605865479 1
63 29 89.4625244141 1
63 29 89.4850997925 1
63 29 89.5106048584 1
63 29 89.5445861816 1
63 29 89.5578613281 1
63 29 89.5794677734 1
63 29 89.5806045532 1
63 29 89.6043395996 1
63 29 89.6299972534 1
63 29 89.6318588257 1
63 29 89.6335601807 1
63 29 89.6335906982 1
63 29 89.6530151367 1
63 29 89.6549758911 1
63 29 89.6621246338 1
63 29 89.6686248779 1
63 29 89.6838684082 1
63 29 89.6957931519 1
63 29 89.7077789307 1
63 29 89.7266159058 1
63 29 89.7319335938 1
63 29 89.7416992188 1
63 29 89.7443695068 1
63 29 89.7470169067 1
63 29 89.7511749268 1
63 29 89.7811279297 1
63 29 89.7870101929 1
63 29 89.7898330688 1
63 29 89.8086700439 1
63 29 89.8517303467 1
63 29 89.8599624634 1
63 29 89.8988876343 1
63 29 89.899810791 1
63 29 89.9208602905 1
63 29 89.9411697388 1
63 29 89.9497451782 1
63 29 89.9632644653 1
63 29 89.9815673828 1
63 29 89.9873657227 1
63 29 90.0199966431 1
63 29 90.0212936401 1
63 29 90.0407867432 1
63 29 90.0652770996 1
63 29 90.0706710815 1
63 29 90.0810012817 1
63 29 90.1010437012 1
63 29 90.1027679443 1
63 29 90.1075363159 1
63 29 90.1082382202 1
63 29 90.1138305664 1
63 29 90.1230621338 1
63 29 90.1422958374 1
63 29 90.1603317261 1
63 29 90.2043838501 1
63 29 90.209564209 1
63 29 90.2499771118 1
63 29 90.2760620117 1
63 29 90.2767105103 1
63 29 90.2908172607 1
63 29 90.2917633057 1
63 29 90.3041610718 1
63 29 90.3169021606 1
63 29 90.3189544678 1
63 29 90.3349609375 1
63 29 90.3366012573 1
63 29 90.353187561 1
63 29 90.3615341187 1
63 29 90.369758606 1
63 29 90.3757781982 1
63 29 90.3807144165 1
63 29 90.3841552734 1
63 29 90.3978424072 1
63 29 90.3990707397 1
63 29 90.4204864502 1
63 29 90.4206008911 1
63 29 90.4248428345 1
63 29 90.4273834229 1
63 29 90.4435272217 1
63 29 90.4622268677 1
63 29 90.4790039062 1
63 29 90.4831619263 1
63 29 90.4842376709 1
63 29 90.4920578003 1
63 29 90.4928970337 1
63 29 90.5058441162 1
63 29 90.5110778809 1
63 29 90.5133285522 1
63 29 90.5137939453 1
63 29 90.5419616699 1
63 29 90.5494384766 1
63 29 90.5750961304 1
63 29 90.5905990601 1
63 29 90.594909668 1
63 29 90.6049041748 1
63 29 90.614402771 1
63 29 90.6205215454 1
63 29 90.627204895 1
63 29 90.630027771 1
63 29 90.635307312 1
63 29 90.6427154541 1
63 29 90.6526184082 1
63 29 90.6548080444 1
63 29 90.6590194702 1
63 29 90.7003936768 1
63 29 90.7028045654 1
63 29 90.7029418945 1
63 29 90.7474746704 1
63 29 90.7493743896 1
63 29 90.7529296875 1
63 29 90.7761688232 1
63 29 90.7762680054 1
63 29 90.7844009399 1
63 29 90.797203064 1
63 29 90.8129730225 1
63 29 90.8476867676 1
63 29 90.8700332642 1
63 29 90.881439209 1
63 29 90.8918609619 1
63 29 90.9202194214 1
63 29 90.9449386597 1
63 29 90.9687042236 1
63 29 91.0025787354 1
63 29 91.0313949585 1
63 29 91.0330581665 1
63 29 91.0470809937 1
63 29 91.0564422607 1
63 29 91.0627059937 1
63 29 91.0649414062 1
63 29 91.0774536133 1
63 29 91.0822753906 1
63 29 91.1045761108 1
63 29 91.111946106 1
63 29 91.1401901245 1
63 29 91.1428833008 1
63 29 91.1468353271 1
63 29 91.161857605 1
63 29 91.166519165 1
63 29 91.1942367554 1
63 29 91.2015075684 1
63 29 91.2149810791 1
63 29 91.2455291748 1
63 29 91.2605361938 1
63 29 91.2657012939 1
63 29 91.2758636475 1
63 29 91.2930679321 1
63 29 91.3094177246 1
63 29 91.3106689453 1
63 29 91.3185424805 1
63 29 91.3225479126 1
63 29 91.3460540771 1
63 29 91.34790802 1
63 29 91.3550109863 1
63 29 91.3724899292 1
63 29 91.4038925171 1
63 29 91.4299545288 1
63 29 91.4307632446 1
63 29 91.4595870972 1
63 29 91.4621658325 1
63 29 91.5072784424 1
63 29 91.5132064819 1
63 29 91.5138244629 1
63 29 91.5199050903 1
63 29 91.5217590332 1
63 29 91.5254211426 1
63 29 91.5370330811 1
63 29 91.5417785645 1
63 29 91.5484008789 1
63 29 91.5588684082 1
63 29 91.5624160767 1
63 29 91.5665969849 1
63 29 91.577796936 1
63 29 91.5868988037 1
63 29 91.5891265869 1
63 29 91.6051483154 1
63 29 91.6087799072 1
63 29 91.6160507202 1
63 29 91.6211166382 1
63 29 91.6228485107 1
63 29 91.6282730103 1
63 29 91.6368103027 1
63 29 91.6397857666 1
63 29 91.64402771 1
63 29 91.6621246338 1
63 29 91.6622848511 1
63 29 91.7079238892 1
63 29 91.7321014404 1
63 29 91.7334518433 1
63 29 91.7490005493 1
63 29 91.7515487671 1
63 29 91.7568206787 1
63 29 91.77784729 1
63 29 91.7913818359 1
63 29 91.7948303223 1
63 29 91.8119354248 1
63 29 91.8154678345 1
63 29 91.8164978027 1
63 29 91.8218688965 1
63 29 91.8438644409 1
63 29 91.8557891846 1
63 29 91.8701248169 1
63 29 91.8877944946 1
63 29 91.892364502 1
63 29 91.8983383179 1
63 29 91.9488067627 1
63 29 91.9773025513 1
63 29 91.9799346924 1
63 29 91.9908294678 1
63 29 91.9924545288 1
63 29 91.9968719482 1
63 29 92.0048141479 1
63 29 92.022644043 1
63 29 92.0302200317 1
63 29 92.0427703857 1
63 29 92.0441894531 1
63 29 92.0619659424 1
63 29 92.0619659424 1
63 29 92.0768508911 1
63 29 92.078956604 1
63 29 92.0810852051 1
63 29 92.0924835205 1
63 29 92.0944366455 1
63 29 92.0960693359 1
63 29 92.0964508057 1
63 29 92.1261520386 1
63 29 92.1421508789 1
63 29 92.1485900879 1
63 29 92.1578063965 1
63 29 92.1636581421 1
63 29 92.1672897339 1
63 29 92.2009124756 1
63 29 92.2236938477 1
63 29 92.2237625122 1
63 29 92.2489242554 1
63 29 92.2895584106 1
63 29 92.2965774536 1
63 29 92.3121871948 1
63 29 92.318572998 1
63 29 92.3261642456 1
63 29 92.3280029297 1
63 29 92.3324966431 1
63 29 92.3419570923 1
63 29 92.3492202759 1
63 29 92.3664093018 1
63 29 92.3706893921 1
63 29 92.3714523315 1
63 29 92.3765335083 1
63 29 92.3991928101 1
63 29 92.3994979858 1
63 29 92.4037399292 1
63 29 92.4184494019 1
63 29 92.4254608154 1
63 29 92.4279785156 1
63 29 92.4285964966 1
63 29 92.4386825562 1
63 29 92.4575195312 1
63 29 92.4699325562 1
63 29 92.4838485718 1
63 29 92.4882202148 1
63 29 92.5051040649 1
63 29 92.5080032349 1
63 29 92.515335083 1
63 29 92.5308532715 1
63 29 92.5325698853 1
63 29 92.5387191772 1
63 29 92.5537261963 1
63 29 92.5634841919 1
63 29 92.5724411011 1
63 29 92.5855560303 1
63 29 92.6438293457 1
63 29 92.6458206177 1
63 29 92.6763153076 1
63 29 92.6832046509 1
63 29 92.6840591431 1
63 29 92.6931533813 1
63 29 92.6970214844 1
63 29 92.7021102905 1
63 29 92.7191314697 1
63 29 92.726348877 1
63 29 92.7273406982 1
63 29 92.7342910767 1
63 29 92.7399368286 1
63 29 92.7517471313 1
63 29 92.7633132935 1
63 29 92.7637634277 1
63 29 92.767868042 1
63 29 92.7995147705 1
63 29 92.8120040894 1
63 29 92.8206481934 1
63 29 92.8285751343 1
63 29 92.854675293 1
63 29 92.860244751 1
63 29 92.8637084961 1
63 29 92.8654785156 1
63 29 92.8710250854 1
63 29 92.8826599121 1
63 29 92.9074935913 1
63 29 92.9086303711 1
63 29 92.9187698364 1
63 29 92.9303741455 1
63 29 92.9440002441 1
63 29 92.9497375488 1
63 29 92.9598770142 1
63 29 92.9719543457 1
63 29 92.9764785767 1
63 29 93.044960022 1
63 29 93.0624923706 1
63 29 93.0674133301 1
63 29 93.0750961304 1
63 29 93.0755767822 1
63 29 93.0907592773 1
63 29 93.1007614136 1
63 29 93.116645813 1
63 29 93.1390151978 1
63 29 93.1511459351 1
63 29 93.1514434814 1
63 29 93.1519241333 1
63 29 93.1519851685 1
63 29 93.1558914185 1
63 29 93.1617889404 1
63 29 93.1638793945 1
63 29 93.1781539917 1
63 29 93.1860733032 1
63 29 93.1991500854 1
63 29 93.2367782593 1
63 29 93.2448272705 1
63 29 93.2497558594 1
63 29 93.2726211548 1
63 29 93.3111801147 1
63 29 93.3129425049 1
63 29 93.3235473633 1
63 29 93.3299331665 1
63 29 93.3350143433 1
63 29 93.3421020508 1
63 29 93.3622131348 1
63 29 93.3671798706 1
63 29 93.3800201416 1
63 29 93.3851623535 1
63 29 93.3883514404 1
63 29 93.3928375244 1
63 29 93.3965759277 1
63 29 93.4034576416 1
63 29 93.4070663452 1
63 29 93.4074630737 1
63 29 93.4080276489 1
63 29 93.418586731 1
63 29 93.4321975708 1
63 29 93.44190979 1
63 29 93.4574737549 1
63 29 93.463180542 1
63 29 93.4637680054 1
63 29 93.467376709 1
63 29 93.4687194824 1
63 29 93.4915313721 1
63 29 93.5308380127 1
63 29 93.5402908325 1
63 29 93.5500564575 1
63 29 93.5731582642 1
63 29 93.5737533569 1
63 29 93.589050293 1
63 29 93.594329834 1
63 29 93.6029663086 1
63 29 93.6277084351 1
63 29 93.6288528442 1
63 29 93.6382141113 1
63 29 93.6594085693 1
63 29 93.6967544556 1
63 29 93.6995544434 1
63 29 93.7120895386 1
63 29 93.73777771 1
63 29 93.741065979 1
63 29 93.7491531372 1
63 29 93.7683181763 1
63 29 93.7739486694 1
63 29 93.7781906128 1
63 29 93.7793197632 1
63 29 93.7945480347 1
63 29 93.8075180054 1
63 29 93.813583374 1
63 29 93.8170394897 1
63 29 93.8253250122 1
63 29 93.8582611084 1
63 29 93.8612518311 1
63 29 93.8809356689 1
63 29 93.9136505127 1
63 29 93.9247970581 1
63 29 93.9443359375 1
63 29 93.9460372925 1
63 29 93.9466171265 1
63 29 93.9548339844 1
63 29 93.968711853 1
63 29 93.971282959 1
63 29 93.9870758057 1
63 29 93.9893951416 1
63 29 94.0288925171 1
63 29 94.0319976807 1
63 29 94.0351638794 1
63 29 94.0380935669 1
63 29 94.0419769287 1
63 29 94.042640686 1
63 29 94.0616149902 1
63 29 94.0643310547 1
63 29 94.0678100586 1
63 29 94.0886993408 1
63 29 94.0910263062 1
63 29 94.119720459 1
63 29 94.1254043579 1
63 29 94.1486129761 1
63 29 94.156829834 1
63 29 94.1847610474 1
63 29 94.1890258789 1
63 29 94.1960372925 1
63 29 94.205696106 1
63 29 94.2156600952 1
63 29 94.2285461426 1
63 29 94.2331924438 1
63 29 94.2411270142 1
63 29 94.2484054565 1
63 29 94.2485122681 1
63 29 94.2507553101 1
63 29 94.2656326294 1
63 29 94.2686386108 1
63 29 94.282699585 1
63 29 94.2942123413 1
63 29 94.3184890747 1
63 29 94.3234176636 1
63 29 94.340637207 1
63 29 94.3447723389 1
63 29 94.3632125854 1
63 29 94.3642196655 1
63 29 94.378326416 1
63 29 94.3834686279 1
63 29 94.3840637207 1
63 29 94.4244155884 1
63 29 94.4389648438 1
63 29 94.4418716431 1
63 29 94.4642715454 1
63 29 94.4647979736 1
63 29 94.5033187866 1
63 29 94.5049514771 1
63 29 94.5133972168 1
63 29 94.5241470337 1
63 29 94.5279998779 1
63 29 94.5464401245 1
63 29 94.5504608154 1
63 29 94.5535125732 1
63 29 94.5591812134 1
63 29 94.5775680542 1
63 29 94.59790802 1
63 29 94.6069869995 1
63 29 94.6118927002 1
63 29 94.6219711304 1
63 29 94.6620559692 1
63 29 94.66771698 1
63 29 94.6697845459 1
63 29 94.6792831421 1
63 29 94.6907272339 1
63 29 94.6980361938 1
63 29 94.7010955811 1
63 29 94.7218170166 1
63 29 94.7274627686 1
63 29 94.7532119751 1
63 29 94.7654037476 1
63 29 94.7692642212 1
63 29 94.7700653076 1
63 29 94.7727890015 1
63 29 94.7799453735 1
63 29 94.7858581543 1
63 29 94.7924194336 1
63 29 94.7983016968 1
63 29 94.811882019 1
63 29 94.8145675659 1
63 29 94.8230361938 1
63 29 94.8411102295 1
63 29 94.8715744019 1
63 29 94.8936080933 1
63 29 94.8973083496 1
63 29 94.9142990112 1
63 29 94.9179077148 1
63 29 94.9362030029 1
63 29 94.939743042 1
63 29 94.9435501099 1
63 29 94.9524688721 1
63 29 94.9585189819 1
63 29 94.9620437622 1
63 29 94.9670410156 1
63 29 94.9689559937 1
63 29 94.9799880981 1
63 29 94.989074707 1
63 29 94.9962692261 1
63 29 95.0140991211 1
63 29 95.0187988281 1
63 29 95.0367355347 1
63 29 95.0443344116 1
63 29 95.0671081543 1
63 29 95.0752410889 1
63 29 95.0877609253 1
63 29 95.0894393921 1
63 29 95.0977859497 1
63 29 95.1024627686 1
63 29 95.1127090454 1
63 29 95.1200637817 1
63 29 95.1320877075 1
63 29 95.1524276733 1
63 29 95.1550064087 1
63 29 95.1912994385 1
63 29 95.1913833618 1
63 29 95.2114334106 1
63 29 95.238861084 1
63 29 95.247795105 1
63 29 95.2532730103 1
63 29 95.2683868408 1
63 29 95.2727890015 1
63 29 95.2961502075 1
63 29 95.2980041504 1
63 29 95.3229675293 1
63 29 95.3426971436 1
63 29 95.3596572876 1
63 29 95.3623199463 1
63 29 95.3778686523 1
63 29 95.3822555542 1
63 29 95.3843078613 1
63 29 95.391242981 1
63 29 95.3970489502 1
63 29 95.397277832 1
63 29 95.3995285034 1
63 29 95.4001541138 1
63 29 95.4055328369 1
63 29 95.4330368042 1
63 29 95.4842529297 1
63 29 95.5109939575 1
63 29 95.5120773315 1
63 29 95.5297775269 1
63 29 95.5331192017 1
63 29 95.5353088379 1
63 29 95.5777893066 1
63 29 95.5871200562 1
63 29 95.5946044922 1
63 29 95.5972213745 1
63 29 95.5990142822 1
63 29 95.601348877 1
63 29 95.6171035767 1
63 29 95.6252059937 1
63 29 95.6279296875 1
63 29 95.6310348511 1
63 29 95.6314926147 1
63 29 95.6439208984 1
63 29 95.6478271484 1
63 29 95.6661682129 1
63 29 95.7040100098 1
63 29 95.7105407715 1
63 29 95.723449707 1
63 29 95.7268676758 1
63 29 95.7423477173 1
63 29 95.7826004028 1
63 29 95.8115463257 1
63 29 95.8116989136 1
63 29 95.8124542236 1
63 29 95.8126068115 1
63 29 95.8130569458 1
63 29 95.8235092163 1
63 29 95.8352508545 1
63 29 95.8736190796 1
63 29 95.8921051025 1
63 29 95.8975143433 1
63 29 95.9077377319 1
63 29 95.9206848145 1
63 29 95.9261856079 1
63 29 95.932182312 1
63 29 95.9331436157 1
63 29 95.9374694824 1
63 29 95.9382324219 1
63 29 95.943572998 1
63 29 95.9487075806 1
63 29 95.9857025146 1
63 29 95.9910964966 1
63 29 95.9984664917 1
63 29 96.0284576416 1
63 29 96.0337753296 1
63 29 96.0404052734 1
63 29 96.0465927124 1
63 29 96.0471725464 1
63 29 96.0548782349 1
63 29 96.0552139282 1
63 29 96.096496582 1
63 29 96.1010284424 1
63 29 96.1148452759 1
63 29 96.1171188354 1
63 29 96.1304321289 1
63 29 96.1556167603 1
63 29 96.1695709229 1
63 29 96.1906204224 1
63 29 96.2256317139 1
63 29 96.2309265137 1
63 29 96.2448272705 1
63 29 96.2677383423 1
63 29 96.2761001587 1
63 29 96.2811660767 1
63 29 96.2972259521 1
63 29 96.3082046509 1
63 29 96.3130950928 1
63 29 96.3246612549 1
63 29 96.3362960815 1
63 29 96.3461532593 1
63 29 96.3894958496 1
63 29 96.3940353394 1
63 29 96.3975906372 1
63 29 96.4061889648 1
63 29 96.4295501709 1
63 29 96.4431304932 1
63 29 96.4479827881 1
63 29 96.4539489746 1
63 29 96.4596633911 1
63 29 96.4760665894 1
63 29 96.4773712158 1
63 29 96.4828567505 1
63 29 96.5378799438 1
63 29 96.5533676147 1
63 29 96.5600509644 1
63 29 96.5702667236 1
63 29 96.5809631348 1
63 29 96.5841064453 1
63 29 96.5899581909 1
63 29 96.6025085449 1
63 29 96.6055374146 1
63 29 96.6469726562 1
63 29 96.6837997437 1
63 29 96.701133728 1
63 29 96.7414093018 1
63 29 96.7471160889 1
63 29 96.7520523071 1
63 29 96.7763671875 1
63 29 96.7828826904 1
63 29 96.8023910522 1
63 29 96.8133926392 1
63 29 96.8295288086 1
63 29 96.8332595825 1
63 29 96.8371276855 1
63 29 96.8381271362 1
63 29 96.8415145874 1
63 29 96.8877639771 1
63 29 96.9019546509 1
63 29 96.9197235107 1
63 29 96.9426269531 1
63 29 96.9451980591 1
63 29 96.948677063 1
63 29 96.9536514282 1
63 29 96.9652023315 1
63 29 96.9872131348 1
63 29 97.0121536255 1
63 29 97.0122528076 1
63 29 97.0626602173 1
63 29 97.0789413452 1
63 29 97.088470459 1
63 29 97.0920639038 1
63 29 97.0997161865 1
63 29 97.1304168701 1
63 29 97.1338195801 1
63 29 97.1557540894 1
63 29 97.1584777832 1
63 29 97.1606521606 1
63 29 97.1680145264 1
63 29 97.1873550415 1
63 29 97.195022583 1
63 29 97.205329895 1
63 29 97.205947876 1
63 29 97.2125778198 1
63 29 97.2314834595 1
63 29 97.2368087769 1
63 29 97.2517929077 1
63 29 97.2554168701 1
63 29 97.2720870972 1
63 29 97.2789611816 1
63 29 97.2870559692 1
63 29 97.2911071777 1
63 29 97.2919845581 1
63 29 97.3003921509 1
63 29 97.3197937012 1
63 29 97.3322677612 1
63 29 97.3375396729 1
63 29 97.3424911499 1
63 29 97.3469085693 1
63 29 97.3650741577 1
63 29 97.3670730591 1
63 29 97.3698348999 1
63 29 97.3770675659 1
63 29 97.3998718262 1
63 29 97.4010772705 1
63 29 97.412651062 1
63 29 97.4389877319 1
63 29 97.4777450562 1
63 29 97.5456848145 1
63 29 97.5529022217 1
63 29 97.5594024658 1
63 29 97.5621643066 1
63 29 97.5636978149 1
63 29 97.5637283325 1
63 29 97.5639724731 1
63 29 97.5710220337 1
63 29 97.5914306641 1
63 29 97.6588973999 1
63 29 97.671005249 1
63 29 97.6889419556 1
63 29 97.6893463135 1
63 29 97.7032852173 1
63 29 97.7044830322 1
63 29 97.7115478516 1
63 29 97.7385177612 1
63 29 97.7538452148 1
63 29 97.8121261597 1
63 29 97.8142318726 1
63 29 97.8240661621 1
63 29 97.8567657471 1
63 29 97.8706436157 1
63 29 97.8800888062 1
63 29 97.9016036987 1
63 29 97.9093551636 1
63 29 97.9247741699 1
63 29 97.9329376221 1
63 29 97.9345703125 1
63 29 97.9372329712 1
63 29 97.9822006226 1
63 29 97.9963760376 1
63 29 98.0017318726 1
63 29 98.0221939087 1
63 29 98.0366439819 1
63 29 98.0674972534 1
63 29 98.0932846069 1
63 29 98.103515625 1
63 29 98.1137542725 1
63 29 98.1305999756 1
63 29 98.1574325562 1
63 29 98.1581573486 1
63 29 98.1737289429 1
63 29 98.1837768555 1
63 29 98.1981964111 1
63 29 98.2052459717 1
63 29 98.2060699463 1
63 29 98.2068023682 1
63 29 98.2194824219 1
63 29 98.2340011597 1
63 29 98.2890319824 1
63 29 98.3095932007 1
63 29 98.3098526001 1
63 29 98.3101119995 1
63 29 98.3180007935 1
63 29 98.3214874268 1
63 29 98.3286743164 1
63 29 98.33959198 1
63 29 98.3608703613 1
63 29 98.3675231934 1
63 29 98.3786697388 1
63 29 98.3818969727 1
63 29 98.4132156372 1
63 29 98.4372329712 1
63 29 98.4417953491 1
63 29 98.4437942505 1
63 29 98.4463043213 1
63 29 98.4632110596 1
63 29 98.4801254272 1
63 29 98.4821243286 1
63 29 98.4935073853 1
63 29 98.5010223389 1
63 29 98.5255355835 1
63 29 98.5396728516 1
63 29 98.5398635864 1
63 29 98.5469436646 1
63 29 98.5484313965 1
63 29 98.5520019531 1
63 29 98.5543899536 1
63 29 98.5549468994 1
63 29 98.5642929077 1
63 29 98.5781860352 1
63 29 98.5927352905 1
63 29 98.594329834 1
63 29 98.5954666138 1
63 29 98.6033782959 1
63 29 98.6147994995 1
63 29 98.6267929077 1
63 29 98.6502227783 1
63 29 98.6580734253 1
63 29 98.6583786011 1
63 29 98.6762237549 1
63 29 98.685005188 1
63 29 98.6925354004 1
63 29 98.6990966797 1
63 29 98.7126159668 1
63 29 98.7263946533 1
63 29 98.7277603149 1
63 29 98.743347168 1
63 29 98.7767105103 1
63 29 98.7789230347 1
63 29 98.7813720703 1
63 29 98.7976226807 1
63 29 98.82056427 1
63 29 98.8221206665 1
63 29 98.8366012573 1
63 29 98.8562850952 1
63 29 98.8777389526 1
63 29 98.8780822754 1
63 29 98.8847961426 1
63 29 98.8855438232 1
63 29 98.8894348145 1
63 29 98.8958511353 1
63 29 98.9058609009 1
63 29 98.9171829224 1
63 29 98.9591674805 1
63 29 98.971321106 1
63 29 98.9724273682 1
63 29 98.9733886719 1
63 29 98.9957504272 1
63 29 99.0338058472 1
63 29 99.0431365967 1
63 29 99.0534896851 1
63 29 99.0694503784 1
63 29 99.1081848145 1
63 29 99.1300735474 1
63 29 99.1327362061 1
63 29 99.1495361328 1
63 29 99.1566009521 1
63 29 99.1653594971 1
63 29 99.1805648804 1
63 29 99.2100372314 1
63 29 99.2179031372 1
63 29 99.2243881226 1
63 29 99.2362136841 1
63 29 99.2502365112 1
63 29 99.2589569092 1
63 29 99.3048477173 1
63 29 99.3069076538 1
63 29 99.3150863647 1
63 29 99.3159179688 1
63 29 99.3171157837 1
63 29 99.3268508911 1
63 29 99.3342971802 1
63 29 99.3409576416 1
63 29 99.3460693359 1
63 29 99.3476867676 1
63 29 99.3754501343 1
63 29 99.3854064941 1
63 29 99.3919677734 1
63 29 99.4112014771 1
63 29 99.4128799438 1
63 29 99.4335632324 1
63 29 99.4444656372 1
63 29 99.4445266724 1
63 29 99.4506378174 1
63 29 99.4509887695 1
63 29 99.466835022 1
63 29 99.4850158691 1
63 29 99.5261306763 1
63 29 99.555267334 1
63 29 99.6057662964 1
63 29 99.6133651733 1
63 29 99.6435165405 1
63 29 99.654296875 1
63 29 99.6675109863 1
63 29 99.7069244385 1
63 29 99.7118530273 1
63 29 99.7255325317 1
63 29 99.725982666 1
63 29 99.7278137207 1
63 29 99.7589569092 1
63 29 99.7715301514 1
63 29 99.8000183105 1
63 29 99.8628845215 1
63 29 99.8834075928 1
63 29 99.8966369629 1
63 29 99.8987197876 1
63 29 99.9159698486 1
63 29 99.9186401367 1
63 29 99.9979858398 1
63 29 100.003219604 1
63 29 100.018661499 1
63 29 100.076705933 1
63 29 100.093765259 1
63 29 100.09488678 1
63 29 100.099075317 1
63 29 100.105659485 1
63 29 100.138458252 1
63 29 100.142326355 1
63 29 100.169067383 1
63 29 100.172531128 1
63 29 100.205635071 1
63 29 100.207221985 1
63 29 100.21307373 1
63 29 100.213829041 1
63 29 100.221603394 1
63 29 100.22517395 1
63 29 100.229408264 1
63 29 100.231140137 1
63 29 100.267997742 1
63 29 100.269065857 1
63 29 100.293365479 1
63 29 100.314247131 1
63 29 100.327255249 1
63 29 100.329948425 1
63 29 100.360733032 1
63 29 100.37525177 1
63 29 100.381187439 1
63 29 100.41192627 1
63 29 100.413505554 1
63 29 100.415779114 1
63 29 100.419525146 1
63 29 100.42993927 1
63 29 100.432571411 1
63 29 100.483207703 1
63 29 100.493339539 1
63 29 100.526039124 1
63 29 100.539772034 1
63 29 100.557792664 1
63 29 100.601394653 1
63 29 100.633460999 1
63 29 100.652030945 1
63 29 100.68598938 1
63 29 100.717903137 1
63 29 100.741424561 1
63 29 100.757644653 1
63 29 100.818885803 1
63 29 100.830528259 1
63 29 100.843765259 1
63 29 100.848983765 1
63 29 100.889694214 1
63 29 100.900550842 1
63 29 100.92237854 1
63 29 100.939193726 1
63 29 100.939483643 1
63 29 100.947525024 1
63 29 100.952896118 1
63 29 100.96056366 1
63 29 100.966415405 1
63 29 100.970146179 1
63 29 100.972633362 1
63 29 100.974395752 1
63 29 100.978889465 1
63 29 101.040634155 1
63 29 101.045761108 1
63 29 101.076408386 1
63 29 101.104438782 1
63 29 101.128723145 1
63 29 101.133483887 1
63 29 101.139678955 1
63 29 101.149429321 1
63 29 101.162963867 1
63 29 101.18006134 1
63 29 101.193283081 1
63 29 101.202041626 1
63 29 101.258110046 1
63 29 101.305908203 1
63 29 101.334587097 1
63 29 101.33681488 1
63 29 101.348701477 1
63 29 101.351516724 1
63 29 101.355712891 1
63 29 101.389381409 1
63 29 101.409477234 1
63 29 101.425544739 1
63 29 101.432266235 1
63 29 101.434013367 1
63 29 101.434593201 1
63 29 101.466644287 1
63 29 101.496452332 1
63 29 101.499053955 1
63 29 101.501327515 1
63 29 101.588973999 1
63 29 101.604866028 1
63 29 101.615188599 1
63 29 101.629699707 1
63 29 101.641723633 1
63 29 101.642120361 1
63 29 101.647483826 1
63 29 101.662879944 1
63 29 101.67855835 1
63 29 101.698272705 1
63 29 101.701576233 1
63 29 101.723625183 1
63 29 101.725189209 1
63 29 101.768707275 1
63 29 101.774291992 1
63 29 101.798423767 1
63 29 101.802284241 1
63 29 101.802627563 1
63 29 101.817588806 1
63 29 101.820922852 1
63 29 101.831619263 1
63 29 101.894607544 1
63 29 101.903587341 1
63 29 101.918754578 1
63 29 101.946235657 1
63 29 101.957504272 1
63 29 101.985534668 1
63 29 102.012634277 1
63 29 102.019973755 1
63 29 102.046852112 1
63 29 102.062294006 1
63 29 102.089454651 1
63 29 102.102882385 1
63 29 102.139137268 1
63 29 102.146125793 1
63 29 102.199264526 1
63 29 102.219459534 1
63 29 102.224525452 1
63 29 102.224777222 1
63 29 102.296348572 1
63 29 102.311943054 1
63 29 102.324333191 1
63 29 102.350982666 1
63 29 102.372398376 1
63 29 102.380081177 1
63 29 102.38167572 1
63 29 102.413757324 1
63 29 102.458770752 1
63 29 102.474708557 1
63 29 102.496032715 1
63 29 102.511268616 1
63 29 102.544235229 1
63 29 102.561950684 1
63 29 102.623786926 1
63 29 102.660423279 1
63 29 102.676376343 1
63 29 102.698493958 1
63 29 102.746887207 1
63 29 102.752952576 1
63 29 102.786804199 1
63 29 102.789230347 1
63 29 102.825721741 1
63 29 102.84047699 1
63 29 102.860519409 1
63 29 102.901382446 1
63 29 102.940246582 1
63 29 102.965957642 1
63 29 103.032997131 1
63 29 103.056297302 1
63 29 103.066184998 1
63 29 103.08719635 1
63 29 103.09147644 1
63 29 103.099212646 1
63 29 103.104026794 1
63 29 103.154190063 1
63 29 103.156791687 1
63 29 103.171127319 1
63 29 103.178787231 1
63 29 103.188674927 1
63 29 103.225395203 1
63 29 103.251396179 1
63 29 103.286399841 1
63 29 103.298278809 1
63 29 103.32749939 1
63 29 103.331756592 1
63 29 103.332435608 1
63 29 103.356140137 1
63 29 103.362579346 1
63 29 103.366844177 1
63 29 103.394386292 1
63 29 103.436157227 1
63 29 103.479042053 1
63 29 103.556182861 1
63 29 103.576347351 1
63 29 103.590110779 1
63 29 103.672332764 1
63 29 103.697998047 1
63 29 103.702850342 1
63 29 103.799888611 1
63 29 103.809867859 1
63 29 103.837303162 1
63 29 103.853736877 1
63 29 103.869529724 1
63 29 103.909645081 1
63 29 103.945648193 1
63 29 104.024215698 1
63 29 104.032234192 1
63 29 104.035598755 1
63 29 104.152557373 1
63 29 104.173027039 1
63 29 104.196075439 1
63 29 104.218612671 1
63 29 104.25402832 1
63 29 104.309844971 1
63 29 104.357948303 1
63 29 104.420440674 1
63 29 104.570007324 1
63 29 104.589881897 1
63 29 104.594581604 1
63 29 104.607437134 1
63 29 104.611686707 1
63 29 104.612579346 1
63 29 104.623191833 1
63 29 104.672218323 1
63 29 104.67830658 1
63 29 104.686042786 1
63 29 104.736709595 1
63 29 104.769538879 1
63 29 104.773368835 1
63 29 104.799095154 1
63 29 104.818824768 1
63 29 104.845840454 1
63 29 104.847190857 1
63 29 104.869941711 1
63 29 104.927825928 1
63 29 104.963493347 1
63 29 104.974456787 1
63 29 105.008331299 1
63 29 105.009399414 1
63 29 105.090759277 1
63 29 105.145317078 1
63 29 105.181556702 1
63 29 105.197158813 1
63 29 105.258163452 1
63 29 105.258834839 1
63 29 105.259933472 1
63 29 105.30065918 1
63 29 105.30216217 1
63 29 105.355690002 1
63 29 105.366134644 1
63 29 105.390342712 1
63 29 105.395645142 1
63 29 105.439727783 1
63 29 105.483886719 1
63 29 105.485641479 1
63 29 105.599861145 1
63 29 105.702377319 1
63 29 105.765357971 1
63 29 105.772239685 1
63 29 105.776306152 1
63 29 105.787132263 1
63 29 105.885665894 1
63 29 105.892601013 1
63 29 105.894996643 1
63 29 105.924751282 1
63 29 105.954322815 1
63 29 105.960365295 1
63 29 105.9634552 1
63 29 106.10798645 1
63 29 106.148231506 1
63 29 106.276603699 1
63 29 106.302474976 1
63 29 106.356079102 1
63 29 106.374794006 1
63 29 106.399238586 1
63 29 106.402267456 1
63 29 106.464050293 1
63 29 106.507774353 1
63 29 106.51815033 1
63 29 106.540863037 1
63 29 106.551612854 1
63 29 106.55770874 1
63 29 106.626960754 1
63 29 106.637947083 1
63 29 106.646736145 1
63 29 106.676330566 1
63 29 106.703437805 1
63 29 106.747131348 1
63 29 106.767868042 1
63 29 106.768226624 1
63 29 106.771003723 1
63 29 106.84236908 1
63 29 106.91002655 1
63 29 106.912590027 1
63 29 106.925994873 1
63 29 106.93296051 1
63 29 106.934677124 1
63 29 106.944725037 1
63 29 106.971549988 1
63 29 106.978561401 1
63 29 106.98110199 1
63 29 107.011863708 1
63 29 107.065361023 1
63 29 107.069831848 1
63 29 107.096443176 1
63 29 107.109268188 1
63 29 107.131797791 1
63 29 107.182846069 1
63 29 107.340034485 1
63 29 107.36075592 1
63 29 107.363212585 1
63 29 107.391952515 1
63 29 107.4010849 1
63 29 107.450843811 1
63 29 107.491348267 1
63 29 107.499412537 1
63 29 107.52482605 1
63 29 107.569221497 1
63 29 107.626533508 1
63 29 107.680534363 1
63 29 107.69947052 1
63 29 107.749679565 1
63 29 107.77104187 1
63 29 107.806228638 1
63 29 107.807754517 1
63 29 107.894668579 1
63 29 107.970970154 1
63 29 107.971916199 1
63 29 108.032211304 1
63 29 108.057792664 1
63 29 108.062774658 1
63 29 108.119140625 1
63 29 108.121070862 1
63 29 108.142082214 1
63 29 108.189109802 1
63 29 108.272254944 1
63 29 108.285438538 1
63 29 108.303352356 1
63 29 108.308708191 1
63 29 108.312301636 1
63 29 108.540916443 1
63 29 108.576263428 1
63 29 108.583503723 1
63 29 108.641059875 1
63 29 108.675415039 1
63 29 108.692832947 1
63 29 108.700767517 1
63 29 108.703598022 1
63 29 108.704811096 1
63 29 108.704925537 1
63 29 108.705184937 1
63 29 108.715065002 1
63 29 108.717422485 1
63 29 108.769691467 1
63 29 108.780403137 1
63 29 108.822631836 1
63 29 108.831748962 1
63 29 108.87562561 1
63 29 108.922859192 1
63 29 109.031654358 1
63 29 109.076904297 1
63 29 109.079650879 1
63 29 109.092414856 1
63 29 109.107200623 1
63 29 109.163734436 1
63 29 109.17830658 1
63 29 109.197532654 1
63 29 109.208526611 1
63 29 109.267852783 1
63 29 109.302108765 1
63 29 109.341812134 1
63 29 109.366394043 1
63 29 109.396369934 1
63 29 109.544921875 1
63 29 109.617797852 1
63 29 109.632766724 1
63 29 109.666778564 1
63 29 109.693252563 1
63 29 109.71005249 1
63 29 109.714744568 1
63 29 109.723869324 1
63 29 109.733779907 1
63 29 109.799339294 1
63 29 109.834365845 1
63 29 109.877433777 1
63 29 109.883934021 1
63 29 109.995605469 1
63 29 110.044067383 1
63 29 110.160011292 1
63 29 110.22959137 1
63 29 110.306632996 1
63 29 110.307571411 1
63 29 110.354545593 1
63 29 110.417205811 1
63 29 110.517044067 1
63 29 110.531410217 1
63 29 110.588638306 1
63 29 110.904922485 1
63 29 110.935653687 1
63 29 110.943244934 1
63 29 110.973182678 1
63 29 111.085708618 1
63 29 111.091682434 1
63 29 111.122161865 1
63 29 111.157226562 1
63 29 111.242736816 1
63 29 111.280273438 1
63 29 111.287071228 1
63 29 111.297363281 1
63 29 111.306762695 1
63 29 111.418144226 1
63 29 111.450317383 1
63 29 111.467658997 1
63 29 111.545928955 1
63 29 111.570960999 1
63 29 111.74307251 1
63 29 111.743598938 1
63 29 111.783027649 1
63 29 111.958854675 1
63 29 112.019248962 1
63 29 112.019424438 1
63 29 112.091110229 1
63 29 112.14125824 1
63 29 112.162742615 1
63 29 112.174995422 1
63 29 112.208351135 1
63 29 112.262779236 1
63 29 112.348236084 1
63 29 112.365837097 1
63 29 112.3907547 1
63 29 112.399299622 1
63 29 112.418357849 1
63 29 112.497108459 1
63 29 112.511787415 1
63 29 112.615020752 1
63 29 112.634567261 1
63 29 112.69985199 1
63 29 112.883583069 1
63 29 112.969055176 1
63 29 113.080505371 1
63 29 113.085144043 1
63 29 113.231910706 1
63 29 113.29611969 1
63 29 113.434822083 1
63 29 113.566108704 1
63 29 113.663269043 1
63 29 113.708534241 1
63 29 113.715141296 1
63 29 113.742446899 1
63 29 113.764633179 1
63 29 113.856445312 1
63 29 113.895523071 1
63 29 113.923736572 1
63 29 113.925804138 1
63 29 114.03011322 1
63 29 114.144477844 1
63 29 114.212257385 1
63 29 114.25881958 1
63 29 114.315361023 1
63 29 114.354423523 1
63 29 114.454788208 1
63 29 114.478134155 1
63 29 114.512329102 1
63 29 114.536422729 1
63 29 114.545005798 1
63 29 114.579223633 1
63 29 114.703414917 1
63 29 114.983215332 1
63 29 115.000991821 1
63 29 115.151794434 1
63 29 115.262062073 1
63 29 115.382957458 1
63 29 115.454353333 1
63 29 115.460494995 1
63 29 115.55846405 1
63 29 115.561096191 1
63 29 115.595619202 1
63 29 115.665649414 1
63 29 115.743415833 1
63 29 115.746612549 1
63 29 115.791984558 1
63 29 115.808547974 1
63 29 115.824012756 1
63 29 115.830184937 1
63 29 115.848800659 1
63 29 115.876663208 1
63 29 115.901275635 1
63 29 115.917953491 1
63 29 115.976036072 1
63 29 115.99016571 1
63 29 116.064247131 1
63 29 116.069503784 1
63 29 116.148521423 1
63 29 116.153579712 1
63 29 116.244888306 1
63 29 116.313575745 1
63 29 116.338684082 1
63 29 116.390914917 1
63 29 116.397506714 1
63 29 116.541023254 1
63 29 116.550857544 1
63 29 116.598754883 1
63 29 116.662704468 1
63 29 116.739433289 1
63 29 116.967666626 1
63 29 116.990364075 1
63 29 117.072273254 1
63 29 117.077842712 1
63 29 117.08833313 1
63 29 117.101669312 1
63 29 117.10395813 1
63 29 117.245872498 1
63 29 117.272109985 1
63 29 117.281517029 1
63 29 117.352836609 1
63 29 117.456329346 1
63 29 117.461906433 1
63 29 117.537353516 1
63 29 117.575386047 1
63 29 117.673454285 1
63 29 117.711845398 1
63 29 117.77293396 1
63 29 117.779296875 1
63 29 117.792564392 1
63 29 117.7995224 1
63 29 117.833145142 1
63 29 117.912200928 1
63 29 117.921577454 1
63 29 117.956825256 1
63 29 118.025688171 1
63 29 118.063140869 1
63 29 118.089332581 1
63 29 118.271369934 1
63 29 118.279975891 1
63 29 118.293174744 1
63 29 118.301109314 1
63 29 118.378181458 1
63 29 118.399688721 1
63 29 118.401855469 1
63 29 118.540969849 1
63 29 118.553260803 1
63 29 118.621299744 1
63 29 118.851829529 1
63 29 118.890106201 1
63 29 118.98109436 1
63 29 119.027442932 1
63 29 119.069618225 1
63 29 119.071929932 1
63 29 119.19254303 1
63 29 119.195465088 1
63 29 119.368515015 1
63 29 119.439781189 1
63 29 119.521972656 1
63 29 119.651893616 1
63 29 119.664253235 1
63 29 119.819480896 1
63 29 119.837692261 1
63 29 119.853981018 1
63 29 120.048561096 1
63 29 120.161453247 1
63 29 120.168640137 1
63 29 120.19405365 1
63 29 120.23097229 1
63 29 120.289710999 1
63 29 120.342941284 1
63 29 120.350601196 1
63 29 120.439407349 1
63 29 120.47253418 1
63 29 120.476890564 1
63 29 120.559837341 1
63 29 120.591186523 1
63 29 120.592155457 1
63 29 120.671096802 1
63 29 120.682640076 1
63 29 120.715881348 1
63 29 120.863357544 1
63 29 121.11088562 1
63 29 121.120307922 1
63 29 121.121765137 1
63 29 121.34299469 1
63 29 121.378395081 1
63 29 121.484016418 1
63 29 121.573860168 1
63 29 121.657234192 1
63 29 121.703399658 1
63 29 121.798683167 1
63 29 121.877929688 1
63 29 121.987922668 1
63 29 122.078521729 1
63 29 122.101493835 1
63 29 122.341026306 1
63 29 122.749961853 1
63 29 122.766113281 1
63 29 122.842773438 1
63 29 122.865760803 1
63 29 122.881355286 1
63 29 122.956855774 1
63 29 123.124900818 1
63 29 123.276611328 1
63 29 123.434944153 1
63 29 123.543411255 1
63 29 123.582183838 1
63 29 123.630088806 1
63 29 123.878257751 1
63 29 123.916625977 1
63 29 124.077163696 1
63 29 124.204963684 1
63 29 124.431694031 1
63 29 124.459686279 1
63 29 124.614082336 1
63 29 124.839675903 1
63 29 125.038299561 1
63 29 125.118270874 1
63 29 125.23273468 1
63 29 125.339920044 1
63 29 125.595710754 1
63 29 125.656448364 1
63 29 125.698509216 1
63 29 125.711509705 1
63 29 125.88243103 1
63 29 125.936645508 1
63 29 125.938812256 1
63 29 126.224464417 1
63 29 126.295791626 1
63 29 126.30796814 1
63 29 126.31728363 1
63 29 126.433334351 1
63 29 126.487136841 1
63 29 126.676994324 1
63 29 126.943115234 1
63 29 127.011909485 1
63 29 127.208679199 1
63 29 127.269477844 1
63 29 127.45803833 1
63 29 127.478790283 1
63 29 127.59375 1
63 29 127.682426453 1
63 29 127.713790894 1
63 29 128.298080444 1
63 29 128.309509277 1
63 29 128.351669312 1
63 29 128.353775024 1
63 29 128.513076782 1
63 29 128.618728638 1
63 29 128.647109985 1
63 29 128.731643677 1
63 29 129.236801147 1
63 29 129.24609375 1
63 29 129.330947876 1
63 29 129.429672241 1
63 29 129.620773315 1
63 29 129.851028442 1
63 29 129.945053101 1
63 29 130.061584473 1
63 29 130.162246704 1
63 29 130.446685791 1
63 29 130.626144409 1
63 29 130.774276733 1
63 29 130.816665649 1
63 29 131.376525879 1
63 29 131.421722412 1
63 29 131.463409424 1
63 29 131.465682983 1
63 29 131.489044189 1
63 29 131.789672852 1
63 29 131.791976929 1
63 29 132.118850708 1
63 29 132.407714844 1
63 29 132.563095093 1
63 29 132.674377441 1
63 29 132.824035645 1
63 29 132.858825684 1
63 29 133.035507202 1
63 29 133.258453369 1
63 29 133.510238647 1
63 29 133.716934204 1
63 29 133.793228149 1
63 29 133.865371704 1
63 29 134.125259399 1
63 29 134.311752319 1
63 29 134.351013184 1
63 29 134.74432373 1
63 29 134.895355225 1
63 29 135.039779663 1
63 29 135.316055298 1
63 29 135.351837158 1
63 29 135.363967896 1
63 29 135.574142456 1
63 29 136.035583496 1
63 29 136.173950195 1
63 29 136.358932495 1
63 29 136.379440308 1
63 29 136.649353027 1
63 29 136.675247192 1
63 29 137.151779175 1
63 29 137.416397095 1
63 29 137.444351196 1
63 29 137.449447632 1
63 29 137.606689453 1
63 29 137.641372681 1
63 29 137.721633911 1
63 29 138.338851929 1
63 29 138.349212646 1
63 29 138.824066162 1
63 29 138.999771118 1
63 29 139.343109131 1
63 29 139.344909668 1
63 29 139.440002441 1
63 29 139.615966797 1
63 29 139.641906738 1
63 29 140.03074646 1
63 29 140.074188232 1
63 29 140.11239624 1
63 29 140.292617798 1
63 29 140.607025146 1
63 29 140.779724121 1
63 29 140.880706787 1
63 29 141.294616699 1
63 29 141.382003784 1
63 29 142.303405762 1
63 29 142.449890137 1
63 29 143.055343628 1
63 29 143.061584473 1
63 29 143.166137695 1
63 29 143.16784668 1
63 29 143.299377441 1
63 29 143.362442017 1
63 29 143.684158325 1
63 29 143.819412231 1
63 29 144.072616577 1
63 29 144.116409302 1
63 29 144.632034302 1
63 29 144.995117188 1
63 29 144.997802734 1
63 29 145.027191162 1
63 29 145.175811768 1
63 29 145.610549927 1
63 29 145.873184204 1
63 29 146.251373291 1
63 29 146.629135132 1
63 29 146.820571899 1
63 29 147.067062378 1
63 29 147.890365601 1
63 29 148.055145264 1
63 29 148.417709351 1
63 29 149.494216919 1
63 29 149.589614868 1
63 29 149.855651855 1
63 29 150.93145752 1
63 29 151.454345703 1
63 29 152.172683716 1
63 29 152.211624146 1
63 29 152.70741272 1
63 29 153.380691528 1
63 29 153.773696899 1
63 29 154.153091431 1
63 29 155.13482666 1
63 29 155.706771851 1
63 29 156.920471191 1
63 29 157.324386597 1
63 29 158.193023682 1
63 29 158.270187378 1
63 29 158.66015625 1
63 29 158.673965454 1
63 29 160.421020508 1
63 29 160.530197144 1
63 29 160.950942993 1
63 29 162.084091187 1
63 29 162.257949829 1
63 29 162.373138428 1
63 29 162.45703125 1
63 29 162.634689331 1
63 29 163.056152344 1
63 29 163.316955566 1
63 29 164.089981079 1
63 29 164.25213623 1
63 29 165.311187744 1
63 29 165.54385376 1
63 29 166.095108032 1
63 29 166.43862915 1
63 29 166.606460571 1
63 29 167.208328247 1
63 29 167.29510498 1
63 29 167.35055542 1
63 29 167.35975647 1
63 29 167.517196655 1
63 29 167.723342896 1
63 29 168.66053772 1
63 29 169.237350464 1
63 29 169.545974731 1
63 29 170.645675659 1
63 29 170.997451782 1
63 29 171.024856567 1
63 29 171.163696289 1
63 29 171.191421509 1
63 29 172.083297729 1
63 29 172.093994141 1
63 29 172.447906494 1
63 29 172.875717163 1
63 29 172.984237671 1
63 29 174.439941406 1
63 29 175.121292114 1
63 29 175.939865112 1
63 29 176.565628052 1
63 29 177.90486145 1
63 29 180.489364624 1
63 29 180.705780029 1
63 29 182.062866211 1
63 29 182.493041992 1
63 29 184.511398315 1
63 29 185.423141479 1
63 29 186.141204834 1
63 29 188.287246704 1
63 29 189.894393921 1
63 29 193.03074646 1
63 29 194.386367798 1
63 29 194.864181519 1
63 29 195.464752197 1
63 29 196.599334717 1
63 29 197.255554199 1
63 29 197.49710083 1
63 29 197.800033569 1
63 29 199.633499146 1
63 29 199.707809448 1
63 29 200.181030273 1
63 29 202.013626099 1
63 29 202.056304932 1
63 29 202.326873779 1
63 29 203.116348267 1
63 29 205.610778809 1
63 29 206.123474121 1
63 29 208.124832153 1
63 29 208.265136719 1
63 29 210.408355713 1
63 29 210.78302002 1
63 29 211.129150391 1
63 29 213.23059082 1
63 29 215.753250122 1
63 29 216.323242188 1
63 29 216.433151245 1
63 29 218.657821655 1
63 29 219.175140381 1
63 29 221.789703369 1
63 29 222.16293335 1
63 29 222.179824829 1
63 29 224.576263428 1
63 29 226.507675171 1
63 29 227.228225708 1
63 29 227.456970215 1
63 29 228.015304565 1
63 29 229.777511597 1
63 29 233.490402222 1
63 29 234.79876709 1
63 29 235.284423828 1
63 29 237.522140503 1
63 29 246.610321045 1
63 29 252.493530273 1
63 29 253.052688599 1
63 29 256.61428833 1
63 29 256.62713623 1
63 29 257.12677002 1
63 29 259.142425537 1
63 29 262.959747314 1
63 29 263.641448975 1
63 29 273.387939453 1
63 29 274.723327637 1
63 29 277.163269043 1
63 29 280.645782471 1
63 29 282.870391846 1
63 29 284.303527832 1
63 29 289.565673828 1
63 29 294.869842529 1
63 29 296.954650879 1
63 29 299.897094727 1
63 29 307.170654297 1
63 29 311.39239502 1
63 29 312.285949707 1
63 29 312.316040039 1
63 29 312.519042969 1
63 29 315.226776123 1
63 29 315.316986084 1
63 29 320.353302002 1
63 29 320.62789917 1
63 29 325.976837158 1
63 29 330.147125244 1
63 29 330.919921875 1
63 29 331.708770752 1
63 29 334.691009521 1
63 29 336.149414062 1
63 29 341.808532715 1
63 29 342.914245605 1
63 29 343.635284424 1
63 29 348.196868896 1
63 29 349.337280273 1
63 29 351.884002686 1
63 29 357.87197876 1
63 29 360.152740479 1
63 29 360.674438477 1
63 29 364.897338867 1
63 29 365.766235352 1
63 29 365.944000244 1
63 29 367.929229736 1
63 29 369.302062988 1
63 29 370.055053711 1
63 29 373.113372803 1
63 29 374.724395752 1
63 29 378.715118408 1
63 29 379.795379639 1
63 29 380.793487549 1
63 29 383.245452881 1
63 29 396.352294922 1
63 29 399.614105225 1
63 29 400.573516846 1
63 29 409.252258301 1
63 29 413.218505859 1
63 29 413.543518066 1
63 29 420.621917725 1
63 29 422.240753174 1
63 29 424.828948975 1
63 29 430.833892822 1
63 29 432.945098877 1
63 29 435.45111084 1
63 29 461.178375244 1
63 29 464.42855835 1
63 29 483.354675293 1
63 29 507.037384033 1
63 29 511.083740234 1
63 29 511.686981201 1
63 29 511.844116211 1
63 29 518.33013916 1
63 29 519.723205566 1
63 29 525.794372559 1
63 29 533.745117188 1
63 29 537.227233887 1
63 29 541.708557129 1
63 29 549.50390625 1
63 29 549.620056152 1
63 29 582.739440918 1
63 29 587.499206543 1
63 29 603.344543457 1
63 29 623.118713379 1
63 29 634.986633301 1
63 29 640.767150879 1
63 29 643.07623291 1
63 29 662.4765625 1
63 29 664.389038086 1
63 29 685.132995605 1
63 29 695.247558594 1
63 29 714.37713623 1
63 29 715.121154785 1
63 29 725.946472168 1
63 29 755.299377441 1
63 29 765.449035645 1
63 29 775.914123535 1
63 29 818.811889648 1
63 29 820.573547363 1
63 29 837.233520508 1
63 29 892.200134277 1
63 29 896.308105469 1
63 29 989.207946777 1
63 29 999.456726074 1
63 29 1294.03918457 1
63 29 1349.47509766 1
63 29 1400.47277832 1
63 29 1488.6282959 1
63 31 103.220062256 1
63 31 106.156051636 1
63 31 106.536346436 1
63 31 110.148406982 1
63 31 110.216911316 1
63 31 114.165924072 1
63 31 114.896865845 1
63 31 117.236206055 1
63 31 118.809638977 1
63 31 119.754653931 1
63 31 121.795219421 1
63 31 122.301490784 1
63 31 124.957862854 1
63 31 126.313430786 1
63 31 126.643470764 1
63 31 126.665061951 1
63 31 128.643966675 1
63 31 129.934646606 1
63 31 130.325424194 1
63 31 132.474105835 1
63 31 132.721221924 1
63 31 133.35357666 1
63 31 134.630844116 1
63 31 135.341720581 1
63 31 141.004455566 1
63 31 141.456954956 1
63 31 143.059921265 1
63 31 144.648773193 1
63 31 145.576858521 1
63 31 147.921035767 1
63 31 148.193878174 1
63 31 154.662094116 1
63 31 157.362960815 1
63 31 159.799057007 1
63 31 161.120605469 1
63 31 162.559967041 1
63 31 163.087081909 1
63 31 165.464736938 1
63 31 166.271652222 1
63 31 168.376846313 1
63 31 171.610092163 1
63 31 172.544876099 1
63 31 172.557556152 1
63 31 172.79649353 1
63 31 173.130859375 1
63 31 173.397293091 1
63 31 176.91734314 1
63 31 177.329055786 1
63 31 179.48638916 1
63 31 180.577850342 1
63 31 181.080093384 1
63 31 181.382369995 1
63 31 183.616882324 1
63 31 183.634872437 1
63 31 183.981842041 1
63 31 191.650909424 1
63 31 191.805099487 1
63 31 192.103271484 1
63 31 192.84425354 1
63 31 198.792572021 1
63 31 200.696304321 1
63 31 202.104446411 1
63 31 202.353164673 1
63 31 202.987442017 1
63 31 207.23538208 1
63 31 207.501968384 1
63 31 210.336288452 1
63 31 210.606445312 1
63 31 212.895828247 1
63 31 213.818878174 1
63 31 222.692932129 1
63 31 223.896331787 1
63 31 226.249923706 1
63 31 227.329620361 1
63 31 230.26461792 1
63 31 233.664886475 1
63 31 234.121459961 1
63 31 236.384552002 1
63 31 238.853530884 1
63 31 239.770278931 1
63 31 245.664596558 1
63 31 248.036865234 1
63 31 250.830413818 1
63 31 253.02331543 1
63 31 255.985656738 1
63 31 260.196136475 1
63 31 261.44909668 1
63 31 262.157409668 1
63 31 262.202758789 1
63 31 265.951385498 1
63 31 269.195343018 1
63 31 276.868499756 1
63 31 280.072143555 1
63 31 281.047393799 1
63 31 287.227539062 1
63 31 291.441680908 1
63 31 294.290252686 1
63 31 299.166473389 1
63 31 299.275054932 1
63 31 303.514221191 1
63 31 304.226959229 1
63 31 305.626800537 1
63 31 311.450408936 1
63 31 322.810150146 1
63 31 323.322143555 1
63 31 325.503875732 1
63 31 327.270477295 1
63 31 330.105560303 1
63 31 335.897979736 1
63 31 344.721588135 1
63 31 345.152832031 1
63 31 345.158081055 1
63 31 345.261138916 1
63 31 349.605895996 1
63 31 355.750549316 1
63 31 359.693450928 1
63 31 362.693664551 1
63 31 363.482788086 1
63 31 371.836334229 1
63 31 372.652832031 1
63 31 379.447509766 1
63 31 386.863464355 1
63 31 387.193786621 1
63 31 390.350158691 1
63 31 395.100646973 1
63 31 399.841003418 1
63 31 403.997924805 1
63 31 406.25112915 1
63 31 421.57208252 1
63 31 438.90725708 1
63 31 449.638153076 1
63 31 458.418487549 1
63 31 469.990905762 1
63 31 482.923950195 1
63 31 509.249084473 1
63 31 513.94543457 1
63 31 517.774658203 1
63 31 521.53137207 1
63 31 530.427368164 1
63 31 544.371765137 1
63 31 545.932250977 1
63 31 549.000061035 1
63 31 567.308410645 1
63 31 570.510009766 1
63 31 575.192199707 1
63 31 575.227416992 1
63 31 581.403442383 1
63 31 587.89666748 1
63 31 606.262817383 1
63 31 609.277404785 1
63 31 621.376831055 1
63 31 641.805664062 1
63 31 667.582519531 1
63 31 678.821899414 1
63 31 744.644470215 1
63 31 766.854919434 1
63 31 773.968322754 1
63 31 859.962036133 1
63 31 939.923278809 1
63 31 1091.79162598 1
63 31 2267.85253906 1
63 31 2527.97607422 1
63 32 188.196746826 1
63 32 191.253097534 1
63 32 194.202102661 1
63 32 202.99382019 1
63 32 216.041305542 1
63 32 222.236999512 1
63 32 224.388000488 1
63 32 228.735900879 1
63 32 231.737991333 1
63 32 245.778244019 1
63 32 246.112243652 1
63 32 247.583908081 1
63 32 251.646072388 1
63 32 254.777511597 1
63 32 257.427215576 1
63 32 258.45993042 1
63 32 262.767303467 1
63 32 268.805969238 1
63 32 268.939727783 1
63 32 274.901519775 1
63 32 280.907043457 1
63 32 281.817749023 1
63 32 282.311157227 1
63 32 283.330200195 1
63 32 288.54598999 1
63 32 290.054931641 1
63 32 293.044494629 1
63 32 293.725860596 1
63 32 296.508422852 1
63 32 305.047241211 1
63 32 307.217041016 1
63 32 310.268127441 1
63 32 312.511871338 1
63 32 315.094848633 1
63 32 317.089416504 1
63 32 320.93737793 1
63 32 324.224822998 1
63 32 330.679199219 1
63 32 337.379638672 1
63 32 340.712036133 1
63 32 346.625152588 1
63 32 348.816314697 1
63 32 353.6590271 1
63 32 355.331573486 1
63 32 368.334777832 1
63 32 371.553924561 1
63 32 376.209533691 1
63 32 378.809448242 1
63 32 378.957580566 1
63 32 384.322662354 1
63 32 394.049346924 1
63 32 401.420532227 1
63 32 403.89440918 1
63 32 418.206085205 1
63 32 425.564331055 1
63 32 425.731903076 1
63 32 428.171020508 1
63 32 428.594055176 1
63 32 448.701873779 1
63 32 473.655822754 1
63 32 477.496368408 1
63 32 536.799255371 1
63 32 543.827758789 1
63 32 621.359313965 1
63 32 642.271850586 1
63 32 777.079040527 1
63 32 798.862426758 1
63 32 852.503479004 1
63 32 894.707824707 1
63 32 895.901733398 1
63 32 969.493103027 1
63 32 1014.95159912 1
63 32 1083.640625 1
63 32 1360.28564453 1
63 32 2354.31518555 1
63 33 375.282226562 1
63 33 386.586730957 1
63 33 408.079284668 1
63 33 410.914337158 1
63 33 434.090820312 1
63 33 445.187835693 1
63 33 481.509277344 1
63 33 483.613586426 1
63 33 515.584533691 1
63 33 549.912231445 1
63 33 577.44519043 1
63 33 613.610412598 1
63 33 620.535461426 1
63 33 748.332397461 1
63 33 836.346618652 1
64 22 1285.96582031 1
64 23 1370.20922852 1
64 25 1016.69720459 1
64 26 1209.7557373 1
64 26 1358.07958984 1
64 27 900.832092285 1
64 27 999.138793945 1
64 27 1090.8861084 1
64 28 684.098937988 1
64 28 710.202880859 1
64 28 713.141967773 1
64 28 764.508972168 1
64 28 917.637695312 1
64 28 1133.93286133 1
64 28 1726.98010254 1
64 29 703.25378418 1
64 29 712.001098633 1
64 29 737.85357666 1
64 29 783.803039551 1
64 29 918.140808105 1
64 29 994.787475586 1
64 29 1039.8671875 1
64 29 1431.71594238 1
64 29 1447.82910156 1
64 29 1539.07116699 1
64 29 1683.12207031 1
64 30 699.320983887 1
64 30 724.41217041 1
64 30 849.406188965 1
64 30 873.419799805 1
64 30 927.091918945 1
64 30 953.867736816 1
64 30 1027.60913086 1
64 30 1800.46337891 1
64 30 2205.71630859 1
64 31 636.768920898 1
64 31 666.091430664 1
64 31 691.207519531 1
64 31 718.904541016 1
64 31 760.128601074 1
64 31 833.467529297 1
64 31 962.375793457 1
64 31 1075.40563965 1
64 31 1108.28125 1
64 32 705.265014648 1
64 32 891.819152832 1
64 32 1508.59375 1
64 33 730.858398438 1
64 34 1196.54858398 1
64 35 1232.77368164 1
69 27 1722.2833252 1
69 27 2468.32006836 1
69 28 1133.21777344 1
69 31 2279.10839844 1
70 22 2053.92016602 1
70 23 1741.01538086 1
70 25 1183.41162109 1
70 25 1556.93713379 1
70 26 895.200744629 1
70 26 1056.71203613 1
70 26 1557.19787598 1
70 27 686.033813477 1
70 27 701.432312012 1
70 27 756.823913574 1
70 27 782.223022461 1
70 27 856.069946289 1
70 27 863.074951172 1
70 27 955.901794434 1
70 27 1053.05065918 1
70 27 1146.75415039 1
70 27 1148.37316895 1
70 27 1260.22631836 1
70 27 1315.4309082 1
70 28 667.223999023 1
70 28 682.431640625 1
70 28 685.226928711 1
70 28 696.687988281 1
70 28 697.794128418 1
70 28 732.424194336 1
70 28 1097.38757324 1
70 28 1296.52087402 1
70 28 1412.90930176 1
70 28 1464.30517578 1
70 29 772.604797363 1
70 29 838.778442383 1
70 29 866.339599609 1
70 29 904.046508789 1
70 29 1130.92663574 1
70 29 2201.16210938 1
70 29 2506.62475586 1
70 30 663.164855957 1
70 30 691.723510742 1
70 30 770.692932129 1
70 30 1026.95800781 1
70 30 1345.71508789 1
70 30 1502.61242676 1
70 31 869.04119873 1
70 31 1293.3717041 1
70 31 1850.54431152 1
70 32 1139.7265625 1
70 32 1244.13244629 1
71 19 1526.53137207 1
71 22 1285.72827148 1
71 24 1493.70214844 1
71 24 1923.1784668 1
71 25 844.334838867 1
71 25 1026.49475098 1
71 26 904.059326172 1
71 26 962.859802246 1
71 26 974.065063477 1
71 26 1370.94812012 1
71 26 1403.23925781 1
71 27 725.424255371 1
71 27 741.007507324 1
71 27 773.610107422 1
71 27 787.51385498 1
71 27 1148.40209961 1
71 28 663.68762207 1
71 28 703.964599609 1
71 28 756.412719727 1
71 28 818.481750488 1
71 28 834.422546387 1
71 28 903.10736084 1
71 28 1044.08752441 1
71 28 1114.32531738 1
71 28 1352.47827148 1
71 29 650.093017578 1
71 29 780.217407227 1
71 29 840.124938965 1
71 29 948.730773926 1
71 29 1567.0970459 1
71 29 1624.06787109 1
71 29 1672.44030762 1
71 29 1697.87646484 1
71 29 2553.24194336 1
71 30 775.144775391 1
71 30 985.872070312 1
71 31 1029.11633301 1
72 25 1958.05859375 1
72 28 1360.46704102 1
72 29 1098.00268555 1
72 29 1563.56518555 1
76 30 2054.01025391 1
77 21 1777.83447266 1
77 27 2488.82348633 1
77 28 1889.74768066 1
77 30 1508.45178223 1
78 30 1821.03039551 1
