000 263.0 0.0 1000000.0
008 197.0 0.0 1000000.0
009 175.0 0.0 1000000.0
010 162.0 0.0 1000000.0
011 210.0 0.0 1000000.0
013 190.0 0.0 1000000.0
016 170.0 0.0 1000000.0
022 194.0 0.0 1000000.0
027 183.0 0.0 1000000.0
034 174.0 0.0 1000000.0
045 163.0 0.0 1000000.0
063 162.0 0.0 1000000.0
090 141.0 0.0 1000000.0
117 95.0 0.0 1000000.0
135 54.0 0.0 1000000.0
146 45.0 0.0 1000000.0
153 32.0 0.0 1000000.0
158 32.0 0.0 1000000.0
162 26.0 0.0 1000000.0
164 21.0 0.0 1000000.0
166 19.0 0.0 1000000.0
167 18.0 0.0 1000000.0
169 26.0 0.0 1000000.0
171 23.0 0.0 1000000.0
172 28.0 0.0 1000000.0
180 19.0 0.0 1000000.0
