string dom time hits
44 28 1718.32958984 1
45 26 1509.91540527 1
53 27 1382.99743652 1
53 28 2047.41027832 1
53 30 2530.02929688 1
54 23 1043.71972656 1
54 24 1294.23046875 1
54 25 1107.4095459 1
54 25 1531.42114258 1
54 26 765.872436523 1
54 26 1269.0703125 1
54 26 1604.53112793 1
54 27 854.907470703 1
54 27 980.476196289 1
54 27 1160.89160156 1
54 27 1179.50610352 1
54 27 1192.98486328 1
54 27 1385.15185547 1
54 28 762.278442383 1
54 28 807.727905273 1
54 28 872.291381836 1
54 28 892.992004395 1
54 28 893.703369141 1
54 28 896.123962402 1
54 28 990.133178711 1
54 28 997.945983887 1
54 28 1454.90600586 1
54 29 689.173339844 1
54 29 708.124267578 1
54 29 716.90020752 1
54 29 736.579833984 1
54 29 825.284606934 1
54 29 831.772705078 1
54 29 925.392089844 1
54 29 943.046264648 1
54 29 945.870605469 1
54 29 1072.75976562 1
54 29 1091.48779297 1
54 30 748.294799805 1
54 30 1044.6373291 1
54 31 726.516540527 1
54 31 1352.23620605 1
54 31 1724.99353027 1
54 32 1004.67779541 1
55 22 1029.41455078 1
55 23 1580.28991699 1
55 24 974.358398438 1
55 24 1374.48449707 1
55 24 1618.67675781 1
55 25 1080.06762695 1
55 26 863.124206543 1
55 26 967.196960449 1
55 26 1006.02606201 1
55 26 1181.22998047 1
55 26 2378.16186523 1
55 27 913.176635742 1
55 27 915.682617188 1
55 27 1034.56640625 1
55 27 1187.78955078 1
55 27 1777.38293457 1
55 27 1815.46496582 1
55 28 701.579956055 1
55 28 742.341003418 1
55 28 755.638549805 1
55 28 758.351928711 1
55 28 762.790649414 1
55 28 813.926940918 1
55 28 824.771789551 1
55 28 853.74432373 1
55 28 874.376525879 1
55 28 1031.89196777 1
55 28 1060.21057129 1
55 28 1135.78564453 1
55 28 1312.83496094 1
55 29 604.177246094 1
55 29 784.641723633 1
55 29 800.913574219 1
55 29 836.145812988 1
55 29 938.090454102 1
55 29 1023.17944336 1
55 29 1587.23693848 1
55 30 794.994934082 1
55 30 795.237731934 1
55 30 981.011474609 1
55 30 1116.57568359 1
55 30 1145.85766602 1
55 30 1749.67993164 1
55 31 788.796508789 1
55 31 1063.59423828 1
55 33 1127.85522461 1
56 22 1954.54443359 1
62 20 1946.47094727 1
62 22 2022.26928711 1
62 23 922.906677246 1
62 23 1570.5871582 1
62 24 1176.06359863 1
62 25 825.946350098 1
62 25 1225.04199219 1
62 25 1327.56787109 1
62 25 1340.35742188 1
62 25 1586.86047363 1
62 26 835.382385254 1
62 26 920.251708984 1
62 26 931.646850586 1
62 26 980.203735352 1
62 26 1231.86376953 1
62 26 1280.98986816 1
62 26 2268.36938477 1
62 26 2450.26708984 1
62 27 710.299255371 1
62 27 743.347839355 1
62 27 771.602600098 1
62 27 775.731018066 1
62 27 811.258422852 1
62 27 929.471557617 1
62 27 1019.56384277 1
62 27 1112.55212402 1
62 27 1151.69396973 1
62 27 1257.22009277 1
62 28 664.795227051 1
62 28 688.892578125 1
62 28 711.402404785 1
62 28 731.175231934 1
62 28 749.459716797 1
62 28 841.619567871 1
62 28 863.641296387 1
62 28 1013.23309326 1
62 28 1129.02722168 1
62 28 1685.82165527 1
62 29 640.755004883 1
62 29 770.624328613 1
62 29 849.455322266 1
62 29 885.071472168 1
62 29 1075.40454102 1
62 29 2121.20654297 1
62 30 776.955200195 1
62 30 858.19128418 1
62 30 937.715393066 1
62 30 1012.38146973 1
62 30 1350.05688477 1
62 31 924.853942871 1
62 31 1290.80651855 1
63 19 1023.76202393 1
63 20 1151.00402832 1
63 20 1750.81860352 1
63 21 800.714904785 1
63 21 905.106750488 1
63 22 749.565307617 1
63 22 817.824829102 1
63 22 823.768310547 1
63 22 839.08581543 1
63 22 859.364990234 1
63 22 936.406799316 1
63 22 1102.12329102 1
63 22 1205.92700195 1
63 22 1226.81311035 1
63 23 833.357666016 1
63 23 1140.59411621 1
63 23 1271.47094727 1
63 24 551.248535156 1
63 24 553.808044434 1
63 24 576.077880859 1
63 24 581.208435059 1
63 24 621.452209473 1
63 24 627.053955078 1
63 24 635.66003418 1
63 24 638.547912598 1
63 24 647.882446289 1
63 24 665.283325195 1
63 24 704.176025391 1
63 24 720.725463867 1
63 24 738.544067383 1
63 24 780.535461426 1
63 24 804.569213867 1
63 24 835.949157715 1
63 24 842.982421875 1
63 24 866.988952637 1
63 24 899.587158203 1
63 24 1028.078125 1
63 24 1112.5802002 1
63 24 1245.9901123 1
63 24 1281.90686035 1
63 24 1292.93383789 1
63 24 1377.52331543 1
63 24 1431.72241211 1
63 24 1447.25158691 1
63 24 1506.87451172 1
63 25 423.560119629 1
63 25 423.780273438 1
63 25 424.327545166 1
63 25 429.936584473 1
63 25 437.589599609 1
63 25 439.358306885 1
63 25 440.170318604 1
63 25 447.355865479 1
63 25 447.740570068 1
63 25 457.798706055 1
63 25 466.605224609 1
63 25 468.643493652 1
63 25 474.881256104 1
63 25 486.028259277 1
63 25 517.85369873 1
63 25 518.659790039 1
63 25 519.97064209 1
63 25 542.473571777 1
63 25 545.762512207 1
63 25 547.060119629 1
63 25 561.546875 1
63 25 567.273010254 1
63 25 569.194641113 1
63 25 574.12322998 1
63 25 593.095031738 1
63 25 595.917663574 1
63 25 629.418518066 1
63 25 632.580505371 1
63 25 633.426086426 1
63 25 646.108215332 1
63 25 649.731262207 1
63 25 651.377258301 1
63 25 675.144042969 1
63 25 681.763977051 1
63 25 699.538330078 1
63 25 724.38067627 1
63 25 812.349365234 1
63 25 861.68536377 1
63 25 882.370483398 1
63 25 895.586914062 1
63 25 946.248596191 1
63 25 1343.13439941 1
63 25 1372.96594238 1
63 25 1558.7310791 1
63 26 324.014862061 1
63 26 329.969085693 1
63 26 332.11151123 1
63 26 333.545959473 1
63 26 335.967803955 1
63 26 337.525878906 1
63 26 337.676574707 1
63 26 337.85848999 1
63 26 342.903686523 1
63 26 343.900726318 1
63 26 344.89251709 1
63 26 345.073944092 1
63 26 348.982025146 1
63 26 349.55657959 1
63 26 350.170806885 1
63 26 351.429779053 1
63 26 355.544708252 1
63 26 356.064300537 1
63 26 357.212005615 1
63 26 359.736999512 1
63 26 360.308197021 1
63 26 361.341766357 1
63 26 362.285125732 1
63 26 362.768280029 1
63 26 366.565704346 1
63 26 367.618652344 1
63 26 368.489715576 1
63 26 369.819519043 1
63 26 370.391052246 1
63 26 370.397125244 1
63 26 371.970611572 1
63 26 373.4453125 1
63 26 374.035125732 1
63 26 375.027770996 1
63 26 375.250366211 1
63 26 377.862640381 1
63 26 377.984558105 1
63 26 378.15914917 1
63 26 380.655761719 1
63 26 380.730377197 1
63 26 381.61505127 1
63 26 382.524353027 1
63 26 384.053009033 1
63 26 384.65057373 1
63 26 384.916351318 1
63 26 385.475128174 1
63 26 386.106567383 1
63 26 386.607208252 1
63 26 387.926086426 1
63 26 388.11416626 1
63 26 391.228057861 1
63 26 392.623657227 1
63 26 392.75491333 1
63 26 392.921478271 1
63 26 393.000915527 1
63 26 395.164581299 1
63 26 404.002929688 1
63 26 407.335876465 1
63 26 408.220397949 1
63 26 409.883514404 1
63 26 412.39666748 1
63 26 416.790802002 1
63 26 419.264190674 1
63 26 422.579772949 1
63 26 424.492889404 1
63 26 438.627288818 1
63 26 441.541351318 1
63 26 442.003997803 1
63 26 444.456085205 1
63 26 446.128234863 1
63 26 449.529296875 1
63 26 454.102172852 1
63 26 454.5753479 1
63 26 463.382232666 1
63 26 463.659210205 1
63 26 470.890441895 1
63 26 473.406219482 1
63 26 477.163787842 1
63 26 480.537994385 1
63 26 488.171020508 1
63 26 488.609100342 1
63 26 493.53692627 1
63 26 495.926879883 1
63 26 499.315551758 1
63 26 502.975830078 1
63 26 503.171600342 1
63 26 504.654205322 1
63 26 507.778015137 1
63 26 511.5105896 1
63 26 519.897583008 1
63 26 529.334594727 1
63 26 529.72088623 1
63 26 547.487243652 1
63 26 549.028869629 1
63 26 549.091186523 1
63 26 551.80456543 1
63 26 556.298950195 1
63 26 600.32611084 1
63 26 610.908996582 1
63 26 632.189453125 1
63 26 650.161193848 1
63 26 680.170288086 1
63 26 684.578430176 1
63 26 698.845458984 1
63 26 733.665344238 1
63 26 825.389831543 1
63 26 846.274597168 1
63 26 923.767883301 1
63 26 1051.72241211 1
63 26 1123.10437012 1
63 26 1443.34655762 1
63 26 1529.44665527 1
63 26 1714.00427246 1
63 27 237.037185669 1
63 27 238.820587158 1
63 27 242.607269287 1
63 27 243.052505493 1
63 27 244.484069824 1
63 27 246.065460205 1
63 27 246.755142212 1
63 27 247.081954956 1
63 27 248.410049438 1
63 27 249.1355896 1
63 27 249.178359985 1
63 27 249.284179688 1
63 27 249.645675659 1
63 27 249.876281738 1
63 27 250.296356201 1
63 27 250.601745605 1
63 27 250.898132324 1
63 27 251.003738403 1
63 27 252.646148682 1
63 27 253.771469116 1
63 27 253.870300293 1
63 27 254.002304077 1
63 27 254.509017944 1
63 27 254.524505615 1
63 27 254.799468994 1
63 27 255.481445312 1
63 27 255.65612793 1
63 27 255.816345215 1
63 27 255.887207031 1
63 27 256.510620117 1
63 27 257.233398438 1
63 27 257.280578613 1
63 27 257.631500244 1
63 27 258.068756104 1
63 27 258.176483154 1
63 27 258.35144043 1
63 27 258.558685303 1
63 27 258.902160645 1
63 27 258.981384277 1
63 27 259.190582275 1
63 27 259.320281982 1
63 27 259.4140625 1
63 27 259.492858887 1
63 27 259.603820801 1
63 27 259.779083252 1
63 27 259.904815674 1
63 27 260.477661133 1
63 27 260.747558594 1
63 27 260.890014648 1
63 27 261.428894043 1
63 27 261.440307617 1
63 27 261.877868652 1
63 27 262.638397217 1
63 27 262.983428955 1
63 27 263.483184814 1
63 27 264.165618896 1
63 27 264.916748047 1
63 27 265.632598877 1
63 27 265.807037354 1
63 27 265.897827148 1
63 27 266.545379639 1
63 27 266.597808838 1
63 27 266.693115234 1
63 27 266.708862305 1
63 27 266.872558594 1
63 27 267.023498535 1
63 27 267.360443115 1
63 27 267.812042236 1
63 27 268.142913818 1
63 27 268.192047119 1
63 27 268.539916992 1
63 27 269.362792969 1
63 27 269.780151367 1
63 27 270.253631592 1
63 27 270.293151855 1
63 27 270.423522949 1
63 27 270.604248047 1
63 27 271.494293213 1
63 27 271.893463135 1
63 27 271.95904541 1
63 27 271.991699219 1
63 27 272.109161377 1
63 27 272.338348389 1
63 27 272.633605957 1
63 27 272.681396484 1
63 27 272.978759766 1
63 27 273.40524292 1
63 27 273.496307373 1
63 27 273.553161621 1
63 27 273.792358398 1
63 27 274.024414062 1
63 27 275.087890625 1
63 27 275.109039307 1
63 27 275.32699585 1
63 27 276.105560303 1
63 27 276.299346924 1
63 27 276.498504639 1
63 27 277.045257568 1
63 27 277.497070312 1
63 27 277.59576416 1
63 27 277.918365479 1
63 27 278.144805908 1
63 27 278.924194336 1
63 27 279.266906738 1
63 27 279.5440979 1
63 27 280.182525635 1
63 27 280.206420898 1
63 27 280.284729004 1
63 27 281.009460449 1
63 27 281.469543457 1
63 27 282.24041748 1
63 27 282.405456543 1
63 27 282.550231934 1
63 27 284.366638184 1
63 27 284.472229004 1
63 27 285.235046387 1
63 27 285.778320312 1
63 27 285.914215088 1
63 27 285.933563232 1
63 27 285.99621582 1
63 27 286.11541748 1
63 27 286.123565674 1
63 27 286.400634766 1
63 27 287.52230835 1
63 27 287.7237854 1
63 27 287.731842041 1
63 27 287.754516602 1
63 27 288.139221191 1
63 27 289.053009033 1
63 27 289.189697266 1
63 27 289.22644043 1
63 27 289.306121826 1
63 27 289.439361572 1
63 27 289.558288574 1
63 27 290.119689941 1
63 27 290.157623291 1
63 27 290.489807129 1
63 27 291.159973145 1
63 27 291.209014893 1
63 27 291.588897705 1
63 27 291.974365234 1
63 27 292.818878174 1
63 27 292.854125977 1
63 27 293.314453125 1
63 27 293.467224121 1
63 27 293.500366211 1
63 27 293.51361084 1
63 27 293.789581299 1
63 27 294.385498047 1
63 27 294.448547363 1
63 27 294.804412842 1
63 27 296.448150635 1
63 27 297.301971436 1
63 27 298.413848877 1
63 27 298.846557617 1
63 27 300.405303955 1
63 27 301.603027344 1
63 27 301.796600342 1
63 27 301.909606934 1
63 27 302.007202148 1
63 27 303.090148926 1
63 27 303.589904785 1
63 27 303.610809326 1
63 27 304.147491455 1
63 27 304.323699951 1
63 27 307.581634521 1
63 27 308.27331543 1
63 27 309.234161377 1
63 27 309.427062988 1
63 27 310.395019531 1
63 27 312.339477539 1
63 27 313.291473389 1
63 27 314.297149658 1
63 27 317.066925049 1
63 27 317.79699707 1
63 27 318.955566406 1
63 27 321.189361572 1
63 27 321.217803955 1
63 27 321.525146484 1
63 27 322.121612549 1
63 27 324.580810547 1
63 27 324.71206665 1
63 27 325.007324219 1
63 27 325.85836792 1
63 27 325.936279297 1
63 27 327.571929932 1
63 27 328.468719482 1
63 27 329.69921875 1
63 27 330.62600708 1
63 27 334.426971436 1
63 27 335.690460205 1
63 27 336.971405029 1
63 27 340.266174316 1
63 27 343.691162109 1
63 27 345.958831787 1
63 27 346.553405762 1
63 27 347.24697876 1
63 27 350.601287842 1
63 27 350.742889404 1
63 27 353.907562256 1
63 27 356.720855713 1
63 27 358.187255859 1
63 27 359.61630249 1
63 27 361.941375732 1
63 27 364.05456543 1
63 27 365.538848877 1
63 27 365.878631592 1
63 27 367.980316162 1
63 27 368.857025146 1
63 27 369.607055664 1
63 27 371.984375 1
63 27 375.062652588 1
63 27 381.798400879 1
63 27 390.686309814 1
63 27 391.216308594 1
63 27 396.760253906 1
63 27 399.498138428 1
63 27 401.291687012 1
63 27 403.472900391 1
63 27 404.982330322 1
63 27 405.043548584 1
63 27 405.217773438 1
63 27 405.805419922 1
63 27 411.581542969 1
63 27 413.461181641 1
63 27 414.403503418 1
63 27 417.432647705 1
63 27 423.200592041 1
63 27 423.743652344 1
63 27 429.507507324 1
63 27 436.573669434 1
63 27 443.363067627 1
63 27 447.153503418 1
63 27 452.66494751 1
63 27 460.111328125 1
63 27 463.938690186 1
63 27 464.839416504 1
63 27 469.661987305 1
63 27 475.095855713 1
63 27 487.295410156 1
63 27 493.481292725 1
63 27 499.874542236 1
63 27 501.307281494 1
63 27 523.797058105 1
63 27 529.090209961 1
63 27 534.276306152 1
63 27 541.755371094 1
63 27 544.011779785 1
63 27 547.652099609 1
63 27 549.219055176 1
63 27 550.204223633 1
63 27 575.974975586 1
63 27 596.885864258 1
63 27 606.882873535 1
63 27 607.760192871 1
63 27 613.278991699 1
63 27 615.13092041 1
63 27 618.716796875 1
63 27 643.608825684 1
63 27 645.098937988 1
63 27 667.22088623 1
63 27 668.196411133 1
63 27 671.563720703 1
63 27 678.389953613 1
63 27 681.36730957 1
63 27 707.50567627 1
63 27 714.195678711 1
63 27 715.436218262 1
63 27 723.264465332 1
63 27 756.371520996 1
63 27 777.16229248 1
63 27 784.01159668 1
63 27 800.718383789 1
63 27 860.302429199 1
63 27 866.536804199 1
63 27 868.358276367 1
63 27 905.278625488 1
63 27 928.799743652 1
63 27 960.789367676 1
63 27 994.790893555 1
63 27 1027.55810547 1
63 27 1086.15393066 1
63 27 1109.9765625 1
63 27 1432.41577148 1
63 27 1443.9197998 1
63 28 158.27796936 1
63 28 162.233169556 1
63 28 163.46257019 1
63 28 163.475128174 1
63 28 163.745986938 1
63 28 164.109100342 1
63 28 164.583465576 1
63 28 164.593444824 1
63 28 164.826950073 1
63 28 164.8515625 1
63 28 164.942687988 1
63 28 165.221405029 1
63 28 165.307434082 1
63 28 165.493743896 1
63 28 165.981384277 1
63 28 166.674926758 1
63 28 166.721557617 1
63 28 167.191131592 1
63 28 167.289108276 1
63 28 167.330490112 1
63 28 167.362518311 1
63 28 167.692504883 1
63 28 167.888031006 1
63 28 167.959655762 1
63 28 168.02444458 1
63 28 168.145446777 1
63 28 168.309417725 1
63 28 168.39793396 1
63 28 168.451766968 1
63 28 168.636962891 1
63 28 168.681091309 1
63 28 168.713973999 1
63 28 168.77897644 1
63 28 168.825378418 1
63 28 169.047561646 1
63 28 169.07472229 1
63 28 169.127716064 1
63 28 169.137039185 1
63 28 169.154693604 1
63 28 169.235488892 1
63 28 169.35836792 1
63 28 169.412124634 1
63 28 169.419754028 1
63 28 169.437194824 1
63 28 169.589752197 1
63 28 169.759841919 1
63 28 169.76991272 1
63 28 169.870880127 1
63 28 169.956756592 1
63 28 170.009155273 1
63 28 170.090667725 1
63 28 170.102615356 1
63 28 170.13899231 1
63 28 170.205337524 1
63 28 170.259017944 1
63 28 170.324478149 1
63 28 170.380157471 1
63 28 170.392623901 1
63 28 170.479782104 1
63 28 170.515625 1
63 28 170.56918335 1
63 28 170.608886719 1
63 28 170.613449097 1
63 28 170.698272705 1
63 28 170.703308105 1
63 28 170.711502075 1
63 28 170.713943481 1
63 28 170.728317261 1
63 28 170.763137817 1
63 28 170.869400024 1
63 28 170.92906189 1
63 28 170.950378418 1
63 28 171.040481567 1
63 28 171.048706055 1
63 28 171.100738525 1
63 28 171.114944458 1
63 28 171.146469116 1
63 28 171.177444458 1
63 28 171.270462036 1
63 28 171.273071289 1
63 28 171.415557861 1
63 28 171.42640686 1
63 28 171.661529541 1
63 28 172.072418213 1
63 28 172.087814331 1
63 28 172.149719238 1
63 28 172.188430786 1
63 28 172.260742188 1
63 28 172.345413208 1
63 28 172.541915894 1
63 28 172.69078064 1
63 28 172.715499878 1
63 28 172.721221924 1
63 28 172.891464233 1
63 28 172.955307007 1
63 28 173.000274658 1
63 28 173.092529297 1
63 28 173.117553711 1
63 28 173.124908447 1
63 28 173.145614624 1
63 28 173.15171814 1
63 28 173.220916748 1
63 28 173.348693848 1
63 28 173.378204346 1
63 28 173.505203247 1
63 28 173.517715454 1
63 28 173.567230225 1
63 28 173.621124268 1
63 28 173.623764038 1
63 28 173.644210815 1
63 28 173.798934937 1
63 28 173.829696655 1
63 28 173.831359863 1
63 28 173.89125061 1
63 28 174.094772339 1
63 28 174.111602783 1
63 28 174.13053894 1
63 28 174.252349854 1
63 28 174.523239136 1
63 28 174.601379395 1
63 28 174.77532959 1
63 28 174.806152344 1
63 28 174.824249268 1
63 28 174.826553345 1
63 28 174.885437012 1
63 28 174.895248413 1
63 28 174.963470459 1
63 28 174.997299194 1
63 28 175.00227356 1
63 28 175.10345459 1
63 28 175.111099243 1
63 28 175.284393311 1
63 28 175.318206787 1
63 28 175.450454712 1
63 28 175.484848022 1
63 28 175.491317749 1
63 28 175.511016846 1
63 28 175.524139404 1
63 28 175.548965454 1
63 28 175.708847046 1
63 28 175.724319458 1
63 28 175.724517822 1
63 28 175.892868042 1
63 28 175.972091675 1
63 28 176.143692017 1
63 28 176.19241333 1
63 28 176.200134277 1
63 28 176.205657959 1
63 28 176.249237061 1
63 28 176.290786743 1
63 28 176.319610596 1
63 28 176.360061646 1
63 28 176.444580078 1
63 28 176.518539429 1
63 28 176.569732666 1
63 28 176.705596924 1
63 28 176.782699585 1
63 28 176.828704834 1
63 28 176.838058472 1
63 28 176.850067139 1
63 28 176.934005737 1
63 28 177.030380249 1
63 28 177.190597534 1
63 28 177.265991211 1
63 28 177.272506714 1
63 28 177.345672607 1
63 28 177.364639282 1
63 28 177.387451172 1
63 28 177.562057495 1
63 28 177.649017334 1
63 28 177.699691772 1
63 28 177.707275391 1
63 28 177.790405273 1
63 28 177.795578003 1
63 28 177.921417236 1
63 28 177.977386475 1
63 28 178.07220459 1
63 28 178.081726074 1
63 28 178.186325073 1
63 28 178.193328857 1
63 28 178.247406006 1
63 28 178.355865479 1
63 28 178.361862183 1
63 28 178.60736084 1
63 28 178.620956421 1
63 28 178.641815186 1
63 28 178.704528809 1
63 28 178.854385376 1
63 28 179.024154663 1
63 28 179.028396606 1
63 28 179.057037354 1
63 28 179.133682251 1
63 28 179.167938232 1
63 28 179.219085693 1
63 28 179.226242065 1
63 28 179.252975464 1
63 28 179.253829956 1
63 28 179.274841309 1
63 28 179.324905396 1
63 28 179.603256226 1
63 28 179.663131714 1
63 28 179.675720215 1
63 28 179.777999878 1
63 28 179.793457031 1
63 28 179.894851685 1
63 28 180.26890564 1
63 28 180.294891357 1
63 28 180.638366699 1
63 28 180.653762817 1
63 28 180.67868042 1
63 28 180.852874756 1
63 28 180.866424561 1
63 28 180.871200562 1
63 28 180.875411987 1
63 28 180.896957397 1
63 28 181.002670288 1
63 28 181.251678467 1
63 28 181.353012085 1
63 28 181.434127808 1
63 28 181.488143921 1
63 28 181.51222229 1
63 28 181.524963379 1
63 28 181.550674438 1
63 28 181.551315308 1
63 28 181.573165894 1
63 28 181.616516113 1
63 28 181.638412476 1
63 28 181.672851562 1
63 28 181.737167358 1
63 28 181.769500732 1
63 28 181.805206299 1
63 28 181.869644165 1
63 28 181.916885376 1
63 28 182.151504517 1
63 28 182.3621521 1
63 28 182.611633301 1
63 28 182.696136475 1
63 28 182.783432007 1
63 28 182.81918335 1
63 28 182.856765747 1
63 28 182.878799438 1
63 28 183.057601929 1
63 28 183.259155273 1
63 28 183.259521484 1
63 28 183.274002075 1
63 28 183.435302734 1
63 28 183.575500488 1
63 28 183.592544556 1
63 28 183.624969482 1
63 28 183.715393066 1
63 28 183.716918945 1
63 28 183.734024048 1
63 28 183.795669556 1
63 28 183.939331055 1
63 28 183.951187134 1
63 28 184.016799927 1
63 28 184.085357666 1
63 28 184.122558594 1
63 28 184.146835327 1
63 28 184.271469116 1
63 28 184.535675049 1
63 28 184.543273926 1
63 28 184.641021729 1
63 28 184.872879028 1
63 28 184.877090454 1
63 28 184.976242065 1
63 28 185.12878418 1
63 28 185.138473511 1
63 28 185.15196228 1
63 28 185.193359375 1
63 28 185.194473267 1
63 28 185.274642944 1
63 28 185.295974731 1
63 28 185.325561523 1
63 28 185.340118408 1
63 28 185.561737061 1
63 28 185.623931885 1
63 28 185.64944458 1
63 28 185.655990601 1
63 28 185.683639526 1
63 28 185.979171753 1
63 28 186.122558594 1
63 28 186.237747192 1
63 28 186.257522583 1
63 28 186.260391235 1
63 28 186.407424927 1
63 28 186.632629395 1
63 28 186.651016235 1
63 28 186.713790894 1
63 28 186.818817139 1
63 28 186.823852539 1
63 28 186.85710144 1
63 28 187.016677856 1
63 28 187.064941406 1
63 28 187.151763916 1
63 28 187.221298218 1
63 28 187.456176758 1
63 28 187.48777771 1
63 28 187.641830444 1
63 28 187.701507568 1
63 28 187.746017456 1
63 28 187.858825684 1
63 28 187.87348938 1
63 28 187.910491943 1
63 28 187.927139282 1
63 28 187.976165771 1
63 28 188.011230469 1
63 28 188.117828369 1
63 28 188.165161133 1
63 28 188.258865356 1
63 28 188.328903198 1
63 28 188.332977295 1
63 28 188.358062744 1
63 28 188.394897461 1
63 28 188.452331543 1
63 28 188.627578735 1
63 28 188.685791016 1
63 28 188.723831177 1
63 28 188.758392334 1
63 28 188.846008301 1
63 28 188.879852295 1
63 28 188.89302063 1
63 28 188.96812439 1
63 28 189.017425537 1
63 28 189.116455078 1
63 28 189.20753479 1
63 28 189.519287109 1
63 28 189.608596802 1
63 28 189.778839111 1
63 28 189.83140564 1
63 28 190.015563965 1
63 28 190.084716797 1
63 28 190.215744019 1
63 28 190.331100464 1
63 28 190.353713989 1
63 28 190.394073486 1
63 28 190.593505859 1
63 28 190.813934326 1
63 28 191.249542236 1
63 28 191.409484863 1
63 28 191.46383667 1
63 28 191.635192871 1
63 28 191.642120361 1
63 28 191.735473633 1
63 28 191.741317749 1
63 28 191.85269165 1
63 28 191.853775024 1
63 28 191.912994385 1
63 28 192.096481323 1
63 28 192.347381592 1
63 28 192.434326172 1
63 28 192.480728149 1
63 28 192.538742065 1
63 28 192.544113159 1
63 28 192.615753174 1
63 28 192.847946167 1
63 28 193.022384644 1
63 28 193.125366211 1
63 28 193.298690796 1
63 28 193.421661377 1
63 28 193.425384521 1
63 28 193.621582031 1
63 28 193.78767395 1
63 28 193.874755859 1
63 28 193.878189087 1
63 28 193.911010742 1
63 28 194.115493774 1
63 28 194.340286255 1
63 28 194.519073486 1
63 28 194.627578735 1
63 28 194.818862915 1
63 28 195.04536438 1
63 28 195.105300903 1
63 28 195.233566284 1
63 28 195.426773071 1
63 28 195.533035278 1
63 28 195.859344482 1
63 28 195.92010498 1
63 28 196.016708374 1
63 28 196.038543701 1
63 28 196.101699829 1
63 28 196.446426392 1
63 28 196.490310669 1
63 28 196.727127075 1
63 28 196.778442383 1
63 28 197.066452026 1
63 28 197.111129761 1
63 28 197.12109375 1
63 28 197.235565186 1
63 28 197.90335083 1
63 28 197.976531982 1
63 28 197.991821289 1
63 28 198.136001587 1
63 28 198.470092773 1
63 28 198.618743896 1
63 28 198.733505249 1
63 28 198.765213013 1
63 28 199.158752441 1
63 28 199.345489502 1
63 28 199.749359131 1
63 28 199.766296387 1
63 28 200.430999756 1
63 28 200.803085327 1
63 28 200.814056396 1
63 28 200.878204346 1
63 28 201.100814819 1
63 28 201.139831543 1
63 28 201.224014282 1
63 28 201.471801758 1
63 28 201.528457642 1
63 28 201.748916626 1
63 28 201.815414429 1
63 28 201.8853302 1
63 28 202.700408936 1
63 28 202.778305054 1
63 28 202.823043823 1
63 28 202.934844971 1
63 28 203.146286011 1
63 28 203.236953735 1
63 28 203.398101807 1
63 28 203.417770386 1
63 28 203.564041138 1
63 28 203.567840576 1
63 28 203.694992065 1
63 28 203.778076172 1
63 28 203.814743042 1
63 28 204.131607056 1
63 28 204.15071106 1
63 28 204.202575684 1
63 28 204.255172729 1
63 28 204.332077026 1
63 28 204.760177612 1
63 28 204.887115479 1
63 28 205.405059814 1
63 28 205.476654053 1
63 28 205.58303833 1
63 28 205.60546875 1
63 28 205.68258667 1
63 28 205.873031616 1
63 28 206.096603394 1
63 28 206.405532837 1
63 28 207.314544678 1
63 28 207.481414795 1
63 28 207.857086182 1
63 28 207.867172241 1
63 28 208.24432373 1
63 28 208.455734253 1
63 28 208.660140991 1
63 28 208.679794312 1
63 28 209.004257202 1
63 28 209.057159424 1
63 28 209.269577026 1
63 28 209.519699097 1
63 28 209.640228271 1
63 28 209.75831604 1
63 28 209.771026611 1
63 28 209.807830811 1
63 28 209.919036865 1
63 28 210.165710449 1
63 28 210.248260498 1
63 28 210.25692749 1
63 28 210.487503052 1
63 28 210.752593994 1
63 28 211.022674561 1
63 28 211.166305542 1
63 28 211.193878174 1
63 28 211.968536377 1
63 28 212.091186523 1
63 28 212.324462891 1
63 28 212.986236572 1
63 28 213.177276611 1
63 28 213.320404053 1
63 28 213.428985596 1
63 28 213.465576172 1
63 28 213.590087891 1
63 28 213.91859436 1
63 28 213.975067139 1
63 28 215.06590271 1
63 28 215.714126587 1
63 28 216.519973755 1
63 28 217.219451904 1
63 28 217.234039307 1
63 28 217.38633728 1
63 28 217.910385132 1
63 28 218.037643433 1
63 28 218.058425903 1
63 28 218.573196411 1
63 28 218.643539429 1
63 28 218.708374023 1
63 28 219.353424072 1
63 28 220.074264526 1
63 28 220.111450195 1
63 28 220.174331665 1
63 28 221.01385498 1
63 28 221.535110474 1
63 28 221.979537964 1
63 28 222.366668701 1
63 28 222.784637451 1
63 28 223.280349731 1
63 28 223.452713013 1
63 28 223.65927124 1
63 28 224.316848755 1
63 28 224.447052002 1
63 28 224.450683594 1
63 28 224.476791382 1
63 28 224.598205566 1
63 28 225.117095947 1
63 28 225.473892212 1
63 28 225.728805542 1
63 28 226.175231934 1
63 28 226.340667725 1
63 28 226.715454102 1
63 28 226.854644775 1
63 28 227.00050354 1
63 28 227.296203613 1
63 28 227.653579712 1
63 28 228.774734497 1
63 28 228.86769104 1
63 28 229.645797729 1
63 28 229.953430176 1
63 28 230.215454102 1
63 28 230.295501709 1
63 28 230.829620361 1
63 28 231.004928589 1
63 28 232.11366272 1
63 28 232.25668335 1
63 28 232.257110596 1
63 28 232.542770386 1
63 28 233.375106812 1
63 28 233.864334106 1
63 28 234.233413696 1
63 28 234.58404541 1
63 28 234.797027588 1
63 28 235.342483521 1
63 28 235.747360229 1
63 28 236.265197754 1
63 28 236.426635742 1
63 28 236.650512695 1
63 28 237.164337158 1
63 28 238.536880493 1
63 28 238.89642334 1
63 28 239.429046631 1
63 28 240.599578857 1
63 28 240.656066895 1
63 28 240.706130981 1
63 28 241.223709106 1
63 28 241.577865601 1
63 28 241.598815918 1
63 28 241.667526245 1
63 28 241.673278809 1
63 28 242.102127075 1
63 28 242.244842529 1
63 28 243.667190552 1
63 28 244.254684448 1
63 28 244.255203247 1
63 28 244.918807983 1
63 28 245.295074463 1
63 28 245.34072876 1
63 28 246.995315552 1
63 28 247.114593506 1
63 28 247.506729126 1
63 28 249.01222229 1
63 28 249.901489258 1
63 28 250.431411743 1
63 28 250.805664062 1
63 28 253.433456421 1
63 28 255.255645752 1
63 28 255.994018555 1
63 28 256.001953125 1
63 28 256.744293213 1
63 28 257.787322998 1
63 28 258.151611328 1
63 28 258.310913086 1
63 28 258.622406006 1
63 28 258.990356445 1
63 28 260.014923096 1
63 28 260.19720459 1
63 28 260.638061523 1
63 28 262.810211182 1
63 28 262.905426025 1
63 28 264.146148682 1
63 28 265.043334961 1
63 28 266.585479736 1
63 28 267.482727051 1
63 28 269.460021973 1
63 28 269.850097656 1
63 28 272.630249023 1
63 28 275.058990479 1
63 28 277.846984863 1
63 28 284.993621826 1
63 28 287.633575439 1
63 28 288.095794678 1
63 28 292.272155762 1
63 28 293.252655029 1
63 28 293.895507812 1
63 28 294.877258301 1
63 28 296.022064209 1
63 28 296.477600098 1
63 28 297.07800293 1
63 28 298.58694458 1
63 28 299.901489258 1
63 28 300.350067139 1
63 28 300.701507568 1
63 28 300.907867432 1
63 28 303.871063232 1
63 28 307.081970215 1
63 28 307.201751709 1
63 28 309.701263428 1
63 28 314.223114014 1
63 28 314.841033936 1
63 28 319.17880249 1
63 28 321.898529053 1
63 28 330.219116211 1
63 28 330.313232422 1
63 28 339.663635254 1
63 28 346.739807129 1
63 28 347.947753906 1
63 28 352.379211426 1
63 28 362.130096436 1
63 28 369.414093018 1
63 28 369.558563232 1
63 28 370.490570068 1
63 28 370.525299072 1
63 28 372.518035889 1
63 28 380.901885986 1
63 28 381.234405518 1
63 28 384.382263184 1
63 28 395.246124268 1
63 28 397.511322021 1
63 28 404.117523193 1
63 28 405.752746582 1
63 28 412.608398438 1
63 28 414.529022217 1
63 28 414.702301025 1
63 28 417.0597229 1
63 28 421.043273926 1
63 28 428.432159424 1
63 28 441.956329346 1
63 28 448.752471924 1
63 28 452.434387207 1
63 28 466.060241699 1
63 28 467.765441895 1
63 28 476.613861084 1
63 28 480.851745605 1
63 28 496.381896973 1
63 28 515.755493164 1
63 28 521.563781738 1
63 28 532.630615234 1
63 28 546.190734863 1
63 28 565.57019043 1
63 28 570.995666504 1
63 28 573.911315918 1
63 28 589.869445801 1
63 28 601.736877441 1
63 28 617.541320801 1
63 28 618.206420898 1
63 28 630.358276367 1
63 28 636.077880859 1
63 28 678.38873291 1
63 28 694.790466309 1
63 28 696.643005371 1
63 28 702.920593262 1
63 28 727.141479492 1
63 28 783.479309082 1
63 28 796.895690918 1
63 28 820.71697998 1
63 28 880.233581543 1
63 28 947.357055664 1
63 28 988.324768066 1
63 28 998.448242188 1
63 28 1061.04736328 1
63 28 1118.6505127 1
63 28 1388.51000977 1
63 28 1545.67138672 1
63 28 1571.07189941 1
63 29 78.7918930054 1
63 29 80.0277099609 1
63 29 80.1824188232 1
63 29 80.5302200317 1
63 29 80.8394165039 1
63 29 80.8607940674 1
63 29 80.8702316284 1
63 29 80.8977355957 1
63 29 80.9935302734 1
63 29 81.1445617676 1
63 29 81.2122268677 1
63 29 81.2341308594 1
63 29 81.5623245239 1
63 29 81.6466140747 1
63 29 81.6548614502 1
63 29 81.6691055298 1
63 29 81.7625274658 1
63 29 81.8442459106 1
63 29 81.9413528442 1
63 29 82.1415100098 1
63 29 82.2775726318 1
63 29 82.4911270142 1
63 29 82.5961608887 1
63 29 82.7724304199 1
63 29 82.9699630737 1
63 29 82.9891204834 1
63 29 83.104019165 1
63 29 83.1388778687 1
63 29 83.1508789062 1
63 29 83.1686630249 1
63 29 83.255241394 1
63 29 83.3059997559 1
63 29 83.3954925537 1
63 29 83.3993759155 1
63 29 83.4316864014 1
63 29 83.4757995605 1
63 29 83.4961853027 1
63 29 83.707572937 1
63 29 83.7174453735 1
63 29 83.80078125 1
63 29 83.8223648071 1
63 29 83.979385376 1
63 29 84.0221939087 1
63 29 84.0270004272 1
63 29 84.0808639526 1
63 29 84.0858764648 1
63 29 84.0989532471 1
63 29 84.1135940552 1
63 29 84.1317138672 1
63 29 84.1813964844 1
63 29 84.2170181274 1
63 29 84.2729721069 1
63 29 84.3133773804 1
63 29 84.4149475098 1
63 29 84.4183425903 1
63 29 84.4359359741 1
63 29 84.5142974854 1
63 29 84.521774292 1
63 29 84.650138855 1
63 29 84.6828613281 1
63 29 84.7256393433 1
63 29 84.7914352417 1
63 29 84.818611145 1
63 29 84.8770904541 1
63 29 84.8867263794 1
63 29 84.9706802368 1
63 29 85.0009689331 1
63 29 85.0375671387 1
63 29 85.0388259888 1
63 29 85.0446929932 1
63 29 85.1142120361 1
63 29 85.1247558594 1
63 29 85.1592941284 1
63 29 85.2019424438 1
63 29 85.2405395508 1
63 29 85.2503585815 1
63 29 85.2807006836 1
63 29 85.2968292236 1
63 29 85.2985305786 1
63 29 85.3432159424 1
63 29 85.3544921875 1
63 29 85.3549880981 1
63 29 85.3808898926 1
63 29 85.4325714111 1
63 29 85.4371337891 1
63 29 85.4406967163 1
63 29 85.4441452026 1
63 29 85.4634094238 1
63 29 85.5688400269 1
63 29 85.5773849487 1
63 29 85.6006011963 1
63 29 85.613319397 1
63 29 85.6175918579 1
63 29 85.6358642578 1
63 29 85.7189865112 1
63 29 85.7354049683 1
63 29 85.7431030273 1
63 29 85.838394165 1
63 29 85.8736801147 1
63 29 85.8755340576 1
63 29 85.8770065308 1
63 29 85.8774414062 1
63 29 85.9027404785 1
63 29 85.905166626 1
63 29 85.9258804321 1
63 29 85.9413528442 1
63 29 85.9413909912 1
63 29 85.9793243408 1
63 29 86.0599441528 1
63 29 86.0639190674 1
63 29 86.0916290283 1
63 29 86.1057052612 1
63 29 86.116065979 1
63 29 86.120765686 1
63 29 86.1240692139 1
63 29 86.1353378296 1
63 29 86.1642227173 1
63 29 86.1906661987 1
63 29 86.1961746216 1
63 29 86.2379989624 1
63 29 86.2416610718 1
63 29 86.2900619507 1
63 29 86.2956619263 1
63 29 86.3026046753 1
63 29 86.3249816895 1
63 29 86.3264541626 1
63 29 86.3274688721 1
63 29 86.337852478 1
63 29 86.4067611694 1
63 29 86.4310684204 1
63 29 86.4558105469 1
63 29 86.4710006714 1
63 29 86.4891281128 1
63 29 86.4904785156 1
63 29 86.5143356323 1
63 29 86.51612854 1
63 29 86.5267333984 1
63 29 86.6468887329 1
63 29 86.6492843628 1
63 29 86.6802978516 1
63 29 86.6904907227 1
63 29 86.7012786865 1
63 29 86.7556533813 1
63 29 86.7713241577 1
63 29 86.775894165 1
63 29 86.801940918 1
63 29 86.8136672974 1
63 29 86.8141098022 1
63 29 86.8259963989 1
63 29 86.8369979858 1
63 29 86.844329834 1
63 29 86.8476104736 1
63 29 86.8480453491 1
63 29 86.8585891724 1
63 29 86.8898696899 1
63 29 86.9244842529 1
63 29 87.0582351685 1
63 29 87.0635299683 1
63 29 87.0766448975 1
63 29 87.0909729004 1
63 29 87.1008834839 1
63 29 87.1101913452 1
63 29 87.1106567383 1
63 29 87.1453704834 1
63 29 87.1604690552 1
63 29 87.2066345215 1
63 29 87.2143630981 1
63 29 87.2229919434 1
63 29 87.2271957397 1
63 29 87.2475814819 1
63 29 87.3077697754 1
63 29 87.3154983521 1
63 29 87.3203201294 1
63 29 87.370223999 1
63 29 87.3964767456 1
63 29 87.4021530151 1
63 29 87.4145965576 1
63 29 87.4383773804 1
63 29 87.4439697266 1
63 29 87.4647750854 1
63 29 87.4682617188 1
63 29 87.483833313 1
63 29 87.5000457764 1
63 29 87.5013122559 1
63 29 87.5125656128 1
63 29 87.5376434326 1
63 29 87.5611495972 1
63 29 87.5746765137 1
63 29 87.5949935913 1
63 29 87.6056594849 1
63 29 87.6085891724 1
63 29 87.621963501 1
63 29 87.6244049072 1
63 29 87.6583328247 1
63 29 87.6746826172 1
63 29 87.6789550781 1
63 29 87.6965866089 1
63 29 87.6997146606 1
63 29 87.7150344849 1
63 29 87.7310333252 1
63 29 87.7371520996 1
63 29 87.7456665039 1
63 29 87.7484283447 1
63 29 87.7484512329 1
63 29 87.7896347046 1
63 29 87.7951660156 1
63 29 87.8002548218 1
63 29 87.8156738281 1
63 29 87.8383483887 1
63 29 87.8390350342 1
63 29 87.8404159546 1
63 29 87.8441848755 1
63 29 87.9311523438 1
63 29 87.9332885742 1
63 29 87.9513168335 1
63 29 87.9585266113 1
63 29 87.9719161987 1
63 29 87.995803833 1
63 29 88.0038223267 1
63 29 88.0310821533 1
63 29 88.0368270874 1
63 29 88.0404052734 1
63 29 88.1078720093 1
63 29 88.1433334351 1
63 29 88.1482009888 1
63 29 88.1643753052 1
63 29 88.176902771 1
63 29 88.1973953247 1
63 29 88.2431411743 1
63 29 88.2556762695 1
63 29 88.2783889771 1
63 29 88.2881393433 1
63 29 88.3138961792 1
63 29 88.3229141235 1
63 29 88.3445663452 1
63 29 88.3493041992 1
63 29 88.4287796021 1
63 29 88.4377746582 1
63 29 88.4479598999 1
63 29 88.4507446289 1
63 29 88.4544448853 1
63 29 88.4965667725 1
63 29 88.5142440796 1
63 29 88.5203857422 1
63 29 88.5229568481 1
63 29 88.5467224121 1
63 29 88.5593490601 1
63 29 88.5902099609 1
63 29 88.6047821045 1
63 29 88.6165847778 1
63 29 88.6223983765 1
63 29 88.6486282349 1
63 29 88.698135376 1
63 29 88.699432373 1
63 29 88.7094421387 1
63 29 88.7233734131 1
63 29 88.7342071533 1
63 29 88.734588623 1
63 29 88.7471618652 1
63 29 88.7480239868 1
63 29 88.7484741211 1
63 29 88.7511978149 1
63 29 88.7521896362 1
63 29 88.7582397461 1
63 29 88.783996582 1
63 29 88.7930221558 1
63 29 88.8117980957 1
63 29 88.812210083 1
63 29 88.8311386108 1
63 29 88.8360061646 1
63 29 88.8374481201 1
63 29 88.8794555664 1
63 29 88.892074585 1
63 29 88.8925094604 1
63 29 88.93359375 1
63 29 88.9524765015 1
63 29 88.9585647583 1
63 29 88.97240448 1
63 29 88.9814682007 1
63 29 88.9920578003 1
63 29 89.0145111084 1
63 29 89.0190963745 1
63 29 89.0234069824 1
63 29 89.0416946411 1
63 29 89.0475387573 1
63 29 89.0610656738 1
63 29 89.0611495972 1
63 29 89.0644378662 1
63 29 89.0789031982 1
63 29 89.1148452759 1
63 29 89.1309738159 1
63 29 89.1425018311 1
63 29 89.1717605591 1
63 29 89.1864547729 1
63 29 89.2121200562 1
63 29 89.216255188 1
63 29 89.2189102173 1
63 29 89.2431716919 1
63 29 89.2563247681 1
63 29 89.2694091797 1
63 29 89.275680542 1
63 29 89.2774429321 1
63 29 89.3079605103 1
63 29 89.3682632446 1
63 29 89.3962783813 1
63 29 89.3988723755 1
63 29 89.4004058838 1
63 29 89.4182434082 1
63 29 89.4205322266 1
63 29 89.4704971313 1
63 29 89.4803009033 1
63 29 89.4851760864 1
63 29 89.491065979 1
63 29 89.5024032593 1
63 29 89.5035247803 1
63 29 89.5111465454 1
63 29 89.5285415649 1
63 29 89.5316696167 1
63 29 89.5374526978 1
63 29 89.5507659912 1
63 29 89.5617446899 1
63 29 89.5732650757 1
63 29 89.5964202881 1
63 29 89.6373062134 1
63 29 89.6483917236 1
63 29 89.6659317017 1
63 29 89.6748580933 1
63 29 89.678024292 1
63 29 89.7013244629 1
63 29 89.7585906982 1
63 29 89.7819976807 1
63 29 89.7848510742 1
63 29 89.794128418 1
63 29 89.8461227417 1
63 29 89.8798599243 1
63 29 89.9032440186 1
63 29 89.9039993286 1
63 29 89.9195785522 1
63 29 89.9340209961 1
63 29 89.935295105 1
63 29 89.9354095459 1
63 29 89.9438781738 1
63 29 89.9594268799 1
63 29 89.9663925171 1
63 29 89.9665603638 1
63 29 89.9961547852 1
63 29 90.0461273193 1
63 29 90.0579223633 1
63 29 90.077293396 1
63 29 90.102645874 1
63 29 90.1131820679 1
63 29 90.1188278198 1
63 29 90.144241333 1
63 29 90.1551895142 1
63 29 90.1652526855 1
63 29 90.1730194092 1
63 29 90.1733932495 1
63 29 90.1746826172 1
63 29 90.1980209351 1
63 29 90.2107467651 1
63 29 90.2111587524 1
63 29 90.2161941528 1
63 29 90.2215423584 1
63 29 90.230430603 1
63 29 90.2352371216 1
63 29 90.248298645 1
63 29 90.2483291626 1
63 29 90.2966766357 1
63 29 90.308883667 1
63 29 90.317276001 1
63 29 90.3282241821 1
63 29 90.3360443115 1
63 29 90.3622360229 1
63 29 90.3904647827 1
63 29 90.3930206299 1
63 29 90.3949050903 1
63 29 90.3971633911 1
63 29 90.4011154175 1
63 29 90.4021530151 1
63 29 90.4280700684 1
63 29 90.4542388916 1
63 29 90.4725265503 1
63 29 90.4849243164 1
63 29 90.5205078125 1
63 29 90.5414123535 1
63 29 90.5455245972 1
63 29 90.5689468384 1
63 29 90.5906524658 1
63 29 90.6139221191 1
63 29 90.6151580811 1
63 29 90.6222915649 1
63 29 90.6418533325 1
63 29 90.6661758423 1
63 29 90.6821136475 1
63 29 90.6962890625 1
63 29 90.696937561 1
63 29 90.7072296143 1
63 29 90.7092514038 1
63 29 90.7119293213 1
63 29 90.7120742798 1
63 29 90.7249069214 1
63 29 90.7378005981 1
63 29 90.7396240234 1
63 29 90.7440719604 1
63 29 90.7573318481 1
63 29 90.758644104 1
63 29 90.7638778687 1
63 29 90.8060836792 1
63 29 90.8097305298 1
63 29 90.8105163574 1
63 29 90.8157424927 1
63 29 90.8188781738 1
63 29 90.8280258179 1
63 29 90.8309555054 1
63 29 90.8692092896 1
63 29 90.8748855591 1
63 29 90.8782958984 1
63 29 90.8960418701 1
63 29 90.8961105347 1
63 29 90.903793335 1
63 29 90.9073867798 1
63 29 90.9126586914 1
63 29 90.9186553955 1
63 29 90.9442443848 1
63 29 90.9445571899 1
63 29 90.9564285278 1
63 29 90.963508606 1
63 29 90.9853515625 1
63 29 90.9989547729 1
63 29 91.0053710938 1
63 29 91.0069046021 1
63 29 91.0088882446 1
63 29 91.0164260864 1
63 29 91.0216369629 1
63 29 91.0379257202 1
63 29 91.0726470947 1
63 29 91.0756149292 1
63 29 91.0817108154 1
63 29 91.0921859741 1
63 29 91.1116256714 1
63 29 91.1158676147 1
63 29 91.1229400635 1
63 29 91.137260437 1
63 29 91.1560745239 1
63 29 91.1581115723 1
63 29 91.1621780396 1
63 29 91.176902771 1
63 29 91.2061386108 1
63 29 91.2158126831 1
63 29 91.242401123 1
63 29 91.2471160889 1
63 29 91.2622680664 1
63 29 91.2645645142 1
63 29 91.279838562 1
63 29 91.3132629395 1
63 29 91.321762085 1
63 29 91.3367080688 1
63 29 91.3380050659 1
63 29 91.3414154053 1
63 29 91.3473434448 1
63 29 91.3725357056 1
63 29 91.3843994141 1
63 29 91.394859314 1
63 29 91.4225921631 1
63 29 91.4434280396 1
63 29 91.4531173706 1
63 29 91.479057312 1
63 29 91.4829788208 1
63 29 91.4926300049 1
63 29 91.50025177 1
63 29 91.5227432251 1
63 29 91.542098999 1
63 29 91.5515213013 1
63 29 91.5660629272 1
63 29 91.602142334 1
63 29 91.6037521362 1
63 29 91.6175308228 1
63 29 91.6500167847 1
63 29 91.6625213623 1
63 29 91.6954956055 1
63 29 91.702041626 1
63 29 91.7058410645 1
63 29 91.7275543213 1
63 29 91.7500152588 1
63 29 91.7574081421 1
63 29 91.7727813721 1
63 29 91.7943191528 1
63 29 91.8574829102 1
63 29 91.8682403564 1
63 29 91.8814239502 1
63 29 91.8938064575 1
63 29 91.9001464844 1
63 29 91.9316940308 1
63 29 91.9391860962 1
63 29 91.9401779175 1
63 29 91.9539794922 1
63 29 91.9659347534 1
63 29 91.9730682373 1
63 29 91.9796066284 1
63 29 91.9920425415 1
63 29 91.9953918457 1
63 29 91.9970550537 1
63 29 92.0130462646 1
63 29 92.0187759399 1
63 29 92.0529174805 1
63 29 92.0531005859 1
63 29 92.0693817139 1
63 29 92.0981750488 1
63 29 92.1013641357 1
63 29 92.1196136475 1
63 29 92.1285858154 1
63 29 92.1391220093 1
63 29 92.1439971924 1
63 29 92.1488418579 1
63 29 92.1516952515 1
63 29 92.1540145874 1
63 29 92.1800994873 1
63 29 92.1888046265 1
63 29 92.2040100098 1
63 29 92.259803772 1
63 29 92.2635650635 1
63 29 92.3011016846 1
63 29 92.3382110596 1
63 29 92.3648529053 1
63 29 92.3864135742 1
63 29 92.4114685059 1
63 29 92.4197998047 1
63 29 92.436920166 1
63 29 92.4559555054 1
63 29 92.4845962524 1
63 29 92.5275039673 1
63 29 92.5276489258 1
63 29 92.5367507935 1
63 29 92.5564575195 1
63 29 92.5674972534 1
63 29 92.5756759644 1
63 29 92.5788879395 1
63 29 92.5886230469 1
63 29 92.5894699097 1
63 29 92.6023025513 1
63 29 92.6575927734 1
63 29 92.7013626099 1
63 29 92.7157897949 1
63 29 92.7244949341 1
63 29 92.7276229858 1
63 29 92.7323150635 1
63 29 92.7439117432 1
63 29 92.7479553223 1
63 29 92.7659759521 1
63 29 92.7824859619 1
63 29 92.7936019897 1
63 29 92.8026809692 1
63 29 92.8156585693 1
63 29 92.8306732178 1
63 29 92.8329696655 1
63 29 92.8490829468 1
63 29 92.8502883911 1
63 29 92.8569564819 1
63 29 92.8645095825 1
63 29 92.8764801025 1
63 29 92.9174804688 1
63 29 92.931854248 1
63 29 92.9371948242 1
63 29 92.943572998 1
63 29 92.9458084106 1
63 29 92.9474334717 1
63 29 92.9609069824 1
63 29 92.9621429443 1
63 29 92.9642944336 1
63 29 92.9827346802 1
63 29 92.9858398438 1
63 29 92.99634552 1
63 29 93.0076904297 1
63 29 93.0223617554 1
63 29 93.0325546265 1
63 29 93.0485229492 1
63 29 93.0501174927 1
63 29 93.0677642822 1
63 29 93.070098877 1
63 29 93.0754928589 1
63 29 93.088432312 1
63 29 93.0920791626 1
63 29 93.09740448 1
63 29 93.1082229614 1
63 29 93.1100692749 1
63 29 93.1114044189 1
63 29 93.1243209839 1
63 29 93.1366500854 1
63 29 93.1368789673 1
63 29 93.1436157227 1
63 29 93.1490478516 1
63 29 93.1649856567 1
63 29 93.1761245728 1
63 29 93.1775512695 1
63 29 93.223197937 1
63 29 93.2520141602 1
63 29 93.2579345703 1
63 29 93.2666625977 1
63 29 93.2950973511 1
63 29 93.3127212524 1
63 29 93.3148880005 1
63 29 93.3223114014 1
63 29 93.3306427002 1
63 29 93.3474960327 1
63 29 93.3490371704 1
63 29 93.3527603149 1
63 29 93.3695907593 1
63 29 93.3918991089 1
63 29 93.4259490967 1
63 29 93.4536819458 1
63 29 93.4678955078 1
63 29 93.4752349854 1
63 29 93.4882965088 1
63 29 93.5163040161 1
63 29 93.5194625854 1
63 29 93.5248413086 1
63 29 93.5265350342 1
63 29 93.5268478394 1
63 29 93.5672836304 1
63 29 93.5745239258 1
63 29 93.5767440796 1
63 29 93.5881729126 1
63 29 93.6101150513 1
63 29 93.6463470459 1
63 29 93.6736373901 1
63 29 93.6846160889 1
63 29 93.7013778687 1
63 29 93.7029724121 1
63 29 93.7032012939 1
63 29 93.7175674438 1
63 29 93.7293624878 1
63 29 93.7449874878 1
63 29 93.746963501 1
63 29 93.7795562744 1
63 29 93.7827758789 1
63 29 93.7831192017 1
63 29 93.7835235596 1
63 29 93.808883667 1
63 29 93.830039978 1
63 29 93.8301315308 1
63 29 93.8354110718 1
63 29 93.8371963501 1
63 29 93.8515167236 1
63 29 93.8599777222 1
63 29 93.8617477417 1
63 29 93.8895339966 1
63 29 93.8900222778 1
63 29 93.896697998 1
63 29 93.8992614746 1
63 29 93.9151916504 1
63 29 93.9166030884 1
63 29 93.9649810791 1
63 29 93.9763641357 1
63 29 93.9782180786 1
63 29 93.9782867432 1
63 29 94.0023727417 1
63 29 94.0052261353 1
63 29 94.0319824219 1
63 29 94.0492324829 1
63 29 94.0593261719 1
63 29 94.0665435791 1
63 29 94.1041183472 1
63 29 94.1109619141 1
63 29 94.1125793457 1
63 29 94.1145706177 1
63 29 94.1173171997 1
63 29 94.1395568848 1
63 29 94.1429672241 1
63 29 94.1533050537 1
63 29 94.1824798584 1
63 29 94.1917724609 1
63 29 94.1974716187 1
63 29 94.2030715942 1
63 29 94.2346878052 1
63 29 94.2363967896 1
63 29 94.2406921387 1
63 29 94.2828903198 1
63 29 94.293258667 1
63 29 94.3135375977 1
63 29 94.313659668 1
63 29 94.3148880005 1
63 29 94.3598327637 1
63 29 94.3609008789 1
63 29 94.3887863159 1
63 29 94.3935623169 1
63 29 94.3960494995 1
63 29 94.4301834106 1
63 29 94.4557342529 1
63 29 94.4571456909 1
63 29 94.4578475952 1
63 29 94.4710769653 1
63 29 94.4942245483 1
63 29 94.4973907471 1
63 29 94.5103683472 1
63 29 94.5160293579 1
63 29 94.5209579468 1
63 29 94.5434570312 1
63 29 94.5441665649 1
63 29 94.5497817993 1
63 29 94.551574707 1
63 29 94.5537643433 1
63 29 94.5639572144 1
63 29 94.5796051025 1
63 29 94.5819702148 1
63 29 94.5973968506 1
63 29 94.6155395508 1
63 29 94.6158447266 1
63 29 94.6350021362 1
63 29 94.6411819458 1
63 29 94.67162323 1
63 29 94.6718521118 1
63 29 94.6719207764 1
63 29 94.69115448 1
63 29 94.7045288086 1
63 29 94.7214584351 1
63 29 94.7256469727 1
63 29 94.7409973145 1
63 29 94.7453460693 1
63 29 94.7470245361 1
63 29 94.7497024536 1
63 29 94.7602920532 1
63 29 94.7698745728 1
63 29 94.8342132568 1
63 29 94.839553833 1
63 29 94.8502960205 1
63 29 94.8524780273 1
63 29 94.8556976318 1
63 29 94.8618850708 1
63 29 94.8623962402 1
63 29 94.9029541016 1
63 29 94.9196090698 1
63 29 94.926071167 1
63 29 94.9264755249 1
63 29 94.9329299927 1
63 29 94.9480209351 1
63 29 94.9692611694 1
63 29 94.9702758789 1
63 29 94.9761276245 1
63 29 94.9851150513 1
63 29 94.9907226562 1
63 29 95.0257644653 1
63 29 95.0344696045 1
63 29 95.0455093384 1
63 29 95.0520248413 1
63 29 95.0543746948 1
63 29 95.0595703125 1
63 29 95.0821380615 1
63 29 95.0905685425 1
63 29 95.0963973999 1
63 29 95.1027603149 1
63 29 95.1156311035 1
63 29 95.1180648804 1
63 29 95.1264953613 1
63 29 95.1341781616 1
63 29 95.1614151001 1
63 29 95.1770324707 1
63 29 95.1882705688 1
63 29 95.2060317993 1
63 29 95.2141723633 1
63 29 95.2297210693 1
63 29 95.2370452881 1
63 29 95.2383956909 1
63 29 95.2448501587 1
63 29 95.2490539551 1
63 29 95.2524108887 1
63 29 95.2549057007 1
63 29 95.2598953247 1
63 29 95.2763366699 1
63 29 95.2808303833 1
63 29 95.285484314 1
63 29 95.2959823608 1
63 29 95.2963638306 1
63 29 95.2990188599 1
63 29 95.3374710083 1
63 29 95.3508987427 1
63 29 95.350982666 1
63 29 95.357460022 1
63 29 95.3620910645 1
63 29 95.3666915894 1
63 29 95.3683776855 1
63 29 95.3716049194 1
63 29 95.4119796753 1
63 29 95.4160232544 1
63 29 95.4173812866 1
63 29 95.4215774536 1
63 29 95.4367218018 1
63 29 95.4402618408 1
63 29 95.4464645386 1
63 29 95.4511489868 1
63 29 95.4547576904 1
63 29 95.467376709 1
63 29 95.4756774902 1
63 29 95.4779205322 1
63 29 95.490020752 1
63 29 95.5012893677 1
63 29 95.5193099976 1
63 29 95.5535430908 1
63 29 95.5679931641 1
63 29 95.582359314 1
63 29 95.5853652954 1
63 29 95.6044464111 1
63 29 95.6049804688 1
63 29 95.6128082275 1
63 29 95.6132888794 1
63 29 95.6149520874 1
63 29 95.6237640381 1
63 29 95.6271743774 1
63 29 95.6376037598 1
63 29 95.6463317871 1
63 29 95.6534042358 1
63 29 95.6746673584 1
63 29 95.6763763428 1
63 29 95.6777496338 1
63 29 95.6906051636 1
63 29 95.6910095215 1
63 29 95.698638916 1
63 29 95.7064056396 1
63 29 95.7083892822 1
63 29 95.7674179077 1
63 29 95.7752990723 1
63 29 95.7754364014 1
63 29 95.8113021851 1
63 29 95.8213272095 1
63 29 95.8249282837 1
63 29 95.8272399902 1
63 29 95.844329834 1
63 29 95.8527450562 1
63 29 95.8658294678 1
63 29 95.8860549927 1
63 29 95.8992156982 1
63 29 95.9013824463 1
63 29 95.9095306396 1
63 29 95.9166259766 1
63 29 95.927482605 1
63 29 95.9464416504 1
63 29 95.9752960205 1
63 29 95.9766464233 1
63 29 95.984336853 1
63 29 95.9942398071 1
63 29 96.0442581177 1
63 29 96.0470428467 1
63 29 96.0486068726 1
63 29 96.0499801636 1
63 29 96.0713424683 1
63 29 96.1062240601 1
63 29 96.1075973511 1
63 29 96.1094741821 1
63 29 96.1174240112 1
63 29 96.1184005737 1
63 29 96.1260147095 1
63 29 96.1345291138 1
63 29 96.1604003906 1
63 29 96.1668014526 1
63 29 96.170753479 1
63 29 96.173828125 1
63 29 96.1804885864 1
63 29 96.1873626709 1
63 29 96.216583252 1
63 29 96.260345459 1
63 29 96.2816238403 1
63 29 96.3003692627 1
63 29 96.3169708252 1
63 29 96.3311233521 1
63 29 96.3371276855 1
63 29 96.3396530151 1
63 29 96.3514862061 1
63 29 96.3549118042 1
63 29 96.3549499512 1
63 29 96.3864822388 1
63 29 96.3975830078 1
63 29 96.4071273804 1
63 29 96.4203796387 1
63 29 96.4347686768 1
63 29 96.4375 1
63 29 96.4798736572 1
63 29 96.49269104 1
63 29 96.4971313477 1
63 29 96.5153198242 1
63 29 96.5830688477 1
63 29 96.5860366821 1
63 29 96.5977554321 1
63 29 96.598991394 1
63 29 96.6218566895 1
63 29 96.6588592529 1
63 29 96.6671981812 1
63 29 96.7061767578 1
63 29 96.7328567505 1
63 29 96.7545394897 1
63 29 96.7785491943 1
63 29 96.7826843262 1
63 29 96.8122406006 1
63 29 96.837677002 1
63 29 96.8506469727 1
63 29 96.8642807007 1
63 29 96.874710083 1
63 29 96.9041519165 1
63 29 96.9193954468 1
63 29 96.9312591553 1
63 29 96.9469146729 1
63 29 96.9503326416 1
63 29 96.9597549438 1
63 29 96.9739608765 1
63 29 96.9853973389 1
63 29 96.9983062744 1
63 29 97.0103225708 1
63 29 97.0137634277 1
63 29 97.0253829956 1
63 29 97.0322952271 1
63 29 97.0425109863 1
63 29 97.0462112427 1
63 29 97.0571060181 1
63 29 97.0762710571 1
63 29 97.0900268555 1
63 29 97.1023101807 1
63 29 97.1028671265 1
63 29 97.1163101196 1
63 29 97.118347168 1
63 29 97.1240997314 1
63 29 97.1343612671 1
63 29 97.1557769775 1
63 29 97.1622085571 1
63 29 97.185043335 1
63 29 97.1990127563 1
63 29 97.2014465332 1
63 29 97.2226638794 1
63 29 97.242805481 1
63 29 97.2486038208 1
63 29 97.2554168701 1
63 29 97.2604370117 1
63 29 97.284576416 1
63 29 97.2959518433 1
63 29 97.2975311279 1
63 29 97.3040084839 1
63 29 97.3113174438 1
63 29 97.3283691406 1
63 29 97.3413009644 1
63 29 97.3611831665 1
63 29 97.404045105 1
63 29 97.4122848511 1
63 29 97.426864624 1
63 29 97.4650039673 1
63 29 97.4721832275 1
63 29 97.4758605957 1
63 29 97.4809494019 1
63 29 97.4932479858 1
63 29 97.5009002686 1
63 29 97.5082321167 1
63 29 97.5161132812 1
63 29 97.5443572998 1
63 29 97.5893707275 1
63 29 97.6183395386 1
63 29 97.6420211792 1
63 29 97.6472244263 1
63 29 97.6722412109 1
63 29 97.7858963013 1
63 29 97.7941741943 1
63 29 97.819190979 1
63 29 97.8463821411 1
63 29 97.8593978882 1
63 29 97.8642654419 1
63 29 97.8812103271 1
63 29 97.8813476562 1
63 29 97.903678894 1
63 29 97.9121780396 1
63 29 97.9337615967 1
63 29 97.952545166 1
63 29 97.9722900391 1
63 29 97.9801940918 1
63 29 98.019744873 1
63 29 98.0357666016 1
63 29 98.0570602417 1
63 29 98.0861206055 1
63 29 98.1262664795 1
63 29 98.1303253174 1
63 29 98.1404571533 1
63 29 98.1830062866 1
63 29 98.1956710815 1
63 29 98.2001266479 1
63 29 98.2197799683 1
63 29 98.243019104 1
63 29 98.2487258911 1
63 29 98.2658233643 1
63 29 98.2916870117 1
63 29 98.2989501953 1
63 29 98.3059539795 1
63 29 98.364074707 1
63 29 98.3737945557 1
63 29 98.3758621216 1
63 29 98.3916168213 1
63 29 98.4038085938 1
63 29 98.4041213989 1
63 29 98.4134140015 1
63 29 98.4190597534 1
63 29 98.4273529053 1
63 29 98.4280776978 1
63 29 98.4343338013 1
63 29 98.4404296875 1
63 29 98.4578704834 1
63 29 98.4854660034 1
63 29 98.4902648926 1
63 29 98.5017089844 1
63 29 98.5038070679 1
63 29 98.512550354 1
63 29 98.5175323486 1
63 29 98.5304946899 1
63 29 98.5362548828 1
63 29 98.5536727905 1
63 29 98.5791931152 1
63 29 98.5925674438 1
63 29 98.5976715088 1
63 29 98.6158370972 1
63 29 98.6444778442 1
63 29 98.6775131226 1
63 29 98.7006149292 1
63 29 98.7046127319 1
63 29 98.7088241577 1
63 29 98.7134094238 1
63 29 98.7613525391 1
63 29 98.7618942261 1
63 29 98.7641448975 1
63 29 98.7832946777 1
63 29 98.7919845581 1
63 29 98.8066711426 1
63 29 98.8116607666 1
63 29 98.8180160522 1
63 29 98.8267745972 1
63 29 98.8320388794 1
63 29 98.8398742676 1
63 29 98.8437271118 1
63 29 98.8614501953 1
63 29 98.8692321777 1
63 29 98.8746948242 1
63 29 98.901184082 1
63 29 98.9107818604 1
63 29 98.9180450439 1
63 29 98.9231948853 1
63 29 98.9471054077 1
63 29 98.9543075562 1
63 29 98.958732605 1
63 29 98.9590454102 1
63 29 98.9729919434 1
63 29 98.9800338745 1
63 29 98.9877166748 1
63 29 99.021156311 1
63 29 99.0460968018 1
63 29 99.0679397583 1
63 29 99.0774688721 1
63 29 99.1106796265 1
63 29 99.1217727661 1
63 29 99.1267623901 1
63 29 99.127746582 1
63 29 99.1292572021 1
63 29 99.1390228271 1
63 29 99.1484222412 1
63 29 99.1613006592 1
63 29 99.1721038818 1
63 29 99.1741714478 1
63 29 99.2083358765 1
63 29 99.2337341309 1
63 29 99.298789978 1
63 29 99.302520752 1
63 29 99.3181762695 1
63 29 99.3217010498 1
63 29 99.3256530762 1
63 29 99.3399276733 1
63 29 99.3508682251 1
63 29 99.3606109619 1
63 29 99.3618927002 1
63 29 99.3843994141 1
63 29 99.3985366821 1
63 29 99.4165420532 1
63 29 99.4210205078 1
63 29 99.431678772 1
63 29 99.4638214111 1
63 29 99.4826812744 1
63 29 99.4869995117 1
63 29 99.487953186 1
63 29 99.507522583 1
63 29 99.5237503052 1
63 29 99.534538269 1
63 29 99.5708618164 1
63 29 99.5753479004 1
63 29 99.5828857422 1
63 29 99.5965881348 1
63 29 99.6238098145 1
63 29 99.7397232056 1
63 29 99.7910919189 1
63 29 99.8165283203 1
63 29 99.8176345825 1
63 29 99.8472595215 1
63 29 99.8885040283 1
63 29 99.8893508911 1
63 29 99.9263305664 1
63 29 99.9387283325 1
63 29 99.9497451782 1
63 29 99.9541702271 1
63 29 99.9804763794 1
63 29 99.9929504395 1
63 29 100.009658813 1
63 29 100.012199402 1
63 29 100.046005249 1
63 29 100.067779541 1
63 29 100.079498291 1
63 29 100.108001709 1
63 29 100.10874939 1
63 29 100.111595154 1
63 29 100.144264221 1
63 29 100.16884613 1
63 29 100.182899475 1
63 29 100.224151611 1
63 29 100.239860535 1
63 29 100.242599487 1
63 29 100.257247925 1
63 29 100.280250549 1
63 29 100.322097778 1
63 29 100.331291199 1
63 29 100.367073059 1
63 29 100.393180847 1
63 29 100.417381287 1
63 29 100.431060791 1
63 29 100.440055847 1
63 29 100.450088501 1
63 29 100.477645874 1
63 29 100.498832703 1
63 29 100.499832153 1
63 29 100.506103516 1
63 29 100.515693665 1
63 29 100.554954529 1
63 29 100.564651489 1
63 29 100.581878662 1
63 29 100.64466095 1
63 29 100.65561676 1
63 29 100.680381775 1
63 29 100.682502747 1
63 29 100.695213318 1
63 29 100.707962036 1
63 29 100.710464478 1
63 29 100.712539673 1
63 29 100.744659424 1
63 29 100.747306824 1
63 29 100.768623352 1
63 29 100.875457764 1
63 29 100.885177612 1
63 29 100.890563965 1
63 29 100.894958496 1
63 29 100.903793335 1
63 29 100.904022217 1
63 29 100.909461975 1
63 29 100.916618347 1
63 29 100.930793762 1
63 29 100.944046021 1
63 29 100.944152832 1
63 29 100.95198822 1
63 29 101.006057739 1
63 29 101.020378113 1
63 29 101.027999878 1
63 29 101.042823792 1
63 29 101.046356201 1
63 29 101.051773071 1
63 29 101.064674377 1
63 29 101.073471069 1
63 29 101.086914062 1
63 29 101.15171814 1
63 29 101.162368774 1
63 29 101.184921265 1
63 29 101.192581177 1
63 29 101.201087952 1
63 29 101.240058899 1
63 29 101.270355225 1
63 29 101.273414612 1
63 29 101.273498535 1
63 29 101.277809143 1
63 29 101.307090759 1
63 29 101.314979553 1
63 29 101.367752075 1
63 29 101.386711121 1
63 29 101.395843506 1
63 29 101.407402039 1
63 29 101.416191101 1
63 29 101.443138123 1
63 29 101.474632263 1
63 29 101.481163025 1
63 29 101.485855103 1
63 29 101.490486145 1
63 29 101.515670776 1
63 29 101.5337677 1
63 29 101.581886292 1
63 29 101.617424011 1
63 29 101.653411865 1
63 29 101.655647278 1
63 29 101.657661438 1
63 29 101.660881042 1
63 29 101.667762756 1
63 29 101.678062439 1
63 29 101.699996948 1
63 29 101.708770752 1
63 29 101.712760925 1
63 29 101.713668823 1
63 29 101.719451904 1
63 29 101.751983643 1
63 29 101.752403259 1
63 29 101.77117157 1
63 29 101.832267761 1
63 29 101.888549805 1
63 29 101.902198792 1
63 29 101.90700531 1
63 29 101.932296753 1
63 29 101.988197327 1
63 29 102.022857666 1
63 29 102.023902893 1
63 29 102.03729248 1
63 29 102.073455811 1
63 29 102.085083008 1
63 29 102.085746765 1
63 29 102.098960876 1
63 29 102.108207703 1
63 29 102.198944092 1
63 29 102.204376221 1
63 29 102.216804504 1
63 29 102.445075989 1
63 29 102.467399597 1
63 29 102.482620239 1
63 29 102.491760254 1
63 29 102.50605011 1
63 29 102.512870789 1
63 29 102.548904419 1
63 29 102.55027771 1
63 29 102.584747314 1
63 29 102.602157593 1
63 29 102.614822388 1
63 29 102.630470276 1
63 29 102.693572998 1
63 29 102.705810547 1
63 29 102.718139648 1
63 29 102.720474243 1
63 29 102.785202026 1
63 29 102.787147522 1
63 29 102.791419983 1
63 29 102.802154541 1
63 29 102.807746887 1
63 29 102.808692932 1
63 29 102.824455261 1
63 29 102.829360962 1
63 29 102.839492798 1
63 29 102.904830933 1
63 29 102.912315369 1
63 29 102.96522522 1
63 29 103.027366638 1
63 29 103.029884338 1
63 29 103.032653809 1
63 29 103.07787323 1
63 29 103.117195129 1
63 29 103.138725281 1
63 29 103.166000366 1
63 29 103.177505493 1
63 29 103.20375824 1
63 29 103.249595642 1
63 29 103.263938904 1
63 29 103.267227173 1
63 29 103.290557861 1
63 29 103.303497314 1
63 29 103.310974121 1
63 29 103.331871033 1
63 29 103.360229492 1
63 29 103.361938477 1
63 29 103.437950134 1
63 29 103.439697266 1
63 29 103.440673828 1
63 29 103.511032104 1
63 29 103.549819946 1
63 29 103.549972534 1
63 29 103.590904236 1
63 29 103.617515564 1
63 29 103.645195007 1
63 29 103.663169861 1
63 29 103.675071716 1
63 29 103.718261719 1
63 29 103.724815369 1
63 29 103.744613647 1
63 29 103.750320435 1
63 29 103.814224243 1
63 29 103.896728516 1
63 29 103.953613281 1
63 29 103.97252655 1
63 29 103.989814758 1
63 29 103.993087769 1
63 29 103.998313904 1
63 29 104.010734558 1
63 29 104.014038086 1
63 29 104.028892517 1
63 29 104.048034668 1
63 29 104.058235168 1
63 29 104.061317444 1
63 29 104.074569702 1
63 29 104.077102661 1
63 29 104.125984192 1
63 29 104.158477783 1
63 29 104.20552063 1
63 29 104.23474884 1
63 29 104.336959839 1
63 29 104.343658447 1
63 29 104.360122681 1
63 29 104.372703552 1
63 29 104.389640808 1
63 29 104.390190125 1
63 29 104.407585144 1
63 29 104.411819458 1
63 29 104.492095947 1
63 29 104.518287659 1
63 29 104.527206421 1
63 29 104.585899353 1
63 29 104.588157654 1
63 29 104.595993042 1
63 29 104.6043396 1
63 29 104.644332886 1
63 29 104.652282715 1
63 29 104.675758362 1
63 29 104.676612854 1
63 29 104.743499756 1
63 29 104.856086731 1
63 29 104.85622406 1
63 29 104.908241272 1
63 29 104.915084839 1
63 29 104.965515137 1
63 29 105.042602539 1
63 29 105.050163269 1
63 29 105.136222839 1
63 29 105.176689148 1
63 29 105.222442627 1
63 29 105.307449341 1
63 29 105.344657898 1
63 29 105.346725464 1
63 29 105.367012024 1
63 29 105.382568359 1
63 29 105.385887146 1
63 29 105.41027832 1
63 29 105.445625305 1
63 29 105.453186035 1
63 29 105.459373474 1
63 29 105.482772827 1
63 29 105.533454895 1
63 29 105.61643219 1
63 29 105.63609314 1
63 29 105.644577026 1
63 29 105.660011292 1
63 29 105.668556213 1
63 29 105.669578552 1
63 29 105.698974609 1
63 29 105.711044312 1
63 29 105.726409912 1
63 29 105.757217407 1
63 29 105.786064148 1
63 29 105.793258667 1
63 29 105.806976318 1
63 29 105.888877869 1
63 29 105.90687561 1
63 29 105.913536072 1
63 29 105.932685852 1
63 29 105.979049683 1
63 29 105.988571167 1
63 29 105.99911499 1
63 29 106.01360321 1
63 29 106.021774292 1
63 29 106.031455994 1
63 29 106.051628113 1
63 29 106.06703949 1
63 29 106.092437744 1
63 29 106.094657898 1
63 29 106.236984253 1
63 29 106.270462036 1
63 29 106.273849487 1
63 29 106.313407898 1
63 29 106.319480896 1
63 29 106.336921692 1
63 29 106.350570679 1
63 29 106.414207458 1
63 29 106.43271637 1
63 29 106.44757843 1
63 29 106.495613098 1
63 29 106.499641418 1
63 29 106.520050049 1
63 29 106.557296753 1
63 29 106.579795837 1
63 29 106.630203247 1
63 29 106.681289673 1
63 29 106.714630127 1
63 29 106.735275269 1
63 29 106.735595703 1
63 29 106.759437561 1
63 29 106.761322021 1
63 29 106.776023865 1
63 29 106.807411194 1
63 29 106.810585022 1
63 29 106.845275879 1
63 29 106.909286499 1
63 29 106.923561096 1
63 29 106.932670593 1
63 29 106.939682007 1
63 29 106.943191528 1
63 29 106.963142395 1
63 29 106.99571991 1
63 29 107.058494568 1
63 29 107.085624695 1
63 29 107.091110229 1
63 29 107.100479126 1
63 29 107.127891541 1
63 29 107.14793396 1
63 29 107.1665802 1
63 29 107.194984436 1
63 29 107.239585876 1
63 29 107.254615784 1
63 29 107.358055115 1
63 29 107.430755615 1
63 29 107.434448242 1
63 29 107.508972168 1
63 29 107.538978577 1
63 29 107.587059021 1
63 29 107.592010498 1
63 29 107.603477478 1
63 29 107.613098145 1
63 29 107.657600403 1
63 29 107.679267883 1
63 29 107.728820801 1
63 29 107.847702026 1
63 29 107.911331177 1
63 29 107.967666626 1
63 29 107.97744751 1
63 29 107.989028931 1
63 29 108.052612305 1
63 29 108.089302063 1
63 29 108.098655701 1
63 29 108.140182495 1
63 29 108.186721802 1
63 29 108.394180298 1
63 29 108.482200623 1
63 29 108.578773499 1
63 29 108.769989014 1
63 29 108.770561218 1
63 29 108.819137573 1
63 29 108.861679077 1
63 29 108.913482666 1
63 29 108.931915283 1
63 29 108.931983948 1
63 29 108.952766418 1
63 29 108.970703125 1
63 29 108.972969055 1
63 29 108.983139038 1
63 29 108.993560791 1
63 29 108.998588562 1
63 29 109.014068604 1
63 29 109.08530426 1
63 29 109.101005554 1
63 29 109.113708496 1
63 29 109.23979187 1
63 29 109.285919189 1
63 29 109.343162537 1
63 29 109.348693848 1
63 29 109.394981384 1
63 29 109.395172119 1
63 29 109.409423828 1
63 29 109.433395386 1
63 29 109.501296997 1
63 29 109.551849365 1
63 29 109.553779602 1
63 29 109.563568115 1
63 29 109.61415863 1
63 29 109.625167847 1
63 29 109.645950317 1
63 29 109.691207886 1
63 29 109.695671082 1
63 29 109.70854187 1
63 29 109.780670166 1
63 29 109.930908203 1
63 29 109.971832275 1
63 29 109.994087219 1
63 29 109.999519348 1
63 29 110.050018311 1
63 29 110.087188721 1
63 29 110.123245239 1
63 29 110.193962097 1
63 29 110.307785034 1
63 29 110.319091797 1
63 29 110.355766296 1
63 29 110.439804077 1
63 29 110.457489014 1
63 29 110.587005615 1
63 29 110.627006531 1
63 29 110.688270569 1
63 29 110.795433044 1
63 29 110.884681702 1
63 29 111.003829956 1
63 29 111.010482788 1
63 29 111.017425537 1
63 29 111.084159851 1
63 29 111.220314026 1
63 29 111.318534851 1
63 29 111.343078613 1
63 29 111.346443176 1
63 29 111.347488403 1
63 29 111.389877319 1
63 29 111.408538818 1
63 29 111.452377319 1
63 29 111.462173462 1
63 29 111.484077454 1
63 29 111.569595337 1
63 29 111.610054016 1
63 29 111.611991882 1
63 29 111.642936707 1
63 29 111.649841309 1
63 29 111.828399658 1
63 29 111.854637146 1
63 29 111.906257629 1
63 29 111.919960022 1
63 29 112.032608032 1
63 29 112.2315979 1
63 29 112.317268372 1
63 29 112.317710876 1
63 29 112.353111267 1
63 29 112.400932312 1
63 29 112.582344055 1
63 29 112.84059906 1
63 29 112.907707214 1
63 29 112.938049316 1
63 29 112.955169678 1
63 29 112.955711365 1
63 29 113.002784729 1
63 29 113.077415466 1
63 29 113.07800293 1
63 29 113.114700317 1
63 29 113.201011658 1
63 29 113.208518982 1
63 29 113.294754028 1
63 29 113.343063354 1
63 29 113.343559265 1
63 29 113.369934082 1
63 29 113.421730042 1
63 29 113.423873901 1
63 29 113.424766541 1
63 29 113.453063965 1
63 29 113.713371277 1
63 29 113.849075317 1
63 29 114.030815125 1
63 29 114.087158203 1
63 29 114.136619568 1
63 29 114.167320251 1
63 29 114.203872681 1
63 29 114.3775177 1
63 29 114.403907776 1
63 29 114.410881042 1
63 29 114.438285828 1
63 29 114.483680725 1
63 29 114.511711121 1
63 29 114.539375305 1
63 29 114.559211731 1
63 29 114.658561707 1
63 29 114.849784851 1
63 29 114.935211182 1
63 29 114.949081421 1
63 29 115.095504761 1
63 29 115.159553528 1
63 29 115.3282547 1
63 29 115.329528809 1
63 29 115.33341217 1
63 29 115.392448425 1
63 29 115.439216614 1
63 29 115.559623718 1
63 29 115.595916748 1
63 29 115.627563477 1
63 29 115.697418213 1
63 29 115.719177246 1
63 29 115.776329041 1
63 29 115.789138794 1
63 29 115.841766357 1
63 29 115.910728455 1
63 29 115.998275757 1
63 29 116.01348877 1
63 29 116.119277954 1
63 29 116.16557312 1
63 29 116.255256653 1
63 29 116.320518494 1
63 29 116.336181641 1
63 29 116.381011963 1
63 29 116.415634155 1
63 29 116.485076904 1
63 29 116.642837524 1
63 29 116.701042175 1
63 29 116.722244263 1
63 29 116.8046875 1
63 29 116.88130188 1
63 29 116.899406433 1
63 29 117.0311203 1
63 29 117.075836182 1
63 29 117.113548279 1
63 29 117.188545227 1
63 29 117.194419861 1
63 29 117.266532898 1
63 29 117.288925171 1
63 29 117.377868652 1
63 29 117.44229126 1
63 29 117.607589722 1
63 29 117.718521118 1
63 29 117.730018616 1
63 29 117.735870361 1
63 29 117.76474762 1
63 29 117.842536926 1
63 29 117.847702026 1
63 29 117.861160278 1
63 29 117.988845825 1
63 29 118.035629272 1
63 29 118.076522827 1
63 29 118.17527771 1
63 29 118.189842224 1
63 29 118.229347229 1
63 29 118.32371521 1
63 29 118.362388611 1
63 29 118.689079285 1
63 29 118.689483643 1
63 29 118.691040039 1
63 29 118.790885925 1
63 29 118.887252808 1
63 29 119.026306152 1
63 29 119.105819702 1
63 29 119.137954712 1
63 29 119.240821838 1
63 29 119.244224548 1
63 29 119.268501282 1
63 29 119.308319092 1
63 29 119.435317993 1
63 29 119.463241577 1
63 29 119.472740173 1
63 29 119.508422852 1
63 29 119.556838989 1
63 29 119.596183777 1
63 29 119.665054321 1
63 29 119.791793823 1
63 29 119.961029053 1
63 29 120.012489319 1
63 29 120.087966919 1
63 29 120.238769531 1
63 29 120.391693115 1
63 29 120.424201965 1
63 29 120.666046143 1
63 29 120.781356812 1
63 29 121.334907532 1
63 29 121.347465515 1
63 29 121.387939453 1
63 29 121.459503174 1
63 29 121.468353271 1
63 29 121.522750854 1
63 29 121.605766296 1
63 29 121.699226379 1
63 29 121.759468079 1
63 29 122.192192078 1
63 29 122.196800232 1
63 29 122.345237732 1
63 29 122.376678467 1
63 29 122.53427124 1
63 29 122.676124573 1
63 29 122.866203308 1
63 29 122.916641235 1
63 29 123.020011902 1
63 29 123.020629883 1
63 29 123.030944824 1
63 29 123.220909119 1
63 29 123.261650085 1
63 29 123.343040466 1
63 29 123.46736908 1
63 29 123.661010742 1
63 29 124.011375427 1
63 29 124.289329529 1
63 29 124.629638672 1
63 29 124.65410614 1
63 29 125.129570007 1
63 29 125.198768616 1
63 29 125.444404602 1
63 29 125.555259705 1
63 29 126.06703186 1
63 29 126.107429504 1
63 29 126.237464905 1
63 29 126.266357422 1
63 29 126.365745544 1
63 29 126.432067871 1
63 29 126.472320557 1
63 29 126.676483154 1
63 29 126.760093689 1
63 29 127.017738342 1
63 29 127.240470886 1
63 29 127.439094543 1
63 29 127.759643555 1
63 29 127.840667725 1
63 29 128.3125 1
63 29 128.406066895 1
63 29 128.426589966 1
63 29 128.560516357 1
63 29 128.618453979 1
63 29 128.777664185 1
63 29 128.786743164 1
63 29 128.80696106 1
63 29 128.893829346 1
63 29 128.930389404 1
63 29 129.083847046 1
63 29 129.115615845 1
63 29 129.148696899 1
63 29 129.163482666 1
63 29 129.222076416 1
63 29 129.493392944 1
63 29 129.651077271 1
63 29 129.699234009 1
63 29 129.761291504 1
63 29 130.225662231 1
63 29 130.312591553 1
63 29 130.338760376 1
63 29 130.416015625 1
63 29 130.469528198 1
63 29 130.765014648 1
63 29 130.853820801 1
63 29 131.464187622 1
63 29 131.813934326 1
63 29 131.937545776 1
63 29 132.125015259 1
63 29 132.135894775 1
63 29 132.154647827 1
63 29 132.444412231 1
63 29 132.472686768 1
63 29 132.567016602 1
63 29 132.869476318 1
63 29 132.938064575 1
63 29 133.90725708 1
63 29 133.910736084 1
63 29 134.140167236 1
63 29 134.208267212 1
63 29 134.262252808 1
63 29 134.639053345 1
63 29 134.642379761 1
63 29 134.679428101 1
63 29 134.873123169 1
63 29 134.899002075 1
63 29 135.053421021 1
63 29 135.075546265 1
63 29 135.387115479 1
63 29 135.445709229 1
63 29 135.505569458 1
63 29 135.54196167 1
63 29 135.681900024 1
63 29 135.706817627 1
63 29 135.706939697 1
63 29 135.754638672 1
63 29 135.779403687 1
63 29 135.88885498 1
63 29 136.132797241 1
63 29 136.243621826 1
63 29 136.407531738 1
63 29 136.652816772 1
63 29 136.735671997 1
63 29 137.058944702 1
63 29 137.230041504 1
63 29 137.270294189 1
63 29 137.304077148 1
63 29 137.500686646 1
63 29 137.607315063 1
63 29 137.672576904 1
63 29 137.692047119 1
63 29 138.305648804 1
63 29 138.32409668 1
63 29 138.446990967 1
63 29 138.805541992 1
63 29 139.043716431 1
63 29 139.246246338 1
63 29 139.320358276 1
63 29 139.609603882 1
63 29 139.72076416 1
63 29 140.328720093 1
63 29 142.216506958 1
63 29 142.417358398 1
63 29 142.701293945 1
63 29 142.74446106 1
63 29 143.170318604 1
63 29 143.495666504 1
63 29 143.814163208 1
63 29 144.126602173 1
63 29 144.2706604 1
63 29 144.291152954 1
63 29 144.343521118 1
63 29 144.344345093 1
63 29 144.824584961 1
63 29 144.882064819 1
63 29 145.005325317 1
63 29 145.249694824 1
63 29 145.35774231 1
63 29 145.842422485 1
63 29 145.863647461 1
63 29 146.012832642 1
63 29 146.414245605 1
63 29 146.450622559 1
63 29 147.4087677 1
63 29 147.429702759 1
63 29 147.65447998 1
63 29 147.754714966 1
63 29 147.832336426 1
63 29 148.508377075 1
63 29 148.95980835 1
63 29 149.061386108 1
63 29 149.125061035 1
63 29 149.296340942 1
63 29 150.321426392 1
63 29 150.383255005 1
63 29 150.409133911 1
63 29 151.115005493 1
63 29 151.511962891 1
63 29 151.746337891 1
63 29 153.802108765 1
63 29 154.399810791 1
63 29 154.695709229 1
63 29 154.935379028 1
63 29 155.758743286 1
63 29 155.888793945 1
63 29 156.238571167 1
63 29 156.457199097 1
63 29 156.573104858 1
63 29 156.57699585 1
63 29 157.063552856 1
63 29 157.461975098 1
63 29 157.52456665 1
63 29 157.599731445 1
63 29 157.812026978 1
63 29 158.031661987 1
63 29 158.908889771 1
63 29 159.013671875 1
63 29 159.134857178 1
63 29 159.158355713 1
63 29 159.204421997 1
63 29 159.256484985 1
63 29 159.49319458 1
63 29 160.61656189 1
63 29 161.015136719 1
63 29 161.135910034 1
63 29 161.682296753 1
63 29 162.053085327 1
63 29 162.197555542 1
63 29 162.541748047 1
63 29 162.888778687 1
63 29 164.13319397 1
63 29 164.36730957 1
63 29 164.809326172 1
63 29 165.97833252 1
63 29 166.679550171 1
63 29 166.718170166 1
63 29 166.972686768 1
63 29 167.246536255 1
63 29 167.474105835 1
63 29 167.724807739 1
63 29 168.367904663 1
63 29 168.691802979 1
63 29 168.999740601 1
63 29 169.699874878 1
63 29 170.362411499 1
63 29 170.774124146 1
63 29 174.329177856 1
63 29 175.089035034 1
63 29 175.150619507 1
63 29 175.304122925 1
63 29 175.648406982 1
63 29 177.396789551 1
63 29 177.814758301 1
63 29 178.364242554 1
63 29 178.426376343 1
63 29 178.502105713 1
63 29 180.387268066 1
63 29 181.153182983 1
63 29 181.280395508 1
63 29 181.301239014 1
63 29 184.610244751 1
63 29 187.550567627 1
63 29 189.0415802 1
63 29 189.856018066 1
63 29 190.554580688 1
63 29 190.869491577 1
63 29 191.070800781 1
63 29 191.191207886 1
63 29 192.035720825 1
63 29 192.221282959 1
63 29 192.443664551 1
63 29 193.70451355 1
63 29 194.419036865 1
63 29 198.133956909 1
63 29 198.626159668 1
63 29 201.226165771 1
63 29 201.513336182 1
63 29 202.102508545 1
63 29 203.792068481 1
63 29 204.315216064 1
63 29 205.410446167 1
63 29 205.467987061 1
63 29 205.758422852 1
63 29 206.094726562 1
63 29 206.290267944 1
63 29 209.864929199 1
63 29 209.963195801 1
63 29 210.237228394 1
63 29 210.407241821 1
63 29 210.781448364 1
63 29 211.025482178 1
63 29 211.367874146 1
63 29 211.573440552 1
63 29 211.64666748 1
63 29 211.851043701 1
63 29 212.265975952 1
63 29 215.149795532 1
63 29 217.334716797 1
63 29 220.695388794 1
63 29 221.929290771 1
63 29 225.071716309 1
63 29 225.581085205 1
63 29 225.964767456 1
63 29 228.092758179 1
63 29 235.136993408 1
63 29 239.204925537 1
63 29 239.943786621 1
63 29 244.828399658 1
63 29 248.680282593 1
63 29 251.101211548 1
63 29 253.078598022 1
63 29 253.896865845 1
63 29 255.952468872 1
63 29 259.57220459 1
63 29 264.735900879 1
63 29 267.044464111 1
63 29 267.368896484 1
63 29 267.386016846 1
63 29 268.467651367 1
63 29 268.494110107 1
63 29 272.034851074 1
63 29 273.325592041 1
63 29 274.539276123 1
63 29 275.784576416 1
63 29 276.191711426 1
63 29 278.040863037 1
63 29 278.276702881 1
63 29 278.482391357 1
63 29 279.560668945 1
63 29 280.320098877 1
63 29 281.455657959 1
63 29 282.2628479 1
63 29 286.185699463 1
63 29 286.434020996 1
63 29 293.470977783 1
63 29 295.325897217 1
63 29 299.907287598 1
63 29 310.049468994 1
63 29 310.770202637 1
63 29 312.090881348 1
63 29 313.423309326 1
63 29 315.236755371 1
63 29 322.24206543 1
63 29 327.236572266 1
63 29 330.072937012 1
63 29 336.51272583 1
63 29 337.891021729 1
63 29 341.121551514 1
63 29 350.83505249 1
63 29 353.470794678 1
63 29 355.05090332 1
63 29 358.397399902 1
63 29 358.470367432 1
63 29 367.037597656 1
63 29 370.146270752 1
63 29 370.80090332 1
63 29 376.799743652 1
63 29 379.475708008 1
63 29 381.101928711 1
63 29 381.317352295 1
63 29 385.44833374 1
63 29 391.65802002 1
63 29 396.63760376 1
63 29 396.907531738 1
63 29 406.442504883 1
63 29 411.698852539 1
63 29 412.43637085 1
63 29 420.625396729 1
63 29 421.69152832 1
63 29 424.46496582 1
63 29 424.54486084 1
63 29 425.556976318 1
63 29 427.01776123 1
63 29 432.853607178 1
63 29 437.462554932 1
63 29 437.751037598 1
63 29 444.727539062 1
63 29 452.47479248 1
63 29 453.068756104 1
63 29 456.154510498 1
63 29 460.72958374 1
63 29 464.395080566 1
63 29 469.764007568 1
63 29 472.041107178 1
63 29 473.528656006 1
63 29 475.904846191 1
63 29 483.260253906 1
63 29 488.385925293 1
63 29 503.393951416 1
63 29 504.369476318 1
63 29 505.956695557 1
63 29 518.42364502 1
63 29 518.68359375 1
63 29 522.647521973 1
63 29 524.79876709 1
63 29 532.129089355 1
63 29 546.367736816 1
63 29 551.257263184 1
63 29 551.617248535 1
63 29 555.555847168 1
63 29 562.306213379 1
63 29 564.679870605 1
63 29 623.001281738 1
63 29 629.466552734 1
63 29 632.496826172 1
63 29 640.541442871 1
63 29 643.507324219 1
63 29 654.461486816 1
63 29 662.428222656 1
63 29 667.635498047 1
63 29 713.989318848 1
63 29 714.612060547 1
63 29 716.984436035 1
63 29 720.575866699 1
63 29 730.38873291 1
63 29 739.907653809 1
63 29 789.675598145 1
63 29 790.172058105 1
63 29 805.731201172 1
63 29 872.911682129 1
63 29 897.188232422 1
63 29 946.973937988 1
63 29 981.338867188 1
63 29 1087.30908203 1
63 29 1096.91699219 1
63 29 1111.7265625 1
63 29 1154.74291992 1
63 29 1170.72375488 1
63 29 1217.20715332 1
63 29 1222.05419922 1
63 29 1445.54711914 1
63 29 1683.06335449 1
63 29 1876.34985352 1
63 29 2082.87109375 1
63 29 2894.12573242 1
63 31 97.9935302734 1
63 31 98.3556518555 1
63 31 98.5895843506 1
63 31 101.130805969 1
63 31 105.306388855 1
63 31 105.480857849 1
63 31 112.48739624 1
63 31 114.021461487 1
63 31 114.240211487 1
63 31 114.254043579 1
63 31 115.60446167 1
63 31 115.86000824 1
63 31 116.233016968 1
63 31 120.570960999 1
63 31 120.9061203 1
63 31 121.35206604 1
63 31 121.369918823 1
63 31 123.317092896 1
63 31 125.380065918 1
63 31 126.374206543 1
63 31 130.141067505 1
63 31 131.450057983 1
63 31 136.59954834 1
63 31 137.213851929 1
63 31 137.233383179 1
63 31 137.401000977 1
63 31 137.790161133 1
63 31 139.421630859 1
63 31 139.755325317 1
63 31 139.962020874 1
63 31 141.235198975 1
63 31 142.247116089 1
63 31 142.417938232 1
63 31 143.405639648 1
63 31 143.66986084 1
63 31 145.099975586 1
63 31 146.265365601 1
63 31 147.800552368 1
63 31 148.147445679 1
63 31 150.917800903 1
63 31 151.031402588 1
63 31 153.859802246 1
63 31 154.422958374 1
63 31 154.762130737 1
63 31 156.105041504 1
63 31 157.417266846 1
63 31 158.662902832 1
63 31 159.028488159 1
63 31 160.535064697 1
63 31 161.286422729 1
63 31 162.863296509 1
63 31 165.675033569 1
63 31 166.429351807 1
63 31 166.603637695 1
63 31 169.538253784 1
63 31 170.736221313 1
63 31 171.543228149 1
63 31 175.229019165 1
63 31 175.370254517 1
63 31 177.315048218 1
63 31 179.262512207 1
63 31 179.293243408 1
63 31 181.021591187 1
63 31 184.051696777 1
63 31 184.189529419 1
63 31 184.411132812 1
63 31 187.575576782 1
63 31 189.160308838 1
63 31 189.590911865 1
63 31 191.153839111 1
63 31 192.847793579 1
63 31 194.090408325 1
63 31 194.246292114 1
63 31 194.86958313 1
63 31 195.249816895 1
63 31 196.126647949 1
63 31 198.919509888 1
63 31 199.730804443 1
63 31 199.810317993 1
63 31 201.512802124 1
63 31 203.187988281 1
63 31 204.207748413 1
63 31 205.941314697 1
63 31 207.352081299 1
63 31 209.340881348 1
63 31 209.414672852 1
63 31 210.119659424 1
63 31 210.46925354 1
63 31 210.670074463 1
63 31 211.795425415 1
63 31 212.833404541 1
63 31 213.22227478 1
63 31 214.186737061 1
63 31 215.975494385 1
63 31 217.699417114 1
63 31 221.16519165 1
63 31 221.398529053 1
63 31 225.105255127 1
63 31 225.150863647 1
63 31 227.048568726 1
63 31 229.909835815 1
63 31 230.188873291 1
63 31 230.464172363 1
63 31 231.596710205 1
63 31 233.421463013 1
63 31 235.30847168 1
63 31 235.628494263 1
63 31 237.276275635 1
63 31 238.134124756 1
63 31 238.268127441 1
63 31 240.822433472 1
63 31 241.852401733 1
63 31 242.785903931 1
63 31 245.074737549 1
63 31 247.259613037 1
63 31 247.662307739 1
63 31 248.555541992 1
63 31 259.166015625 1
63 31 260.469085693 1
63 31 260.516662598 1
63 31 263.071899414 1
63 31 264.04788208 1
63 31 268.232971191 1
63 31 272.129058838 1
63 31 281.599853516 1
63 31 284.934051514 1
63 31 285.716339111 1
63 31 292.889434814 1
63 31 301.544433594 1
63 31 301.9609375 1
63 31 303.522949219 1
63 31 305.184143066 1
63 31 307.563537598 1
63 31 311.743896484 1
63 31 312.343139648 1
63 31 315.050140381 1
63 31 315.609741211 1
63 31 330.378845215 1
63 31 333.414978027 1
63 31 343.509307861 1
63 31 344.063934326 1
63 31 346.06539917 1
63 31 346.202178955 1
63 31 347.985107422 1
63 31 358.438293457 1
63 31 359.223968506 1
63 31 362.469573975 1
63 31 369.050048828 1
63 31 369.632873535 1
63 31 372.220153809 1
63 31 372.550842285 1
63 31 379.817779541 1
63 31 381.305328369 1
63 31 388.053283691 1
63 31 392.655212402 1
63 31 393.121154785 1
63 31 393.574645996 1
63 31 397.282073975 1
63 31 420.28414917 1
63 31 421.323181152 1
63 31 425.13861084 1
63 31 426.05581665 1
63 31 432.527374268 1
63 31 446.089111328 1
63 31 472.241027832 1
63 31 479.305938721 1
63 31 482.536376953 1
63 31 483.145507812 1
63 31 485.82901001 1
63 31 498.142730713 1
63 31 515.991760254 1
63 31 525.053833008 1
63 31 533.46472168 1
63 31 544.544921875 1
63 31 547.807128906 1
63 31 549.719909668 1
63 31 556.02532959 1
63 31 556.91418457 1
63 31 560.132568359 1
63 31 566.030029297 1
63 31 571.198608398 1
63 31 579.078308105 1
63 31 638.998657227 1
63 31 646.553405762 1
63 31 662.344360352 1
63 31 701.100524902 1
63 31 708.501220703 1
63 31 748.58392334 1
63 31 752.249267578 1
63 31 753.279541016 1
63 31 778.634399414 1
63 31 793.13470459 1
63 31 793.176391602 1
63 31 809.846496582 1
63 31 853.371765137 1
63 31 874.424194336 1
63 31 1224.1751709 1
63 31 2159.56860352 1
63 32 202.050872803 1
63 32 211.845535278 1
63 32 237.984344482 1
63 32 238.391403198 1
63 32 240.41027832 1
63 32 241.497756958 1
63 32 245.127944946 1
63 32 248.810745239 1
63 32 249.98260498 1
63 32 253.698135376 1
63 32 254.096969604 1
63 32 261.268310547 1
63 32 262.172393799 1
63 32 264.494598389 1
63 32 267.602172852 1
63 32 272.049713135 1
63 32 291.503570557 1
63 32 293.957580566 1
63 32 300.301483154 1
63 32 307.950592041 1
63 32 312.075408936 1
63 32 313.268218994 1
63 32 316.551574707 1
63 32 316.67755127 1
63 32 321.037353516 1
63 32 334.704071045 1
63 32 340.343231201 1
63 32 350.091125488 1
63 32 358.877380371 1
63 32 364.65524292 1
63 32 365.250152588 1
63 32 365.861022949 1
63 32 378.507141113 1
63 32 392.184051514 1
63 32 393.202178955 1
63 32 399.870025635 1
63 32 409.084136963 1
63 32 409.791473389 1
63 32 441.619049072 1
63 32 444.230560303 1
63 32 451.448791504 1
63 32 453.860778809 1
63 32 462.397613525 1
63 32 463.516906738 1
63 32 465.836242676 1
63 32 466.501373291 1
63 32 470.389526367 1
63 32 471.078430176 1
63 32 503.717163086 1
63 32 507.352233887 1
63 32 513.518920898 1
63 32 524.655700684 1
63 32 538.224853516 1
63 32 547.077270508 1
63 32 581.802490234 1
63 32 587.126281738 1
63 32 592.528808594 1
63 32 661.652832031 1
63 32 676.254577637 1
63 32 689.140380859 1
63 32 708.553161621 1
63 32 722.804382324 1
63 32 740.899291992 1
63 32 754.067749023 1
63 32 796.167602539 1
63 32 810.384521484 1
63 32 941.975036621 1
63 32 959.372497559 1
63 33 331.339172363 1
63 33 379.891113281 1
63 33 381.915405273 1
63 33 395.462280273 1
63 33 497.592956543 1
63 33 679.754577637 1
63 33 946.225219727 1
63 33 1001.88330078 1
63 34 560.841247559 1
63 34 871.388000488 1
63 34 996.766784668 1
64 21 1282.74206543 1
64 24 1391.96325684 1
64 25 1866.32409668 1
64 25 1984.57080078 1
64 26 1294.4666748 1
64 27 922.217956543 1
64 27 1188.91723633 1
64 27 1468.86816406 1
64 27 2483.86425781 1
64 28 773.956787109 1
64 28 786.557617188 1
64 28 957.837036133 1
64 28 992.273681641 1
64 28 1082.78210449 1
64 28 1137.45690918 1
64 28 1221.09460449 1
64 28 1909.47705078 1
64 29 653.440734863 1
64 29 696.543762207 1
64 29 709.682189941 1
64 29 730.476501465 1
64 29 788.559753418 1
64 29 809.047851562 1
64 29 894.754089355 1
64 29 941.523803711 1
64 29 1054.81469727 1
64 29 1158.91992188 1
64 30 669.206298828 1
64 30 775.17791748 1
64 30 775.27923584 1
64 30 793.374633789 1
64 30 839.32208252 1
64 30 925.192138672 1
64 30 956.432250977 1
64 30 1041.0201416 1
64 30 1193.69677734 1
64 30 1196.61865234 1
64 30 1269.17541504 1
64 30 1380.56835938 1
64 30 1393.02392578 1
64 31 729.916442871 1
64 31 944.344482422 1
64 31 1100.71911621 1
64 31 1111.3848877 1
64 31 1388.28430176 1
64 31 2193.29711914 1
64 32 798.947998047 1
64 32 864.200134277 1
64 32 1249.68676758 1
64 33 953.020080566 1
64 34 1350.49145508 1
65 27 1691.35900879 1
65 31 2152.24658203 1
69 24 1897.76623535 1
70 18 3593.7253418 1
70 25 913.739318848 1
70 25 1091.4407959 1
70 25 1156.92248535 1
70 26 881.67175293 1
70 26 1000.81097412 1
70 26 1097.62841797 1
70 26 1121.96044922 1
70 26 1391.40844727 1
70 26 2743.68798828 1
70 27 742.234191895 1
70 27 743.222229004 1
70 27 787.427124023 1
70 27 790.695129395 1
70 27 909.517089844 1
70 27 1064.8972168 1
70 27 1119.11425781 1
70 27 1129.33361816 1
70 27 1234.04321289 1
70 27 1301.66259766 1
70 27 1505.00219727 1
70 27 1675.57861328 1
70 27 3294.23046875 1
70 28 695.311096191 1
70 28 710.670654297 1
70 28 734.55267334 1
70 28 761.044677734 1
70 28 774.209960938 1
70 28 808.378967285 1
70 28 820.222229004 1
70 28 869.573242188 1
70 28 893.355224609 1
70 28 930.459777832 1
70 28 1310.66027832 1
70 29 738.258972168 1
70 29 793.78717041 1
70 29 885.250244141 1
70 29 921.111022949 1
70 29 1360.98254395 1
70 29 1508.98095703 1
70 30 700.75982666 1
70 30 783.408813477 1
70 30 835.723937988 1
70 30 838.842407227 1
70 31 785.486572266 1
70 31 819.291931152 1
70 31 1102.78930664 1
70 31 1601.10375977 1
70 31 2850.16943359 1
70 32 1780.89978027 1
70 32 1982.50280762 1
71 19 1743.67260742 1
71 22 1472.1282959 1
71 24 1510.91540527 1
71 24 1529.14050293 1
71 24 2769.85131836 1
71 25 1346.77160645 1
71 25 1474.47924805 1
71 26 885.758483887 1
71 26 1770.04870605 1
71 27 698.538391113 1
71 27 760.856750488 1
71 27 1412.90539551 1
71 27 1730.27807617 1
71 28 686.542053223 1
71 28 695.032714844 1
71 28 737.330993652 1
71 28 749.831970215 1
71 28 757.930053711 1
71 28 790.742858887 1
71 28 821.148681641 1
71 28 878.547241211 1
71 28 914.675415039 1
71 28 1029.79943848 1
71 28 1348.71142578 1
71 29 632.738220215 1
71 29 663.892822266 1
71 29 768.139465332 1
71 29 806.459594727 1
71 29 812.325134277 1
71 29 857.721374512 1
71 29 870.338378906 1
71 29 891.895751953 1
71 29 910.007873535 1
71 31 815.723815918 1
71 31 1329.67333984 1
72 27 4033.15771484 1
72 29 1323.29614258 1
72 29 1415.33410645 1
72 33 1931.26171875 1
78 25 1638.00671387 1
