string dom time hits
45 26 1807.74316406 1
53 25 1857.09716797 1
53 27 1442.98205566 1
53 27 1483.52636719 1
53 29 1296.0369873 1
53 30 1303.96435547 1
54 20 2217.34838867 1
54 21 1373.13623047 1
54 23 1678.90649414 1
54 24 1566.70959473 1
54 25 875.874145508 1
54 25 927.238891602 1
54 25 1090.63061523 1
54 26 791.971557617 1
54 26 796.21685791 1
54 26 975.893005371 1
54 26 1500.3034668 1
54 27 766.698730469 1
54 27 781.239379883 1
54 27 849.140808105 1
54 27 962.310180664 1
54 27 987.844909668 1
54 27 1171.99914551 1
54 27 1259.37731934 1
54 27 1300.75305176 1
54 27 1354.59753418 1
54 28 757.407836914 1
54 28 798.277038574 1
54 28 815.122192383 1
54 28 837.98651123 1
54 28 968.530578613 1
54 28 999.780578613 1
54 28 1054.35693359 1
54 28 1117.71520996 1
54 28 1216.37963867 1
54 28 2280.20117188 1
54 29 690.356628418 1
54 29 730.109436035 1
54 29 764.565917969 1
54 29 768.60760498 1
54 29 820.974487305 1
54 29 907.58026123 1
54 29 1032.45678711 1
54 29 1190.0489502 1
54 29 1630.38769531 1
54 30 720.608215332 1
54 30 846.888366699 1
54 30 853.469726562 1
54 30 876.888244629 1
54 30 897.839660645 1
54 30 954.10144043 1
54 30 997.949401855 1
54 30 1020.70037842 1
54 30 1052.15844727 1
54 30 1185.07861328 1
54 31 886.164001465 1
54 31 1098.86853027 1
54 32 782.187133789 1
54 32 1361.703125 1
54 32 2522.72558594 1
54 33 1045.17858887 1
54 33 1244.70996094 1
55 18 2278.703125 1
55 24 843.360229492 1
55 25 948.867919922 1
55 25 1305.39379883 1
55 26 774.044494629 1
55 26 864.390380859 1
55 26 871.901062012 1
55 26 873.481933594 1
55 26 1107.47265625 1
55 26 1678.31677246 1
55 26 2473.98876953 1
55 27 808.329040527 1
55 27 962.702880859 1
55 27 993.521179199 1
55 27 1159.76477051 1
55 27 1209.88439941 1
55 27 1226.13635254 1
55 27 1263.17749023 1
55 27 1301.37158203 1
55 27 2590.00341797 1
55 28 780.83807373 1
55 28 805.337158203 1
55 28 827.886291504 1
55 28 874.580810547 1
55 28 913.24407959 1
55 28 1048.86889648 1
55 28 1523.73059082 1
55 28 1682.58935547 1
55 28 1830.93859863 1
55 29 671.106811523 1
55 29 688.271606445 1
55 29 693.263305664 1
55 29 717.130187988 1
55 29 762.456848145 1
55 29 782.765991211 1
55 29 788.40826416 1
55 29 880.809387207 1
55 30 717.627746582 1
55 30 832.457275391 1
55 30 842.04901123 1
55 30 853.699279785 1
55 30 896.940063477 1
55 30 904.174865723 1
55 30 1122.23535156 1
55 30 1184.45800781 1
55 30 1219.48278809 1
55 30 1432.14538574 1
55 31 888.591918945 1
55 31 910.705078125 1
55 31 977.417419434 1
55 31 1199.22106934 1
55 31 1218.13952637 1
55 31 1269.40795898 1
55 32 787.222961426 1
55 32 900.774475098 1
55 32 995.03137207 1
55 32 1024.40612793 1
55 34 1342.7355957 1
56 27 1154.24926758 1
56 29 1449.1907959 1
56 29 1726.54272461 1
56 29 1734.6809082 1
56 30 1871.07495117 1
61 27 1728.61279297 1
61 30 2096.5168457 1
62 19 2711.39111328 1
62 22 1343.67443848 1
62 23 1140.38098145 1
62 23 1781.62927246 1
62 23 2041.35693359 1
62 24 999.271118164 1
62 24 1214.7199707 1
62 25 1003.7833252 1
62 25 1229.44458008 1
62 25 1290.59985352 1
62 26 791.413391113 1
62 26 801.466369629 1
62 26 879.099609375 1
62 26 1196.69384766 1
62 26 1586.32409668 1
62 26 1690.92797852 1
62 27 833.281311035 1
62 27 840.110656738 1
62 27 841.849487305 1
62 27 844.054138184 1
62 27 851.197509766 1
62 27 950.134033203 1
62 27 1530.95178223 1
62 27 1536.15148926 1
62 27 2201.69482422 1
62 28 664.861022949 1
62 28 766.693786621 1
62 28 856.812194824 1
62 28 922.108154297 1
62 28 978.519042969 1
62 28 1703.42321777 1
62 29 640.694152832 1
62 29 643.910217285 1
62 29 717.170715332 1
62 29 819.626586914 1
62 29 852.525024414 1
62 29 856.185668945 1
62 29 897.887573242 1
62 29 918.049377441 1
62 29 928.780822754 1
62 29 1149.97460938 1
62 29 1255.74169922 1
62 29 1425.02453613 1
62 29 1497.28430176 1
62 29 2273.05395508 1
62 30 985.171447754 1
62 30 1083.35583496 1
62 30 1127.06311035 1
62 30 1199.18994141 1
62 30 1408.5489502 1
62 31 777.493286133 1
62 31 921.627929688 1
62 31 969.48614502 1
62 31 980.004150391 1
62 31 1150.72668457 1
62 31 1171.28186035 1
62 31 1323.75744629 1
62 31 1349.19506836 1
62 32 909.645507812 1
62 32 1683.25939941 1
63 21 1289.22045898 1
63 21 3537.69897461 1
63 22 874.648193359 1
63 22 1408.27697754 1
63 23 683.043945312 1
63 23 687.61541748 1
63 23 765.939941406 1
63 23 788.038208008 1
63 23 833.359802246 1
63 23 837.562072754 1
63 23 978.924560547 1
63 23 1060.4831543 1
63 23 1211.8659668 1
63 23 1270.65808105 1
63 23 1578.43566895 1
63 24 618.88873291 1
63 24 642.938354492 1
63 24 709.646057129 1
63 24 785.736083984 1
63 24 886.70513916 1
63 24 959.061645508 1
63 24 964.581176758 1
63 24 987.031066895 1
63 24 1000.70941162 1
63 24 1098.48266602 1
63 24 1192.07177734 1
63 24 1360.26586914 1
63 25 466.418670654 1
63 25 486.779998779 1
63 25 491.456085205 1
63 25 496.868835449 1
63 25 518.947998047 1
63 25 557.53125 1
63 25 566.351867676 1
63 25 569.450805664 1
63 25 579.644226074 1
63 25 598.995422363 1
63 25 623.260925293 1
63 25 634.757324219 1
63 25 636.236083984 1
63 25 647.082092285 1
63 25 687.156860352 1
63 25 772.283813477 1
63 25 784.844543457 1
63 25 789.997436523 1
63 25 796.70324707 1
63 25 834.512145996 1
63 25 915.112182617 1
63 25 1010.52270508 1
63 25 1029.52697754 1
63 25 1151.48681641 1
63 25 1159.44592285 1
63 25 1179.12463379 1
63 25 1750.18579102 1
63 25 3123.80664062 1
63 26 329.522827148 1
63 26 381.321655273 1
63 26 383.176696777 1
63 26 385.126525879 1
63 26 388.058776855 1
63 26 398.538269043 1
63 26 399.122833252 1
63 26 401.374572754 1
63 26 402.188354492 1
63 26 403.429412842 1
63 26 407.079193115 1
63 26 407.121917725 1
63 26 413.866516113 1
63 26 414.613189697 1
63 26 421.321166992 1
63 26 424.445098877 1
63 26 428.550598145 1
63 26 428.790802002 1
63 26 430.092987061 1
63 26 436.619567871 1
63 26 443.335723877 1
63 26 444.041137695 1
63 26 444.5184021 1
63 26 452.810211182 1
63 26 457.774993896 1
63 26 474.901000977 1
63 26 475.370758057 1
63 26 475.376495361 1
63 26 476.642974854 1
63 26 487.287841797 1
63 26 493.992279053 1
63 26 494.652862549 1
63 26 508.078704834 1
63 26 512.924377441 1
63 26 514.897766113 1
63 26 517.569213867 1
63 26 520.458862305 1
63 26 521.796813965 1
63 26 524.28918457 1
63 26 537.228637695 1
63 26 562.382629395 1
63 26 567.145690918 1
63 26 569.108825684 1
63 26 573.014465332 1
63 26 577.961242676 1
63 26 578.102050781 1
63 26 589.046081543 1
63 26 597.523742676 1
63 26 599.166931152 1
63 26 599.373962402 1
63 26 605.287109375 1
63 26 610.942443848 1
63 26 620.641540527 1
63 26 620.870666504 1
63 26 623.58203125 1
63 26 643.875061035 1
63 26 644.676757812 1
63 26 646.182189941 1
63 26 649.360229492 1
63 26 654.279174805 1
63 26 658.555114746 1
63 26 674.469909668 1
63 26 674.790161133 1
63 26 689.67376709 1
63 26 702.213623047 1
63 26 706.079162598 1
63 26 709.099914551 1
63 26 722.881164551 1
63 26 733.599365234 1
63 26 740.075561523 1
63 26 747.910583496 1
63 26 807.963745117 1
63 26 818.163635254 1
63 26 824.037780762 1
63 26 832.292053223 1
63 26 845.619140625 1
63 26 854.776489258 1
63 26 875.878540039 1
63 26 880.665710449 1
63 26 881.367614746 1
63 26 898.008789062 1
63 26 929.772277832 1
63 26 974.988769531 1
63 26 995.923339844 1
63 26 1035.87634277 1
63 26 1046.65380859 1
63 26 1117.81286621 1
63 26 1342.25036621 1
63 27 272.491119385 1
63 27 274.252044678 1
63 27 279.388061523 1
63 27 281.317993164 1
63 27 284.737213135 1
63 27 284.803466797 1
63 27 285.346618652 1
63 27 288.937683105 1
63 27 292.863555908 1
63 27 293.088348389 1
63 27 296.377746582 1
63 27 296.73059082 1
63 27 296.858825684 1
63 27 296.945953369 1
63 27 297.433166504 1
63 27 298.452789307 1
63 27 301.89730835 1
63 27 302.219390869 1
63 27 302.22442627 1
63 27 302.515808105 1
63 27 302.582244873 1
63 27 306.652984619 1
63 27 306.762390137 1
63 27 307.777313232 1
63 27 308.336975098 1
63 27 310.583740234 1
63 27 312.990264893 1
63 27 314.579925537 1
63 27 314.764526367 1
63 27 315.902587891 1
63 27 316.845153809 1
63 27 316.93737793 1
63 27 317.136993408 1
63 27 319.64175415 1
63 27 320.380554199 1
63 27 321.864898682 1
63 27 322.746643066 1
63 27 323.229949951 1
63 27 323.759521484 1
63 27 324.2159729 1
63 27 324.672149658 1
63 27 325.010162354 1
63 27 325.01171875 1
63 27 325.867889404 1
63 27 327.588348389 1
63 27 329.100738525 1
63 27 329.940765381 1
63 27 330.55657959 1
63 27 331.683319092 1
63 27 332.099304199 1
63 27 332.49887085 1
63 27 333.7449646 1
63 27 336.158782959 1
63 27 337.023101807 1
63 27 339.901489258 1
63 27 341.092376709 1
63 27 342.864807129 1
63 27 343.428192139 1
63 27 345.78918457 1
63 27 346.660522461 1
63 27 347.062347412 1
63 27 349.386566162 1
63 27 349.394897461 1
63 27 350.678253174 1
63 27 352.166229248 1
63 27 352.912109375 1
63 27 353.339111328 1
63 27 356.283416748 1
63 27 356.84362793 1
63 27 359.675628662 1
63 27 360.221862793 1
63 27 360.302978516 1
63 27 360.311401367 1
63 27 360.825073242 1
63 27 361.182556152 1
63 27 363.819641113 1
63 27 365.111785889 1
63 27 365.28036499 1
63 27 366.690643311 1
63 27 367.029418945 1
63 27 368.351104736 1
63 27 372.705932617 1
63 27 373.032836914 1
63 27 373.770294189 1
63 27 374.034851074 1
63 27 375.100280762 1
63 27 375.773162842 1
63 27 375.937774658 1
63 27 377.914550781 1
63 27 378.74017334 1
63 27 380.193237305 1
63 27 381.784179688 1
63 27 382.56854248 1
63 27 386.96472168 1
63 27 388.717102051 1
63 27 391.47076416 1
63 27 392.571166992 1
63 27 401.505065918 1
63 27 403.30859375 1
63 27 404.346343994 1
63 27 404.913024902 1
63 27 405.099090576 1
63 27 410.059020996 1
63 27 410.390655518 1
63 27 410.543884277 1
63 27 411.652160645 1
63 27 413.314300537 1
63 27 415.855957031 1
63 27 418.26159668 1
63 27 418.272583008 1
63 27 419.134399414 1
63 27 422.038757324 1
63 27 425.034790039 1
63 27 425.052520752 1
63 27 428.924926758 1
63 27 430.125030518 1
63 27 433.023864746 1
63 27 434.598632812 1
63 27 440.470947266 1
63 27 442.33493042 1
63 27 448.235198975 1
63 27 457.017730713 1
63 27 466.654907227 1
63 27 476.302490234 1
63 27 477.754455566 1
63 27 479.56729126 1
63 27 480.887084961 1
63 27 481.038421631 1
63 27 486.551727295 1
63 27 488.397979736 1
63 27 509.981842041 1
63 27 513.152709961 1
63 27 513.501281738 1
63 27 513.582824707 1
63 27 517.9375 1
63 27 518.912902832 1
63 27 520.156616211 1
63 27 524.741210938 1
63 27 525.545654297 1
63 27 527.937011719 1
63 27 533.780944824 1
63 27 535.528930664 1
63 27 535.684570312 1
63 27 537.013916016 1
63 27 538.531616211 1
63 27 542.548828125 1
63 27 543.184509277 1
63 27 573.305175781 1
63 27 588.159362793 1
63 27 594.206298828 1
63 27 599.633850098 1
63 27 600.91217041 1
63 27 605.253234863 1
63 27 609.344726562 1
63 27 625.247375488 1
63 27 639.983642578 1
63 27 654.350646973 1
63 27 678.817199707 1
63 27 687.62713623 1
63 27 694.969299316 1
63 27 700.735961914 1
63 27 711.068908691 1
63 27 717.471130371 1
63 27 726.090820312 1
63 27 729.183532715 1
63 27 739.124145508 1
63 27 750.071044922 1
63 27 760.744384766 1
63 27 768.425842285 1
63 27 768.537719727 1
63 27 783.529052734 1
63 27 800.680603027 1
63 27 810.459228516 1
63 27 811.455749512 1
63 27 832.504394531 1
63 27 837.030517578 1
63 27 865.702941895 1
63 27 945.764221191 1
63 27 958.971008301 1
63 27 1024.9239502 1
63 27 1028.265625 1
63 27 1038.24255371 1
63 27 1063.90478516 1
63 27 1093.94970703 1
63 27 1098.69812012 1
63 27 1144.52539062 1
63 27 1146.07861328 1
63 27 1169.65087891 1
63 27 1172.82751465 1
63 27 1446.95019531 1
63 27 1667.72387695 1
63 27 1772.5255127 1
63 27 1811.37329102 1
63 28 171.795532227 1
63 28 171.953689575 1
63 28 172.039932251 1
63 28 175.278610229 1
63 28 179.904159546 1
63 28 182.984222412 1
63 28 184.739608765 1
63 28 185.771560669 1
63 28 186.610534668 1
63 28 189.812759399 1
63 28 190.555648804 1
63 28 191.841262817 1
63 28 193.03553772 1
63 28 193.161651611 1
63 28 193.188049316 1
63 28 193.983001709 1
63 28 195.309356689 1
63 28 195.910858154 1
63 28 196.462310791 1
63 28 196.920150757 1
63 28 197.253890991 1
63 28 198.231231689 1
63 28 199.437759399 1
63 28 199.817214966 1
63 28 200.21383667 1
63 28 202.089447021 1
63 28 202.552841187 1
63 28 202.912765503 1
63 28 205.16305542 1
63 28 205.241333008 1
63 28 206.342819214 1
63 28 206.525405884 1
63 28 208.065002441 1
63 28 208.383224487 1
63 28 208.66065979 1
63 28 208.680633545 1
63 28 209.968826294 1
63 28 210.082626343 1
63 28 210.173446655 1
63 28 210.260406494 1
63 28 210.378128052 1
63 28 211.175811768 1
63 28 211.686645508 1
63 28 211.975143433 1
63 28 212.158081055 1
63 28 212.209854126 1
63 28 212.613586426 1
63 28 214.062240601 1
63 28 214.284439087 1
63 28 214.750839233 1
63 28 215.980804443 1
63 28 216.468841553 1
63 28 216.566665649 1
63 28 216.91104126 1
63 28 219.188995361 1
63 28 220.038360596 1
63 28 221.781219482 1
63 28 221.787963867 1
63 28 221.792785645 1
63 28 221.99041748 1
63 28 223.204330444 1
63 28 224.378707886 1
63 28 224.608581543 1
63 28 225.040115356 1
63 28 225.689575195 1
63 28 226.019668579 1
63 28 226.815567017 1
63 28 227.194671631 1
63 28 227.33152771 1
63 28 227.995056152 1
63 28 228.830490112 1
63 28 229.225616455 1
63 28 229.605300903 1
63 28 229.682067871 1
63 28 229.885742188 1
63 28 230.320571899 1
63 28 230.988388062 1
63 28 231.244827271 1
63 28 231.556793213 1
63 28 232.261169434 1
63 28 232.275222778 1
63 28 232.582687378 1
63 28 233.337875366 1
63 28 233.774307251 1
63 28 234.358627319 1
63 28 234.387451172 1
63 28 234.442718506 1
63 28 234.442901611 1
63 28 234.620361328 1
63 28 235.213897705 1
63 28 236.127304077 1
63 28 236.491424561 1
63 28 236.763076782 1
63 28 237.288803101 1
63 28 237.504043579 1
63 28 237.579040527 1
63 28 237.823425293 1
63 28 238.65788269 1
63 28 240.322509766 1
63 28 240.517288208 1
63 28 241.242904663 1
63 28 241.507965088 1
63 28 241.907318115 1
63 28 242.84425354 1
63 28 243.046630859 1
63 28 243.884887695 1
63 28 243.991104126 1
63 28 244.58883667 1
63 28 245.013778687 1
63 28 246.382949829 1
63 28 246.453811646 1
63 28 246.627212524 1
63 28 246.945068359 1
63 28 247.910919189 1
63 28 247.974746704 1
63 28 247.975784302 1
63 28 248.496398926 1
63 28 250.90007019 1
63 28 251.138198853 1
63 28 251.751358032 1
63 28 251.991607666 1
63 28 252.052871704 1
63 28 252.439331055 1
63 28 253.253189087 1
63 28 253.432907104 1
63 28 253.758239746 1
63 28 253.878158569 1
63 28 254.081741333 1
63 28 254.770233154 1
63 28 254.901550293 1
63 28 256.117431641 1
63 28 256.845733643 1
63 28 257.594146729 1
63 28 258.269927979 1
63 28 258.768707275 1
63 28 259.09765625 1
63 28 259.105712891 1
63 28 259.113555908 1
63 28 259.483215332 1
63 28 259.997344971 1
63 28 260.880523682 1
63 28 261.501312256 1
63 28 261.884918213 1
63 28 262.003295898 1
63 28 264.174468994 1
63 28 264.387115479 1
63 28 264.785430908 1
63 28 266.517669678 1
63 28 266.732543945 1
63 28 268.159210205 1
63 28 268.161254883 1
63 28 269.400848389 1
63 28 270.250915527 1
63 28 270.915740967 1
63 28 272.740142822 1
63 28 273.215057373 1
63 28 273.827362061 1
63 28 274.181671143 1
63 28 274.640655518 1
63 28 274.943817139 1
63 28 275.284942627 1
63 28 275.945861816 1
63 28 276.343536377 1
63 28 278.101654053 1
63 28 278.3984375 1
63 28 278.594818115 1
63 28 278.841400146 1
63 28 279.08114624 1
63 28 279.680480957 1
63 28 279.883758545 1
63 28 279.951660156 1
63 28 281.758331299 1
63 28 282.446960449 1
63 28 282.858642578 1
63 28 287.851135254 1
63 28 288.090515137 1
63 28 289.103118896 1
63 28 290.617218018 1
63 28 291.231323242 1
63 28 295.182556152 1
63 28 295.619903564 1
63 28 295.79397583 1
63 28 295.947753906 1
63 28 296.880554199 1
63 28 297.994995117 1
63 28 298.074432373 1
63 28 298.45098877 1
63 28 298.46786499 1
63 28 298.610443115 1
63 28 303.618560791 1
63 28 303.624084473 1
63 28 304.364440918 1
63 28 305.233612061 1
63 28 306.068023682 1
63 28 307.648956299 1
63 28 308.436126709 1
63 28 308.585479736 1
63 28 309.996398926 1
63 28 310.021881104 1
63 28 310.54486084 1
63 28 311.463897705 1
63 28 312.521728516 1
63 28 313.316741943 1
63 28 314.462402344 1
63 28 316.750793457 1
63 28 319.225494385 1
63 28 319.32019043 1
63 28 322.039398193 1
63 28 322.253326416 1
63 28 324.633117676 1
63 28 324.652587891 1
63 28 325.21005249 1
63 28 325.902069092 1
63 28 327.226318359 1
63 28 329.303466797 1
63 28 330.952178955 1
63 28 331.46987915 1
63 28 333.161468506 1
63 28 333.831329346 1
63 28 334.341888428 1
63 28 336.388824463 1
63 28 338.611816406 1
63 28 338.656005859 1
63 28 338.991271973 1
63 28 344.130615234 1
63 28 345.04901123 1
63 28 345.50112915 1
63 28 350.167785645 1
63 28 353.693084717 1
63 28 354.815582275 1
63 28 357.22354126 1
63 28 359.631561279 1
63 28 364.840667725 1
63 28 367.755432129 1
63 28 370.336639404 1
63 28 371.35848999 1
63 28 372.587768555 1
63 28 374.256256104 1
63 28 374.989593506 1
63 28 378.003387451 1
63 28 378.056945801 1
63 28 378.992980957 1
63 28 379.389007568 1
63 28 380.850708008 1
63 28 382.480072021 1
63 28 383.007751465 1
63 28 385.373809814 1
63 28 387.673278809 1
63 28 392.798309326 1
63 28 395.836029053 1
63 28 395.859710693 1
63 28 397.041687012 1
63 28 398.627410889 1
63 28 401.363128662 1
63 28 405.562927246 1
63 28 408.457427979 1
63 28 419.09552002 1
63 28 421.78314209 1
63 28 423.488861084 1
63 28 426.111633301 1
63 28 427.003204346 1
63 28 428.807250977 1
63 28 429.227081299 1
63 28 434.709686279 1
63 28 435.219238281 1
63 28 436.434753418 1
63 28 439.337982178 1
63 28 439.664825439 1
63 28 439.708251953 1
63 28 443.115539551 1
63 28 444.711242676 1
63 28 449.198944092 1
63 28 459.605682373 1
63 28 465.110809326 1
63 28 471.527648926 1
63 28 479.379730225 1
63 28 480.942596436 1
63 28 482.791931152 1
63 28 486.823181152 1
63 28 490.923034668 1
63 28 493.020599365 1
63 28 493.191070557 1
63 28 494.397399902 1
63 28 494.426452637 1
63 28 502.586730957 1
63 28 503.122802734 1
63 28 505.425445557 1
63 28 512.66192627 1
63 28 515.428344727 1
63 28 528.09185791 1
63 28 530.164733887 1
63 28 535.439453125 1
63 28 537.635131836 1
63 28 539.781005859 1
63 28 563.57220459 1
63 28 564.334289551 1
63 28 568.496032715 1
63 28 576.03338623 1
63 28 579.752685547 1
63 28 590.254455566 1
63 28 607.434936523 1
63 28 617.850219727 1
63 28 618.979248047 1
63 28 623.696105957 1
63 28 624.833068848 1
63 28 629.02746582 1
63 28 656.310546875 1
63 28 659.96484375 1
63 28 664.106079102 1
63 28 666.455871582 1
63 28 679.63482666 1
63 28 682.448425293 1
63 28 693.17199707 1
63 28 694.856323242 1
63 28 696.640380859 1
63 28 699.025146484 1
63 28 699.461608887 1
63 28 702.731445312 1
63 28 709.930664062 1
63 28 711.860412598 1
63 28 712.260864258 1
63 28 725.401306152 1
63 28 726.662963867 1
63 28 727.31829834 1
63 28 728.715209961 1
63 28 730.778686523 1
63 28 758.541442871 1
63 28 762.596130371 1
63 28 776.871459961 1
63 28 795.883300781 1
63 28 797.731262207 1
63 28 840.625183105 1
63 28 850.171081543 1
63 28 868.746459961 1
63 28 890.327087402 1
63 28 893.280273438 1
63 28 897.936584473 1
63 28 916.409545898 1
63 28 1011.29101562 1
63 28 1013.9519043 1
63 28 1086.55981445 1
63 28 1236.50280762 1
63 28 1470.96398926 1
63 28 1492.79602051 1
63 28 1516.27758789 1
63 28 1679.97802734 1
63 29 84.8383789062 1
63 29 88.7770309448 1
63 29 89.5023269653 1
63 29 89.8601303101 1
63 29 90.5675430298 1
63 29 91.7330551147 1
63 29 92.7790679932 1
63 29 93.7673034668 1
63 29 94.5816421509 1
63 29 94.8335647583 1
63 29 94.9963378906 1
63 29 95.2473831177 1
63 29 95.570640564 1
63 29 95.7646713257 1
63 29 97.5328063965 1
63 29 98.0403518677 1
63 29 98.0761871338 1
63 29 98.419303894 1
63 29 98.7593688965 1
63 29 98.8464813232 1
63 29 99.2128829956 1
63 29 99.7014770508 1
63 29 99.7238845825 1
63 29 99.7277069092 1
63 29 100.061645508 1
63 29 100.259918213 1
63 29 100.597747803 1
63 29 100.617843628 1
63 29 100.672607422 1
63 29 101.395042419 1
63 29 101.725700378 1
63 29 101.756324768 1
63 29 101.757217407 1
63 29 102.342407227 1
63 29 102.717079163 1
63 29 103.310928345 1
63 29 103.360282898 1
63 29 103.462501526 1
63 29 103.914634705 1
63 29 104.571990967 1
63 29 104.761772156 1
63 29 104.929420471 1
63 29 105.43157959 1
63 29 105.450836182 1
63 29 105.615180969 1
63 29 105.852737427 1
63 29 106.03074646 1
63 29 106.611213684 1
63 29 106.811447144 1
63 29 107.080825806 1
63 29 107.340766907 1
63 29 107.383071899 1
63 29 107.561500549 1
63 29 107.816200256 1
63 29 107.901412964 1
63 29 108.28678894 1
63 29 108.41784668 1
63 29 108.613586426 1
63 29 108.782142639 1
63 29 108.809196472 1
63 29 108.920257568 1
63 29 108.990463257 1
63 29 109.049003601 1
63 29 109.695533752 1
63 29 109.881904602 1
63 29 109.898536682 1
63 29 110.002746582 1
63 29 110.123374939 1
63 29 110.145248413 1
63 29 110.202575684 1
63 29 110.643951416 1
63 29 110.840324402 1
63 29 111.36819458 1
63 29 111.582023621 1
63 29 112.023246765 1
63 29 112.07144928 1
63 29 112.112419128 1
63 29 112.171112061 1
63 29 112.611503601 1
63 29 112.696144104 1
63 29 112.784500122 1
63 29 112.93837738 1
63 29 113.054405212 1
63 29 113.103668213 1
63 29 113.345596313 1
63 29 113.405082703 1
63 29 113.695976257 1
63 29 113.867752075 1
63 29 114.070220947 1
63 29 114.407806396 1
63 29 114.448677063 1
63 29 114.700508118 1
63 29 114.730911255 1
63 29 114.775520325 1
63 29 114.818466187 1
63 29 114.934638977 1
63 29 114.945014954 1
63 29 115.003479004 1
63 29 115.092803955 1
63 29 115.340026855 1
63 29 115.526420593 1
63 29 116.147155762 1
63 29 116.24647522 1
63 29 116.53565979 1
63 29 117.155929565 1
63 29 117.619224548 1
63 29 117.696838379 1
63 29 118.041152954 1
63 29 118.371711731 1
63 29 118.375404358 1
63 29 118.446166992 1
63 29 118.472053528 1
63 29 118.560295105 1
63 29 118.704147339 1
63 29 118.887054443 1
63 29 119.552635193 1
63 29 119.596298218 1
63 29 119.598228455 1
63 29 119.699317932 1
63 29 120.337509155 1
63 29 120.934196472 1
63 29 121.007164001 1
63 29 121.111289978 1
63 29 121.305114746 1
63 29 121.699737549 1
63 29 121.958190918 1
63 29 122.231201172 1
63 29 122.278289795 1
63 29 122.325721741 1
63 29 122.359382629 1
63 29 122.575942993 1
63 29 122.717536926 1
63 29 123.2784729 1
63 29 123.46913147 1
63 29 123.524131775 1
63 29 123.727523804 1
63 29 124.013305664 1
63 29 124.543487549 1
63 29 124.549362183 1
63 29 125.040542603 1
63 29 125.362487793 1
63 29 125.932266235 1
63 29 126.103370667 1
63 29 126.262626648 1
63 29 126.271842957 1
63 29 126.284202576 1
63 29 127.11655426 1
63 29 127.594360352 1
63 29 127.669624329 1
63 29 128.244781494 1
63 29 128.480514526 1
63 29 128.636734009 1
63 29 128.837402344 1
63 29 129.009063721 1
63 29 129.29826355 1
63 29 129.332519531 1
63 29 129.585464478 1
63 29 129.997940063 1
63 29 130.070892334 1
63 29 130.118637085 1
63 29 130.388748169 1
63 29 130.443664551 1
63 29 130.48260498 1
63 29 130.509017944 1
63 29 130.613723755 1
63 29 130.760391235 1
63 29 130.820663452 1
63 29 131.002182007 1
63 29 131.093490601 1
63 29 131.162719727 1
63 29 131.192337036 1
63 29 131.36882019 1
63 29 131.437286377 1
63 29 131.75668335 1
63 29 131.76802063 1
63 29 132.061904907 1
63 29 132.35295105 1
63 29 132.41418457 1
63 29 132.480545044 1
63 29 132.55619812 1
63 29 132.629318237 1
63 29 132.670730591 1
63 29 132.700546265 1
63 29 133.139556885 1
63 29 133.196670532 1
63 29 133.373809814 1
63 29 133.430374146 1
63 29 133.593093872 1
63 29 133.798843384 1
63 29 133.869537354 1
63 29 133.956588745 1
63 29 134.126678467 1
63 29 134.232192993 1
63 29 134.412734985 1
63 29 134.43661499 1
63 29 134.663848877 1
63 29 134.984222412 1
63 29 134.995895386 1
63 29 135.006912231 1
63 29 135.090423584 1
63 29 135.093856812 1
63 29 135.116973877 1
63 29 135.153656006 1
63 29 135.26763916 1
63 29 135.297225952 1
63 29 135.321838379 1
63 29 135.387512207 1
63 29 135.422805786 1
63 29 135.605880737 1
63 29 135.952178955 1
63 29 135.97517395 1
63 29 136.191345215 1
63 29 136.232635498 1
63 29 136.299758911 1
63 29 136.335617065 1
63 29 136.446273804 1
63 29 136.600769043 1
63 29 137.038284302 1
63 29 137.097732544 1
63 29 137.6459198 1
63 29 137.745452881 1
63 29 137.99395752 1
63 29 138.026229858 1
63 29 138.141448975 1
63 29 138.491043091 1
63 29 138.619293213 1
63 29 138.939437866 1
63 29 138.963577271 1
63 29 139.139541626 1
63 29 139.49168396 1
63 29 139.697280884 1
63 29 140.185119629 1
63 29 140.429672241 1
63 29 140.595596313 1
63 29 141.002227783 1
63 29 141.013595581 1
63 29 141.086471558 1
63 29 141.121078491 1
63 29 141.18119812 1
63 29 141.207229614 1
63 29 141.270935059 1
63 29 141.329910278 1
63 29 141.334075928 1
63 29 141.444534302 1
63 29 141.450485229 1
63 29 141.888763428 1
63 29 142.214324951 1
63 29 142.240371704 1
63 29 142.384368896 1
63 29 142.464828491 1
63 29 142.608963013 1
63 29 142.877563477 1
63 29 142.957931519 1
63 29 143.035675049 1
63 29 143.17010498 1
63 29 143.212432861 1
63 29 143.309570312 1
63 29 143.350326538 1
63 29 143.557174683 1
63 29 143.932174683 1
63 29 143.950836182 1
63 29 144.330108643 1
63 29 144.344924927 1
63 29 144.50201416 1
63 29 144.699768066 1
63 29 144.787750244 1
63 29 144.919631958 1
63 29 145.060348511 1
63 29 145.095474243 1
63 29 145.214797974 1
63 29 145.245666504 1
63 29 145.249252319 1
63 29 145.349822998 1
63 29 145.492645264 1
63 29 145.537643433 1
63 29 145.565368652 1
63 29 145.618118286 1
63 29 145.684020996 1
63 29 145.720672607 1
63 29 145.869918823 1
63 29 145.885665894 1
63 29 145.961288452 1
63 29 146.591522217 1
63 29 146.913497925 1
63 29 146.926803589 1
63 29 147.027984619 1
63 29 147.068099976 1
63 29 147.167068481 1
63 29 147.560653687 1
63 29 147.640701294 1
63 29 147.690292358 1
63 29 148.444503784 1
63 29 148.573150635 1
63 29 148.916946411 1
63 29 148.92300415 1
63 29 149.015853882 1
63 29 149.145629883 1
63 29 149.160827637 1
63 29 149.270614624 1
63 29 149.305160522 1
63 29 149.360122681 1
63 29 149.428955078 1
63 29 149.588623047 1
63 29 149.685012817 1
63 29 149.795394897 1
63 29 149.930801392 1
63 29 150.323059082 1
63 29 150.732330322 1
63 29 150.744537354 1
63 29 150.864562988 1
63 29 150.872238159 1
63 29 150.905929565 1
63 29 151.004684448 1
63 29 151.123550415 1
63 29 151.234207153 1
63 29 151.317901611 1
63 29 151.469970703 1
63 29 151.472244263 1
63 29 151.682357788 1
63 29 151.71043396 1
63 29 151.82208252 1
63 29 152.080688477 1
63 29 152.119979858 1
63 29 152.161514282 1
63 29 152.166870117 1
63 29 152.416931152 1
63 29 152.981521606 1
63 29 153.00793457 1
63 29 153.277404785 1
63 29 153.340408325 1
63 29 153.409179688 1
63 29 153.528564453 1
63 29 153.776779175 1
63 29 153.878494263 1
63 29 154.091415405 1
63 29 154.111312866 1
63 29 154.154830933 1
63 29 154.406585693 1
63 29 154.456604004 1
63 29 154.564102173 1
63 29 154.573822021 1
63 29 154.827896118 1
63 29 154.983886719 1
63 29 155.081741333 1
63 29 155.201843262 1
63 29 155.361206055 1
63 29 155.746032715 1
63 29 155.78767395 1
63 29 155.851074219 1
63 29 155.926116943 1
63 29 156.254760742 1
63 29 156.254959106 1
63 29 156.315567017 1
63 29 156.32598877 1
63 29 156.397201538 1
63 29 156.460418701 1
63 29 156.54385376 1
63 29 156.636764526 1
63 29 156.723632812 1
63 29 156.733016968 1
63 29 156.795639038 1
63 29 156.821548462 1
63 29 156.834564209 1
63 29 156.851547241 1
63 29 156.974853516 1
63 29 157.210601807 1
63 29 157.283828735 1
63 29 157.468444824 1
63 29 157.544265747 1
63 29 157.565231323 1
63 29 157.705490112 1
63 29 157.793121338 1
63 29 157.954467773 1
63 29 158.118026733 1
63 29 158.204177856 1
63 29 158.363891602 1
63 29 158.632003784 1
63 29 158.665725708 1
63 29 158.66847229 1
63 29 159.128997803 1
63 29 159.351501465 1
63 29 159.452926636 1
63 29 160.003463745 1
63 29 160.132095337 1
63 29 160.220855713 1
63 29 160.234725952 1
63 29 160.375427246 1
63 29 160.596786499 1
63 29 160.668563843 1
63 29 160.846405029 1
63 29 161.034698486 1
63 29 161.307907104 1
63 29 161.505996704 1
63 29 162.144882202 1
63 29 162.204406738 1
63 29 162.75302124 1
63 29 163.335678101 1
63 29 163.831375122 1
63 29 163.916778564 1
63 29 164.028930664 1
63 29 164.190460205 1
63 29 164.741271973 1
63 29 165.28427124 1
63 29 165.338989258 1
63 29 165.42388916 1
63 29 165.436904907 1
63 29 165.520294189 1
63 29 165.524597168 1
63 29 165.624893188 1
63 29 165.796463013 1
63 29 166.094680786 1
63 29 166.196670532 1
63 29 166.25239563 1
63 29 166.60357666 1
63 29 166.656570435 1
63 29 166.91192627 1
63 29 167.04397583 1
63 29 167.253692627 1
63 29 167.313064575 1
63 29 167.396865845 1
63 29 167.444885254 1
63 29 167.480926514 1
63 29 167.962860107 1
63 29 167.98550415 1
63 29 168.428207397 1
63 29 168.957138062 1
63 29 168.978622437 1
63 29 169.206604004 1
63 29 169.397644043 1
63 29 169.473480225 1
63 29 169.643615723 1
63 29 169.733337402 1
63 29 169.766677856 1
63 29 169.884353638 1
63 29 169.910232544 1
63 29 170.524642944 1
63 29 170.541366577 1
63 29 170.548355103 1
63 29 170.759750366 1
63 29 170.878387451 1
63 29 171.530548096 1
63 29 171.641479492 1
63 29 171.741043091 1
63 29 171.916824341 1
63 29 172.292022705 1
63 29 172.561767578 1
63 29 172.639282227 1
63 29 172.86277771 1
63 29 173.630691528 1
63 29 174.037353516 1
63 29 174.130966187 1
63 29 174.146484375 1
63 29 174.508209229 1
63 29 174.715988159 1
63 29 174.838272095 1
63 29 175.064468384 1
63 29 175.309844971 1
63 29 175.531158447 1
63 29 175.931015015 1
63 29 176.99446106 1
63 29 177.635803223 1
63 29 177.877700806 1
63 29 178.340927124 1
63 29 178.433944702 1
63 29 178.582366943 1
63 29 179.233001709 1
63 29 180.595657349 1
63 29 180.951858521 1
63 29 181.351226807 1
63 29 181.495223999 1
63 29 181.51802063 1
63 29 181.720443726 1
63 29 182.235412598 1
63 29 183.155822754 1
63 29 183.305435181 1
63 29 183.375534058 1
63 29 184.024932861 1
63 29 184.047164917 1
63 29 184.23374939 1
63 29 185.461257935 1
63 29 185.836608887 1
63 29 186.670257568 1
63 29 187.073150635 1
63 29 187.516555786 1
63 29 187.674758911 1
63 29 187.680496216 1
63 29 187.760848999 1
63 29 188.700515747 1
63 29 188.719711304 1
63 29 188.74055481 1
63 29 188.787414551 1
63 29 188.947814941 1
63 29 189.091995239 1
63 29 189.985046387 1
63 29 191.732177734 1
63 29 191.936981201 1
63 29 192.008026123 1
63 29 192.663330078 1
63 29 193.223587036 1
63 29 194.00617981 1
63 29 194.084640503 1
63 29 194.882919312 1
63 29 194.97303772 1
63 29 195.23374939 1
63 29 195.789978027 1
63 29 196.137069702 1
63 29 196.566162109 1
63 29 196.739578247 1
63 29 196.959518433 1
63 29 197.325180054 1
63 29 197.612243652 1
63 29 197.819763184 1
63 29 199.199951172 1
63 29 199.334365845 1
63 29 199.83644104 1
63 29 201.633621216 1
63 29 202.268249512 1
63 29 202.957229614 1
63 29 203.491470337 1
63 29 203.672866821 1
63 29 204.016113281 1
63 29 204.016265869 1
63 29 204.314346313 1
63 29 204.794448853 1
63 29 206.902984619 1
63 29 206.970001221 1
63 29 207.070129395 1
63 29 208.971984863 1
63 29 209.041122437 1
63 29 209.043640137 1
63 29 209.196487427 1
63 29 209.532608032 1
63 29 210.147171021 1
63 29 210.274230957 1
63 29 210.310562134 1
63 29 211.010345459 1
63 29 211.104736328 1
63 29 213.772796631 1
63 29 214.992797852 1
63 29 215.040283203 1
63 29 215.590820312 1
63 29 215.759002686 1
63 29 217.762283325 1
63 29 218.937713623 1
63 29 219.528701782 1
63 29 219.57711792 1
63 29 220.621047974 1
63 29 220.780410767 1
63 29 221.308425903 1
63 29 223.759979248 1
63 29 224.335159302 1
63 29 225.259552002 1
63 29 225.454528809 1
63 29 225.548797607 1
63 29 225.62008667 1
63 29 226.026870728 1
63 29 226.299606323 1
63 29 227.791320801 1
63 29 229.19708252 1
63 29 230.530563354 1
63 29 230.630020142 1
63 29 230.70022583 1
63 29 230.839324951 1
63 29 233.531997681 1
63 29 234.170349121 1
63 29 234.17767334 1
63 29 235.031707764 1
63 29 235.512939453 1
63 29 235.792602539 1
63 29 236.661331177 1
63 29 236.971832275 1
63 29 237.383911133 1
63 29 237.418579102 1
63 29 238.097793579 1
63 29 238.454711914 1
63 29 238.55645752 1
63 29 240.075698853 1
63 29 240.162750244 1
63 29 240.65637207 1
63 29 241.119354248 1
63 29 241.254699707 1
63 29 243.175827026 1
63 29 243.275390625 1
63 29 245.029296875 1
63 29 246.652740479 1
63 29 247.231109619 1
63 29 248.899414062 1
63 29 250.6847229 1
63 29 251.6978302 1
63 29 251.899536133 1
63 29 252.778060913 1
63 29 254.322662354 1
63 29 255.046691895 1
63 29 256.673858643 1
63 29 258.562194824 1
63 29 259.319580078 1
63 29 259.53125 1
63 29 261.284423828 1
63 29 261.713745117 1
63 29 262.852966309 1
63 29 264.136291504 1
63 29 265.755462646 1
63 29 266.156616211 1
63 29 271.200378418 1
63 29 271.553771973 1
63 29 271.670288086 1
63 29 271.864715576 1
63 29 272.10925293 1
63 29 272.2684021 1
63 29 273.25668335 1
63 29 273.862030029 1
63 29 277.191253662 1
63 29 277.256317139 1
63 29 277.275146484 1
63 29 278.855438232 1
63 29 279.908691406 1
63 29 280.262420654 1
63 29 280.369018555 1
63 29 281.817199707 1
63 29 283.106018066 1
63 29 283.558929443 1
63 29 283.66394043 1
63 29 284.846374512 1
63 29 286.765441895 1
63 29 290.358551025 1
63 29 290.96484375 1
63 29 293.551971436 1
63 29 293.655273438 1
63 29 301.43927002 1
63 29 306.269165039 1
63 29 306.985351562 1
63 29 307.04473877 1
63 29 308.605651855 1
63 29 308.668609619 1
63 29 309.076934814 1
63 29 309.441833496 1
63 29 310.747772217 1
63 29 311.812072754 1
63 29 311.88949585 1
63 29 314.517974854 1
63 29 314.92578125 1
63 29 317.254577637 1
63 29 321.757263184 1
63 29 324.193969727 1
63 29 324.68637085 1
63 29 325.105834961 1
63 29 326.100494385 1
63 29 326.305419922 1
63 29 327.412109375 1
63 29 327.550537109 1
63 29 332.536224365 1
63 29 332.790893555 1
63 29 335.750823975 1
63 29 337.08026123 1
63 29 337.755767822 1
63 29 338.905578613 1
63 29 339.107971191 1
63 29 339.459625244 1
63 29 341.166870117 1
63 29 343.077087402 1
63 29 343.778900146 1
63 29 346.472900391 1
63 29 346.651855469 1
63 29 346.916717529 1
63 29 347.182861328 1
63 29 349.499084473 1
63 29 351.893890381 1
63 29 352.602233887 1
63 29 356.207672119 1
63 29 358.243774414 1
63 29 358.359375 1
63 29 359.92288208 1
63 29 363.258239746 1
63 29 365.568939209 1
63 29 365.688354492 1
63 29 369.178344727 1
63 29 372.729766846 1
63 29 387.397888184 1
63 29 389.8543396 1
63 29 391.202941895 1
63 29 391.220092773 1
63 29 392.680114746 1
63 29 393.494903564 1
63 29 393.53414917 1
63 29 404.429199219 1
63 29 413.91192627 1
63 29 418.812194824 1
63 29 419.412414551 1
63 29 419.98236084 1
63 29 423.31427002 1
63 29 426.67288208 1
63 29 427.439422607 1
63 29 431.022155762 1
63 29 437.021209717 1
63 29 439.236602783 1
63 29 445.643371582 1
63 29 448.791900635 1
63 29 452.733673096 1
63 29 454.304656982 1
63 29 456.588348389 1
63 29 456.678253174 1
63 29 457.881103516 1
63 29 463.18762207 1
63 29 465.109313965 1
63 29 475.385406494 1
63 29 475.446350098 1
63 29 486.632781982 1
63 29 492.057525635 1
63 29 492.384399414 1
63 29 500.261627197 1
63 29 500.993041992 1
63 29 502.90838623 1
63 29 510.083557129 1
63 29 513.63885498 1
63 29 516.658569336 1
63 29 519.073181152 1
63 29 519.199951172 1
63 29 528.537414551 1
63 29 529.70904541 1
63 29 540.647338867 1
63 29 549.13671875 1
63 29 555.742980957 1
63 29 573.003173828 1
63 29 590.076477051 1
63 29 598.634277344 1
63 29 604.580871582 1
63 29 606.469604492 1
63 29 609.989868164 1
63 29 614.997192383 1
63 29 621.728942871 1
63 29 624.550964355 1
63 29 627.164306641 1
63 29 646.081359863 1
63 29 663.545410156 1
63 29 663.609313965 1
63 29 669.294128418 1
63 29 696.055725098 1
63 29 703.983459473 1
63 29 707.588745117 1
63 29 710.697570801 1
63 29 725.507324219 1
63 29 754.374816895 1
63 29 755.491699219 1
63 29 764.046875 1
63 29 764.214477539 1
63 29 769.657653809 1
63 29 789.387634277 1
63 29 791.007751465 1
63 29 809.148071289 1
63 29 848.351074219 1
63 29 858.852600098 1
63 29 859.889587402 1
63 29 870.493896484 1
63 29 877.636413574 1
63 29 893.166442871 1
63 29 926.889221191 1
63 29 996.216674805 1
63 29 1007.5378418 1
63 29 1058.56481934 1
63 29 1168.38781738 1
63 29 1242.95861816 1
63 29 1324.04956055 1
63 29 1402.14318848 1
63 29 1845.78381348 1
63 29 2203.22241211 1
63 31 88.1271133423 1
63 31 88.7755355835 1
63 31 90.4970245361 1
63 31 91.7436141968 1
63 31 93.5440368652 1
63 31 94.6725921631 1
63 31 95.2546615601 1
63 31 97.2459335327 1
63 31 98.1803817749 1
63 31 98.837387085 1
63 31 98.8944549561 1
63 31 98.9747619629 1
63 31 99.2353134155 1
63 31 99.6696624756 1
63 31 99.8202209473 1
63 31 100.407196045 1
63 31 102.19934082 1
63 31 102.866462708 1
63 31 103.003669739 1
63 31 103.513702393 1
63 31 105.42565155 1
63 31 106.131965637 1
63 31 106.812088013 1
63 31 107.027961731 1
63 31 107.524513245 1
63 31 107.895599365 1
63 31 108.016044617 1
63 31 108.336982727 1
63 31 108.409255981 1
63 31 108.61063385 1
63 31 109.151527405 1
63 31 109.583442688 1
63 31 109.587837219 1
63 31 109.862159729 1
63 31 110.140846252 1
63 31 110.397659302 1
63 31 110.599937439 1
63 31 110.746047974 1
63 31 110.920463562 1
63 31 111.312538147 1
63 31 111.643859863 1
63 31 111.646522522 1
63 31 112.015541077 1
63 31 112.042457581 1
63 31 112.273765564 1
63 31 112.558563232 1
63 31 112.730621338 1
63 31 112.842269897 1
63 31 113.187225342 1
63 31 113.251083374 1
63 31 113.585784912 1
63 31 113.609046936 1
63 31 113.683334351 1
63 31 113.941818237 1
63 31 114.03074646 1
63 31 114.839820862 1
63 31 114.940628052 1
63 31 115.0650177 1
63 31 115.413223267 1
63 31 115.542175293 1
63 31 115.729881287 1
63 31 115.945159912 1
63 31 116.169494629 1
63 31 117.132827759 1
63 31 117.520072937 1
63 31 117.565124512 1
63 31 117.607917786 1
63 31 117.749984741 1
63 31 117.791366577 1
63 31 117.832824707 1
63 31 117.884460449 1
63 31 118.096237183 1
63 31 118.469795227 1
63 31 118.585548401 1
63 31 118.651199341 1
63 31 119.288391113 1
63 31 119.965545654 1
63 31 120.335090637 1
63 31 120.539794922 1
63 31 120.63269043 1
63 31 120.738571167 1
63 31 121.122161865 1
63 31 121.584495544 1
63 31 121.684417725 1
63 31 121.977912903 1
63 31 122.039245605 1
63 31 122.674972534 1
63 31 122.701148987 1
63 31 123.127822876 1
63 31 123.210861206 1
63 31 123.242897034 1
63 31 123.291152954 1
63 31 123.421073914 1
63 31 123.466690063 1
63 31 123.610969543 1
63 31 123.914077759 1
63 31 123.964889526 1
63 31 124.115638733 1
63 31 124.304023743 1
63 31 124.377555847 1
63 31 124.614257812 1
63 31 124.968635559 1
63 31 125.047164917 1
63 31 125.192749023 1
63 31 125.419143677 1
63 31 126.859573364 1
63 31 126.871429443 1
63 31 127.021530151 1
63 31 127.165229797 1
63 31 127.229530334 1
63 31 127.776138306 1
63 31 127.889457703 1
63 31 127.933448792 1
63 31 127.982452393 1
63 31 127.986930847 1
63 31 128.445358276 1
63 31 128.492614746 1
63 31 128.779647827 1
63 31 128.848495483 1
63 31 128.857131958 1
63 31 129.101760864 1
63 31 129.271469116 1
63 31 129.511016846 1
63 31 129.514602661 1
63 31 129.641784668 1
63 31 129.73600769 1
63 31 129.817077637 1
63 31 130.203353882 1
63 31 130.32989502 1
63 31 130.491928101 1
63 31 130.701263428 1
63 31 131.05682373 1
63 31 131.073410034 1
63 31 131.13079834 1
63 31 131.253128052 1
63 31 131.25402832 1
63 31 131.793716431 1
63 31 131.965774536 1
63 31 131.99710083 1
63 31 132.038482666 1
63 31 132.574035645 1
63 31 132.791824341 1
63 31 133.257064819 1
63 31 133.277053833 1
63 31 133.616500854 1
63 31 133.685119629 1
63 31 133.767379761 1
63 31 134.094970703 1
63 31 134.249404907 1
63 31 134.388961792 1
63 31 134.494888306 1
63 31 134.73890686 1
63 31 135.368164062 1
63 31 135.423431396 1
63 31 135.817947388 1
63 31 135.889221191 1
63 31 136.349807739 1
63 31 136.647033691 1
63 31 136.713226318 1
63 31 137.112991333 1
63 31 137.123458862 1
63 31 137.333328247 1
63 31 137.344528198 1
63 31 137.430023193 1
63 31 137.43145752 1
63 31 137.828262329 1
63 31 137.970352173 1
63 31 138.217163086 1
63 31 138.250915527 1
63 31 139.201019287 1
63 31 139.728988647 1
63 31 139.87727356 1
63 31 139.958709717 1
63 31 140.085708618 1
63 31 140.46182251 1
63 31 140.605209351 1
63 31 140.684295654 1
63 31 140.71031189 1
63 31 141.025039673 1
63 31 141.068267822 1
63 31 141.371292114 1
63 31 141.577301025 1
63 31 141.659973145 1
63 31 141.666259766 1
63 31 141.882476807 1
63 31 141.972015381 1
63 31 142.215133667 1
63 31 142.64263916 1
63 31 142.696182251 1
63 31 142.859573364 1
63 31 142.983505249 1
63 31 143.110549927 1
63 31 143.162658691 1
63 31 143.253494263 1
63 31 143.701889038 1
63 31 143.813430786 1
63 31 144.058532715 1
63 31 144.183227539 1
63 31 144.298126221 1
63 31 144.389190674 1
63 31 144.503112793 1
63 31 144.559616089 1
63 31 144.58644104 1
63 31 144.688644409 1
63 31 144.814956665 1
63 31 144.825775146 1
63 31 144.843475342 1
63 31 144.882095337 1
63 31 145.017715454 1
63 31 145.178497314 1
63 31 145.422195435 1
63 31 145.490127563 1
63 31 145.54208374 1
63 31 145.833129883 1
63 31 145.891601562 1
63 31 146.13571167 1
63 31 146.204956055 1
63 31 146.468154907 1
63 31 146.75428772 1
63 31 146.860671997 1
63 31 147.43951416 1
63 31 147.478378296 1
63 31 147.730728149 1
63 31 147.864349365 1
63 31 147.868057251 1
63 31 147.981277466 1
63 31 148.320663452 1
63 31 148.397766113 1
63 31 148.422607422 1
63 31 148.746490479 1
63 31 148.7472229 1
63 31 148.959350586 1
63 31 149.133468628 1
63 31 149.210647583 1
63 31 149.554412842 1
63 31 149.647659302 1
63 31 149.673080444 1
63 31 149.707183838 1
63 31 149.714645386 1
63 31 149.822738647 1
63 31 150.06741333 1
63 31 150.146636963 1
63 31 150.349273682 1
63 31 150.768127441 1
63 31 150.810577393 1
63 31 150.953689575 1
63 31 150.987075806 1
63 31 151.096176147 1
63 31 151.156784058 1
63 31 151.613967896 1
63 31 151.766342163 1
63 31 151.770278931 1
63 31 152.049041748 1
63 31 152.063247681 1
63 31 152.09425354 1
63 31 152.157485962 1
63 31 152.198898315 1
63 31 152.248840332 1
63 31 152.251724243 1
63 31 152.276321411 1
63 31 152.357711792 1
63 31 152.441329956 1
63 31 152.610366821 1
63 31 152.623947144 1
63 31 152.774383545 1
63 31 152.937683105 1
63 31 153.05178833 1
63 31 153.067626953 1
63 31 153.108734131 1
63 31 153.201934814 1
63 31 153.344177246 1
63 31 153.445983887 1
63 31 154.066055298 1
63 31 154.104278564 1
63 31 154.373168945 1
63 31 154.383117676 1
63 31 154.591400146 1
63 31 154.688278198 1
63 31 154.736953735 1
63 31 154.871170044 1
63 31 154.945053101 1
63 31 154.990325928 1
63 31 155.156616211 1
63 31 155.328033447 1
63 31 155.521713257 1
63 31 155.684448242 1
63 31 155.737976074 1
63 31 155.762084961 1
63 31 155.988174438 1
63 31 156.200485229 1
63 31 156.476425171 1
63 31 156.484786987 1
63 31 156.531845093 1
63 31 156.793395996 1
63 31 156.912033081 1
63 31 156.939147949 1
63 31 157.148956299 1
63 31 157.249038696 1
63 31 157.352630615 1
63 31 157.424957275 1
63 31 157.467559814 1
63 31 157.505310059 1
63 31 157.855834961 1
63 31 158.037124634 1
63 31 158.22543335 1
63 31 158.314041138 1
63 31 158.444702148 1
63 31 159.060821533 1
63 31 159.102340698 1
63 31 159.131484985 1
63 31 159.218856812 1
63 31 159.241271973 1
63 31 159.885452271 1
63 31 159.951416016 1
63 31 159.981826782 1
63 31 160.069320679 1
63 31 160.305053711 1
63 31 160.326675415 1
63 31 160.348815918 1
63 31 160.406387329 1
63 31 160.785369873 1
63 31 160.898101807 1
63 31 160.918838501 1
63 31 160.965072632 1
63 31 161.008056641 1
63 31 161.309310913 1
63 31 161.469497681 1
63 31 161.805252075 1
63 31 162.260665894 1
63 31 162.396026611 1
63 31 162.444656372 1
63 31 162.462677002 1
63 31 162.627975464 1
63 31 162.788345337 1
63 31 162.791885376 1
63 31 162.798110962 1
63 31 162.821578979 1
63 31 162.899078369 1
63 31 163.222305298 1
63 31 163.389694214 1
63 31 163.819152832 1
63 31 164.059524536 1
63 31 164.071731567 1
63 31 164.322875977 1
63 31 164.343811035 1
63 31 164.489593506 1
63 31 165.26234436 1
63 31 165.329238892 1
63 31 165.33026123 1
63 31 165.54296875 1
63 31 165.627914429 1
63 31 165.932113647 1
63 31 166.030105591 1
63 31 166.055374146 1
63 31 166.42805481 1
63 31 166.498580933 1
63 31 166.563552856 1
63 31 166.939971924 1
63 31 167.111968994 1
63 31 167.278091431 1
63 31 167.883728027 1
63 31 168.267196655 1
63 31 168.393753052 1
63 31 168.505691528 1
63 31 168.649612427 1
63 31 168.982177734 1
63 31 169.002624512 1
63 31 169.094406128 1
63 31 169.144577026 1
63 31 169.18888855 1
63 31 169.405349731 1
63 31 169.424377441 1
63 31 169.591781616 1
63 31 169.730895996 1
63 31 170.065887451 1
63 31 170.359146118 1
63 31 170.43510437 1
63 31 170.485519409 1
63 31 170.490005493 1
63 31 170.636245728 1
63 31 170.666610718 1
63 31 170.677993774 1
63 31 170.69078064 1
63 31 170.816192627 1
63 31 171.306060791 1
63 31 171.426193237 1
63 31 171.909286499 1
63 31 172.153030396 1
63 31 172.204162598 1
63 31 172.240890503 1
63 31 172.275405884 1
63 31 172.337463379 1
63 31 172.371109009 1
63 31 172.543807983 1
63 31 172.852294922 1
63 31 172.991241455 1
63 31 173.403518677 1
63 31 173.709182739 1
63 31 173.86000061 1
63 31 173.954772949 1
63 31 174.196365356 1
63 31 174.352920532 1
63 31 174.388290405 1
63 31 174.477706909 1
63 31 174.597579956 1
63 31 174.854629517 1
63 31 174.934265137 1
63 31 175.344696045 1
63 31 175.389862061 1
63 31 175.797348022 1
63 31 175.921676636 1
63 31 176.249267578 1
63 31 176.789138794 1
63 31 176.79699707 1
63 31 176.823822021 1
63 31 177.009140015 1
63 31 177.327346802 1
63 31 177.438491821 1
63 31 177.858901978 1
63 31 178.011734009 1
63 31 178.238647461 1
63 31 178.264801025 1
63 31 178.279418945 1
63 31 178.499908447 1
63 31 178.504745483 1
63 31 178.509475708 1
63 31 178.520263672 1
63 31 178.698562622 1
63 31 178.774002075 1
63 31 178.813095093 1
63 31 179.126113892 1
63 31 179.193893433 1
63 31 179.544616699 1
63 31 179.711868286 1
63 31 179.869842529 1
63 31 180.728927612 1
63 31 180.824569702 1
63 31 180.871231079 1
63 31 181.035110474 1
63 31 181.216415405 1
63 31 181.420791626 1
63 31 181.553344727 1
63 31 181.817428589 1
63 31 182.024169922 1
63 31 182.111923218 1
63 31 182.418518066 1
63 31 183.555389404 1
63 31 183.885574341 1
63 31 184.030059814 1
63 31 184.043029785 1
63 31 184.163482666 1
63 31 184.274871826 1
63 31 184.549026489 1
63 31 184.591720581 1
63 31 184.668762207 1
63 31 184.913299561 1
63 31 185.153518677 1
63 31 185.248672485 1
63 31 185.307449341 1
63 31 185.653945923 1
63 31 185.687820435 1
63 31 186.007080078 1
63 31 186.278823853 1
63 31 186.542572021 1
63 31 186.616943359 1
63 31 186.909255981 1
63 31 186.919433594 1
63 31 187.226104736 1
63 31 187.45199585 1
63 31 187.766479492 1
63 31 188.058227539 1
63 31 188.442779541 1
63 31 188.865478516 1
63 31 189.093032837 1
63 31 189.580337524 1
63 31 189.699325562 1
63 31 189.743469238 1
63 31 189.770355225 1
63 31 189.869598389 1
63 31 189.97064209 1
63 31 190.000183105 1
63 31 190.155059814 1
63 31 190.201934814 1
63 31 190.248504639 1
63 31 191.31539917 1
63 31 191.526168823 1
63 31 191.634765625 1
63 31 191.704925537 1
63 31 191.707305908 1
63 31 191.722427368 1
63 31 192.146530151 1
63 31 192.736190796 1
63 31 193.479919434 1
63 31 193.498886108 1
63 31 193.634185791 1
63 31 194.447189331 1
63 31 194.746658325 1
63 31 194.985687256 1
63 31 195.144592285 1
63 31 195.295471191 1
63 31 196.334609985 1
63 31 196.58442688 1
63 31 196.633087158 1
63 31 197.136764526 1
63 31 197.141159058 1
63 31 197.411300659 1
63 31 197.665512085 1
63 31 198.157958984 1
63 31 198.54498291 1
63 31 198.769073486 1
63 31 199.129989624 1
63 31 199.141845703 1
63 31 199.221755981 1
63 31 199.236328125 1
63 31 199.333358765 1
63 31 199.55758667 1
63 31 199.73425293 1
63 31 199.98348999 1
63 31 200.369781494 1
63 31 200.608215332 1
63 31 201.775390625 1
63 31 201.832229614 1
63 31 202.584381104 1
63 31 202.820266724 1
63 31 203.009719849 1
63 31 203.181015015 1
63 31 203.246078491 1
63 31 203.701721191 1
63 31 204.095352173 1
63 31 204.547409058 1
63 31 204.669769287 1
63 31 204.747314453 1
63 31 204.849990845 1
63 31 204.855743408 1
63 31 205.018371582 1
63 31 205.077911377 1
63 31 205.307220459 1
63 31 206.88710022 1
63 31 207.661193848 1
63 31 209.036346436 1
63 31 209.194793701 1
63 31 209.938735962 1
63 31 210.82434082 1
63 31 210.901809692 1
63 31 211.179870605 1
63 31 211.63444519 1
63 31 211.728286743 1
63 31 211.821472168 1
63 31 212.13722229 1
63 31 212.588531494 1
63 31 212.69833374 1
63 31 213.349624634 1
63 31 213.937789917 1
63 31 214.130081177 1
63 31 214.176483154 1
63 31 214.252182007 1
63 31 215.084411621 1
63 31 215.142364502 1
63 31 215.195968628 1
63 31 215.432495117 1
63 31 216.531860352 1
63 31 217.156478882 1
63 31 217.381393433 1
63 31 217.488204956 1
63 31 217.666168213 1
63 31 217.901580811 1
63 31 218.006225586 1
63 31 218.367294312 1
63 31 218.83039856 1
63 31 219.360366821 1
63 31 219.493972778 1
63 31 219.614959717 1
63 31 220.048355103 1
63 31 220.479125977 1
63 31 221.003921509 1
63 31 221.256988525 1
63 31 221.517745972 1
63 31 222.589538574 1
63 31 222.639480591 1
63 31 222.662521362 1
63 31 223.116668701 1
63 31 223.419631958 1
63 31 223.946182251 1
63 31 224.095855713 1
63 31 224.252685547 1
63 31 225.207672119 1
63 31 225.452529907 1
63 31 226.965484619 1
63 31 227.544815063 1
63 31 228.080062866 1
63 31 228.67024231 1
63 31 229.789596558 1
63 31 231.353546143 1
63 31 231.413467407 1
63 31 231.46144104 1
63 31 231.866546631 1
63 31 232.136871338 1
63 31 232.231643677 1
63 31 232.521102905 1
63 31 233.150115967 1
63 31 233.683670044 1
63 31 234.636459351 1
63 31 234.790405273 1
63 31 235.096969604 1
63 31 235.333480835 1
63 31 235.815795898 1
63 31 236.234024048 1
63 31 236.38117981 1
63 31 236.728088379 1
63 31 236.756530762 1
63 31 236.844604492 1
63 31 236.871261597 1
63 31 237.210159302 1
63 31 238.412322998 1
63 31 240.482955933 1
63 31 240.875366211 1
63 31 242.64151001 1
63 31 242.771759033 1
63 31 243.087799072 1
63 31 243.202438354 1
63 31 243.337127686 1
63 31 243.523727417 1
63 31 243.602661133 1
63 31 244.2631073 1
63 31 244.446777344 1
63 31 244.455612183 1
63 31 244.698699951 1
63 31 244.947174072 1
63 31 246.366424561 1
63 31 247.00718689 1
63 31 247.306610107 1
63 31 247.547607422 1
63 31 247.907241821 1
63 31 248.048233032 1
63 31 248.290237427 1
63 31 248.369094849 1
63 31 248.797683716 1
63 31 249.426956177 1
63 31 249.507263184 1
63 31 251.237213135 1
63 31 251.908676147 1
63 31 253.418869019 1
63 31 254.097396851 1
63 31 254.506942749 1
63 31 255.517669678 1
63 31 255.820770264 1
63 31 256.284912109 1
63 31 256.572418213 1
63 31 258.906219482 1
63 31 258.999633789 1
63 31 259.490478516 1
63 31 259.838226318 1
63 31 260.259368896 1
63 31 260.662902832 1
63 31 261.632049561 1
63 31 261.986022949 1
63 31 262.579437256 1
63 31 263.188842773 1
63 31 263.592193604 1
63 31 263.735321045 1
63 31 263.807952881 1
63 31 263.81842041 1
63 31 264.848724365 1
63 31 264.851318359 1
63 31 265.028503418 1
63 31 265.414611816 1
63 31 265.580230713 1
63 31 266.993347168 1
63 31 267.867095947 1
63 31 269.41116333 1
63 31 269.415985107 1
63 31 269.677215576 1
63 31 269.730438232 1
63 31 269.787689209 1
63 31 269.823791504 1
63 31 270.369293213 1
63 31 270.537414551 1
63 31 271.143188477 1
63 31 272.253448486 1
63 31 272.684387207 1
63 31 272.986633301 1
63 31 273.000671387 1
63 31 273.419372559 1
63 31 273.466369629 1
63 31 274.020355225 1
63 31 274.100128174 1
63 31 275.324707031 1
63 31 276.159912109 1
63 31 276.305023193 1
63 31 277.471801758 1
63 31 278.073303223 1
63 31 278.778656006 1
63 31 279.142944336 1
63 31 279.83480835 1
63 31 280.886260986 1
63 31 285.42980957 1
63 31 285.548156738 1
63 31 285.742950439 1
63 31 286.749847412 1
63 31 287.326904297 1
63 31 289.210754395 1
63 31 289.332336426 1
63 31 289.597076416 1
63 31 290.351135254 1
63 31 290.845733643 1
63 31 290.932373047 1
63 31 291.990509033 1
63 31 292.962188721 1
63 31 296.231292725 1
63 31 297.13659668 1
63 31 299.265136719 1
63 31 301.795135498 1
63 31 301.944152832 1
63 31 302.526580811 1
63 31 302.70010376 1
63 31 303.954589844 1
63 31 304.268310547 1
63 31 304.357269287 1
63 31 304.999084473 1
63 31 306.302612305 1
63 31 312.648773193 1
63 31 315.620452881 1
63 31 315.772277832 1
63 31 316.044342041 1
63 31 316.83694458 1
63 31 316.897125244 1
63 31 321.255950928 1
63 31 321.912231445 1
63 31 323.571472168 1
63 31 325.580322266 1
63 31 325.962219238 1
63 31 325.987854004 1
63 31 326.802459717 1
63 31 327.188140869 1
63 31 328.330627441 1
63 31 328.68170166 1
63 31 329.251586914 1
63 31 330.192932129 1
63 31 333.123809814 1
63 31 334.334594727 1
63 31 335.281158447 1
63 31 335.835784912 1
63 31 336.012634277 1
63 31 337.46383667 1
63 31 338.360839844 1
63 31 340.255889893 1
63 31 342.541900635 1
63 31 343.424133301 1
63 31 346.364746094 1
63 31 346.501251221 1
63 31 346.983093262 1
63 31 347.085968018 1
63 31 347.217102051 1
63 31 347.493804932 1
63 31 347.834838867 1
63 31 348.734100342 1
63 31 348.853149414 1
63 31 350.108734131 1
63 31 350.956054688 1
63 31 351.28805542 1
63 31 354.266906738 1
63 31 354.592773438 1
63 31 354.616912842 1
63 31 354.85168457 1
63 31 355.546661377 1
63 31 357.35824585 1
63 31 357.906188965 1
63 31 358.437988281 1
63 31 360.060211182 1
63 31 362.108154297 1
63 31 363.127716064 1
63 31 363.649414062 1
63 31 367.18850708 1
63 31 367.719451904 1
63 31 367.786224365 1
63 31 367.878295898 1
63 31 369.462097168 1
63 31 369.762664795 1
63 31 372.44519043 1
63 31 373.63293457 1
63 31 374.800537109 1
63 31 375.007629395 1
63 31 378.816558838 1
63 31 378.977661133 1
63 31 381.463043213 1
63 31 382.768096924 1
63 31 383.168060303 1
63 31 383.559539795 1
63 31 384.39151001 1
63 31 385.337646484 1
63 31 390.748413086 1
63 31 393.181884766 1
63 31 401.829956055 1
63 31 402.307373047 1
63 31 406.031921387 1
63 31 406.083770752 1
63 31 411.871276855 1
63 31 412.081115723 1
63 31 414.247070312 1
63 31 422.347869873 1
63 31 432.397186279 1
63 31 444.829071045 1
63 31 446.20425415 1
63 31 451.328643799 1
63 31 453.648376465 1
63 31 455.588317871 1
63 31 456.405609131 1
63 31 457.538848877 1
63 31 462.61895752 1
63 31 464.407623291 1
63 31 468.773773193 1
63 31 469.713745117 1
63 31 469.896881104 1
63 31 475.061523438 1
63 31 476.264770508 1
63 31 478.475280762 1
63 31 482.706298828 1
63 31 493.794830322 1
63 31 494.490112305 1
63 31 502.240142822 1
63 31 504.231811523 1
63 31 506.818634033 1
63 31 511.643615723 1
63 31 515.395324707 1
63 31 517.513916016 1
63 31 519.223144531 1
63 31 521.855834961 1
63 31 523.983520508 1
63 31 524.491699219 1
63 31 525.18548584 1
63 31 526.814453125 1
63 31 535.023742676 1
63 31 535.473327637 1
63 31 537.263061523 1
63 31 538.160461426 1
63 31 545.066772461 1
63 31 551.713928223 1
63 31 553.546875 1
63 31 555.300354004 1
63 31 557.452270508 1
63 31 559.640075684 1
63 31 564.31842041 1
63 31 565.651062012 1
63 31 593.591430664 1
63 31 595.61529541 1
63 31 602.016906738 1
63 31 603.717163086 1
63 31 613.185852051 1
63 31 614.31842041 1
63 31 618.522521973 1
63 31 624.75958252 1
63 31 640.770385742 1
63 31 660.235290527 1
63 31 669.312438965 1
63 31 671.174255371 1
63 31 672.019775391 1
63 31 677.838867188 1
63 31 683.783996582 1
63 31 687.293457031 1
63 31 695.463562012 1
63 31 738.663513184 1
63 31 792.440673828 1
63 31 808.478759766 1
63 31 809.458007812 1
63 31 869.935058594 1
63 31 884.70111084 1
63 31 898.718261719 1
63 31 966.806396484 1
63 31 990.554748535 1
63 31 992.817077637 1
63 31 1062.96398926 1
63 31 1111.56774902 1
63 31 1307.53613281 1
63 31 1477.55773926 1
63 31 1664.55078125 1
63 31 1682.3001709 1
63 32 191.626846313 1
63 32 193.291564941 1
63 32 200.883056641 1
63 32 201.262466431 1
63 32 203.606384277 1
63 32 205.583999634 1
63 32 207.068023682 1
63 32 208.350021362 1
63 32 211.079956055 1
63 32 211.403106689 1
63 32 211.632614136 1
63 32 212.693771362 1
63 32 212.700942993 1
63 32 215.059753418 1
63 32 215.566650391 1
63 32 218.086166382 1
63 32 220.031555176 1
63 32 220.515823364 1
63 32 225.333862305 1
63 32 228.510375977 1
63 32 228.790786743 1
63 32 230.245925903 1
63 32 232.69039917 1
63 32 233.178955078 1
63 32 233.839767456 1
63 32 235.437911987 1
63 32 237.806900024 1
63 32 238.284408569 1
63 32 238.732879639 1
63 32 240.260116577 1
63 32 240.368728638 1
63 32 240.713302612 1
63 32 241.846588135 1
63 32 242.787628174 1
63 32 244.103805542 1
63 32 245.867782593 1
63 32 246.470001221 1
63 32 247.564498901 1
63 32 247.665603638 1
63 32 247.854446411 1
63 32 248.026382446 1
63 32 249.761291504 1
63 32 250.54083252 1
63 32 251.588531494 1
63 32 251.936721802 1
63 32 252.592330933 1
63 32 254.253143311 1
63 32 254.555801392 1
63 32 254.64239502 1
63 32 255.14881897 1
63 32 256.937530518 1
63 32 257.244445801 1
63 32 258.182952881 1
63 32 259.064910889 1
63 32 259.09967041 1
63 32 259.146942139 1
63 32 260.191253662 1
63 32 261.280639648 1
63 32 261.724487305 1
63 32 261.756469727 1
63 32 261.947601318 1
63 32 261.990661621 1
63 32 262.638183594 1
63 32 262.640045166 1
63 32 262.752655029 1
63 32 263.78024292 1
63 32 264.026733398 1
63 32 264.225921631 1
63 32 265.773620605 1
63 32 265.923278809 1
63 32 267.189208984 1
63 32 268.12020874 1
63 32 268.352661133 1
63 32 269.062530518 1
63 32 269.437683105 1
63 32 269.612792969 1
63 32 270.021148682 1
63 32 272.015075684 1
63 32 273.060180664 1
63 32 273.358734131 1
63 32 275.641845703 1
63 32 275.865509033 1
63 32 276.040985107 1
63 32 276.468688965 1
63 32 276.565582275 1
63 32 276.870635986 1
63 32 277.052246094 1
63 32 277.88394165 1
63 32 278.461029053 1
63 32 279.454589844 1
63 32 279.769042969 1
63 32 280.088897705 1
63 32 280.098236084 1
63 32 280.420623779 1
63 32 280.618743896 1
63 32 280.809936523 1
63 32 281.102813721 1
63 32 281.391571045 1
63 32 282.394897461 1
63 32 283.211669922 1
63 32 283.293670654 1
63 32 283.50692749 1
63 32 285.085632324 1
63 32 285.503082275 1
63 32 286.613891602 1
63 32 286.789794922 1
63 32 286.913482666 1
63 32 288.010528564 1
63 32 288.662475586 1
63 32 289.100311279 1
63 32 290.126922607 1
63 32 290.655029297 1
63 32 291.240783691 1
63 32 291.527984619 1
63 32 291.82131958 1
63 32 292.51776123 1
63 32 293.513061523 1
63 32 294.402679443 1
63 32 294.957733154 1
63 32 296.05657959 1
63 32 296.839233398 1
63 32 298.974945068 1
63 32 299.09274292 1
63 32 299.157775879 1
63 32 301.683074951 1
63 32 303.896942139 1
63 32 309.360321045 1
63 32 310.078186035 1
63 32 310.294708252 1
63 32 313.73840332 1
63 32 313.97756958 1
63 32 315.310333252 1
63 32 319.677612305 1
63 32 320.020263672 1
63 32 320.261230469 1
63 32 320.868743896 1
63 32 320.869354248 1
63 32 321.287902832 1
63 32 321.897064209 1
63 32 322.291717529 1
63 32 322.507476807 1
63 32 322.996795654 1
63 32 323.389434814 1
63 32 323.690826416 1
63 32 324.837921143 1
63 32 326.880004883 1
63 32 328.782958984 1
63 32 329.000488281 1
63 32 329.295227051 1
63 32 329.986633301 1
63 32 330.535888672 1
63 32 330.714660645 1
63 32 330.776702881 1
63 32 331.1847229 1
63 32 331.779541016 1
63 32 333.196929932 1
63 32 333.278625488 1
63 32 334.944824219 1
63 32 335.259063721 1
63 32 337.260437012 1
63 32 341.157806396 1
63 32 341.822937012 1
63 32 341.988006592 1
63 32 343.580810547 1
63 32 343.812957764 1
63 32 347.343902588 1
63 32 349.401489258 1
63 32 349.496154785 1
63 32 353.713928223 1
63 32 354.077087402 1
63 32 357.262664795 1
63 32 359.333953857 1
63 32 360.36831665 1
63 32 361.077697754 1
63 32 362.431854248 1
63 32 366.005065918 1
63 32 366.434967041 1
63 32 366.791229248 1
63 32 367.239379883 1
63 32 367.811248779 1
63 32 368.461242676 1
63 32 369.166809082 1
63 32 369.652435303 1
63 32 372.03414917 1
63 32 372.544677734 1
63 32 372.601959229 1
63 32 377.096679688 1
63 32 377.6277771 1
63 32 378.107330322 1
63 32 380.035125732 1
63 32 387.296478271 1
63 32 387.724761963 1
63 32 387.777923584 1
63 32 389.164825439 1
63 32 389.524261475 1
63 32 390.837188721 1
63 32 390.84753418 1
63 32 392.3777771 1
63 32 394.356445312 1
63 32 395.113983154 1
63 32 396.602355957 1
63 32 399.62097168 1
63 32 400.58001709 1
63 32 403.493011475 1
63 32 403.656555176 1
63 32 404.299346924 1
63 32 406.137084961 1
63 32 408.495483398 1
63 32 409.06729126 1
63 32 410.205383301 1
63 32 412.657287598 1
63 32 417.395050049 1
63 32 417.49520874 1
63 32 418.254516602 1
63 32 422.164581299 1
63 32 428.183898926 1
63 32 430.433532715 1
63 32 431.605316162 1
63 32 438.15234375 1
63 32 438.486907959 1
63 32 441.106933594 1
63 32 441.913360596 1
63 32 441.990234375 1
63 32 443.747833252 1
63 32 445.146972656 1
63 32 446.859924316 1
63 32 460.645690918 1
63 32 461.174255371 1
63 32 461.201202393 1
63 32 465.241271973 1
63 32 474.330841064 1
63 32 476.924316406 1
63 32 480.353118896 1
63 32 481.094451904 1
63 32 491.75567627 1
63 32 494.145355225 1
63 32 495.471252441 1
63 32 496.49130249 1
63 32 496.650634766 1
63 32 496.913146973 1
63 32 499.781555176 1
63 32 502.157501221 1
63 32 502.885955811 1
63 32 505.799743652 1
63 32 509.829864502 1
63 32 518.413146973 1
63 32 519.916809082 1
63 32 528.104003906 1
63 32 529.192077637 1
63 32 533.791320801 1
63 32 534.80645752 1
63 32 551.98449707 1
63 32 565.262573242 1
63 32 569.75201416 1
63 32 570.733215332 1
63 32 574.107727051 1
63 32 585.331787109 1
63 32 585.562316895 1
63 32 590.229003906 1
63 32 592.63659668 1
63 32 600.561340332 1
63 32 603.398132324 1
63 32 622.917358398 1
63 32 624.723937988 1
63 32 624.863525391 1
63 32 634.748657227 1
63 32 635.882141113 1
63 32 641.826293945 1
63 32 643.473632812 1
63 32 647.327941895 1
63 32 648.765869141 1
63 32 658.401062012 1
63 32 670.636169434 1
63 32 685.772827148 1
63 32 724.00402832 1
63 32 744.440063477 1
63 32 752.631896973 1
63 32 752.942016602 1
63 32 761.841796875 1
63 32 801.13671875 1
63 32 801.443603516 1
63 32 809.959350586 1
63 32 818.395263672 1
63 32 826.268737793 1
63 32 925.283325195 1
63 32 935.13494873 1
63 32 937.900512695 1
63 32 951.772460938 1
63 32 953.977783203 1
63 32 973.879516602 1
63 32 995.102783203 1
63 32 995.132507324 1
63 32 1047.12634277 1
63 32 1145.21276855 1
63 32 1278.76672363 1
63 32 1333.95715332 1
63 33 284.032501221 1
63 33 297.196838379 1
63 33 332.90802002 1
63 33 337.907653809 1
63 33 341.177490234 1
63 33 342.420410156 1
63 33 348.702728271 1
63 33 350.489318848 1
63 33 358.457519531 1
63 33 363.110656738 1
63 33 366.624328613 1
63 33 378.594787598 1
63 33 412.314971924 1
63 33 430.062683105 1
63 33 443.698059082 1
63 33 448.221679688 1
63 33 448.378479004 1
63 33 450.821105957 1
63 33 469.422790527 1
63 33 470.771514893 1
63 33 487.997772217 1
63 33 494.209075928 1
63 33 497.895202637 1
63 33 511.291015625 1
63 33 514.701416016 1
63 33 535.93536377 1
63 33 537.070251465 1
63 33 554.535766602 1
63 33 558.501403809 1
63 33 601.42376709 1
63 33 620.011413574 1
63 33 630.804443359 1
63 33 666.33215332 1
63 33 678.774475098 1
63 33 715.695129395 1
63 33 746.819824219 1
63 33 749.131652832 1
63 33 781.465332031 1
63 33 789.517578125 1
63 33 929.859558105 1
63 33 983.344116211 1
63 34 448.512237549 1
63 34 490.249786377 1
63 34 526.198852539 1
63 34 607.242126465 1
63 34 754.859558105 1
63 34 933.305358887 1
63 34 1033.72045898 1
63 35 621.225158691 1
64 24 1076.71691895 1
64 24 1146.65649414 1
64 24 1211.04211426 1
64 24 1384.04711914 1
64 25 1643.953125 1
64 26 980.936584473 1
64 27 815.126831055 1
64 27 1013.95861816 1
64 27 1242.31945801 1
64 27 1420.87390137 1
64 28 734.468444824 1
64 28 808.942199707 1
64 28 870.922180176 1
64 28 978.992614746 1
64 28 1040.9387207 1
64 28 1125.95336914 1
64 28 1229.40246582 1
64 28 1242.0222168 1
64 28 1288.84216309 1
64 28 1406.18945312 1
64 29 672.163269043 1
64 29 718.537902832 1
64 29 745.275146484 1
64 29 748.894104004 1
64 29 764.66015625 1
64 29 778.422180176 1
64 29 783.364624023 1
64 29 808.569213867 1
64 29 808.951721191 1
64 29 836.452636719 1
64 29 871.563964844 1
64 29 873.384521484 1
64 29 1049.24707031 1
64 29 1117.984375 1
64 29 1165.4354248 1
64 29 1332.04248047 1
64 29 2031.90661621 1
64 30 647.222900391 1
64 30 698.532043457 1
64 30 700.102661133 1
64 30 736.856079102 1
64 30 765.78729248 1
64 30 767.798461914 1
64 30 827.455505371 1
64 30 828.397460938 1
64 30 889.000671387 1
64 30 893.030700684 1
64 30 914.286987305 1
64 30 914.786743164 1
64 30 1026.61730957 1
64 30 1033.07702637 1
64 30 1035.1027832 1
64 31 702.770629883 1
64 31 729.05267334 1
64 31 749.393310547 1
64 31 787.09552002 1
64 31 862.215148926 1
64 31 954.973876953 1
64 31 1019.13494873 1
64 31 1025.27819824 1
64 31 1089.89111328 1
64 31 1146.43884277 1
64 31 1181.0255127 1
64 31 1185.26794434 1
64 31 1257.71850586 1
64 31 1287.17211914 1
64 31 1374.50793457 1
64 31 1465.00427246 1
64 31 2461.15356445 1
64 32 703.360473633 1
64 32 806.196533203 1
64 32 816.823547363 1
64 32 831.386291504 1
64 32 885.529785156 1
64 32 915.356079102 1
64 32 957.952880859 1
64 32 961.068847656 1
64 32 1065.22119141 1
64 32 1296.54089355 1
64 32 1299.76098633 1
64 32 1373.95947266 1
64 32 1377.86206055 1
64 32 2998.16308594 1
64 33 834.218139648 1
64 33 1060.15356445 1
64 33 2371.48364258 1
64 34 1087.98303223 1
64 35 909.585205078 1
65 30 2715.73461914 1
65 31 2249.12451172 1
69 23 3370.07446289 1
69 26 1875.96118164 1
69 28 1679.14355469 1
70 22 1789.68127441 1
70 24 1163.16125488 1
70 24 1455.74719238 1
70 24 1757.63244629 1
70 25 1529.03979492 1
70 26 951.219116211 1
70 26 952.755310059 1
70 26 1101.46008301 1
70 26 1147.54138184 1
70 27 834.058776855 1
70 27 886.96862793 1
70 27 892.986328125 1
70 27 960.324401855 1
70 27 966.769592285 1
70 27 1010.44232178 1
70 27 1011.97900391 1
70 27 1325.0814209 1
70 27 1399.58117676 1
70 28 752.800048828 1
70 28 763.704162598 1
70 28 766.632202148 1
70 28 806.940246582 1
70 28 807.844055176 1
70 28 885.657958984 1
70 28 929.220092773 1
70 28 948.680664062 1
70 28 970.447570801 1
70 28 1305.85534668 1
70 28 1366.00976562 1
70 29 779.478942871 1
70 29 818.385009766 1
70 29 904.663085938 1
70 29 906.134643555 1
70 29 1010.85003662 1
70 29 1027.59387207 1
70 29 1196.73876953 1
70 29 1219.77172852 1
70 29 1245.11584473 1
70 29 1343.70068359 1
70 29 1399.04577637 1
70 29 1516.7401123 1
70 29 1663.74438477 1
70 30 645.047973633 1
70 30 770.958435059 1
70 30 844.955505371 1
70 30 847.304870605 1
70 30 899.489685059 1
70 30 1145.96911621 1
70 30 1214.11706543 1
70 30 1650.2623291 1
70 31 949.25567627 1
70 31 1109.5859375 1
70 31 1258.41821289 1
70 31 1534.42895508 1
70 32 852.695007324 1
71 22 1095.77929688 1
71 25 858.415283203 1
71 25 992.398193359 1
71 25 1464.55383301 1
71 25 1514.6361084 1
71 26 1008.04150391 1
71 26 1258.04907227 1
71 27 703.059082031 1
71 27 737.661010742 1
71 27 752.502746582 1
71 27 768.431518555 1
71 27 857.634033203 1
71 27 874.309814453 1
71 27 952.456604004 1
71 27 969.086975098 1
71 27 1031.80212402 1
71 27 1060.47631836 1
71 27 1092.36669922 1
71 27 1104.49499512 1
71 27 1294.25317383 1
71 27 1482.6340332 1
71 27 1517.16296387 1
71 28 738.563232422 1
71 28 781.241516113 1
71 28 843.441162109 1
71 28 849.617736816 1
71 28 934.58380127 1
71 28 943.604309082 1
71 28 943.851013184 1
71 28 990.909790039 1
71 28 1084.2043457 1
71 28 1123.90454102 1
71 28 1128.08996582 1
71 28 1787.92810059 1
71 29 709.217468262 1
71 29 781.032043457 1
71 29 799.564453125 1
71 29 813.704223633 1
71 29 877.61895752 1
71 29 933.185546875 1
71 29 1009.18865967 1
71 29 1043.19873047 1
71 29 1126.67346191 1
71 29 1161.73999023 1
71 29 1167.55664062 1
71 29 1278.38256836 1
71 29 1988.8416748 1
71 29 2010.70068359 1
71 29 2901.74584961 1
71 30 708.667724609 1
71 30 1013.95794678 1
71 30 1286.03356934 1
71 30 1681.80151367 1
71 31 895.157897949 1
71 31 974.350952148 1
71 31 1013.63116455 1
71 32 1268.40429688 1
71 32 1311.43237305 1
71 33 790.29699707 1
71 33 1037.45654297 1
71 33 1416.89855957 1
71 33 1578.74267578 1
72 26 1716.27514648 1
72 29 1191.7388916 1
72 30 1857.84863281 1
76 28 1727.96740723 1
76 28 2837.66088867 1
77 26 1570.24291992 1
78 29 3607.71044922 1
