string dom time hits
45 28 1399.59387207 1
45 33 1976.90124512 1
53 28 1461.23986816 1
53 28 1968.51159668 1
54 20 2323.79833984 1
54 21 1218.63195801 1
54 24 1859.77416992 1
54 25 1030.50036621 1
54 25 1065.54577637 1
54 26 849.567199707 1
54 26 997.290893555 1
54 26 1025.42736816 1
54 26 1272.23754883 1
54 26 1539.38696289 1
54 26 1874.90161133 1
54 27 867.923339844 1
54 27 992.579162598 1
54 27 1021.88415527 1
54 27 1042.84692383 1
54 27 1159.20092773 1
54 27 1284.03051758 1
54 28 669.639587402 1
54 28 782.510864258 1
54 28 898.497375488 1
54 28 939.404052734 1
54 28 1025.16430664 1
54 28 1045.8815918 1
54 28 1079.2401123 1
54 28 1221.97473145 1
54 28 1278.55041504 1
54 29 727.696899414 1
54 29 771.978637695 1
54 29 791.367004395 1
54 29 793.413024902 1
54 29 828.909484863 1
54 29 843.359375 1
54 29 1077.50109863 1
54 29 1265.39257812 1
54 29 1515.30285645 1
54 30 818.071411133 1
54 30 1099.83874512 1
54 30 1393.32958984 1
54 30 1603.17114258 1
54 30 1775.76135254 1
54 30 1949.47998047 1
54 31 1235.31567383 1
54 31 1246.19921875 1
54 31 1377.07434082 1
54 31 1624.81213379 1
54 33 1064.16784668 1
55 22 1233.3236084 1
55 23 1184.38989258 1
55 23 1457.34289551 1
55 23 1905.26953125 1
55 24 1078.07727051 1
55 26 773.01348877 1
55 26 920.020202637 1
55 26 1016.70043945 1
55 26 1285.92736816 1
55 26 1295.53100586 1
55 27 757.938903809 1
55 27 903.40814209 1
55 27 922.805664062 1
55 27 1188.70324707 1
55 27 1256.49902344 1
55 28 701.23651123 1
55 28 726.382080078 1
55 28 738.446228027 1
55 28 770.176452637 1
55 28 1016.99188232 1
55 28 1113.20788574 1
55 28 1134.81176758 1
55 28 1311.46130371 1
55 28 1759.86181641 1
55 28 2782.5612793 1
55 29 825.377197266 1
55 29 1230.65783691 1
55 30 729.201416016 1
55 30 805.930297852 1
55 30 837.778747559 1
55 30 877.51751709 1
55 30 1167.12194824 1
55 30 1194.38317871 1
55 30 1274.55395508 1
55 31 818.99432373 1
55 31 958.29675293 1
55 31 986.225769043 1
55 31 1074.88781738 1
55 31 1475.03991699 1
55 31 1625.01306152 1
55 31 2006.7121582 1
55 31 2010.36499023 1
55 31 2334.32958984 1
55 33 963.600524902 1
56 26 2931.67358398 1
56 27 1275.88098145 1
56 30 1666.99267578 1
61 31 2072.46362305 1
62 21 1095.15466309 1
62 24 954.175170898 1
62 26 735.834655762 1
62 26 1083.25378418 1
62 26 1220.14660645 1
62 26 1274.09008789 1
62 26 1653.55297852 1
62 27 922.668701172 1
62 27 1012.68713379 1
62 27 1063.20117188 1
62 27 1063.7286377 1
62 27 1381.99584961 1
62 28 676.717224121 1
62 28 694.867797852 1
62 28 705.559875488 1
62 28 941.542114258 1
62 28 959.829101562 1
62 28 1049.59143066 1
62 28 1141.37097168 1
62 28 1539.40600586 1
62 28 1555.71850586 1
62 29 654.104614258 1
62 29 717.313415527 1
62 29 762.742370605 1
62 29 774.295349121 1
62 29 795.157897949 1
62 29 862.466796875 1
62 29 961.684326172 1
62 29 963.057189941 1
62 29 1036.17260742 1
62 29 1061.67358398 1
62 29 1131.78271484 1
62 29 2528.05981445 1
62 30 940.875305176 1
62 30 1302.67248535 1
62 31 876.736083984 1
62 31 1276.23962402 1
62 32 1210.59301758 1
62 32 1879.51245117 1
63 20 1368.52038574 1
63 21 924.251525879 1
63 21 994.39453125 1
63 21 1123.77600098 1
63 21 1887.79833984 1
63 21 2213.08081055 1
63 22 756.70123291 1
63 22 962.60748291 1
63 22 964.882019043 1
63 22 1466.60351562 1
63 22 1689.20739746 1
63 23 607.344238281 1
63 23 643.983459473 1
63 23 646.872314453 1
63 23 651.002441406 1
63 23 807.784973145 1
63 23 852.58380127 1
63 23 954.992370605 1
63 23 1172.62719727 1
63 24 648.549316406 1
63 24 668.501342773 1
63 24 713.895141602 1
63 24 812.584655762 1
63 24 827.842102051 1
63 24 882.728942871 1
63 24 909.784729004 1
63 24 933.578308105 1
63 24 1085.36108398 1
63 24 1257.48852539 1
63 25 427.401885986 1
63 25 430.12121582 1
63 25 435.590240479 1
63 25 438.699981689 1
63 25 438.933685303 1
63 25 442.045532227 1
63 25 444.800537109 1
63 25 451.817749023 1
63 25 455.29598999 1
63 25 459.573455811 1
63 25 462.619018555 1
63 25 465.668731689 1
63 25 471.674224854 1
63 25 473.023651123 1
63 25 474.183349609 1
63 25 474.809020996 1
63 25 482.747497559 1
63 25 494.591705322 1
63 25 500.262237549 1
63 25 500.543701172 1
63 25 503.699554443 1
63 25 504.019592285 1
63 25 504.686431885 1
63 25 519.876647949 1
63 25 537.307312012 1
63 25 540.775878906 1
63 25 542.233520508 1
63 25 551.022766113 1
63 25 575.566101074 1
63 25 576.122009277 1
63 25 576.180480957 1
63 25 581.473937988 1
63 25 609.536560059 1
63 25 620.506286621 1
63 25 632.315429688 1
63 25 651.642883301 1
63 25 652.836120605 1
63 25 655.527709961 1
63 25 695.978515625 1
63 25 755.568115234 1
63 25 759.203369141 1
63 25 784.895019531 1
63 25 796.231201172 1
63 25 851.099853516 1
63 25 921.922912598 1
63 25 1036.05981445 1
63 25 1221.28295898 1
63 25 1423.95910645 1
63 25 1501.31384277 1
63 26 328.824127197 1
63 26 330.749206543 1
63 26 332.719146729 1
63 26 334.460998535 1
63 26 335.345153809 1
63 26 335.494049072 1
63 26 335.836242676 1
63 26 336.364685059 1
63 26 339.283599854 1
63 26 342.855865479 1
63 26 343.403686523 1
63 26 343.594299316 1
63 26 344.019012451 1
63 26 344.036590576 1
63 26 344.528137207 1
63 26 346.506317139 1
63 26 347.162841797 1
63 26 350.496429443 1
63 26 352.244598389 1
63 26 354.746185303 1
63 26 355.570800781 1
63 26 356.162353516 1
63 26 357.591247559 1
63 26 358.707489014 1
63 26 360.50213623 1
63 26 360.652435303 1
63 26 363.438598633 1
63 26 363.749938965 1
63 26 364.954376221 1
63 26 365.422821045 1
63 26 366.353485107 1
63 26 367.096374512 1
63 26 367.131103516 1
63 26 368.789093018 1
63 26 368.880493164 1
63 26 369.291931152 1
63 26 370.121429443 1
63 26 370.594940186 1
63 26 370.654998779 1
63 26 373.198303223 1
63 26 373.352264404 1
63 26 373.667877197 1
63 26 376.462158203 1
63 26 379.926086426 1
63 26 385.254364014 1
63 26 386.871459961 1
63 26 387.836303711 1
63 26 388.32421875 1
63 26 389.177978516 1
63 26 389.713012695 1
63 26 392.3722229 1
63 26 392.426208496 1
63 26 394.167785645 1
63 26 394.502746582 1
63 26 398.621063232 1
63 26 404.273956299 1
63 26 405.140289307 1
63 26 405.520965576 1
63 26 406.253997803 1
63 26 407.633087158 1
63 26 408.507110596 1
63 26 410.682098389 1
63 26 413.924804688 1
63 26 414.468200684 1
63 26 419.768005371 1
63 26 421.594421387 1
63 26 424.644866943 1
63 26 429.280639648 1
63 26 447.124328613 1
63 26 447.1690979 1
63 26 450.618377686 1
63 26 451.56149292 1
63 26 451.732635498 1
63 26 452.723876953 1
63 26 458.813049316 1
63 26 461.370239258 1
63 26 463.231811523 1
63 26 464.361663818 1
63 26 467.033843994 1
63 26 471.375518799 1
63 26 474.13949585 1
63 26 475.227203369 1
63 26 479.308166504 1
63 26 484.031005859 1
63 26 495.092163086 1
63 26 497.128540039 1
63 26 497.387878418 1
63 26 497.660430908 1
63 26 497.838592529 1
63 26 500.718048096 1
63 26 502.787445068 1
63 26 508.04776001 1
63 26 519.390136719 1
63 26 528.341186523 1
63 26 530.746276855 1
63 26 532.14630127 1
63 26 533.554382324 1
63 26 535.256286621 1
63 26 539.866210938 1
63 26 540.015930176 1
63 26 552.238586426 1
63 26 554.767578125 1
63 26 561.541381836 1
63 26 571.471862793 1
63 26 572.661315918 1
63 26 586.004455566 1
63 26 587.003479004 1
63 26 589.432373047 1
63 26 591.03314209 1
63 26 622.789306641 1
63 26 633.811096191 1
63 26 638.431274414 1
63 26 648.220825195 1
63 26 649.978637695 1
63 26 655.577636719 1
63 26 666.927734375 1
63 26 671.410339355 1
63 26 676.867736816 1
63 26 732.092956543 1
63 26 737.793395996 1
63 26 767.547973633 1
63 26 771.615539551 1
63 26 777.455688477 1
63 26 783.535644531 1
63 26 788.347229004 1
63 26 791.204589844 1
63 26 808.485778809 1
63 26 816.195800781 1
63 26 825.34967041 1
63 26 845.520935059 1
63 26 856.792297363 1
63 26 917.154785156 1
63 26 944.343994141 1
63 26 1009.55004883 1
63 26 1048.5579834 1
63 26 1087.97546387 1
63 26 1097.74816895 1
63 26 1158.10803223 1
63 26 1200.67346191 1
63 26 1995.92272949 1
63 27 242.05305481 1
63 27 245.131408691 1
63 27 245.41595459 1
63 27 245.4506073 1
63 27 245.506668091 1
63 27 247.198974609 1
63 27 248.023117065 1
63 27 248.382537842 1
63 27 248.66960144 1
63 27 250.002029419 1
63 27 250.074279785 1
63 27 250.150512695 1
63 27 251.296112061 1
63 27 251.358932495 1
63 27 251.376907349 1
63 27 251.613693237 1
63 27 252.026184082 1
63 27 252.415405273 1
63 27 252.417877197 1
63 27 253.21105957 1
63 27 253.627105713 1
63 27 253.702911377 1
63 27 253.76864624 1
63 27 253.845123291 1
63 27 254.710220337 1
63 27 254.994262695 1
63 27 255.184524536 1
63 27 255.258834839 1
63 27 255.436630249 1
63 27 256.834533691 1
63 27 257.170501709 1
63 27 257.628082275 1
63 27 257.689605713 1
63 27 257.906066895 1
63 27 258.21685791 1
63 27 259.296813965 1
63 27 259.37298584 1
63 27 260.144073486 1
63 27 260.166229248 1
63 27 260.439849854 1
63 27 260.472442627 1
63 27 260.558258057 1
63 27 260.704193115 1
63 27 260.713623047 1
63 27 261.042388916 1
63 27 261.22869873 1
63 27 261.797271729 1
63 27 261.833374023 1
63 27 262.136383057 1
63 27 262.380004883 1
63 27 262.452819824 1
63 27 262.493377686 1
63 27 262.499969482 1
63 27 263.430175781 1
63 27 263.53894043 1
63 27 263.638671875 1
63 27 263.885284424 1
63 27 263.978637695 1
63 27 264.446105957 1
63 27 264.728027344 1
63 27 265.416748047 1
63 27 265.676727295 1
63 27 265.769470215 1
63 27 266.177154541 1
63 27 266.178100586 1
63 27 266.462554932 1
63 27 266.834869385 1
63 27 266.838165283 1
63 27 267.123535156 1
63 27 267.53994751 1
63 27 268.075317383 1
63 27 268.316101074 1
63 27 268.319671631 1
63 27 268.477874756 1
63 27 268.726959229 1
63 27 268.787872314 1
63 27 269.358276367 1
63 27 269.426147461 1
63 27 269.845245361 1
63 27 269.906890869 1
63 27 269.985290527 1
63 27 270.199615479 1
63 27 270.20880127 1
63 27 270.342834473 1
63 27 270.348632812 1
63 27 270.679016113 1
63 27 270.739715576 1
63 27 271.04788208 1
63 27 271.161865234 1
63 27 271.271331787 1
63 27 271.424713135 1
63 27 271.70223999 1
63 27 271.70904541 1
63 27 272.419555664 1
63 27 272.961853027 1
63 27 273.105010986 1
63 27 273.182312012 1
63 27 273.214782715 1
63 27 273.540618896 1
63 27 274.006866455 1
63 27 274.399261475 1
63 27 274.520996094 1
63 27 274.794921875 1
63 27 275.348602295 1
63 27 275.722808838 1
63 27 275.833007812 1
63 27 276.429199219 1
63 27 276.491790771 1
63 27 276.673614502 1
63 27 277.134277344 1
63 27 277.174316406 1
63 27 277.36038208 1
63 27 277.563415527 1
63 27 277.574951172 1
63 27 277.668121338 1
63 27 278.768157959 1
63 27 278.887207031 1
63 27 278.913726807 1
63 27 279.488067627 1
63 27 279.82901001 1
63 27 280.174346924 1
63 27 280.940246582 1
63 27 281.039123535 1
63 27 281.272460938 1
63 27 281.379180908 1
63 27 281.509613037 1
63 27 282.577880859 1
63 27 282.88949585 1
63 27 283.770904541 1
63 27 283.95111084 1
63 27 284.007385254 1
63 27 284.365600586 1
63 27 284.625823975 1
63 27 284.709564209 1
63 27 284.843078613 1
63 27 284.873046875 1
63 27 285.809570312 1
63 27 285.837554932 1
63 27 285.846282959 1
63 27 285.977874756 1
63 27 286.211120605 1
63 27 286.503631592 1
63 27 287.36114502 1
63 27 288.556152344 1
63 27 288.729614258 1
63 27 288.803466797 1
63 27 289.407897949 1
63 27 290.009063721 1
63 27 290.429138184 1
63 27 290.497497559 1
63 27 290.560058594 1
63 27 290.721832275 1
63 27 291.110198975 1
63 27 291.445770264 1
63 27 291.91027832 1
63 27 292.571350098 1
63 27 292.957000732 1
63 27 293.1171875 1
63 27 293.161865234 1
63 27 293.755096436 1
63 27 293.758270264 1
63 27 293.856750488 1
63 27 294.16583252 1
63 27 294.561767578 1
63 27 294.802978516 1
63 27 294.907775879 1
63 27 294.93447876 1
63 27 295.80267334 1
63 27 296.203735352 1
63 27 296.253509521 1
63 27 296.423522949 1
63 27 296.873443604 1
63 27 297.452423096 1
63 27 298.366394043 1
63 27 298.8855896 1
63 27 299.497131348 1
63 27 299.791259766 1
63 27 300.093536377 1
63 27 300.44708252 1
63 27 300.915557861 1
63 27 302.049407959 1
63 27 302.445831299 1
63 27 302.485809326 1
63 27 302.542633057 1
63 27 303.222351074 1
63 27 303.4894104 1
63 27 303.781066895 1
63 27 304.110656738 1
63 27 304.623657227 1
63 27 305.284606934 1
63 27 305.834716797 1
63 27 305.978485107 1
63 27 306.031463623 1
63 27 306.907318115 1
63 27 307.033477783 1
63 27 308.02355957 1
63 27 308.166656494 1
63 27 309.118774414 1
63 27 309.510131836 1
63 27 311.24987793 1
63 27 312.516906738 1
63 27 312.640136719 1
63 27 313.278442383 1
63 27 314.042114258 1
63 27 314.101013184 1
63 27 314.603942871 1
63 27 314.910888672 1
63 27 315.226074219 1
63 27 316.212646484 1
63 27 316.485839844 1
63 27 317.577697754 1
63 27 317.647277832 1
63 27 317.716705322 1
63 27 319.996582031 1
63 27 321.061828613 1
63 27 322.078186035 1
63 27 322.845794678 1
63 27 323.168121338 1
63 27 325.558258057 1
63 27 326.413665771 1
63 27 326.475769043 1
63 27 327.480804443 1
63 27 330.779022217 1
63 27 331.113006592 1
63 27 335.122772217 1
63 27 335.903015137 1
63 27 337.909454346 1
63 27 343.607330322 1
63 27 344.240875244 1
63 27 344.920623779 1
63 27 348.032684326 1
63 27 349.319122314 1
63 27 352.328399658 1
63 27 353.098114014 1
63 27 353.892059326 1
63 27 356.070770264 1
63 27 357.669311523 1
63 27 360.465148926 1
63 27 360.875488281 1
63 27 364.239196777 1
63 27 364.333190918 1
63 27 365.750854492 1
63 27 366.994293213 1
63 27 369.467834473 1
63 27 370.917907715 1
63 27 372.248138428 1
63 27 374.477142334 1
63 27 374.711517334 1
63 27 378.630462646 1
63 27 379.884521484 1
63 27 380.816833496 1
63 27 382.162506104 1
63 27 385.196289062 1
63 27 388.773773193 1
63 27 390.649475098 1
63 27 394.666656494 1
63 27 397.876190186 1
63 27 401.360900879 1
63 27 401.479400635 1
63 27 404.396728516 1
63 27 406.695129395 1
63 27 407.640899658 1
63 27 410.320373535 1
63 27 413.488830566 1
63 27 414.385070801 1
63 27 419.985717773 1
63 27 422.298522949 1
63 27 422.506286621 1
63 27 428.590637207 1
63 27 429.632171631 1
63 27 432.385681152 1
63 27 432.711029053 1
63 27 433.772766113 1
63 27 441.759368896 1
63 27 443.515289307 1
63 27 451.751983643 1
63 27 459.313140869 1
63 27 472.130157471 1
63 27 488.898895264 1
63 27 490.570343018 1
63 27 491.242736816 1
63 27 493.646209717 1
63 27 495.910919189 1
63 27 497.572509766 1
63 27 499.550964355 1
63 27 500.935119629 1
63 27 501.534484863 1
63 27 504.20010376 1
63 27 510.820373535 1
63 27 512.155761719 1
63 27 513.358215332 1
63 27 517.774597168 1
63 27 520.037536621 1
63 27 523.190551758 1
63 27 529.218261719 1
63 27 533.981933594 1
63 27 542.764892578 1
63 27 547.227050781 1
63 27 549.051513672 1
63 27 552.14074707 1
63 27 555.462890625 1
63 27 566.378051758 1
63 27 568.129516602 1
63 27 579.377502441 1
63 27 582.628479004 1
63 27 623.025878906 1
63 27 669.744995117 1
63 27 688.549560547 1
63 27 720.432861328 1
63 27 734.702270508 1
63 27 742.088500977 1
63 27 759.985229492 1
63 27 771.001831055 1
63 27 777.376342773 1
63 27 787.232177734 1
63 27 791.510314941 1
63 27 809.10949707 1
63 27 818.86114502 1
63 27 898.937255859 1
63 27 913.030212402 1
63 27 920.255859375 1
63 27 949.546936035 1
63 27 967.662475586 1
63 27 1040.4128418 1
63 27 1060.17919922 1
63 27 1070.75244141 1
63 27 1089.99536133 1
63 27 1253.95471191 1
63 27 1374.890625 1
63 27 1389.9342041 1
63 27 1418.97961426 1
63 28 157.485534668 1
63 28 160.338043213 1
63 28 160.750488281 1
63 28 160.753295898 1
63 28 161.706726074 1
63 28 161.853271484 1
63 28 162.363021851 1
63 28 162.44644165 1
63 28 163.933135986 1
63 28 163.994186401 1
63 28 164.323455811 1
63 28 164.807723999 1
63 28 165.077484131 1
63 28 165.111602783 1
63 28 165.696685791 1
63 28 166.01008606 1
63 28 166.073699951 1
63 28 166.415405273 1
63 28 166.502380371 1
63 28 166.768218994 1
63 28 167.033615112 1
63 28 167.215606689 1
63 28 167.492828369 1
63 28 167.622467041 1
63 28 167.636611938 1
63 28 167.683105469 1
63 28 168.015014648 1
63 28 168.105682373 1
63 28 168.153091431 1
63 28 168.292633057 1
63 28 168.361785889 1
63 28 168.563217163 1
63 28 168.796035767 1
63 28 169.160507202 1
63 28 169.182785034 1
63 28 169.240661621 1
63 28 169.298522949 1
63 28 169.457717896 1
63 28 169.498443604 1
63 28 169.561752319 1
63 28 169.899658203 1
63 28 169.910766602 1
63 28 169.929077148 1
63 28 170.021026611 1
63 28 170.078033447 1
63 28 170.187179565 1
63 28 170.480133057 1
63 28 170.545730591 1
63 28 170.547653198 1
63 28 170.561050415 1
63 28 170.672653198 1
63 28 170.811416626 1
63 28 171.09475708 1
63 28 171.235061646 1
63 28 171.243301392 1
63 28 171.302856445 1
63 28 171.363494873 1
63 28 171.396331787 1
63 28 171.414978027 1
63 28 171.456802368 1
63 28 171.524871826 1
63 28 171.575942993 1
63 28 171.738220215 1
63 28 171.765060425 1
63 28 171.856277466 1
63 28 171.918441772 1
63 28 172.117736816 1
63 28 172.140487671 1
63 28 172.21206665 1
63 28 172.227386475 1
63 28 172.331390381 1
63 28 172.374588013 1
63 28 172.575592041 1
63 28 172.656951904 1
63 28 172.682846069 1
63 28 172.711975098 1
63 28 172.763793945 1
63 28 172.792068481 1
63 28 172.847167969 1
63 28 172.980880737 1
63 28 173.043182373 1
63 28 173.085006714 1
63 28 173.089431763 1
63 28 173.171798706 1
63 28 173.282089233 1
63 28 173.376754761 1
63 28 173.543487549 1
63 28 173.562255859 1
63 28 173.686920166 1
63 28 173.873580933 1
63 28 174.016571045 1
63 28 174.05506897 1
63 28 174.149642944 1
63 28 174.156890869 1
63 28 174.235641479 1
63 28 174.367935181 1
63 28 174.425613403 1
63 28 174.499542236 1
63 28 174.504302979 1
63 28 174.506851196 1
63 28 174.509368896 1
63 28 174.57409668 1
63 28 174.65574646 1
63 28 174.65625 1
63 28 174.76802063 1
63 28 174.923355103 1
63 28 175.001617432 1
63 28 175.035049438 1
63 28 175.041671753 1
63 28 175.046173096 1
63 28 175.047073364 1
63 28 175.094085693 1
63 28 175.187652588 1
63 28 175.225692749 1
63 28 175.397903442 1
63 28 175.400878906 1
63 28 175.405303955 1
63 28 175.457382202 1
63 28 175.641860962 1
63 28 175.714660645 1
63 28 175.772171021 1
63 28 175.795501709 1
63 28 175.839782715 1
63 28 175.872116089 1
63 28 175.976974487 1
63 28 176.05015564 1
63 28 176.08895874 1
63 28 176.118942261 1
63 28 176.159103394 1
63 28 176.252075195 1
63 28 176.256225586 1
63 28 176.369125366 1
63 28 176.461547852 1
63 28 176.466567993 1
63 28 176.550476074 1
63 28 176.553817749 1
63 28 176.607406616 1
63 28 176.67401123 1
63 28 176.688156128 1
63 28 176.736602783 1
63 28 176.775314331 1
63 28 176.783905029 1
63 28 176.794967651 1
63 28 176.888031006 1
63 28 177.045761108 1
63 28 177.055725098 1
63 28 177.114028931 1
63 28 177.14994812 1
63 28 177.180007935 1
63 28 177.205734253 1
63 28 177.22694397 1
63 28 177.237945557 1
63 28 177.251647949 1
63 28 177.264923096 1
63 28 177.278320312 1
63 28 177.319885254 1
63 28 177.33694458 1
63 28 177.3462677 1
63 28 177.383270264 1
63 28 177.412902832 1
63 28 177.442398071 1
63 28 177.459991455 1
63 28 177.47013855 1
63 28 177.488174438 1
63 28 177.581451416 1
63 28 177.656005859 1
63 28 177.656845093 1
63 28 177.714675903 1
63 28 177.766021729 1
63 28 177.816802979 1
63 28 177.829193115 1
63 28 177.851013184 1
63 28 177.929138184 1
63 28 178.069854736 1
63 28 178.08001709 1
63 28 178.100845337 1
63 28 178.126342773 1
63 28 178.144790649 1
63 28 178.15965271 1
63 28 178.193130493 1
63 28 178.207992554 1
63 28 178.255462646 1
63 28 178.268157959 1
63 28 178.276107788 1
63 28 178.297729492 1
63 28 178.311416626 1
63 28 178.316329956 1
63 28 178.361206055 1
63 28 178.421737671 1
63 28 178.507705688 1
63 28 178.53414917 1
63 28 178.562301636 1
63 28 178.738342285 1
63 28 178.742523193 1
63 28 178.751998901 1
63 28 178.823608398 1
63 28 178.848190308 1
63 28 179.018936157 1
63 28 179.031066895 1
63 28 179.03944397 1
63 28 179.069198608 1
63 28 179.101928711 1
63 28 179.217971802 1
63 28 179.273971558 1
63 28 179.406295776 1
63 28 179.588592529 1
63 28 179.621414185 1
63 28 179.65864563 1
63 28 179.659973145 1
63 28 179.802978516 1
63 28 179.852905273 1
63 28 179.928497314 1
63 28 179.942657471 1
63 28 180.050460815 1
63 28 180.0677948 1
63 28 180.072509766 1
63 28 180.094848633 1
63 28 180.148971558 1
63 28 180.166275024 1
63 28 180.224487305 1
63 28 180.348175049 1
63 28 180.372619629 1
63 28 180.434738159 1
63 28 180.484664917 1
63 28 180.499694824 1
63 28 180.573745728 1
63 28 180.658050537 1
63 28 180.65914917 1
63 28 180.669662476 1
63 28 180.675979614 1
63 28 180.734588623 1
63 28 180.849639893 1
63 28 180.925323486 1
63 28 181.010116577 1
63 28 181.092559814 1
63 28 181.297332764 1
63 28 181.486450195 1
63 28 181.559646606 1
63 28 181.664489746 1
63 28 181.792449951 1
63 28 181.817443848 1
63 28 181.864013672 1
63 28 181.867462158 1
63 28 181.871047974 1
63 28 181.934738159 1
63 28 182.020599365 1
63 28 182.055175781 1
63 28 182.069168091 1
63 28 182.08732605 1
63 28 182.15133667 1
63 28 182.285964966 1
63 28 182.47795105 1
63 28 182.493942261 1
63 28 182.603393555 1
63 28 182.611526489 1
63 28 182.620254517 1
63 28 182.676803589 1
63 28 182.802963257 1
63 28 182.881271362 1
63 28 182.884490967 1
63 28 182.953643799 1
63 28 182.989227295 1
63 28 183.029144287 1
63 28 183.029785156 1
63 28 183.200546265 1
63 28 183.451141357 1
63 28 183.452606201 1
63 28 183.621109009 1
63 28 183.633773804 1
63 28 183.680130005 1
63 28 183.704849243 1
63 28 183.726242065 1
63 28 183.746749878 1
63 28 183.801742554 1
63 28 183.896652222 1
63 28 183.929992676 1
63 28 183.983276367 1
63 28 184.018081665 1
63 28 184.186462402 1
63 28 184.190567017 1
63 28 184.234313965 1
63 28 184.252059937 1
63 28 184.263442993 1
63 28 184.285064697 1
63 28 184.321670532 1
63 28 184.326583862 1
63 28 184.379547119 1
63 28 184.404434204 1
63 28 184.454711914 1
63 28 184.45526123 1
63 28 184.46812439 1
63 28 184.485855103 1
63 28 184.526489258 1
63 28 184.549163818 1
63 28 184.742614746 1
63 28 184.754928589 1
63 28 184.951049805 1
63 28 184.966125488 1
63 28 184.996520996 1
63 28 185.096221924 1
63 28 185.154312134 1
63 28 185.206481934 1
63 28 185.253189087 1
63 28 185.253341675 1
63 28 185.395507812 1
63 28 185.397140503 1
63 28 185.610153198 1
63 28 185.73576355 1
63 28 185.785385132 1
63 28 185.839324951 1
63 28 185.847579956 1
63 28 186.060913086 1
63 28 186.183914185 1
63 28 186.226150513 1
63 28 186.251220703 1
63 28 186.265731812 1
63 28 186.377426147 1
63 28 186.509765625 1
63 28 186.624206543 1
63 28 186.767486572 1
63 28 186.937561035 1
63 28 186.955703735 1
63 28 187.000595093 1
63 28 187.043884277 1
63 28 187.205612183 1
63 28 187.263214111 1
63 28 187.379547119 1
63 28 187.440750122 1
63 28 187.483398438 1
63 28 187.529571533 1
63 28 187.616195679 1
63 28 187.697189331 1
63 28 187.710220337 1
63 28 187.73336792 1
63 28 187.772460938 1
63 28 187.876235962 1
63 28 187.89302063 1
63 28 188.586654663 1
63 28 188.65234375 1
63 28 188.814987183 1
63 28 189.011901855 1
63 28 189.058883667 1
63 28 189.065032959 1
63 28 189.122802734 1
63 28 189.13621521 1
63 28 189.219467163 1
63 28 189.272018433 1
63 28 189.351455688 1
63 28 189.386581421 1
63 28 189.419998169 1
63 28 189.430130005 1
63 28 189.463928223 1
63 28 189.60760498 1
63 28 189.781265259 1
63 28 189.951446533 1
63 28 189.955673218 1
63 28 190.028579712 1
63 28 190.048736572 1
63 28 190.129684448 1
63 28 190.270355225 1
63 28 190.280548096 1
63 28 190.30796814 1
63 28 190.418334961 1
63 28 190.480499268 1
63 28 190.566329956 1
63 28 190.627380371 1
63 28 190.630432129 1
63 28 190.632598877 1
63 28 190.719284058 1
63 28 190.760345459 1
63 28 190.903427124 1
63 28 191.093414307 1
63 28 191.178070068 1
63 28 191.201385498 1
63 28 191.259048462 1
63 28 191.454101562 1
63 28 191.739379883 1
63 28 191.943527222 1
63 28 192.033737183 1
63 28 192.140151978 1
63 28 192.172164917 1
63 28 192.179016113 1
63 28 192.51272583 1
63 28 192.622192383 1
63 28 192.824142456 1
63 28 193.021194458 1
63 28 193.176055908 1
63 28 193.595779419 1
63 28 193.621749878 1
63 28 193.642745972 1
63 28 193.697402954 1
63 28 193.818115234 1
63 28 193.819061279 1
63 28 194.122085571 1
63 28 194.166809082 1
63 28 194.172851562 1
63 28 194.433807373 1
63 28 194.481399536 1
63 28 195.096374512 1
63 28 195.285385132 1
63 28 195.299346924 1
63 28 195.523162842 1
63 28 195.60949707 1
63 28 195.666503906 1
63 28 195.761489868 1
63 28 195.793640137 1
63 28 195.801437378 1
63 28 195.868392944 1
63 28 195.891815186 1
63 28 195.955947876 1
63 28 196.014755249 1
63 28 196.343093872 1
63 28 196.439834595 1
63 28 196.620635986 1
63 28 196.672744751 1
63 28 196.715301514 1
63 28 196.938446045 1
63 28 197.00692749 1
63 28 197.024673462 1
63 28 197.163497925 1
63 28 197.195007324 1
63 28 197.350341797 1
63 28 197.37890625 1
63 28 197.722366333 1
63 28 197.740005493 1
63 28 197.866363525 1
63 28 198.096862793 1
63 28 198.163787842 1
63 28 198.368209839 1
63 28 198.467376709 1
63 28 198.530166626 1
63 28 198.77355957 1
63 28 198.813644409 1
63 28 198.976547241 1
63 28 199.012023926 1
63 28 199.022644043 1
63 28 199.297607422 1
63 28 199.562469482 1
63 28 199.747085571 1
63 28 199.820068359 1
63 28 199.996124268 1
63 28 200.097076416 1
63 28 200.196762085 1
63 28 200.206832886 1
63 28 200.284790039 1
63 28 200.291763306 1
63 28 200.541290283 1
63 28 200.660827637 1
63 28 200.88633728 1
63 28 200.922943115 1
63 28 200.96270752 1
63 28 201.04536438 1
63 28 201.171142578 1
63 28 201.210205078 1
63 28 201.44190979 1
63 28 201.469772339 1
63 28 201.601760864 1
63 28 201.71105957 1
63 28 202.141265869 1
63 28 202.288726807 1
63 28 202.322418213 1
63 28 202.355102539 1
63 28 202.436782837 1
63 28 202.773727417 1
63 28 203.211212158 1
63 28 203.30241394 1
63 28 203.365509033 1
63 28 203.564163208 1
63 28 204.07460022 1
63 28 204.084838867 1
63 28 204.106399536 1
63 28 204.175949097 1
63 28 204.245239258 1
63 28 204.442352295 1
63 28 204.476318359 1
63 28 204.544113159 1
63 28 205.003936768 1
63 28 205.194000244 1
63 28 205.308288574 1
63 28 205.32824707 1
63 28 205.392349243 1
63 28 205.464447021 1
63 28 205.669235229 1
63 28 205.790008545 1
63 28 205.878082275 1
63 28 206.027633667 1
63 28 206.175872803 1
63 28 206.191085815 1
63 28 206.232147217 1
63 28 206.291381836 1
63 28 206.332901001 1
63 28 206.355529785 1
63 28 206.583190918 1
63 28 206.591201782 1
63 28 207.184249878 1
63 28 207.393234253 1
63 28 207.420288086 1
63 28 207.729675293 1
63 28 207.782928467 1
63 28 207.850524902 1
63 28 208.207168579 1
63 28 208.441925049 1
63 28 208.656219482 1
63 28 208.838058472 1
63 28 208.99017334 1
63 28 209.064468384 1
63 28 209.17956543 1
63 28 209.183319092 1
63 28 209.3644104 1
63 28 209.435806274 1
63 28 209.799468994 1
63 28 210.288314819 1
63 28 210.603652954 1
63 28 210.61138916 1
63 28 210.915298462 1
63 28 210.980682373 1
63 28 211.419158936 1
63 28 211.521697998 1
63 28 211.741607666 1
63 28 211.843093872 1
63 28 212.116455078 1
63 28 212.117919922 1
63 28 212.293502808 1
63 28 212.592681885 1
63 28 212.61164856 1
63 28 212.774932861 1
63 28 212.848220825 1
63 28 212.955932617 1
63 28 213.091629028 1
63 28 213.562576294 1
63 28 215.076873779 1
63 28 215.347503662 1
63 28 215.571884155 1
63 28 215.608505249 1
63 28 215.92918396 1
63 28 215.958618164 1
63 28 215.974746704 1
63 28 216.186706543 1
63 28 216.216415405 1
63 28 216.393997192 1
63 28 216.410186768 1
63 28 216.463638306 1
63 28 216.649230957 1
63 28 216.913543701 1
63 28 217.787658691 1
63 28 217.981689453 1
63 28 218.14932251 1
63 28 219.191131592 1
63 28 219.6690979 1
63 28 219.927139282 1
63 28 220.160110474 1
63 28 220.367614746 1
63 28 220.416152954 1
63 28 220.597991943 1
63 28 220.921936035 1
63 28 221.118911743 1
63 28 221.201171875 1
63 28 221.299377441 1
63 28 221.326828003 1
63 28 221.962142944 1
63 28 221.977172852 1
63 28 222.682678223 1
63 28 222.763549805 1
63 28 222.809585571 1
63 28 222.974716187 1
63 28 223.155273438 1
63 28 223.209197998 1
63 28 223.582275391 1
63 28 223.684829712 1
63 28 223.780426025 1
63 28 223.877914429 1
63 28 224.005020142 1
63 28 224.015792847 1
63 28 224.10458374 1
63 28 224.275222778 1
63 28 224.363494873 1
63 28 224.819732666 1
63 28 225.237350464 1
63 28 225.606521606 1
63 28 225.702713013 1
63 28 225.848419189 1
63 28 225.999725342 1
63 28 226.687561035 1
63 28 227.160217285 1
63 28 227.222137451 1
63 28 227.536148071 1
63 28 227.565216064 1
63 28 227.829055786 1
63 28 228.55557251 1
63 28 228.816207886 1
63 28 229.020507812 1
63 28 230.052200317 1
63 28 230.25163269 1
63 28 230.372619629 1
63 28 230.470413208 1
63 28 230.956314087 1
63 28 231.386978149 1
63 28 231.885406494 1
63 28 231.896392822 1
63 28 231.944549561 1
63 28 232.045654297 1
63 28 232.175521851 1
63 28 232.391143799 1
63 28 232.897216797 1
63 28 233.585449219 1
63 28 233.869491577 1
63 28 234.096939087 1
63 28 234.172683716 1
63 28 234.785186768 1
63 28 234.902694702 1
63 28 235.136291504 1
63 28 235.466644287 1
63 28 235.723907471 1
63 28 235.955535889 1
63 28 236.323425293 1
63 28 236.336639404 1
63 28 236.55607605 1
63 28 236.718170166 1
63 28 237.111328125 1
63 28 237.43939209 1
63 28 237.57699585 1
63 28 237.967681885 1
63 28 238.071807861 1
63 28 239.187255859 1
63 28 239.284133911 1
63 28 239.820327759 1
63 28 239.971618652 1
63 28 240.646102905 1
63 28 240.853805542 1
63 28 241.386444092 1
63 28 241.585876465 1
63 28 243.210830688 1
63 28 243.846725464 1
63 28 244.052841187 1
63 28 244.082580566 1
63 28 245.560043335 1
63 28 245.981704712 1
63 28 246.053833008 1
63 28 247.072097778 1
63 28 247.819641113 1
63 28 248.236907959 1
63 28 248.336410522 1
63 28 248.694641113 1
63 28 248.721572876 1
63 28 249.416702271 1
63 28 249.887695312 1
63 28 251.07484436 1
63 28 251.133056641 1
63 28 252.009216309 1
63 28 252.804275513 1
63 28 253.833786011 1
63 28 254.713500977 1
63 28 255.41166687 1
63 28 255.790008545 1
63 28 255.888931274 1
63 28 256.224365234 1
63 28 256.230621338 1
63 28 256.503540039 1
63 28 257.454864502 1
63 28 258.074371338 1
63 28 258.484710693 1
63 28 259.148529053 1
63 28 259.49508667 1
63 28 259.531890869 1
63 28 259.612243652 1
63 28 261.030731201 1
63 28 261.274993896 1
63 28 262.782867432 1
63 28 262.901306152 1
63 28 263.064666748 1
63 28 263.955993652 1
63 28 264.593719482 1
63 28 265.755706787 1
63 28 265.865783691 1
63 28 268.431549072 1
63 28 268.968292236 1
63 28 269.468688965 1
63 28 270.664276123 1
63 28 270.767059326 1
63 28 270.767852783 1
63 28 272.05291748 1
63 28 272.153747559 1
63 28 277.163909912 1
63 28 277.464569092 1
63 28 281.559631348 1
63 28 282.175445557 1
63 28 284.644378662 1
63 28 285.63104248 1
63 28 286.496154785 1
63 28 286.814056396 1
63 28 288.731689453 1
63 28 288.773590088 1
63 28 289.097930908 1
63 28 289.499725342 1
63 28 290.779846191 1
63 28 293.076660156 1
63 28 293.438690186 1
63 28 293.746887207 1
63 28 295.088104248 1
63 28 302.032012939 1
63 28 305.610900879 1
63 28 312.407348633 1
63 28 312.585479736 1
63 28 313.723724365 1
63 28 314.245269775 1
63 28 315.500762939 1
63 28 315.592193604 1
63 28 319.212341309 1
63 28 321.512145996 1
63 28 323.372650146 1
63 28 323.84664917 1
63 28 326.474243164 1
63 28 327.781402588 1
63 28 333.636627197 1
63 28 334.194091797 1
63 28 342.021209717 1
63 28 345.4246521 1
63 28 347.085632324 1
63 28 354.846343994 1
63 28 359.219482422 1
63 28 362.115814209 1
63 28 362.142059326 1
63 28 362.307617188 1
63 28 367.061706543 1
63 28 369.25201416 1
63 28 369.417114258 1
63 28 373.412750244 1
63 28 378.645294189 1
63 28 384.619049072 1
63 28 384.655090332 1
63 28 385.086730957 1
63 28 386.069824219 1
63 28 386.853027344 1
63 28 388.713531494 1
63 28 390.545318604 1
63 28 394.406463623 1
63 28 396.289459229 1
63 28 406.521728516 1
63 28 407.63079834 1
63 28 414.449737549 1
63 28 417.125610352 1
63 28 418.822265625 1
63 28 420.743011475 1
63 28 421.58682251 1
63 28 424.457946777 1
63 28 428.11895752 1
63 28 433.53427124 1
63 28 434.548400879 1
63 28 456.371917725 1
63 28 474.644836426 1
63 28 487.691070557 1
63 28 487.948913574 1
63 28 488.972808838 1
63 28 507.356994629 1
63 28 510.472930908 1
63 28 521.856567383 1
63 28 529.453674316 1
63 28 534.493774414 1
63 28 553.260253906 1
63 28 554.122375488 1
63 28 555.327087402 1
63 28 557.244384766 1
63 28 570.090454102 1
63 28 573.571350098 1
63 28 575.928894043 1
63 28 576.073181152 1
63 28 578.586303711 1
63 28 600.180419922 1
63 28 600.227661133 1
63 28 602.683776855 1
63 28 615.119873047 1
63 28 658.960693359 1
63 28 693.081604004 1
63 28 693.494873047 1
63 28 702.008117676 1
63 28 754.266296387 1
63 28 778.108764648 1
63 28 785.261779785 1
63 28 799.430725098 1
63 28 850.053405762 1
63 28 891.558288574 1
63 28 929.335693359 1
63 28 1084.27526855 1
63 28 1087.0925293 1
63 28 1113.54943848 1
63 28 1117.82763672 1
63 28 1174.94116211 1
63 28 1290.89074707 1
63 28 1292.7911377 1
63 28 1772.62573242 1
63 28 3643.1262207 1
63 29 77.5213088989 1
63 29 79.0609588623 1
63 29 80.3988418579 1
63 29 80.5831985474 1
63 29 80.5877075195 1
63 29 80.821937561 1
63 29 81.4816360474 1
63 29 81.5107574463 1
63 29 81.5323791504 1
63 29 81.6270599365 1
63 29 81.7042694092 1
63 29 81.7409210205 1
63 29 81.8633041382 1
63 29 82.3113479614 1
63 29 82.3577346802 1
63 29 82.3738555908 1
63 29 82.4911422729 1
63 29 82.5380706787 1
63 29 82.5565490723 1
63 29 82.5623321533 1
63 29 82.6097717285 1
63 29 82.6339874268 1
63 29 82.6729660034 1
63 29 82.7203826904 1
63 29 82.8403396606 1
63 29 82.9004898071 1
63 29 82.9420013428 1
63 29 82.9616928101 1
63 29 83.0824890137 1
63 29 83.126701355 1
63 29 83.1320800781 1
63 29 83.2063064575 1
63 29 83.2903900146 1
63 29 83.3608398438 1
63 29 83.3925094604 1
63 29 83.433303833 1
63 29 83.5831451416 1
63 29 83.5884552002 1
63 29 83.7178878784 1
63 29 83.7884750366 1
63 29 83.9588699341 1
63 29 83.9904251099 1
63 29 84.0239562988 1
63 29 84.0578079224 1
63 29 84.1552581787 1
63 29 84.2433319092 1
63 29 84.2461853027 1
63 29 84.2569122314 1
63 29 84.3191146851 1
63 29 84.3460998535 1
63 29 84.3644332886 1
63 29 84.4323043823 1
63 29 84.5112457275 1
63 29 84.5441818237 1
63 29 84.6248703003 1
63 29 84.7173080444 1
63 29 84.7186355591 1
63 29 84.7271957397 1
63 29 84.7280654907 1
63 29 84.7372283936 1
63 29 84.7483215332 1
63 29 84.7781906128 1
63 29 84.8068313599 1
63 29 84.8765716553 1
63 29 84.8935852051 1
63 29 84.8995285034 1
63 29 84.9012527466 1
63 29 84.9174499512 1
63 29 84.9212722778 1
63 29 84.9302215576 1
63 29 84.9334106445 1
63 29 84.9594955444 1
63 29 84.9930877686 1
63 29 85.0025405884 1
63 29 85.0096359253 1
63 29 85.0186691284 1
63 29 85.1549606323 1
63 29 85.1814422607 1
63 29 85.2040786743 1
63 29 85.2083587646 1
63 29 85.2102661133 1
63 29 85.2281646729 1
63 29 85.2613143921 1
63 29 85.2756958008 1
63 29 85.2891998291 1
63 29 85.2949447632 1
63 29 85.3651428223 1
63 29 85.3836517334 1
63 29 85.4129638672 1
63 29 85.4684371948 1
63 29 85.4953842163 1
63 29 85.5059661865 1
63 29 85.516204834 1
63 29 85.5734329224 1
63 29 85.5871734619 1
63 29 85.5918655396 1
63 29 85.7245254517 1
63 29 85.7637176514 1
63 29 85.7720489502 1
63 29 85.7863540649 1
63 29 85.7895889282 1
63 29 85.8002700806 1
63 29 85.8006820679 1
63 29 85.8016586304 1
63 29 85.8260650635 1
63 29 85.8287506104 1
63 29 85.8304977417 1
63 29 85.836555481 1
63 29 85.8722305298 1
63 29 85.8764572144 1
63 29 85.8791732788 1
63 29 85.9029388428 1
63 29 85.9066390991 1
63 29 85.9073791504 1
63 29 85.9091262817 1
63 29 85.9407043457 1
63 29 85.9442749023 1
63 29 85.9545593262 1
63 29 85.9575576782 1
63 29 85.9753189087 1
63 29 85.9783782959 1
63 29 86.0064086914 1
63 29 86.0173187256 1
63 29 86.0328216553 1
63 29 86.0952072144 1
63 29 86.0988464355 1
63 29 86.1077651978 1
63 29 86.1100234985 1
63 29 86.1346054077 1
63 29 86.1464004517 1
63 29 86.1481628418 1
63 29 86.1651077271 1
63 29 86.1875839233 1
63 29 86.2012176514 1
63 29 86.2367401123 1
63 29 86.2380371094 1
63 29 86.2387771606 1
63 29 86.2443389893 1
63 29 86.2657546997 1
63 29 86.28125 1
63 29 86.2926254272 1
63 29 86.3152770996 1
63 29 86.376701355 1
63 29 86.4620819092 1
63 29 86.4836807251 1
63 29 86.4855728149 1
63 29 86.4870223999 1
63 29 86.5403137207 1
63 29 86.5598907471 1
63 29 86.6093978882 1
63 29 86.6184310913 1
63 29 86.6296463013 1
63 29 86.6373977661 1
63 29 86.6749191284 1
63 29 86.7077407837 1
63 29 86.7477722168 1
63 29 86.7563552856 1
63 29 86.7665405273 1
63 29 86.7862167358 1
63 29 86.7887191772 1
63 29 86.800239563 1
63 29 86.8298034668 1
63 29 86.8578262329 1
63 29 86.8669662476 1
63 29 86.8964309692 1
63 29 86.9049606323 1
63 29 86.9110031128 1
63 29 86.9370269775 1
63 29 86.99609375 1
63 29 86.9980163574 1
63 29 87.0012817383 1
63 29 87.0015869141 1
63 29 87.0029830933 1
63 29 87.054359436 1
63 29 87.0545196533 1
63 29 87.0805511475 1
63 29 87.0899658203 1
63 29 87.1207962036 1
63 29 87.1441726685 1
63 29 87.2127685547 1
63 29 87.2229537964 1
63 29 87.3112792969 1
63 29 87.3170013428 1
63 29 87.3494262695 1
63 29 87.3532028198 1
63 29 87.3687515259 1
63 29 87.3700027466 1
63 29 87.4968032837 1
63 29 87.5207824707 1
63 29 87.5800704956 1
63 29 87.6050262451 1
63 29 87.6151428223 1
63 29 87.6162033081 1
63 29 87.6179199219 1
63 29 87.639213562 1
63 29 87.6489105225 1
63 29 87.6582717896 1
63 29 87.7369308472 1
63 29 87.7381439209 1
63 29 87.7400970459 1
63 29 87.742767334 1
63 29 87.7457046509 1
63 29 87.7558822632 1
63 29 87.7628860474 1
63 29 87.7707977295 1
63 29 87.798034668 1
63 29 87.8120269775 1
63 29 87.820602417 1
63 29 87.8922958374 1
63 29 87.9125061035 1
63 29 87.9138870239 1
63 29 87.9450454712 1
63 29 87.9658737183 1
63 29 88.0263137817 1
63 29 88.0320358276 1
63 29 88.0496520996 1
63 29 88.0627365112 1
63 29 88.0722885132 1
63 29 88.0763626099 1
63 29 88.0891876221 1
63 29 88.0918273926 1
63 29 88.1164169312 1
63 29 88.1404342651 1
63 29 88.142906189 1
63 29 88.1536407471 1
63 29 88.171333313 1
63 29 88.199508667 1
63 29 88.2062225342 1
63 29 88.208946228 1
63 29 88.2114334106 1
63 29 88.2302627563 1
63 29 88.2327423096 1
63 29 88.2570724487 1
63 29 88.2574310303 1
63 29 88.2811737061 1
63 29 88.2988739014 1
63 29 88.2994613647 1
63 29 88.3250274658 1
63 29 88.3274917603 1
63 29 88.3285675049 1
63 29 88.33984375 1
63 29 88.3477020264 1
63 29 88.3502807617 1
63 29 88.3629455566 1
63 29 88.3643188477 1
63 29 88.3713912964 1
63 29 88.3812026978 1
63 29 88.3896484375 1
63 29 88.4075546265 1
63 29 88.4139404297 1
63 29 88.4520950317 1
63 29 88.4549942017 1
63 29 88.4580001831 1
63 29 88.5023193359 1
63 29 88.5357055664 1
63 29 88.5442581177 1
63 29 88.5717468262 1
63 29 88.6359329224 1
63 29 88.6511764526 1
63 29 88.6736221313 1
63 29 88.6781768799 1
63 29 88.7039031982 1
63 29 88.7421417236 1
63 29 88.8118133545 1
63 29 88.8246231079 1
63 29 88.8317108154 1
63 29 88.840057373 1
63 29 88.8418502808 1
63 29 88.8462295532 1
63 29 88.8561477661 1
63 29 88.8581161499 1
63 29 88.8748550415 1
63 29 88.8827285767 1
63 29 88.8841247559 1
63 29 88.921333313 1
63 29 88.9282226562 1
63 29 88.9466094971 1
63 29 88.9569549561 1
63 29 88.9708099365 1
63 29 88.9737243652 1
63 29 88.9831008911 1
63 29 88.9961242676 1
63 29 88.9970321655 1
63 29 89.0032577515 1
63 29 89.0409164429 1
63 29 89.0437469482 1
63 29 89.0617980957 1
63 29 89.0705947876 1
63 29 89.0718688965 1
63 29 89.1238327026 1
63 29 89.1352844238 1
63 29 89.1606445312 1
63 29 89.1699829102 1
63 29 89.1853179932 1
63 29 89.1926116943 1
63 29 89.2058792114 1
63 29 89.2156524658 1
63 29 89.2184066772 1
63 29 89.229019165 1
63 29 89.2792510986 1
63 29 89.2895355225 1
63 29 89.3151626587 1
63 29 89.3259658813 1
63 29 89.340385437 1
63 29 89.3625259399 1
63 29 89.3645858765 1
63 29 89.3680114746 1
63 29 89.4022293091 1
63 29 89.4077301025 1
63 29 89.416053772 1
63 29 89.4187469482 1
63 29 89.4283752441 1
63 29 89.4430236816 1
63 29 89.4524841309 1
63 29 89.5233535767 1
63 29 89.5369415283 1
63 29 89.5447692871 1
63 29 89.5786056519 1
63 29 89.5816574097 1
63 29 89.5904083252 1
63 29 89.6124038696 1
63 29 89.622215271 1
63 29 89.6259918213 1
63 29 89.6350402832 1
63 29 89.6944885254 1
63 29 89.7043609619 1
63 29 89.7395324707 1
63 29 89.7618789673 1
63 29 89.7643966675 1
63 29 89.7716598511 1
63 29 89.7810287476 1
63 29 89.7970428467 1
63 29 89.799987793 1
63 29 89.8024597168 1
63 29 89.8070220947 1
63 29 89.8162918091 1
63 29 89.8177337646 1
63 29 89.8189697266 1
63 29 89.8339157104 1
63 29 89.8347702026 1
63 29 89.8360214233 1
63 29 89.8716964722 1
63 29 89.8992919922 1
63 29 89.9120025635 1
63 29 89.9327697754 1
63 29 89.9414672852 1
63 29 89.9624710083 1
63 29 89.9792633057 1
63 29 89.9993896484 1
63 29 90.0080871582 1
63 29 90.0081939697 1
63 29 90.0122680664 1
63 29 90.028175354 1
63 29 90.0472564697 1
63 29 90.0523757935 1
63 29 90.0552978516 1
63 29 90.0554504395 1
63 29 90.0575027466 1
63 29 90.0576400757 1
63 29 90.070854187 1
63 29 90.082321167 1
63 29 90.1069717407 1
63 29 90.1076507568 1
63 29 90.1337585449 1
63 29 90.1629257202 1
63 29 90.1656494141 1
63 29 90.1713180542 1
63 29 90.1902923584 1
63 29 90.2021026611 1
63 29 90.2090530396 1
63 29 90.2208786011 1
63 29 90.2307510376 1
63 29 90.2513122559 1
63 29 90.2565612793 1
63 29 90.2687606812 1
63 29 90.2708282471 1
63 29 90.2708282471 1
63 29 90.2771224976 1
63 29 90.2774810791 1
63 29 90.29322052 1
63 29 90.2940979004 1
63 29 90.3297195435 1
63 29 90.3539199829 1
63 29 90.3555374146 1
63 29 90.3606948853 1
63 29 90.3662796021 1
63 29 90.3862915039 1
63 29 90.3864974976 1
63 29 90.4269638062 1
63 29 90.4286727905 1
63 29 90.4311523438 1
63 29 90.4519119263 1
63 29 90.4553756714 1
63 29 90.4556274414 1
63 29 90.4617462158 1
63 29 90.4633102417 1
63 29 90.4719085693 1
63 29 90.4765625 1
63 29 90.478263855 1
63 29 90.4912185669 1
63 29 90.5022354126 1
63 29 90.5150299072 1
63 29 90.5311279297 1
63 29 90.539276123 1
63 29 90.5416870117 1
63 29 90.547492981 1
63 29 90.5784683228 1
63 29 90.6002883911 1
63 29 90.6092529297 1
63 29 90.6117553711 1
63 29 90.6120834351 1
63 29 90.6173706055 1
63 29 90.6194763184 1
63 29 90.6283187866 1
63 29 90.6587371826 1
63 29 90.6678848267 1
63 29 90.7322845459 1
63 29 90.7434310913 1
63 29 90.7545318604 1
63 29 90.7657546997 1
63 29 90.772819519 1
63 29 90.7746810913 1
63 29 90.786781311 1
63 29 90.8060531616 1
63 29 90.837562561 1
63 29 90.8530960083 1
63 29 90.8614044189 1
63 29 90.8643341064 1
63 29 90.8800201416 1
63 29 90.8863601685 1
63 29 90.8927383423 1
63 29 90.8948516846 1
63 29 90.8957977295 1
63 29 90.908241272 1
63 29 90.9223480225 1
63 29 90.9241485596 1
63 29 90.924911499 1
63 29 90.9304885864 1
63 29 90.9500198364 1
63 29 90.9528274536 1
63 29 90.9606399536 1
63 29 90.9730300903 1
63 29 90.9877624512 1
63 29 90.9928436279 1
63 29 91.0089111328 1
63 29 91.0135116577 1
63 29 91.0214233398 1
63 29 91.0416030884 1
63 29 91.0522232056 1
63 29 91.0598373413 1
63 29 91.0624160767 1
63 29 91.0755004883 1
63 29 91.0762405396 1
63 29 91.0852432251 1
63 29 91.1244735718 1
63 29 91.1522064209 1
63 29 91.1601028442 1
63 29 91.1868209839 1
63 29 91.1881713867 1
63 29 91.2208099365 1
63 29 91.2227859497 1
63 29 91.2311859131 1
63 29 91.2352371216 1
63 29 91.2355041504 1
63 29 91.2365264893 1
63 29 91.3143692017 1
63 29 91.3202133179 1
63 29 91.325881958 1
63 29 91.3399200439 1
63 29 91.3449325562 1
63 29 91.3467407227 1
63 29 91.3594894409 1
63 29 91.3608398438 1
63 29 91.3642730713 1
63 29 91.3644638062 1
63 29 91.3734207153 1
63 29 91.3923492432 1
63 29 91.418800354 1
63 29 91.4261779785 1
63 29 91.4291152954 1
63 29 91.4353256226 1
63 29 91.4526138306 1
63 29 91.4597473145 1
63 29 91.4650878906 1
63 29 91.5277175903 1
63 29 91.5306167603 1
63 29 91.5427627563 1
63 29 91.5456695557 1
63 29 91.561164856 1
63 29 91.5717391968 1
63 29 91.5727233887 1
63 29 91.5727615356 1
63 29 91.5729980469 1
63 29 91.5791244507 1
63 29 91.5997161865 1
63 29 91.6150665283 1
63 29 91.6188659668 1
63 29 91.6311416626 1
63 29 91.6338424683 1
63 29 91.6396255493 1
63 29 91.640914917 1
63 29 91.6430282593 1
63 29 91.6457061768 1
63 29 91.6479263306 1
63 29 91.6505584717 1
63 29 91.662437439 1
63 29 91.6633453369 1
63 29 91.6862411499 1
63 29 91.6917724609 1
63 29 91.6982116699 1
63 29 91.7026290894 1
63 29 91.7150115967 1
63 29 91.7171630859 1
63 29 91.736000061 1
63 29 91.7422180176 1
63 29 91.7445983887 1
63 29 91.7476196289 1
63 29 91.7667541504 1
63 29 91.768951416 1
63 29 91.7739257812 1
63 29 91.793296814 1
63 29 91.80078125 1
63 29 91.8101348877 1
63 29 91.8178024292 1
63 29 91.8308181763 1
63 29 91.8526763916 1
63 29 91.8655395508 1
63 29 91.8863830566 1
63 29 91.8898925781 1
63 29 91.926071167 1
63 29 91.9332962036 1
63 29 91.9399261475 1
63 29 91.943069458 1
63 29 92.0149841309 1
63 29 92.0160827637 1
63 29 92.0919647217 1
63 29 92.0972213745 1
63 29 92.1038589478 1
63 29 92.1041030884 1
63 29 92.1193008423 1
63 29 92.1402435303 1
63 29 92.145904541 1
63 29 92.1459197998 1
63 29 92.1521072388 1
63 29 92.184463501 1
63 29 92.1880111694 1
63 29 92.198348999 1
63 29 92.1988296509 1
63 29 92.2030715942 1
63 29 92.2041549683 1
63 29 92.2082824707 1
63 29 92.2143630981 1
63 29 92.2254867554 1
63 29 92.2605285645 1
63 29 92.266204834 1
63 29 92.2667007446 1
63 29 92.279510498 1
63 29 92.2820510864 1
63 29 92.3010940552 1
63 29 92.3059310913 1
63 29 92.3121566772 1
63 29 92.32396698 1
63 29 92.3318405151 1
63 29 92.3732299805 1
63 29 92.3841323853 1
63 29 92.3884353638 1
63 29 92.4126205444 1
63 29 92.4198760986 1
63 29 92.429397583 1
63 29 92.4317779541 1
63 29 92.4409713745 1
63 29 92.4680633545 1
63 29 92.4697036743 1
63 29 92.4726333618 1
63 29 92.4741287231 1
63 29 92.5162582397 1
63 29 92.5185165405 1
63 29 92.5351638794 1
63 29 92.5467681885 1
63 29 92.5830917358 1
63 29 92.6087799072 1
63 29 92.6115188599 1
63 29 92.6246948242 1
63 29 92.6394500732 1
63 29 92.6685180664 1
63 29 92.6806488037 1
63 29 92.6857070923 1
63 29 92.6961517334 1
63 29 92.7155838013 1
63 29 92.7274475098 1
63 29 92.7462768555 1
63 29 92.7614974976 1
63 29 92.7649307251 1
63 29 92.772354126 1
63 29 92.797996521 1
63 29 92.8008422852 1
63 29 92.8019332886 1
63 29 92.8024215698 1
63 29 92.8346557617 1
63 29 92.840965271 1
63 29 92.8475875854 1
63 29 92.866859436 1
63 29 92.87109375 1
63 29 92.9047546387 1
63 29 92.9150924683 1
63 29 92.9266357422 1
63 29 92.9367446899 1
63 29 92.9372634888 1
63 29 92.9486541748 1
63 29 92.9563980103 1
63 29 92.9574813843 1
63 29 92.960357666 1
63 29 92.9613342285 1
63 29 92.9626846313 1
63 29 92.974395752 1
63 29 93.0208435059 1
63 29 93.0221328735 1
63 29 93.0289611816 1
63 29 93.0491790771 1
63 29 93.0592269897 1
63 29 93.060005188 1
63 29 93.0731582642 1
63 29 93.0740585327 1
63 29 93.0986785889 1
63 29 93.1008529663 1
63 29 93.1186141968 1
63 29 93.1196899414 1
63 29 93.1382827759 1
63 29 93.1767883301 1
63 29 93.1862564087 1
63 29 93.1880874634 1
63 29 93.1898651123 1
63 29 93.1900787354 1
63 29 93.2006759644 1
63 29 93.2568588257 1
63 29 93.2615203857 1
63 29 93.2956237793 1
63 29 93.3067703247 1
63 29 93.3075790405 1
63 29 93.3117141724 1
63 29 93.3227005005 1
63 29 93.3386306763 1
63 29 93.3550872803 1
63 29 93.3576889038 1
63 29 93.377243042 1
63 29 93.3799285889 1
63 29 93.3859634399 1
63 29 93.3880310059 1
63 29 93.4096221924 1
63 29 93.4270324707 1
63 29 93.4415435791 1
63 29 93.4515457153 1
63 29 93.4621658325 1
63 29 93.5116348267 1
63 29 93.5253143311 1
63 29 93.5453491211 1
63 29 93.5456237793 1
63 29 93.5627670288 1
63 29 93.5702972412 1
63 29 93.5833587646 1
63 29 93.5849075317 1
63 29 93.5930786133 1
63 29 93.6638870239 1
63 29 93.6808853149 1
63 29 93.7245407104 1
63 29 93.7251739502 1
63 29 93.734916687 1
63 29 93.7392272949 1
63 29 93.743812561 1
63 29 93.7449645996 1
63 29 93.7579269409 1
63 29 93.808807373 1
63 29 93.8339157104 1
63 29 93.8393554688 1
63 29 93.8511505127 1
63 29 93.852973938 1
63 29 93.8608322144 1
63 29 93.885269165 1
63 29 93.9154891968 1
63 29 93.9445495605 1
63 29 93.9514160156 1
63 29 93.9705352783 1
63 29 93.9733200073 1
63 29 93.9748306274 1
63 29 93.9850769043 1
63 29 93.9883346558 1
63 29 93.9883422852 1
63 29 93.9984054565 1
63 29 94.0065841675 1
63 29 94.0137557983 1
63 29 94.0139541626 1
63 29 94.0277099609 1
63 29 94.0305633545 1
63 29 94.07081604 1
63 29 94.0934448242 1
63 29 94.1127624512 1
63 29 94.1130828857 1
63 29 94.1213912964 1
63 29 94.1445846558 1
63 29 94.1613540649 1
63 29 94.1624221802 1
63 29 94.2010269165 1
63 29 94.2179718018 1
63 29 94.2230148315 1
63 29 94.2238998413 1
63 29 94.2550888062 1
63 29 94.2567749023 1
63 29 94.2621994019 1
63 29 94.2726745605 1
63 29 94.2745895386 1
63 29 94.2824935913 1
63 29 94.2865753174 1
63 29 94.3014831543 1
63 29 94.3109207153 1
63 29 94.3140258789 1
63 29 94.3185958862 1
63 29 94.3263320923 1
63 29 94.3385925293 1
63 29 94.340385437 1
63 29 94.345375061 1
63 29 94.3491744995 1
63 29 94.3586654663 1
63 29 94.3781433105 1
63 29 94.3917999268 1
63 29 94.3934402466 1
63 29 94.4111480713 1
63 29 94.4166564941 1
63 29 94.4326400757 1
63 29 94.4463653564 1
63 29 94.4523773193 1
63 29 94.4677886963 1
63 29 94.4686050415 1
63 29 94.4967880249 1
63 29 94.4989624023 1
63 29 94.5162582397 1
63 29 94.5378265381 1
63 29 94.5384521484 1
63 29 94.5434494019 1
63 29 94.5603561401 1
63 29 94.5880355835 1
63 29 94.6015396118 1
63 29 94.6065368652 1
63 29 94.6280975342 1
63 29 94.6328735352 1
63 29 94.6468429565 1
63 29 94.685874939 1
63 29 94.6974945068 1
63 29 94.7055206299 1
63 29 94.7087860107 1
63 29 94.7123718262 1
63 29 94.7160339355 1
63 29 94.7294845581 1
63 29 94.7309646606 1
63 29 94.7314834595 1
63 29 94.7336959839 1
63 29 94.7559890747 1
63 29 94.8004302979 1
63 29 94.8035888672 1
63 29 94.807182312 1
63 29 94.8092956543 1
63 29 94.8197631836 1
63 29 94.8232421875 1
63 29 94.8339996338 1
63 29 94.8413467407 1
63 29 94.8572463989 1
63 29 94.8713150024 1
63 29 94.8723449707 1
63 29 94.8744888306 1
63 29 94.8805389404 1
63 29 94.8806304932 1
63 29 94.8927459717 1
63 29 94.9001541138 1
63 29 94.9072113037 1
63 29 94.9074020386 1
63 29 94.9149627686 1
63 29 94.9279022217 1
63 29 94.9632263184 1
63 29 94.9642791748 1
63 29 94.9664611816 1
63 29 94.9788894653 1
63 29 94.9918136597 1
63 29 94.9969940186 1
63 29 95.0093154907 1
63 29 95.0318756104 1
63 29 95.0599060059 1
63 29 95.0732727051 1
63 29 95.0961380005 1
63 29 95.1086349487 1
63 29 95.1160812378 1
63 29 95.1250915527 1
63 29 95.1406860352 1
63 29 95.1620941162 1
63 29 95.1669464111 1
63 29 95.1864776611 1
63 29 95.1923980713 1
63 29 95.2046203613 1
63 29 95.2174835205 1
63 29 95.2181777954 1
63 29 95.2197952271 1
63 29 95.225730896 1
63 29 95.226776123 1
63 29 95.2307891846 1
63 29 95.2337722778 1
63 29 95.2398147583 1
63 29 95.2573242188 1
63 29 95.2694320679 1
63 29 95.2823867798 1
63 29 95.286239624 1
63 29 95.2992782593 1
63 29 95.3079681396 1
63 29 95.3121566772 1
63 29 95.3146133423 1
63 29 95.3264083862 1
63 29 95.3369522095 1
63 29 95.3471755981 1
63 29 95.3506317139 1
63 29 95.3514099121 1
63 29 95.352645874 1
63 29 95.3574447632 1
63 29 95.3598937988 1
63 29 95.365776062 1
63 29 95.3814620972 1
63 29 95.4022674561 1
63 29 95.4044265747 1
63 29 95.4377670288 1
63 29 95.458442688 1
63 29 95.4786834717 1
63 29 95.4800338745 1
63 29 95.4923706055 1
63 29 95.4982910156 1
63 29 95.4998931885 1
63 29 95.5018234253 1
63 29 95.5048294067 1
63 29 95.5171737671 1
63 29 95.5377426147 1
63 29 95.552406311 1
63 29 95.5617675781 1
63 29 95.5741958618 1
63 29 95.5744476318 1
63 29 95.5959320068 1
63 29 95.6266021729 1
63 29 95.6335296631 1
63 29 95.6453323364 1
63 29 95.6712722778 1
63 29 95.6819534302 1
63 29 95.6891021729 1
63 29 95.6936721802 1
63 29 95.6945800781 1
63 29 95.7093429565 1
63 29 95.7118911743 1
63 29 95.7210922241 1
63 29 95.7297210693 1
63 29 95.7325897217 1
63 29 95.7331314087 1
63 29 95.7506790161 1
63 29 95.7807006836 1
63 29 95.7850112915 1
63 29 95.8562698364 1
63 29 95.8601226807 1
63 29 95.8698272705 1
63 29 95.8729629517 1
63 29 95.8964385986 1
63 29 95.898147583 1
63 29 95.9233474731 1
63 29 95.9330062866 1
63 29 95.9774475098 1
63 29 95.9794387817 1
63 29 95.9865646362 1
63 29 96.0361633301 1
63 29 96.0380325317 1
63 29 96.0865936279 1
63 29 96.1032485962 1
63 29 96.1173324585 1
63 29 96.134223938 1
63 29 96.1555175781 1
63 29 96.2066650391 1
63 29 96.2141647339 1
63 29 96.2178039551 1
63 29 96.2183151245 1
63 29 96.2204742432 1
63 29 96.2225036621 1
63 29 96.2315826416 1
63 29 96.2540283203 1
63 29 96.2565155029 1
63 29 96.2719497681 1
63 29 96.2720565796 1
63 29 96.2802429199 1
63 29 96.283164978 1
63 29 96.2917861938 1
63 29 96.3038406372 1
63 29 96.3143539429 1
63 29 96.3243637085 1
63 29 96.3292312622 1
63 29 96.3296356201 1
63 29 96.3409957886 1
63 29 96.3470916748 1
63 29 96.3492889404 1
63 29 96.3617706299 1
63 29 96.3628005981 1
63 29 96.3849639893 1
63 29 96.3946380615 1
63 29 96.4092102051 1
63 29 96.4303283691 1
63 29 96.4362716675 1
63 29 96.4413757324 1
63 29 96.4433059692 1
63 29 96.4467315674 1
63 29 96.4498672485 1
63 29 96.522857666 1
63 29 96.525177002 1
63 29 96.5281143188 1
63 29 96.5360870361 1
63 29 96.5385360718 1
63 29 96.5538711548 1
63 29 96.5713653564 1
63 29 96.5775146484 1
63 29 96.583442688 1
63 29 96.6041107178 1
63 29 96.6375198364 1
63 29 96.6375427246 1
63 29 96.6528091431 1
63 29 96.6532440186 1
63 29 96.6574630737 1
63 29 96.6591033936 1
63 29 96.6657562256 1
63 29 96.6784362793 1
63 29 96.6816482544 1
63 29 96.6863479614 1
63 29 96.6871643066 1
63 29 96.6964645386 1
63 29 96.7051696777 1
63 29 96.7068862915 1
63 29 96.7189865112 1
63 29 96.7229614258 1
63 29 96.7259140015 1
63 29 96.7419052124 1
63 29 96.7465133667 1
63 29 96.7617034912 1
63 29 96.7647094727 1
63 29 96.7782440186 1
63 29 96.8064727783 1
63 29 96.8153305054 1
63 29 96.8199920654 1
63 29 96.8388824463 1
63 29 96.8573074341 1
63 29 96.8666229248 1
63 29 96.8750610352 1
63 29 96.8826141357 1
63 29 96.8894577026 1
63 29 96.9070129395 1
63 29 96.9071578979 1
63 29 96.9365844727 1
63 29 96.9392929077 1
63 29 96.9442062378 1
63 29 96.9674453735 1
63 29 96.9771881104 1
63 29 96.9777984619 1
63 29 97.0047149658 1
63 29 97.0273284912 1
63 29 97.0290374756 1
63 29 97.029258728 1
63 29 97.0520019531 1
63 29 97.0546722412 1
63 29 97.079460144 1
63 29 97.0825576782 1
63 29 97.1153793335 1
63 29 97.1409606934 1
63 29 97.1598129272 1
63 29 97.1794281006 1
63 29 97.18359375 1
63 29 97.1861801147 1
63 29 97.190864563 1
63 29 97.1952285767 1
63 29 97.2004089355 1
63 29 97.210975647 1
63 29 97.2127532959 1
63 29 97.2130432129 1
63 29 97.2197723389 1
63 29 97.2274932861 1
63 29 97.2336730957 1
63 29 97.2451248169 1
63 29 97.2615966797 1
63 29 97.2768096924 1
63 29 97.2788925171 1
63 29 97.2910614014 1
63 29 97.3013153076 1
63 29 97.3016738892 1
63 29 97.3342132568 1
63 29 97.3448944092 1
63 29 97.3553771973 1
63 29 97.3630218506 1
63 29 97.3630599976 1
63 29 97.3735427856 1
63 29 97.3757629395 1
63 29 97.3896713257 1
63 29 97.3901367188 1
63 29 97.3926467896 1
63 29 97.3964920044 1
63 29 97.4254608154 1
63 29 97.4295883179 1
63 29 97.4394989014 1
63 29 97.4395446777 1
63 29 97.4434814453 1
63 29 97.4455108643 1
63 29 97.4513397217 1
63 29 97.4642410278 1
63 29 97.475692749 1
63 29 97.4935073853 1
63 29 97.4937820435 1
63 29 97.4945678711 1
63 29 97.5009384155 1
63 29 97.5013046265 1
63 29 97.5139541626 1
63 29 97.5201263428 1
63 29 97.5246429443 1
63 29 97.5313339233 1
63 29 97.5393676758 1
63 29 97.5453720093 1
63 29 97.5536880493 1
63 29 97.5557327271 1
63 29 97.6097717285 1
63 29 97.6170043945 1
63 29 97.6239242554 1
63 29 97.6518859863 1
63 29 97.6568527222 1
63 29 97.6779327393 1
63 29 97.6992721558 1
63 29 97.704750061 1
63 29 97.7095413208 1
63 29 97.7163009644 1
63 29 97.7319259644 1
63 29 97.7326278687 1
63 29 97.7368850708 1
63 29 97.7485122681 1
63 29 97.7515792847 1
63 29 97.7794799805 1
63 29 97.805557251 1
63 29 97.8262023926 1
63 29 97.8391571045 1
63 29 97.8398666382 1
63 29 97.842956543 1
63 29 97.85962677 1
63 29 97.8620834351 1
63 29 97.8673477173 1
63 29 97.8748626709 1
63 29 97.8994674683 1
63 29 97.9120941162 1
63 29 97.9395370483 1
63 29 97.9480819702 1
63 29 97.9630050659 1
63 29 97.9664154053 1
63 29 97.9983825684 1
63 29 98.0020904541 1
63 29 98.0088272095 1
63 29 98.0297698975 1
63 29 98.0502929688 1
63 29 98.0580215454 1
63 29 98.0874328613 1
63 29 98.089881897 1
63 29 98.0984420776 1
63 29 98.1111907959 1
63 29 98.1218185425 1
63 29 98.1257705688 1
63 29 98.1350326538 1
63 29 98.146736145 1
63 29 98.1857299805 1
63 29 98.1932983398 1
63 29 98.2082214355 1
63 29 98.2085952759 1
63 29 98.2097625732 1
63 29 98.2243118286 1
63 29 98.2293777466 1
63 29 98.2453765869 1
63 29 98.2789382935 1
63 29 98.3460922241 1
63 29 98.3781356812 1
63 29 98.4010696411 1
63 29 98.4019546509 1
63 29 98.4353790283 1
63 29 98.4421844482 1
63 29 98.46849823 1
63 29 98.476348877 1
63 29 98.4765472412 1
63 29 98.4921722412 1
63 29 98.493812561 1
63 29 98.5055007935 1
63 29 98.5208816528 1
63 29 98.5243759155 1
63 29 98.5343856812 1
63 29 98.5367965698 1
63 29 98.5477218628 1
63 29 98.5526504517 1
63 29 98.5541229248 1
63 29 98.5853500366 1
63 29 98.6005477905 1
63 29 98.6128845215 1
63 29 98.6312789917 1
63 29 98.6337585449 1
63 29 98.6522064209 1
63 29 98.6757354736 1
63 29 98.6773071289 1
63 29 98.7168121338 1
63 29 98.717666626 1
63 29 98.7217407227 1
63 29 98.7276535034 1
63 29 98.7280731201 1
63 29 98.7356491089 1
63 29 98.7379837036 1
63 29 98.7640533447 1
63 29 98.7642211914 1
63 29 98.7712860107 1
63 29 98.8457641602 1
63 29 98.849647522 1
63 29 98.8529586792 1
63 29 98.8739089966 1
63 29 98.8795852661 1
63 29 98.8821792603 1
63 29 98.8898239136 1
63 29 98.8900527954 1
63 29 98.8910446167 1
63 29 98.9090194702 1
63 29 98.9109725952 1
63 29 98.9297790527 1
63 29 98.9577178955 1
63 29 98.9809112549 1
63 29 98.9845428467 1
63 29 98.9887466431 1
63 29 98.9924545288 1
63 29 99.0058441162 1
63 29 99.0121002197 1
63 29 99.0157012939 1
63 29 99.0257568359 1
63 29 99.0325469971 1
63 29 99.0510559082 1
63 29 99.0620651245 1
63 29 99.0653457642 1
63 29 99.0699310303 1
63 29 99.0719985962 1
63 29 99.0731735229 1
63 29 99.0747909546 1
63 29 99.0816574097 1
63 29 99.0871047974 1
63 29 99.0871505737 1
63 29 99.0882263184 1
63 29 99.0906066895 1
63 29 99.1194076538 1
63 29 99.1287002563 1
63 29 99.1343765259 1
63 29 99.1351928711 1
63 29 99.1411895752 1
63 29 99.1482467651 1
63 29 99.1577606201 1
63 29 99.1608123779 1
63 29 99.1779327393 1
63 29 99.1838531494 1
63 29 99.2129058838 1
63 29 99.21925354 1
63 29 99.2461853027 1
63 29 99.2478713989 1
63 29 99.2581634521 1
63 29 99.2725448608 1
63 29 99.2800369263 1
63 29 99.2810974121 1
63 29 99.2823562622 1
63 29 99.3364028931 1
63 29 99.3435821533 1
63 29 99.3506240845 1
63 29 99.3663711548 1
63 29 99.3689804077 1
63 29 99.3711395264 1
63 29 99.4163589478 1
63 29 99.4211120605 1
63 29 99.4241867065 1
63 29 99.4321899414 1
63 29 99.439743042 1
63 29 99.4647903442 1
63 29 99.4707336426 1
63 29 99.4859695435 1
63 29 99.4989242554 1
63 29 99.5013275146 1
63 29 99.515296936 1
63 29 99.5198135376 1
63 29 99.5527267456 1
63 29 99.5619812012 1
63 29 99.6155776978 1
63 29 99.6163024902 1
63 29 99.627746582 1
63 29 99.6327362061 1
63 29 99.6449356079 1
63 29 99.6620254517 1
63 29 99.6628265381 1
63 29 99.6739578247 1
63 29 99.6858673096 1
63 29 99.6959762573 1
63 29 99.7036972046 1
63 29 99.7442932129 1
63 29 99.7542648315 1
63 29 99.7661437988 1
63 29 99.7680130005 1
63 29 99.7761917114 1
63 29 99.7790985107 1
63 29 99.7846374512 1
63 29 99.8194351196 1
63 29 99.8220825195 1
63 29 99.8400115967 1
63 29 99.840713501 1
63 29 99.8987884521 1
63 29 99.9132156372 1
63 29 99.9458465576 1
63 29 99.9638137817 1
63 29 99.9674987793 1
63 29 99.9764099121 1
63 29 99.9989089966 1
63 29 100.032691956 1
63 29 100.032958984 1
63 29 100.055953979 1
63 29 100.096046448 1
63 29 100.096313477 1
63 29 100.106140137 1
63 29 100.109313965 1
63 29 100.118057251 1
63 29 100.13217926 1
63 29 100.147972107 1
63 29 100.165924072 1
63 29 100.178894043 1
63 29 100.191497803 1
63 29 100.236534119 1
63 29 100.253135681 1
63 29 100.255722046 1
63 29 100.264968872 1
63 29 100.26864624 1
63 29 100.287521362 1
63 29 100.326805115 1
63 29 100.333953857 1
63 29 100.349533081 1
63 29 100.361793518 1
63 29 100.379501343 1
63 29 100.446708679 1
63 29 100.449302673 1
63 29 100.4633255 1
63 29 100.480682373 1
63 29 100.485176086 1
63 29 100.504211426 1
63 29 100.512611389 1
63 29 100.519088745 1
63 29 100.534706116 1
63 29 100.557739258 1
63 29 100.561508179 1
63 29 100.572746277 1
63 29 100.592300415 1
63 29 100.600639343 1
63 29 100.601531982 1
63 29 100.615089417 1
63 29 100.637931824 1
63 29 100.646118164 1
63 29 100.657905579 1
63 29 100.681549072 1
63 29 100.693389893 1
63 29 100.725540161 1
63 29 100.743011475 1
63 29 100.765045166 1
63 29 100.786125183 1
63 29 100.808387756 1
63 29 100.824447632 1
63 29 100.839935303 1
63 29 100.847496033 1
63 29 100.859306335 1
63 29 100.869056702 1
63 29 100.877235413 1
63 29 100.890075684 1
63 29 100.986213684 1
63 29 101.015045166 1
63 29 101.04360199 1
63 29 101.056648254 1
63 29 101.065925598 1
63 29 101.066078186 1
63 29 101.07699585 1
63 29 101.091789246 1
63 29 101.094268799 1
63 29 101.101844788 1
63 29 101.140075684 1
63 29 101.146278381 1
63 29 101.156211853 1
63 29 101.169723511 1
63 29 101.185897827 1
63 29 101.186538696 1
63 29 101.205184937 1
63 29 101.2109375 1
63 29 101.216896057 1
63 29 101.242126465 1
63 29 101.290176392 1
63 29 101.335662842 1
63 29 101.348777771 1
63 29 101.361801147 1
63 29 101.404663086 1
63 29 101.452590942 1
63 29 101.485206604 1
63 29 101.528526306 1
63 29 101.565261841 1
63 29 101.565971375 1
63 29 101.590484619 1
63 29 101.595443726 1
63 29 101.62021637 1
63 29 101.650718689 1
63 29 101.656150818 1
63 29 101.668083191 1
63 29 101.677101135 1
63 29 101.679718018 1
63 29 101.735809326 1
63 29 101.739227295 1
63 29 101.777854919 1
63 29 101.77922821 1
63 29 101.847564697 1
63 29 101.856750488 1
63 29 101.881652832 1
63 29 101.895011902 1
63 29 101.8959198 1
63 29 101.903205872 1
63 29 101.906341553 1
63 29 101.927688599 1
63 29 101.938796997 1
63 29 101.939109802 1
63 29 101.939231873 1
63 29 101.939338684 1
63 29 101.947540283 1
63 29 101.96018219 1
63 29 101.999687195 1
63 29 102.001495361 1
63 29 102.068367004 1
63 29 102.073364258 1
63 29 102.117210388 1
63 29 102.146621704 1
63 29 102.156433105 1
63 29 102.158782959 1
63 29 102.166893005 1
63 29 102.194496155 1
63 29 102.194519043 1
63 29 102.199378967 1
63 29 102.219337463 1
63 29 102.223739624 1
63 29 102.226989746 1
63 29 102.228286743 1
63 29 102.253211975 1
63 29 102.258270264 1
63 29 102.259361267 1
63 29 102.263442993 1
63 29 102.264030457 1
63 29 102.266532898 1
63 29 102.282814026 1
63 29 102.289085388 1
63 29 102.321731567 1
63 29 102.345787048 1
63 29 102.349807739 1
63 29 102.362556458 1
63 29 102.367988586 1
63 29 102.368888855 1
63 29 102.382995605 1
63 29 102.390586853 1
63 29 102.402519226 1
63 29 102.40499115 1
63 29 102.408912659 1
63 29 102.444351196 1
63 29 102.473258972 1
63 29 102.512451172 1
63 29 102.51322937 1
63 29 102.532196045 1
63 29 102.54069519 1
63 29 102.544631958 1
63 29 102.557426453 1
63 29 102.567604065 1
63 29 102.576293945 1
63 29 102.578277588 1
63 29 102.598617554 1
63 29 102.612937927 1
63 29 102.628334045 1
63 29 102.675033569 1
63 29 102.722610474 1
63 29 102.73828125 1
63 29 102.770317078 1
63 29 102.837669373 1
63 29 102.847328186 1
63 29 102.854476929 1
63 29 102.878128052 1
63 29 102.878517151 1
63 29 102.88306427 1
63 29 102.89251709 1
63 29 102.904518127 1
63 29 102.904556274 1
63 29 102.916213989 1
63 29 102.920066833 1
63 29 102.960975647 1
63 29 102.976417542 1
63 29 102.998603821 1
63 29 103.022796631 1
63 29 103.034561157 1
63 29 103.04536438 1
63 29 103.050933838 1
63 29 103.070144653 1
63 29 103.118431091 1
63 29 103.137023926 1
63 29 103.138755798 1
63 29 103.146728516 1
63 29 103.163269043 1
63 29 103.180488586 1
63 29 103.212936401 1
63 29 103.230804443 1
63 29 103.244430542 1
63 29 103.2449646 1
63 29 103.245697021 1
63 29 103.281425476 1
63 29 103.289024353 1
63 29 103.292564392 1
63 29 103.310455322 1
63 29 103.315116882 1
63 29 103.365180969 1
63 29 103.379707336 1
63 29 103.384315491 1
63 29 103.395240784 1
63 29 103.438453674 1
63 29 103.46346283 1
63 29 103.480354309 1
63 29 103.482749939 1
63 29 103.511405945 1
63 29 103.515213013 1
63 29 103.527122498 1
63 29 103.52910614 1
63 29 103.5597229 1
63 29 103.578765869 1
63 29 103.583717346 1
63 29 103.611335754 1
63 29 103.621177673 1
63 29 103.635940552 1
63 29 103.663070679 1
63 29 103.663551331 1
63 29 103.686080933 1
63 29 103.754753113 1
63 29 103.792381287 1
63 29 103.796783447 1
63 29 103.822235107 1
63 29 103.851356506 1
63 29 103.879013062 1
63 29 103.883628845 1
63 29 103.894615173 1
63 29 103.909706116 1
63 29 103.915412903 1
63 29 103.920288086 1
63 29 103.945266724 1
63 29 103.961044312 1
63 29 103.970626831 1
63 29 104.072402954 1
63 29 104.09777832 1
63 29 104.098670959 1
63 29 104.117027283 1
63 29 104.169403076 1
63 29 104.232635498 1
63 29 104.259895325 1
63 29 104.269348145 1
63 29 104.299324036 1
63 29 104.333854675 1
63 29 104.423965454 1
63 29 104.470977783 1
63 29 104.529754639 1
63 29 104.544586182 1
63 29 104.556030273 1
63 29 104.564735413 1
63 29 104.595809937 1
63 29 104.613731384 1
63 29 104.634689331 1
63 29 104.693489075 1
63 29 104.715629578 1
63 29 104.720329285 1
63 29 104.72052002 1
63 29 104.801223755 1
63 29 104.801445007 1
63 29 104.801849365 1
63 29 104.818450928 1
63 29 104.819206238 1
63 29 104.823295593 1
63 29 104.8462677 1
63 29 104.864082336 1
63 29 104.866020203 1
63 29 104.877357483 1
63 29 104.921913147 1
63 29 104.933906555 1
63 29 104.998054504 1
63 29 105.012489319 1
63 29 105.01486969 1
63 29 105.029762268 1
63 29 105.033180237 1
63 29 105.037628174 1
63 29 105.146858215 1
63 29 105.157096863 1
63 29 105.168983459 1
63 29 105.178390503 1
63 29 105.306129456 1
63 29 105.315765381 1
63 29 105.403648376 1
63 29 105.403800964 1
63 29 105.404716492 1
63 29 105.414215088 1
63 29 105.534423828 1
63 29 105.574356079 1
63 29 105.574478149 1
63 29 105.58631897 1
63 29 105.602012634 1
63 29 105.608276367 1
63 29 105.683242798 1
63 29 105.728485107 1
63 29 105.745658875 1
63 29 105.761207581 1
63 29 105.761619568 1
63 29 105.774452209 1
63 29 105.780952454 1
63 29 105.785461426 1
63 29 105.811836243 1
63 29 105.901176453 1
63 29 105.908554077 1
63 29 105.917411804 1
63 29 105.927642822 1
63 29 105.97743988 1
63 29 105.991195679 1
63 29 105.998336792 1
63 29 106.033729553 1
63 29 106.092063904 1
63 29 106.09614563 1
63 29 106.132400513 1
63 29 106.132659912 1
63 29 106.135696411 1
63 29 106.175628662 1
63 29 106.206855774 1
63 29 106.235794067 1
63 29 106.323638916 1
63 29 106.389770508 1
63 29 106.412261963 1
63 29 106.425262451 1
63 29 106.468887329 1
63 29 106.470527649 1
63 29 106.481079102 1
63 29 106.482574463 1
63 29 106.517372131 1
63 29 106.522819519 1
63 29 106.558380127 1
63 29 106.559661865 1
63 29 106.58216095 1
63 29 106.584236145 1
63 29 106.590705872 1
63 29 106.669769287 1
63 29 106.709289551 1
63 29 106.726776123 1
63 29 106.730438232 1
63 29 106.751953125 1
63 29 106.753005981 1
63 29 106.771446228 1
63 29 106.801376343 1
63 29 106.808181763 1
63 29 106.811775208 1
63 29 106.839530945 1
63 29 106.846359253 1
63 29 106.86492157 1
63 29 106.871208191 1
63 29 106.952781677 1
63 29 106.989234924 1
63 29 107.009529114 1
63 29 107.049194336 1
63 29 107.146003723 1
63 29 107.157493591 1
63 29 107.207244873 1
63 29 107.275421143 1
63 29 107.309951782 1
63 29 107.311470032 1
63 29 107.366424561 1
63 29 107.400924683 1
63 29 107.438804626 1
63 29 107.45500946 1
63 29 107.474090576 1
63 29 107.500312805 1
63 29 107.512931824 1
63 29 107.51612854 1
63 29 107.521774292 1
63 29 107.543869019 1
63 29 107.575874329 1
63 29 107.588951111 1
63 29 107.598144531 1
63 29 107.630073547 1
63 29 107.732635498 1
63 29 107.791854858 1
63 29 107.805130005 1
63 29 107.821853638 1
63 29 107.831611633 1
63 29 107.851211548 1
63 29 107.858947754 1
63 29 107.869483948 1
63 29 107.941726685 1
63 29 107.975784302 1
63 29 107.97959137 1
63 29 108.020828247 1
63 29 108.037940979 1
63 29 108.089889526 1
63 29 108.091316223 1
63 29 108.145149231 1
63 29 108.202590942 1
63 29 108.24155426 1
63 29 108.261222839 1
63 29 108.274658203 1
63 29 108.320747375 1
63 29 108.324302673 1
63 29 108.341293335 1
63 29 108.341873169 1
63 29 108.350997925 1
63 29 108.366203308 1
63 29 108.37122345 1
63 29 108.406524658 1
63 29 108.416183472 1
63 29 108.446876526 1
63 29 108.45148468 1
63 29 108.468383789 1
63 29 108.497840881 1
63 29 108.536209106 1
63 29 108.563926697 1
63 29 108.565315247 1
63 29 108.577262878 1
63 29 108.583206177 1
63 29 108.647117615 1
63 29 108.714637756 1
63 29 108.715705872 1
63 29 108.739982605 1
63 29 108.754837036 1
63 29 108.763969421 1
63 29 108.784866333 1
63 29 108.836257935 1
63 29 108.839050293 1
63 29 108.842582703 1
63 29 108.855453491 1
63 29 108.890052795 1
63 29 108.958480835 1
63 29 109.049171448 1
63 29 109.095367432 1
63 29 109.118812561 1
63 29 109.140274048 1
63 29 109.151313782 1
63 29 109.167907715 1
63 29 109.178466797 1
63 29 109.182106018 1
63 29 109.215270996 1
63 29 109.352172852 1
63 29 109.448219299 1
63 29 109.455535889 1
63 29 109.554489136 1
63 29 109.558647156 1
63 29 109.583282471 1
63 29 109.584098816 1
63 29 109.629608154 1
63 29 109.688354492 1
63 29 109.714424133 1
63 29 109.732933044 1
63 29 109.840759277 1
63 29 109.856140137 1
63 29 110.043014526 1
63 29 110.050041199 1
63 29 110.050125122 1
63 29 110.059631348 1
63 29 110.087265015 1
63 29 110.089172363 1
63 29 110.092201233 1
63 29 110.158744812 1
63 29 110.233924866 1
63 29 110.273040771 1
63 29 110.321861267 1
63 29 110.336105347 1
63 29 110.341041565 1
63 29 110.372642517 1
63 29 110.385215759 1
63 29 110.432136536 1
63 29 110.442512512 1
63 29 110.48992157 1
63 29 110.495834351 1
63 29 110.510871887 1
63 29 110.514175415 1
63 29 110.561523438 1
63 29 110.592132568 1
63 29 110.663459778 1
63 29 110.669754028 1
63 29 110.768432617 1
63 29 110.799301147 1
63 29 110.817878723 1
63 29 110.880607605 1
63 29 110.951377869 1
63 29 110.993850708 1
63 29 111.028869629 1
63 29 111.030128479 1
63 29 111.032989502 1
63 29 111.048690796 1
63 29 111.05796051 1
63 29 111.063796997 1
63 29 111.130981445 1
63 29 111.158836365 1
63 29 111.199966431 1
63 29 111.200759888 1
63 29 111.261245728 1
63 29 111.295814514 1
63 29 111.361419678 1
63 29 111.373199463 1
63 29 111.396850586 1
63 29 111.65877533 1
63 29 111.706756592 1
63 29 111.721282959 1
63 29 111.902053833 1
63 29 111.913345337 1
63 29 111.918632507 1
63 29 111.99937439 1
63 29 112.080848694 1
63 29 112.081512451 1
63 29 112.109451294 1
63 29 112.170547485 1
63 29 112.17716217 1
63 29 112.20954895 1
63 29 112.214187622 1
63 29 112.286903381 1
63 29 112.441177368 1
63 29 112.490447998 1
63 29 112.50793457 1
63 29 112.509185791 1
63 29 112.556243896 1
63 29 112.632301331 1
63 29 112.676567078 1
63 29 112.686859131 1
63 29 112.69480896 1
63 29 112.749229431 1
63 29 112.788902283 1
63 29 112.923316956 1
63 29 113.16532135 1
63 29 113.174499512 1
63 29 113.190658569 1
63 29 113.248886108 1
63 29 113.25958252 1
63 29 113.29675293 1
63 29 113.311676025 1
63 29 113.346672058 1
63 29 113.390403748 1
63 29 113.406112671 1
63 29 113.420860291 1
63 29 113.471359253 1
63 29 113.486785889 1
63 29 113.570251465 1
63 29 113.814880371 1
63 29 113.84563446 1
63 29 113.867881775 1
63 29 113.888130188 1
63 29 113.910064697 1
63 29 113.939956665 1
63 29 114.003868103 1
63 29 114.044044495 1
63 29 114.078857422 1
63 29 114.115715027 1
63 29 114.151855469 1
63 29 114.2109375 1
63 29 114.223854065 1
63 29 114.243492126 1
63 29 114.367736816 1
63 29 114.440803528 1
63 29 114.466888428 1
63 29 114.518074036 1
63 29 114.528739929 1
63 29 114.54259491 1
63 29 114.66645813 1
63 29 114.675094604 1
63 29 114.686233521 1
63 29 114.794250488 1
63 29 114.88218689 1
63 29 114.92502594 1
63 29 115.093170166 1
63 29 115.121398926 1
63 29 115.233650208 1
63 29 115.318466187 1
63 29 115.332832336 1
63 29 115.366950989 1
63 29 115.399650574 1
63 29 115.512191772 1
63 29 115.57183075 1
63 29 115.607383728 1
63 29 115.612121582 1
63 29 115.623756409 1
63 29 115.701850891 1
63 29 115.724060059 1
63 29 115.741012573 1
63 29 115.777687073 1
63 29 116.095031738 1
63 29 116.112930298 1
63 29 116.179428101 1
63 29 116.187156677 1
63 29 116.235481262 1
63 29 116.2395401 1
63 29 116.553825378 1
63 29 116.568710327 1
63 29 116.586082458 1
63 29 116.623580933 1
63 29 116.75390625 1
63 29 116.798110962 1
63 29 116.888328552 1
63 29 116.888893127 1
63 29 116.92149353 1
63 29 117.011489868 1
63 29 117.036468506 1
63 29 117.157859802 1
63 29 117.18837738 1
63 29 117.344490051 1
63 29 117.396362305 1
63 29 117.50202179 1
63 29 117.56652832 1
63 29 117.583366394 1
63 29 117.838096619 1
63 29 117.922050476 1
63 29 117.941162109 1
63 29 118.026741028 1
63 29 118.269218445 1
63 29 118.371070862 1
63 29 118.706504822 1
63 29 118.714691162 1
63 29 118.841217041 1
63 29 118.990501404 1
63 29 119.111846924 1
63 29 119.14553833 1
63 29 119.241249084 1
63 29 119.265663147 1
63 29 119.281135559 1
63 29 119.337471008 1
63 29 119.362991333 1
63 29 119.369644165 1
63 29 119.458869934 1
63 29 119.542358398 1
63 29 119.594062805 1
63 29 119.629257202 1
63 29 119.732162476 1
63 29 119.735420227 1
63 29 119.905273438 1
63 29 119.927940369 1
63 29 119.965110779 1
63 29 120.15788269 1
63 29 120.188415527 1
63 29 120.241676331 1
63 29 120.275924683 1
63 29 120.325416565 1
63 29 120.431808472 1
63 29 120.434204102 1
63 29 120.492744446 1
63 29 120.572647095 1
63 29 120.638648987 1
63 29 120.793251038 1
63 29 120.836677551 1
63 29 120.866615295 1
63 29 120.885726929 1
63 29 120.916137695 1
63 29 120.962257385 1
63 29 120.980102539 1
63 29 121.027275085 1
63 29 121.088195801 1
63 29 121.093559265 1
63 29 121.124557495 1
63 29 121.190750122 1
63 29 121.321937561 1
63 29 121.561157227 1
63 29 121.61945343 1
63 29 121.634162903 1
63 29 121.648223877 1
63 29 121.856964111 1
63 29 121.905883789 1
63 29 121.90612793 1
63 29 121.97151947 1
63 29 122.037971497 1
63 29 122.129653931 1
63 29 122.162567139 1
63 29 122.166534424 1
63 29 122.209716797 1
63 29 122.348381042 1
63 29 122.420837402 1
63 29 122.557556152 1
63 29 122.558410645 1
63 29 122.582572937 1
63 29 122.696617126 1
63 29 122.713249207 1
63 29 122.747955322 1
63 29 122.81627655 1
63 29 122.875190735 1
63 29 122.880104065 1
63 29 122.923751831 1
63 29 123.040878296 1
63 29 123.146781921 1
63 29 123.257881165 1
63 29 123.260421753 1
63 29 123.302284241 1
63 29 123.306274414 1
63 29 123.42111969 1
63 29 123.424087524 1
63 29 123.508712769 1
63 29 123.534492493 1
63 29 124.087585449 1
63 29 124.101531982 1
63 29 124.157539368 1
63 29 124.159843445 1
63 29 124.61580658 1
63 29 124.878623962 1
63 29 125.231384277 1
63 29 125.37612915 1
63 29 125.476799011 1
63 29 125.704208374 1
63 29 125.71661377 1
63 29 125.72593689 1
63 29 125.887626648 1
63 29 126.022697449 1
63 29 126.121047974 1
63 29 126.186302185 1
63 29 126.218833923 1
63 29 126.450775146 1
63 29 126.453369141 1
63 29 126.488967896 1
63 29 126.584182739 1
63 29 126.674201965 1
63 29 127.127662659 1
63 29 127.143890381 1
63 29 127.228630066 1
63 29 127.357749939 1
63 29 127.447647095 1
63 29 127.463378906 1
63 29 128.353973389 1
63 29 128.371490479 1
63 29 128.41947937 1
63 29 128.857299805 1
63 29 129.284408569 1
63 29 129.352096558 1
63 29 129.415115356 1
63 29 129.780548096 1
63 29 129.825424194 1
63 29 130.14704895 1
63 29 130.172042847 1
63 29 130.276000977 1
63 29 130.311309814 1
63 29 130.346633911 1
63 29 130.416564941 1
63 29 130.583572388 1
63 29 130.609848022 1
63 29 131.028366089 1
63 29 131.200744629 1
63 29 131.377593994 1
63 29 131.7837677 1
63 29 131.860870361 1
63 29 131.918777466 1
63 29 131.924530029 1
63 29 131.926940918 1
63 29 131.936447144 1
63 29 132.018157959 1
63 29 132.197296143 1
63 29 132.342010498 1
63 29 132.616424561 1
63 29 132.81427002 1
63 29 132.913787842 1
63 29 133.101501465 1
63 29 133.167907715 1
63 29 133.288970947 1
63 29 133.441253662 1
63 29 133.471923828 1
63 29 133.477493286 1
63 29 133.625991821 1
63 29 133.655883789 1
63 29 133.688171387 1
63 29 133.694900513 1
63 29 133.813522339 1
63 29 133.906829834 1
63 29 133.96762085 1
63 29 133.986602783 1
63 29 134.24395752 1
63 29 134.314437866 1
63 29 134.381744385 1
63 29 134.481994629 1
63 29 134.55871582 1
63 29 134.614624023 1
63 29 134.712295532 1
63 29 134.824310303 1
63 29 135.042495728 1
63 29 135.05027771 1
63 29 135.273986816 1
63 29 136.009963989 1
63 29 136.100219727 1
63 29 136.221588135 1
63 29 136.227600098 1
63 29 136.314544678 1
63 29 136.430389404 1
63 29 136.546478271 1
63 29 136.596282959 1
63 29 137.071395874 1
63 29 137.110977173 1
63 29 137.327560425 1
63 29 137.350372314 1
63 29 137.383529663 1
63 29 137.636489868 1
63 29 137.731201172 1
63 29 137.751541138 1
63 29 137.868804932 1
63 29 137.979751587 1
63 29 138.149002075 1
63 29 138.697753906 1
63 29 138.961700439 1
63 29 139.04901123 1
63 29 139.059082031 1
63 29 139.629196167 1
63 29 139.890533447 1
63 29 139.970489502 1
63 29 140.370880127 1
63 29 140.680923462 1
63 29 140.758956909 1
63 29 140.942733765 1
63 29 141.078384399 1
63 29 141.302185059 1
63 29 141.930770874 1
63 29 142.265426636 1
63 29 142.594451904 1
63 29 142.757263184 1
63 29 142.771072388 1
63 29 142.865158081 1
63 29 142.8984375 1
63 29 142.906906128 1
63 29 142.948608398 1
63 29 143.175292969 1
63 29 143.546264648 1
63 29 144.015731812 1
63 29 144.073150635 1
63 29 144.16178894 1
63 29 144.257064819 1
63 29 144.374816895 1
63 29 144.461105347 1
63 29 144.490142822 1
63 29 144.760604858 1
63 29 145.011642456 1
63 29 145.038879395 1
63 29 145.464157104 1
63 29 145.644699097 1
63 29 145.882263184 1
63 29 146.232528687 1
63 29 146.390304565 1
63 29 146.41192627 1
63 29 146.578460693 1
63 29 146.670837402 1
63 29 147.129684448 1
63 29 147.257125854 1
63 29 147.352828979 1
63 29 147.510787964 1
63 29 147.630584717 1
63 29 147.664306641 1
63 29 147.780532837 1
63 29 148.268554688 1
63 29 148.316772461 1
63 29 148.361938477 1
63 29 148.529953003 1
63 29 148.816375732 1
63 29 148.902893066 1
63 29 149.238128662 1
63 29 149.566192627 1
63 29 149.581161499 1
63 29 149.682098389 1
63 29 149.765060425 1
63 29 150.265960693 1
63 29 150.271179199 1
63 29 150.289382935 1
63 29 150.483123779 1
63 29 150.577819824 1
63 29 150.780212402 1
63 29 151.149536133 1
63 29 151.377990723 1
63 29 151.481735229 1
63 29 151.751602173 1
63 29 152.44342041 1
63 29 152.499649048 1
63 29 152.573287964 1
63 29 152.614746094 1
63 29 152.971069336 1
63 29 153.766860962 1
63 29 154.021789551 1
63 29 154.046615601 1
63 29 154.164047241 1
63 29 154.946304321 1
63 29 155.144897461 1
63 29 155.252868652 1
63 29 155.413345337 1
63 29 155.44543457 1
63 29 156.083526611 1
63 29 156.158828735 1
63 29 156.832122803 1
63 29 157.031860352 1
63 29 157.734634399 1
63 29 158.513397217 1
63 29 159.367782593 1
63 29 159.652801514 1
63 29 159.86315918 1
63 29 160.71005249 1
63 29 162.108978271 1
63 29 162.131759644 1
63 29 162.490966797 1
63 29 162.833282471 1
63 29 162.83555603 1
63 29 165.434143066 1
63 29 165.845275879 1
63 29 166.055145264 1
63 29 166.143173218 1
63 29 166.32749939 1
63 29 167.284408569 1
63 29 167.366714478 1
63 29 167.367141724 1
63 29 167.419189453 1
63 29 167.530426025 1
63 29 167.603363037 1
63 29 167.689529419 1
63 29 170.510665894 1
63 29 171.301330566 1
63 29 172.207611084 1
63 29 173.17388916 1
63 29 174.3934021 1
63 29 177.006988525 1
63 29 177.320770264 1
63 29 177.933792114 1
63 29 178.544631958 1
63 29 178.944381714 1
63 29 180.234786987 1
63 29 181.472167969 1
63 29 182.197860718 1
63 29 182.782897949 1
63 29 183.413894653 1
63 29 184.167129517 1
63 29 184.416259766 1
63 29 185.991394043 1
63 29 186.103469849 1
63 29 187.51159668 1
63 29 187.966522217 1
63 29 188.599029541 1
63 29 191.948104858 1
63 29 193.13470459 1
63 29 193.614486694 1
63 29 194.03302002 1
63 29 194.294342041 1
63 29 194.836608887 1
63 29 195.497955322 1
63 29 198.46661377 1
63 29 198.694244385 1
63 29 199.327056885 1
63 29 200.543899536 1
63 29 201.619216919 1
63 29 202.093826294 1
63 29 202.338760376 1
63 29 203.160858154 1
63 29 204.051849365 1
63 29 204.160095215 1
63 29 204.426803589 1
63 29 206.788589478 1
63 29 209.536422729 1
63 29 210.417037964 1
63 29 211.137878418 1
63 29 211.429138184 1
63 29 211.81022644 1
63 29 212.491592407 1
63 29 216.324615479 1
63 29 216.60887146 1
63 29 219.066696167 1
63 29 220.189483643 1
63 29 223.928405762 1
63 29 224.005432129 1
63 29 224.170928955 1
63 29 226.250961304 1
63 29 227.668243408 1
63 29 228.914291382 1
63 29 229.93963623 1
63 29 233.903808594 1
63 29 234.547286987 1
63 29 235.412734985 1
63 29 241.129379272 1
63 29 241.698486328 1
63 29 242.163818359 1
63 29 243.57409668 1
63 29 243.762969971 1
63 29 244.610824585 1
63 29 245.018051147 1
63 29 245.368743896 1
63 29 245.949188232 1
63 29 245.967849731 1
63 29 248.399169922 1
63 29 252.969085693 1
63 29 255.746398926 1
63 29 255.764373779 1
63 29 259.99041748 1
63 29 265.139373779 1
63 29 265.308776855 1
63 29 268.732696533 1
63 29 269.741485596 1
63 29 270.775604248 1
63 29 271.688934326 1
63 29 271.823638916 1
63 29 274.304290771 1
63 29 275.201904297 1
63 29 276.174041748 1
63 29 279.348846436 1
63 29 280.200439453 1
63 29 282.271697998 1
63 29 288.845306396 1
63 29 291.068115234 1
63 29 296.376098633 1
63 29 298.811828613 1
63 29 299.024993896 1
63 29 306.933044434 1
63 29 307.501525879 1
63 29 308.963317871 1
63 29 309.216796875 1
63 29 310.433502197 1
63 29 314.774993896 1
63 29 315.990966797 1
63 29 316.931152344 1
63 29 321.467773438 1
63 29 321.995178223 1
63 29 323.673339844 1
63 29 327.710662842 1
63 29 328.731262207 1
63 29 330.507324219 1
63 29 337.612884521 1
63 29 339.030090332 1
63 29 343.581329346 1
63 29 345.34072876 1
63 29 346.348449707 1
63 29 350.184051514 1
63 29 350.248168945 1
63 29 351.784454346 1
63 29 353.190673828 1
63 29 353.940643311 1
63 29 354.346343994 1
63 29 357.062957764 1
63 29 362.127044678 1
63 29 369.868621826 1
63 29 370.740020752 1
63 29 374.480651855 1
63 29 379.815246582 1
63 29 380.257171631 1
63 29 381.418243408 1
63 29 385.136230469 1
63 29 386.406616211 1
63 29 398.572418213 1
63 29 420.816497803 1
63 29 424.361724854 1
63 29 435.570739746 1
63 29 435.896179199 1
63 29 436.8125 1
63 29 446.029693604 1
63 29 448.342285156 1
63 29 457.696258545 1
63 29 461.059967041 1
63 29 462.512115479 1
63 29 475.23336792 1
63 29 487.347564697 1
63 29 493.710479736 1
63 29 505.764190674 1
63 29 554.986938477 1
63 29 579.407653809 1
63 29 594.801269531 1
63 29 599.148742676 1
63 29 602.522705078 1
63 29 612.93548584 1
63 29 623.88861084 1
63 29 624.668029785 1
63 29 651.953369141 1
63 29 658.561828613 1
63 29 659.765441895 1
63 29 665.216796875 1
63 29 674.884399414 1
63 29 675.24041748 1
63 29 677.329040527 1
63 29 696.264892578 1
63 29 718.832946777 1
63 29 721.879211426 1
63 29 760.927185059 1
63 29 765.825683594 1
63 29 771.94128418 1
63 29 779.577819824 1
63 29 789.17755127 1
63 29 815.821899414 1
63 29 847.556152344 1
63 29 874.79486084 1
63 29 1018.95715332 1
63 29 1038.83410645 1
63 29 1069.60095215 1
63 29 1086.41772461 1
63 29 1108.40014648 1
63 29 1149.95019531 1
63 29 1194.42797852 1
63 29 1215.13391113 1
63 31 94.0159759521 1
63 31 94.5535583496 1
63 31 97.5604171753 1
63 31 98.0067367554 1
63 31 107.614212036 1
63 31 108.787185669 1
63 31 110.150619507 1
63 31 112.079780579 1
63 31 116.773971558 1
63 31 118.206245422 1
63 31 122.838783264 1
63 31 126.185119629 1
63 31 127.295448303 1
63 31 128.334960938 1
63 31 129.068191528 1
63 31 129.348571777 1
63 31 129.581008911 1
63 31 131.026260376 1
63 31 131.559127808 1
63 31 131.745117188 1
63 31 132.080047607 1
63 31 134.971328735 1
63 31 135.073745728 1
63 31 135.395492554 1
63 31 137.450790405 1
63 31 144.724884033 1
63 31 145.133560181 1
63 31 145.367599487 1
63 31 147.096298218 1
63 31 148.675598145 1
63 31 148.928314209 1
63 31 149.208358765 1
63 31 150.640472412 1
63 31 151.839248657 1
63 31 152.012054443 1
63 31 152.264678955 1
63 31 152.763519287 1
63 31 153.12651062 1
63 31 154.915634155 1
63 31 157.491699219 1
63 31 159.158508301 1
63 31 161.552307129 1
63 31 161.903747559 1
63 31 162.301696777 1
63 31 163.484848022 1
63 31 164.225006104 1
63 31 165.971588135 1
63 31 166.999328613 1
63 31 168.744049072 1
63 31 169.099212646 1
63 31 173.177459717 1
63 31 175.807754517 1
63 31 177.014450073 1
63 31 177.457214355 1
63 31 177.885314941 1
63 31 179.203948975 1
63 31 179.35218811 1
63 31 180.557846069 1
63 31 182.212478638 1
63 31 185.593688965 1
63 31 185.902633667 1
63 31 186.069900513 1
63 31 187.80027771 1
63 31 189.372207642 1
63 31 195.665817261 1
63 31 196.213882446 1
63 31 202.046340942 1
63 31 204.983062744 1
63 31 205.224487305 1
63 31 205.384429932 1
63 31 209.602645874 1
63 31 211.386917114 1
63 31 212.493026733 1
63 31 218.155715942 1
63 31 219.107070923 1
63 31 220.174240112 1
63 31 220.388336182 1
63 31 220.846923828 1
63 31 222.124801636 1
63 31 223.483901978 1
63 31 224.493621826 1
63 31 226.227264404 1
63 31 227.199234009 1
63 31 228.910018921 1
63 31 229.107788086 1
63 31 230.023696899 1
63 31 230.70475769 1
63 31 234.331100464 1
63 31 239.080169678 1
63 31 247.347198486 1
63 31 250.369064331 1
63 31 251.029708862 1
63 31 251.504821777 1
63 31 257.916717529 1
63 31 258.127349854 1
63 31 258.618133545 1
63 31 262.468322754 1
63 31 262.521148682 1
63 31 266.813415527 1
63 31 267.127471924 1
63 31 270.157684326 1
63 31 271.321563721 1
63 31 272.334411621 1
63 31 277.128875732 1
63 31 277.575775146 1
63 31 277.640655518 1
63 31 280.498138428 1
63 31 280.962615967 1
63 31 284.768920898 1
63 31 285.956512451 1
63 31 291.00479126 1
63 31 292.640045166 1
63 31 296.836608887 1
63 31 297.708709717 1
63 31 299.354980469 1
63 31 299.757720947 1
63 31 301.111633301 1
63 31 303.205444336 1
63 31 308.487854004 1
63 31 309.312408447 1
63 31 315.103149414 1
63 31 322.108612061 1
63 31 323.114807129 1
63 31 327.132751465 1
63 31 329.294616699 1
63 31 329.929718018 1
63 31 339.377471924 1
63 31 339.981628418 1
63 31 341.650909424 1
63 31 346.903411865 1
63 31 355.665771484 1
63 31 357.537200928 1
63 31 362.020904541 1
63 31 364.340911865 1
63 31 365.849365234 1
63 31 369.95111084 1
63 31 373.109558105 1
63 31 377.036071777 1
63 31 380.498931885 1
63 31 380.745422363 1
63 31 411.210021973 1
63 31 413.833221436 1
63 31 417.074462891 1
63 31 421.746765137 1
63 31 422.391052246 1
63 31 425.206970215 1
63 31 426.60256958 1
63 31 427.869140625 1
63 31 431.011016846 1
63 31 433.5284729 1
63 31 449.033935547 1
63 31 449.389465332 1
63 31 449.679870605 1
63 31 449.788024902 1
63 31 461.832397461 1
63 31 470.602508545 1
63 31 472.524383545 1
63 31 488.160186768 1
63 31 499.16696167 1
63 31 499.311553955 1
63 31 507.862335205 1
63 31 509.350891113 1
63 31 517.959594727 1
63 31 525.74005127 1
63 31 532.590576172 1
63 31 541.342834473 1
63 31 547.01184082 1
63 31 547.348571777 1
63 31 558.401245117 1
63 31 572.697509766 1
63 31 578.089355469 1
63 31 582.992004395 1
63 31 586.650268555 1
63 31 595.918701172 1
63 31 612.983398438 1
63 31 647.329345703 1
63 31 649.597351074 1
63 31 679.497192383 1
63 31 694.297790527 1
63 31 706.135681152 1
63 31 706.562194824 1
63 31 729.849365234 1
63 31 736.268188477 1
63 31 835.715454102 1
63 31 850.289733887 1
63 31 854.565063477 1
63 31 911.49395752 1
63 31 917.49206543 1
63 31 935.497375488 1
63 31 952.139038086 1
63 31 1089.2277832 1
63 31 1153.69702148 1
63 31 1200.08007812 1
63 32 182.818069458 1
63 32 197.51625061 1
63 32 202.739547729 1
63 32 203.373809814 1
63 32 206.958465576 1
63 32 208.548690796 1
63 32 210.151763916 1
63 32 216.688140869 1
63 32 217.177444458 1
63 32 237.452697754 1
63 32 240.957321167 1
63 32 247.759216309 1
63 32 248.595245361 1
63 32 250.965377808 1
63 32 253.543960571 1
63 32 257.915618896 1
63 32 263.990814209 1
63 32 270.490234375 1
63 32 275.267822266 1
63 32 276.00390625 1
63 32 285.075012207 1
63 32 288.576019287 1
63 32 291.739868164 1
63 32 293.026367188 1
63 32 300.660827637 1
63 32 300.719329834 1
63 32 301.445465088 1
63 32 303.489105225 1
63 32 308.120513916 1
63 32 316.908813477 1
63 32 321.651824951 1
63 32 327.812316895 1
63 32 340.208099365 1
63 32 354.605743408 1
63 32 355.697265625 1
63 32 371.930145264 1
63 32 375.99118042 1
63 32 379.223876953 1
63 32 383.394165039 1
63 32 384.732696533 1
63 32 388.091247559 1
63 32 398.332275391 1
63 32 403.949371338 1
63 32 416.738708496 1
63 32 422.289855957 1
63 32 426.145202637 1
63 32 453.745605469 1
63 32 460.96484375 1
63 32 462.307159424 1
63 32 517.245422363 1
63 32 527.960693359 1
63 32 550.135681152 1
63 32 600.392456055 1
63 32 635.239440918 1
63 32 643.864929199 1
63 32 658.420166016 1
63 32 668.323669434 1
63 32 675.813903809 1
63 32 770.801757812 1
63 32 853.730834961 1
63 32 1055.91137695 1
63 33 412.282531738 1
63 33 480.616241455 1
63 33 648.572021484 1
63 33 679.070495605 1
63 33 679.64050293 1
63 33 702.600219727 1
63 33 761.266662598 1
63 33 1010.51831055 1
63 33 1102.59875488 1
63 34 673.814758301 1
63 34 981.290100098 1
64 21 1515.02807617 1
64 22 1448.11279297 1
64 24 1096.91210938 1
64 24 1179.06921387 1
64 25 1060.49621582 1
64 25 1101.91088867 1
64 26 821.803710938 1
64 26 970.518493652 1
64 26 1058.01953125 1
64 26 1256.35241699 1
64 26 1511.65466309 1
64 26 2600.56787109 1
64 27 910.484985352 1
64 27 929.996887207 1
64 27 1115.42077637 1
64 28 765.82421875 1
64 28 914.927612305 1
64 28 922.469238281 1
64 28 1082.07141113 1
64 28 1083.14099121 1
64 28 1172.2623291 1
64 28 1415.91821289 1
64 29 658.568481445 1
64 29 814.963745117 1
64 29 823.341674805 1
64 29 1399.7557373 1
64 29 1467.16101074 1
64 30 695.00793457 1
64 30 763.219360352 1
64 30 769.032775879 1
64 30 828.15637207 1
64 30 841.915527344 1
64 30 872.179870605 1
64 30 909.238037109 1
64 30 1039.08984375 1
64 31 695.592346191 1
64 31 787.590393066 1
64 31 794.874145508 1
64 31 912.637084961 1
64 31 945.872741699 1
64 31 1379.85461426 1
64 31 1492.59130859 1
64 31 1678.34130859 1
64 31 1883.1965332 1
64 32 782.313659668 1
64 32 806.186889648 1
64 32 854.364074707 1
64 32 945.355102539 1
64 32 965.955200195 1
64 32 1015.73657227 1
64 33 891.27557373 1
64 33 1811.57348633 1
68 28 2740.09008789 1
69 27 1725.89233398 1
69 28 1279.49267578 1
69 29 1620.71142578 1
69 31 2203.37329102 1
70 18 1568.17053223 1
70 24 1707.56750488 1
70 25 926.351013184 1
70 25 970.938415527 1
70 25 1115.92907715 1
70 26 912.239135742 1
70 26 942.397583008 1
70 26 968.934509277 1
70 26 1107.39123535 1
70 26 1153.72558594 1
70 27 683.903747559 1
70 27 741.103942871 1
70 27 790.185791016 1
70 27 817.504577637 1
70 27 944.550109863 1
70 27 1320.43200684 1
70 27 1436.92907715 1
70 27 2073.98046875 1
70 28 687.840576172 1
70 28 781.739562988 1
70 28 848.461547852 1
70 28 867.587280273 1
70 28 895.211425781 1
70 28 1022.0980835 1
70 28 1107.13562012 1
70 28 1138.62841797 1
70 28 1317.70727539 1
70 28 1391.31713867 1
70 29 699.292358398 1
70 29 793.081665039 1
70 29 1498.3894043 1
70 29 1521.84960938 1
70 30 746.722351074 1
70 30 891.510437012 1
70 30 1031.67419434 1
70 30 1134.37658691 1
70 30 1456.5567627 1
70 30 1840.0098877 1
70 33 801.630004883 1
71 21 1943.04248047 1
71 22 1143.00402832 1
71 22 1661.29003906 1
71 23 983.951293945 1
71 23 1316.69628906 1
71 24 1131.97839355 1
71 25 1364.8527832 1
71 26 729.938354492 1
71 26 780.640380859 1
71 26 802.017089844 1
71 26 963.643371582 1
71 26 979.454528809 1
71 26 1229.0526123 1
71 26 2557.2956543 1
71 27 752.43157959 1
71 27 764.397705078 1
71 27 781.093078613 1
71 27 801.533752441 1
71 27 853.877441406 1
71 27 952.098327637 1
71 27 1491.70092773 1
71 27 2352.77124023 1
71 28 637.795959473 1
71 28 648.320556641 1
71 28 688.635681152 1
71 28 692.849853516 1
71 28 720.695739746 1
71 28 746.647094727 1
71 28 800.361877441 1
71 28 888.526428223 1
71 29 734.438537598 1
71 29 761.098022461 1
71 29 808.171081543 1
71 29 903.199584961 1
71 29 945.498718262 1
71 29 1159.87878418 1
71 30 715.663574219 1
71 30 806.300842285 1
71 30 845.505371094 1
71 30 892.016662598 1
71 30 927.271911621 1
71 30 1007.27905273 1
71 31 771.159423828 1
71 31 930.027893066 1
71 31 1122.92895508 1
71 33 1784.42993164 1
76 19 3852.58642578 1
76 25 1617.12902832 1
77 26 2531.79516602 1
82 8 2946.50927734 1
