string dom time charge
63 14 2511.64233398 1
63 16 2659.46411133 1
63 17 2259.97070312 1
63 18 1514.96765137 1
63 18 1520.30957031 1
63 18 1607.56323242 1
63 18 1752.33007812 1
63 18 1927.28295898 1
63 18 2113.26367188 1
63 18 2130.73144531 1
63 18 2201.06518555 1
63 18 2224.30932617 1
63 18 2247.07275391 1
63 19 1261.12219238 1
63 19 1325.0078125 1
63 19 1408.53161621 1
63 19 1442.09143066 1
63 19 1475.19445801 1
63 19 1517.49719238 1
63 19 1610.41052246 1
63 19 1800.31884766 1
63 19 1959.76867676 1
63 19 2013.75537109 1
63 19 2089.32568359 1
63 19 2104.18432617 1
63 19 2204.15991211 1
63 19 2402.890625 1
63 19 2534.02587891 1
63 19 2985.40576172 1
63 19 3128.76049805 1
63 20 1153.83129883 1
63 20 1181.5045166 1
63 20 1185.4309082 1
63 20 1227.17541504 1
63 20 1306.04003906 1
63 20 1351.36450195 1
63 20 1391.70568848 1
63 20 1450.33898926 1
63 20 1461.13781738 1
63 20 1529.65393066 1
63 20 1582.86938477 1
63 20 1615.05187988 1
63 20 1669.75170898 1
63 20 1740.83825684 1
63 20 1760.67651367 1
63 20 1790.84741211 1
63 20 1894.61120605 1
63 20 1962.19494629 1
63 20 1962.56323242 1
63 20 2058.31542969 1
63 20 2075.74169922 1
63 20 2187.08496094 1
63 20 2361.62060547 1
63 20 2405.7578125 1
63 21 1139.0267334 1
63 21 1142.65576172 1
63 21 1195.05725098 1
63 21 1217.92773438 1
63 21 1250.69714355 1
63 21 1256.33496094 1
63 21 1263.25231934 1
63 21 1273.82385254 1
63 21 1281.9161377 1
63 21 1285.32250977 1
63 21 1335.90686035 1
63 21 1405.23388672 1
63 21 1435.6328125 1
63 21 1480.55407715 1
63 21 1501.42272949 1
63 21 1510.0390625 1
63 21 1580.29785156 1
63 21 1588.21936035 1
63 21 1597.68127441 1
63 21 1598.57958984 1
63 21 1619.40795898 1
63 21 1657.32873535 1
63 21 1714.0904541 1
63 21 1805.88012695 1
63 21 1814.78588867 1
63 21 1828.97766113 1
63 21 2068.19702148 1
63 21 2153.64624023 1
63 21 2211.79370117 1
63 21 2235.8034668 1
63 21 2256.96411133 1
63 21 2277.92285156 1
63 21 2440.56396484 1
63 21 2475.86743164 1
63 22 958.221984863 1
63 22 1021.87548828 1
63 22 1066.58129883 1
63 22 1073.95629883 1
63 22 1107.28771973 1
63 22 1111.1895752 1
63 22 1117.33691406 1
63 22 1118.72924805 1
63 22 1128.57263184 1
63 22 1133.49475098 1
63 22 1151.60620117 1
63 22 1155.03625488 1
63 22 1158.15893555 1
63 22 1158.86999512 1
63 22 1168.44787598 1
63 22 1168.53076172 1
63 22 1174.54968262 1
63 22 1183.85192871 1
63 22 1186.02185059 1
63 22 1268.33935547 1
63 22 1277.97546387 1
63 22 1284.17077637 1
63 22 1306.69580078 1
63 22 1336.84533691 1
63 22 1345.96398926 1
63 22 1356.34069824 1
63 22 1371.81384277 1
63 22 1387.38891602 1
63 22 1419.80419922 1
63 22 1423.81713867 1
63 22 1473.45239258 1
63 22 1483.13342285 1
63 22 1483.86791992 1
63 22 1498.84350586 1
63 22 1502.04382324 1
63 22 1527.19995117 1
63 22 1530.33459473 1
63 22 1531.43664551 1
63 22 1535.42138672 1
63 22 1549.0390625 1
63 22 1557.3848877 1
63 22 1579.04638672 1
63 22 1605.36779785 1
63 22 1630.15515137 1
63 22 1666.73937988 1
63 22 1674.13586426 1
63 22 1723.65869141 1
63 22 1727.25012207 1
63 22 1734.87023926 1
63 22 1758.92553711 1
63 22 1759.67529297 1
63 22 1767.76049805 1
63 22 1799.10668945 1
63 22 1810.39733887 1
63 22 1833.96350098 1
63 22 1855.77099609 1
63 22 2002.57897949 1
63 22 2109.26293945 1
63 22 2269.1496582 1
63 22 2269.70117188 1
63 22 2278.65356445 1
63 22 2337.45239258 1
63 23 967.82232666 1
63 23 989.577514648 1
63 23 990.285461426 1
63 23 1005.71307373 1
63 23 1020.97296143 1
63 23 1043.06677246 1
63 23 1045.66577148 1
63 23 1048.46435547 1
63 23 1076.171875 1
63 23 1077.2713623 1
63 23 1087.59228516 1
63 23 1092.63464355 1
63 23 1100.70935059 1
63 23 1102.14550781 1
63 23 1104.40063477 1
63 23 1110.91210938 1
63 23 1114.08947754 1
63 23 1136.26477051 1
63 23 1144.09326172 1
63 23 1154.94189453 1
63 23 1164.42480469 1
63 23 1174.30432129 1
63 23 1178.58544922 1
63 23 1178.71203613 1
63 23 1188.9753418 1
63 23 1189.55383301 1
63 23 1190.39050293 1
63 23 1209.35400391 1
63 23 1219.64465332 1
63 23 1222.65966797 1
63 23 1231.03295898 1
63 23 1239.42028809 1
63 23 1257.10473633 1
63 23 1258.86450195 1
63 23 1280.34619141 1
63 23 1296.11425781 1
63 23 1296.76843262 1
63 23 1313.88708496 1
63 23 1332.31188965 1
63 23 1334.14611816 1
63 23 1343.6015625 1
63 23 1349.62805176 1
63 23 1366.3638916 1
63 23 1372.10717773 1
63 23 1386.90075684 1
63 23 1408.02636719 1
63 23 1434.5032959 1
63 23 1445.05688477 1
63 23 1462.34912109 1
63 23 1517.0970459 1
63 23 1552.96984863 1
63 23 1565.89941406 1
63 23 1586.82275391 1
63 23 1590.2980957 1
63 23 1613.29150391 1
63 23 1645.9251709 1
63 23 1646.95715332 1
63 23 1677.4621582 1
63 23 1714.51379395 1
63 23 1755.96252441 1
63 23 1758.83752441 1
63 23 1766.28869629 1
63 23 1792.36157227 1
63 23 1856.86132812 1
63 23 1863.39025879 1
63 23 2008.03881836 1
63 23 2250.05639648 1
63 23 2477.41357422 1
63 24 835.96307373 1
63 24 843.878540039 1
63 24 845.72479248 1
63 24 897.71862793 1
63 24 915.872497559 1
63 24 916.305053711 1
63 24 926.135986328 1
63 24 930.08984375 1
63 24 931.093261719 1
63 24 942.176269531 1
63 24 942.227172852 1
63 24 944.65020752 1
63 24 944.708618164 1
63 24 945.783935547 1
63 24 948.061035156 1
63 24 948.211914062 1
63 24 951.901123047 1
63 24 958.452697754 1
63 24 964.701538086 1
63 24 965.588928223 1
63 24 966.764648438 1
63 24 972.426757812 1
63 24 979.222900391 1
63 24 991.834777832 1
63 24 993.833374023 1
63 24 999.093994141 1
63 24 1000.105896 1
63 24 1002.28546143 1
63 24 1002.293396 1
63 24 1002.41448975 1
63 24 1002.91644287 1
63 24 1003.61590576 1
63 24 1010.4453125 1
63 24 1010.61853027 1
63 24 1010.9854126 1
63 24 1017.00531006 1
63 24 1027.71496582 1
63 24 1031.05102539 1
63 24 1034.90820312 1
63 24 1038.61303711 1
63 24 1041.27453613 1
63 24 1046.27941895 1
63 24 1046.53979492 1
63 24 1050.10864258 1
63 24 1053.6151123 1
63 24 1057.10021973 1
63 24 1062.04125977 1
63 24 1064.38964844 1
63 24 1064.81872559 1
63 24 1064.99450684 1
63 24 1070.44506836 1
63 24 1072.43811035 1
63 24 1077.28881836 1
63 24 1085.81408691 1
63 24 1096.1463623 1
63 24 1098.78613281 1
63 24 1101.59216309 1
63 24 1101.84924316 1
63 24 1104.11804199 1
63 24 1116.57067871 1
63 24 1118.84375 1
63 24 1118.84851074 1
63 24 1123.55102539 1
63 24 1123.87902832 1
63 24 1128.03625488 1
63 24 1137.57519531 1
63 24 1139.85131836 1
63 24 1141.50939941 1
63 24 1145.15527344 1
63 24 1146.91430664 1
63 24 1155.62695312 1
63 24 1159.73754883 1
63 24 1169.09069824 1
63 24 1172.10107422 1
63 24 1175.13684082 1
63 24 1177.85888672 1
63 24 1183.88024902 1
63 24 1184.06201172 1
63 24 1190.82873535 1
63 24 1193.45581055 1
63 24 1202.38781738 1
63 24 1206.73571777 1
63 24 1208.19873047 1
63 24 1209.39831543 1
63 24 1213.67919922 1
63 24 1218.16418457 1
63 24 1218.1895752 1
63 24 1220.06469727 1
63 24 1239.88000488 1
63 24 1251.2520752 1
63 24 1252.50598145 1
63 24 1259.5435791 1
63 24 1264.87792969 1
63 24 1278.32861328 1
63 24 1287.71240234 1
63 24 1294.71264648 1
63 24 1299.8972168 1
63 24 1334.27355957 1
63 24 1336.76977539 1
63 24 1337.28942871 1
63 24 1337.82226562 1
63 24 1339.63305664 1
63 24 1341.08789062 1
63 24 1345.54370117 1
63 24 1350.23388672 1
63 24 1355.83911133 1
63 24 1365.70800781 1
63 24 1377.46374512 1
63 24 1383.42456055 1
63 24 1384.78442383 1
63 24 1400.55786133 1
63 24 1402.25927734 1
63 24 1410.95996094 1
63 24 1415.71350098 1
63 24 1417.09240723 1
63 24 1437.7154541 1
63 24 1440.90698242 1
63 24 1457.67150879 1
63 24 1462.19824219 1
63 24 1499.9543457 1
63 24 1507.69470215 1
63 24 1510.24963379 1
63 24 1519.64746094 1
63 24 1562.45080566 1
63 24 1600.63037109 1
63 24 1609.89819336 1
63 24 1657.31225586 1
63 24 1693.92785645 1
63 24 1700.21105957 1
63 24 1734.55871582 1
63 24 1735.05322266 1
63 24 1751.53320312 1
63 24 1776.3190918 1
63 24 1777.78234863 1
63 24 1784.4387207 1
63 24 1790.02490234 1
63 24 1867.00109863 1
63 24 1900.0501709 1
63 24 1912.49035645 1
63 24 1992.3828125 1
63 24 1997.72802734 1
63 24 2054.95410156 1
63 24 2102.13037109 1
63 24 2240.6640625 1
63 24 2249.66772461 1
63 24 2428.39233398 1
63 24 2800.81518555 1
63 25 752.091125488 1
63 25 770.603759766 1
63 25 781.86505127 1
63 25 783.918884277 1
63 25 794.253234863 1
63 25 798.871948242 1
63 25 803.445678711 1
63 25 808.167236328 1
63 25 810.591064453 1
63 25 816.093078613 1
63 25 822.856750488 1
63 25 829.302001953 1
63 25 831.865722656 1
63 25 832.444274902 1
63 25 832.99395752 1
63 25 833.044250488 1
63 25 838.756530762 1
63 25 839.520812988 1
63 25 844.84185791 1
63 25 845.132507324 1
63 25 848.511657715 1
63 25 850.369262695 1
63 25 850.506103516 1
63 25 853.885498047 1
63 25 854.166015625 1
63 25 857.995849609 1
63 25 858.21697998 1
63 25 858.947143555 1
63 25 859.098327637 1
63 25 859.739562988 1
63 25 861.36517334 1
63 25 861.727050781 1
63 25 861.977478027 1
63 25 862.98626709 1
63 25 868.387390137 1
63 25 868.954956055 1
63 25 869.072814941 1
63 25 871.532470703 1
63 25 875.823669434 1
63 25 876.379516602 1
63 25 876.876281738 1
63 25 877.598632812 1
63 25 880.115600586 1
63 25 881.733154297 1
63 25 882.461853027 1
63 25 883.325561523 1
63 25 883.992248535 1
63 25 892.558288574 1
63 25 892.915527344 1
63 25 893.379638672 1
63 25 894.9296875 1
63 25 899.555297852 1
63 25 900.087280273 1
63 25 902.376831055 1
63 25 904.67376709 1
63 25 906.515014648 1
63 25 908.691101074 1
63 25 909.737365723 1
63 25 909.983398438 1
63 25 910.432495117 1
63 25 910.703796387 1
63 25 912.788635254 1
63 25 916.157470703 1
63 25 919.798950195 1
63 25 920.053894043 1
63 25 924.519836426 1
63 25 926.925537109 1
63 25 935.069519043 1
63 25 938.994873047 1
63 25 939.352111816 1
63 25 943.176025391 1
63 25 948.630310059 1
63 25 948.78326416 1
63 25 949.957336426 1
63 25 953.229309082 1
63 25 953.991943359 1
63 25 965.320922852 1
63 25 971.839782715 1
63 25 973.534362793 1
63 25 973.601196289 1
63 25 973.703063965 1
63 25 973.72265625 1
63 25 978.990661621 1
63 25 979.377624512 1
63 25 980.998168945 1
63 25 981.295532227 1
63 25 982.584594727 1
63 25 986.973449707 1
63 25 988.53515625 1
63 25 992.821472168 1
63 25 999.535461426 1
63 25 1001.37945557 1
63 25 1002.03491211 1
63 25 1003.35443115 1
63 25 1006.68756104 1
63 25 1007.40722656 1
63 25 1016.46551514 1
63 25 1016.96972656 1
63 25 1018.46679688 1
63 25 1018.93823242 1
63 25 1020.20611572 1
63 25 1020.54040527 1
63 25 1024.74902344 1
63 25 1025.34118652 1
63 25 1029.78442383 1
63 25 1031.63781738 1
63 25 1033.62915039 1
63 25 1041.51696777 1
63 25 1041.73608398 1
63 25 1045.85900879 1
63 25 1047.59838867 1
63 25 1052.3848877 1
63 25 1052.82739258 1
63 25 1057.58044434 1
63 25 1059.38171387 1
63 25 1061.36608887 1
63 25 1068.07055664 1
63 25 1070.01599121 1
63 25 1075.91662598 1
63 25 1077.09655762 1
63 25 1077.78137207 1
63 25 1081.18713379 1
63 25 1086.43054199 1
63 25 1086.96081543 1
63 25 1091.1875 1
63 25 1092.27246094 1
63 25 1102.03308105 1
63 25 1110.6730957 1
63 25 1124.93103027 1
63 25 1129.95068359 1
63 25 1130.48632812 1
63 25 1132.38964844 1
63 25 1133.30664062 1
63 25 1133.57592773 1
63 25 1137.83422852 1
63 25 1139.6295166 1
63 25 1140.13769531 1
63 25 1142.08544922 1
63 25 1143.52685547 1
63 25 1150.7935791 1
63 25 1156.56359863 1
63 25 1156.77246094 1
63 25 1160.0246582 1
63 25 1162.14672852 1
63 25 1170.80725098 1
63 25 1172.18591309 1
63 25 1173.10229492 1
63 25 1173.5234375 1
63 25 1178.43481445 1
63 25 1180.32861328 1
63 25 1180.8927002 1
63 25 1184.96582031 1
63 25 1185.82019043 1
63 25 1188.47692871 1
63 25 1192.12976074 1
63 25 1208.76074219 1
63 25 1215.75976562 1
63 25 1218.10778809 1
63 25 1220.54968262 1
63 25 1223.03466797 1
63 25 1226.15991211 1
63 25 1234.57006836 1
63 25 1238.8104248 1
63 25 1239.0723877 1
63 25 1243.72619629 1
63 25 1248.34619141 1
63 25 1252.56958008 1
63 25 1253.9284668 1
63 25 1257.17431641 1
63 25 1257.59973145 1
63 25 1300.48547363 1
63 25 1301.26452637 1
63 25 1303.65161133 1
63 25 1324.07775879 1
63 25 1336.07263184 1
63 25 1337.66564941 1
63 25 1338.57128906 1
63 25 1344.35925293 1
63 25 1355.56152344 1
63 25 1357.01916504 1
63 25 1364.26159668 1
63 25 1368.83093262 1
63 25 1381.69763184 1
63 25 1388.49926758 1
63 25 1392.66870117 1
63 25 1396.76379395 1
63 25 1412.41186523 1
63 25 1423.20996094 1
63 25 1432.19213867 1
63 25 1436.49230957 1
63 25 1442.2442627 1
63 25 1450.8034668 1
63 25 1455.18237305 1
63 25 1456.7355957 1
63 25 1471.46240234 1
63 25 1482.09289551 1
63 25 1488.59436035 1
63 25 1489.03027344 1
63 25 1489.92724609 1
63 25 1499.26757812 1
63 25 1532.01953125 1
63 25 1533.09362793 1
63 25 1542.64697266 1
63 25 1575.71325684 1
63 25 1581.99072266 1
63 25 1587.62756348 1
63 25 1590.00183105 1
63 25 1609.15856934 1
63 25 1630.89697266 1
63 25 1655.76391602 1
63 25 1665.43945312 1
63 25 1682.17675781 1
63 25 1690.10131836 1
63 25 1728.23266602 1
63 25 1737.91882324 1
63 25 1786.74938965 1
63 25 1789.21411133 1
63 25 1807.04321289 1
63 25 1812.31347656 1
63 25 1925.96069336 1
63 25 1990.34277344 1
63 25 1998.21057129 1
63 25 2026.71057129 1
63 25 2073.53393555 1
63 25 2092.32910156 1
63 25 2094.62255859 1
63 25 2311.89208984 1
63 25 2602.84277344 1
63 25 3573.54345703 1
63 25 3962.52612305 1
63 26 701.277648926 1
63 26 709.686401367 1
63 26 712.81463623 1
63 26 712.968322754 1
63 26 720.269592285 1
63 26 721.736633301 1
63 26 724.801330566 1
63 26 726.80657959 1
63 26 731.529663086 1
63 26 732.63293457 1
63 26 734.751342773 1
63 26 735.281616211 1
63 26 736.231933594 1
63 26 737.487915039 1
63 26 737.530029297 1
63 26 743.16229248 1
63 26 743.396728516 1
63 26 751.051086426 1
63 26 751.545776367 1
63 26 752.01159668 1
63 26 752.089355469 1
63 26 754.720275879 1
63 26 755.375610352 1
63 26 756.300476074 1
63 26 756.868408203 1
63 26 761.796447754 1
63 26 763.241943359 1
63 26 765.486816406 1
63 26 765.508728027 1
63 26 769.52331543 1
63 26 770.722961426 1
63 26 778.42791748 1
63 26 778.71105957 1
63 26 780.536010742 1
63 26 781.596740723 1
63 26 781.847900391 1
63 26 782.319458008 1
63 26 783.250244141 1
63 26 784.729980469 1
63 26 785.393066406 1
63 26 787.454956055 1
63 26 787.736450195 1
63 26 790.538513184 1
63 26 791.031799316 1
63 26 791.352294922 1
63 26 791.69708252 1
63 26 792.40435791 1
63 26 793.16986084 1
63 26 793.36340332 1
63 26 793.871398926 1
63 26 794.105651855 1
63 26 794.838684082 1
63 26 796.813232422 1
63 26 799.121887207 1
63 26 799.192626953 1
63 26 800.948730469 1
63 26 800.970703125 1
63 26 804.071716309 1
63 26 804.296386719 1
63 26 804.618713379 1
63 26 804.97277832 1
63 26 806.801635742 1
63 26 808.287536621 1
63 26 808.610839844 1
63 26 811.280090332 1
63 26 811.95300293 1
63 26 812.237487793 1
63 26 814.639831543 1
63 26 814.706420898 1
63 26 814.817443848 1
63 26 815.493774414 1
63 26 816.396850586 1
63 26 817.225769043 1
63 26 817.720275879 1
63 26 819.453491211 1
63 26 819.878234863 1
63 26 821.739318848 1
63 26 822.253845215 1
63 26 823.339111328 1
63 26 823.396057129 1
63 26 823.579040527 1
63 26 825.502929688 1
63 26 825.982055664 1
63 26 826.52734375 1
63 26 827.200195312 1
63 26 827.935791016 1
63 26 827.966064453 1
63 26 828.05255127 1
63 26 829.500427246 1
63 26 830.477844238 1
63 26 833.983215332 1
63 26 834.87109375 1
63 26 835.168212891 1
63 26 837.389648438 1
63 26 837.397827148 1
63 26 838.430358887 1
63 26 840.442993164 1
63 26 840.530090332 1
63 26 840.738769531 1
63 26 841.259155273 1
63 26 842.398132324 1
63 26 844.518249512 1
63 26 844.686523438 1
63 26 844.941040039 1
63 26 845.899719238 1
63 26 847.951599121 1
63 26 848.382019043 1
63 26 851.920593262 1
63 26 853.025146484 1
63 26 853.037658691 1
63 26 853.098815918 1
63 26 854.989685059 1
63 26 857.937927246 1
63 26 858.52545166 1
63 26 859.008605957 1
63 26 860.836181641 1
63 26 861.202331543 1
63 26 864.062988281 1
63 26 866.206420898 1
63 26 867.696838379 1
63 26 867.742492676 1
63 26 867.831054688 1
63 26 868.88079834 1
63 26 869.64654541 1
63 26 870.29119873 1
63 26 873.14239502 1
63 26 875.662841797 1
63 26 876.328308105 1
63 26 877.277404785 1
63 26 878.055725098 1
63 26 878.839782715 1
63 26 878.912414551 1
63 26 878.984680176 1
63 26 879.307006836 1
63 26 882.182739258 1
63 26 883.830932617 1
63 26 884.298522949 1
63 26 884.336730957 1
63 26 884.808166504 1
63 26 884.989135742 1
63 26 885.242553711 1
63 26 885.762634277 1
63 26 887.544250488 1
63 26 887.602233887 1
63 26 889.286315918 1
63 26 892.68145752 1
63 26 893.46875 1
63 26 894.789855957 1
63 26 895.219848633 1
63 26 895.228820801 1
63 26 895.608398438 1
63 26 896.838623047 1
63 26 897.617614746 1
63 26 900.419677734 1
63 26 901.14654541 1
63 26 901.510070801 1
63 26 904.472290039 1
63 26 906.32019043 1
63 26 910.169189453 1
63 26 910.947509766 1
63 26 911.953186035 1
63 26 914.238342285 1
63 26 914.969360352 1
63 26 915.697814941 1
63 26 917.279968262 1
63 26 917.881652832 1
63 26 918.619567871 1
63 26 919.384338379 1
63 26 919.438415527 1
63 26 919.832580566 1
63 26 920.145751953 1
63 26 920.534362793 1
63 26 920.630615234 1
63 26 920.800537109 1
63 26 921.139709473 1
63 26 923.124694824 1
63 26 925.522583008 1
63 26 927.239501953 1
63 26 927.615783691 1
63 26 929.05847168 1
63 26 930.89050293 1
63 26 931.735961914 1
63 26 931.967102051 1
63 26 932.434265137 1
63 26 935.443969727 1
63 26 935.542236328 1
63 26 936.006530762 1
63 26 936.267456055 1
63 26 936.288269043 1
63 26 938.693969727 1
63 26 939.111572266 1
63 26 939.15435791 1
63 26 940.340576172 1
63 26 942.38079834 1
63 26 942.903259277 1
63 26 943.903076172 1
63 26 946.934204102 1
63 26 949.499450684 1
63 26 952.366210938 1
63 26 953.203063965 1
63 26 954.655578613 1
63 26 955.442138672 1
63 26 955.727416992 1
63 26 956.054748535 1
63 26 957.924377441 1
63 26 958.17578125 1
63 26 958.450378418 1
63 26 958.929260254 1
63 26 960.353149414 1
63 26 961.050720215 1
63 26 964.327026367 1
63 26 965.356994629 1
63 26 968.774230957 1
63 26 969.059814453 1
63 26 969.941711426 1
63 26 969.983276367 1
63 26 971.151245117 1
63 26 972.557800293 1
63 26 974.087097168 1
63 26 974.282470703 1
63 26 975.20489502 1
63 26 977.698059082 1
63 26 980.283569336 1
63 26 980.438659668 1
63 26 980.535461426 1
63 26 980.736694336 1
63 26 987.036376953 1
63 26 988.812316895 1
63 26 990.085327148 1
63 26 992.057861328 1
63 26 995.632263184 1
63 26 997.751037598 1
63 26 998.085144043 1
63 26 1000.0168457 1
63 26 1001.14398193 1
63 26 1001.53540039 1
63 26 1003.89758301 1
63 26 1008.91253662 1
63 26 1009.81628418 1
63 26 1009.9519043 1
63 26 1012.02679443 1
63 26 1013.63983154 1
63 26 1013.68383789 1
63 26 1014.48309326 1
63 26 1015.87084961 1
63 26 1018.35552979 1
63 26 1022.94354248 1
63 26 1024.40844727 1
63 26 1027.57116699 1
63 26 1027.69763184 1
63 26 1030.57019043 1
63 26 1038.1151123 1
63 26 1039.03881836 1
63 26 1039.75927734 1
63 26 1041.86938477 1
63 26 1045.44128418 1
63 26 1045.46875 1
63 26 1048.74047852 1
63 26 1050.42834473 1
63 26 1051.16882324 1
63 26 1052.41479492 1
63 26 1052.71984863 1
63 26 1053.52099609 1
63 26 1055.31103516 1
63 26 1056.68469238 1
63 26 1058.53686523 1
63 26 1059.43566895 1
63 26 1059.78967285 1
63 26 1062.14953613 1
63 26 1064.41894531 1
63 26 1065.82458496 1
63 26 1069.72290039 1
63 26 1070.30859375 1
63 26 1070.50622559 1
63 26 1071.26037598 1
63 26 1071.77160645 1
63 26 1073.93395996 1
63 26 1075.60595703 1
63 26 1076.04968262 1
63 26 1078.53991699 1
63 26 1079.21887207 1
63 26 1082.42675781 1
63 26 1082.87683105 1
63 26 1083.03088379 1
63 26 1085.98388672 1
63 26 1087.01953125 1
63 26 1087.93518066 1
63 26 1090.63842773 1
63 26 1091.29980469 1
63 26 1092.92773438 1
63 26 1094.62719727 1
63 26 1094.69946289 1
63 26 1096.13171387 1
63 26 1096.20178223 1
63 26 1098.078125 1
63 26 1099.57885742 1
63 26 1104.37219238 1
63 26 1106.05786133 1
63 26 1106.97302246 1
63 26 1109.92248535 1
63 26 1117.56896973 1
63 26 1121.05285645 1
63 26 1121.45166016 1
63 26 1122.76513672 1
63 26 1123.2310791 1
63 26 1123.63098145 1
63 26 1127.00854492 1
63 26 1128.53845215 1
63 26 1128.71520996 1
63 26 1129.61376953 1
63 26 1129.74133301 1
63 26 1129.99462891 1
63 26 1130.70629883 1
63 26 1133.62133789 1
63 26 1134.36865234 1
63 26 1135.53930664 1
63 26 1140.44006348 1
63 26 1140.53930664 1
63 26 1143.48657227 1
63 26 1147.14160156 1
63 26 1147.26123047 1
63 26 1148.20324707 1
63 26 1148.24121094 1
63 26 1148.56481934 1
63 26 1150.25720215 1
63 26 1153.16748047 1
63 26 1153.50634766 1
63 26 1168.08398438 1
63 26 1175.02612305 1
63 26 1175.21118164 1
63 26 1175.59912109 1
63 26 1177.56311035 1
63 26 1180.09997559 1
63 26 1180.14550781 1
63 26 1180.69799805 1
63 26 1182.76013184 1
63 26 1185.2713623 1
63 26 1189.35559082 1
63 26 1191.04223633 1
63 26 1191.22485352 1
63 26 1191.62597656 1
63 26 1192.62268066 1
63 26 1193.68798828 1
63 26 1194.94287109 1
63 26 1196.36193848 1
63 26 1199.32763672 1
63 26 1201.91369629 1
63 26 1205.06335449 1
63 26 1206.2635498 1
63 26 1207.53283691 1
63 26 1214.76342773 1
63 26 1218.56384277 1
63 26 1218.72424316 1
63 26 1221.67578125 1
63 26 1222.88293457 1
63 26 1224.54418945 1
63 26 1225.54870605 1
63 26 1232.73547363 1
63 26 1235.85229492 1
63 26 1242.9263916 1
63 26 1246.03039551 1
63 26 1246.77270508 1
63 26 1261.32446289 1
63 26 1263.70129395 1
63 26 1265.05700684 1
63 26 1265.32763672 1
63 26 1266.68652344 1
63 26 1269.30151367 1
63 26 1272.15783691 1
63 26 1274.29614258 1
63 26 1275.62243652 1
63 26 1278.48669434 1
63 26 1279.60791016 1
63 26 1281.8996582 1
63 26 1282.11206055 1
63 26 1282.9074707 1
63 26 1288.56689453 1
63 26 1294.79077148 1
63 26 1303.37341309 1
63 26 1304.29064941 1
63 26 1306.3494873 1
63 26 1307.19946289 1
63 26 1319.75390625 1
63 26 1325.06396484 1
63 26 1329.33398438 1
63 26 1330.41040039 1
63 26 1332.82727051 1
63 26 1333.59130859 1
63 26 1342.81115723 1
63 26 1344.03283691 1
63 26 1349.8482666 1
63 26 1363.17419434 1
63 26 1365.41162109 1
63 26 1369.41394043 1
63 26 1371.53515625 1
63 26 1374.625 1
63 26 1375.80493164 1
63 26 1379.4519043 1
63 26 1380.91674805 1
63 26 1387.71069336 1
63 26 1393.35693359 1
63 26 1396.84692383 1
63 26 1399.32543945 1
63 26 1402.14611816 1
63 26 1404.53051758 1
63 26 1405.81311035 1
63 26 1415.36169434 1
63 26 1417.92504883 1
63 26 1421.51831055 1
63 26 1421.68383789 1
63 26 1427.40441895 1
63 26 1428.98864746 1
63 26 1431.8807373 1
63 26 1434.40734863 1
63 26 1434.82666016 1
63 26 1435.8067627 1
63 26 1437.62609863 1
63 26 1438.00305176 1
63 26 1439.0222168 1
63 26 1444.29870605 1
63 26 1446.97875977 1
63 26 1472.34692383 1
63 26 1481.13708496 1
63 26 1487.94128418 1
63 26 1492.5657959 1
63 26 1497.05310059 1
63 26 1498.67797852 1
63 26 1504.97595215 1
63 26 1519.46801758 1
63 26 1523.5144043 1
63 26 1537.95812988 1
63 26 1543.90356445 1
63 26 1545.0760498 1
63 26 1551.75219727 1
63 26 1559.10375977 1
63 26 1571.32580566 1
63 26 1578.3885498 1
63 26 1578.98950195 1
63 26 1586.15222168 1
63 26 1596.93701172 1
63 26 1623.88769531 1
63 26 1643.96582031 1
63 26 1691.60229492 1
63 26 1698.3326416 1
63 26 1701.9317627 1
63 26 1713.18688965 1
63 26 1716.24816895 1
63 26 1725.25805664 1
63 26 1731.03918457 1
63 26 1749.47351074 1
63 26 1751.8112793 1
63 26 1758.46118164 1
63 26 1781.10266113 1
63 26 1819.61999512 1
63 26 1820.81188965 1
63 26 1825.91540527 1
63 26 1853.44287109 1
63 26 1867.4864502 1
63 26 1879.71362305 1
63 26 1882.17041016 1
63 26 1927.48791504 1
63 26 1934.62780762 1
63 26 1943.43249512 1
63 26 1953.65307617 1
63 26 2015.55078125 1
63 26 2033.09289551 1
63 26 2040.59887695 1
63 26 2072.55419922 1
63 26 2075.92724609 1
63 26 2154.83837891 1
63 26 2241.37597656 1
63 26 2246.89990234 1
63 26 2264.53051758 1
63 26 2301.72363281 1
63 26 2338.07250977 1
63 26 2412.3605957 1
63 26 2432.06201172 1
63 26 2568.45239258 1
63 26 2686.66894531 1
63 27 637.005981445 1
63 27 659.381347656 1
63 27 665.147521973 1
63 27 673.626220703 1
63 27 674.219604492 1
63 27 685.524780273 1
63 27 689.043273926 1
63 27 689.091796875 1
63 27 690.39831543 1
63 27 690.690979004 1
63 27 693.090148926 1
63 27 693.362304688 1
63 27 694.179626465 1
63 27 695.350158691 1
63 27 695.546386719 1
63 27 696.362426758 1
63 27 696.725891113 1
63 27 697.991394043 1
63 27 698.296020508 1
63 27 698.393615723 1
63 27 699.110717773 1
63 27 699.364135742 1
63 27 700.396240234 1
63 27 702.09564209 1
63 27 702.376953125 1
63 27 702.846374512 1
63 27 703.510192871 1
63 27 703.528503418 1
63 27 705.882202148 1
63 27 706.44354248 1
63 27 706.60333252 1
63 27 707.11114502 1
63 27 707.18939209 1
63 27 708.484680176 1
63 27 709.439697266 1
63 27 711.329650879 1
63 27 712.108154297 1
63 27 712.469421387 1
63 27 713.056884766 1
63 27 713.825439453 1
63 27 714.346435547 1
63 27 714.50012207 1
63 27 716.126525879 1
63 27 716.893676758 1
63 27 717.483032227 1
63 27 717.513183594 1
63 27 718.342285156 1
63 27 719.196533203 1
63 27 719.922424316 1
63 27 720.950134277 1
63 27 721.913757324 1
63 27 724.112854004 1
63 27 725.676330566 1
63 27 726.429626465 1
63 27 727.099853516 1
63 27 727.568969727 1
63 27 727.669494629 1
63 27 728.639282227 1
63 27 729.102172852 1
63 27 731.022888184 1
63 27 731.125976562 1
63 27 733.551330566 1
63 27 733.621154785 1
63 27 734.993041992 1
63 27 735.042175293 1
63 27 735.90423584 1
63 27 736.462463379 1
63 27 736.702758789 1
63 27 737.000976562 1
63 27 737.27911377 1
63 27 738.898376465 1
63 27 739.654968262 1
63 27 739.78338623 1
63 27 740.072570801 1
63 27 741.078918457 1
63 27 741.084411621 1
63 27 743.35345459 1
63 27 743.400756836 1
63 27 743.639953613 1
63 27 745.645874023 1
63 27 745.815124512 1
63 27 746.038024902 1
63 27 746.233520508 1
63 27 746.739746094 1
63 27 746.77734375 1
63 27 747.65838623 1
63 27 748.994995117 1
63 27 750.509521484 1
63 27 750.80480957 1
63 27 751.06854248 1
63 27 751.190734863 1
63 27 752.302001953 1
63 27 753.140441895 1
63 27 753.326782227 1
63 27 753.555603027 1
63 27 754.174560547 1
63 27 754.599243164 1
63 27 754.88293457 1
63 27 754.987915039 1
63 27 755.247924805 1
63 27 755.769348145 1
63 27 755.963928223 1
63 27 756.524475098 1
63 27 756.702941895 1
63 27 756.795227051 1
63 27 756.970092773 1
63 27 757.612976074 1
63 27 758.166687012 1
63 27 758.951477051 1
63 27 759.867553711 1
63 27 760.394958496 1
63 27 760.719665527 1
63 27 760.889648438 1
63 27 761.070739746 1
63 27 761.18963623 1
63 27 761.256896973 1
63 27 762.684265137 1
63 27 762.984130859 1
63 27 763.016113281 1
63 27 763.088195801 1
63 27 763.577026367 1
63 27 763.668334961 1
63 27 764.069152832 1
63 27 765.153625488 1
63 27 766.77545166 1
63 27 766.928039551 1
63 27 767.016784668 1
63 27 767.31439209 1
63 27 767.8125 1
63 27 768.433532715 1
63 27 769.49206543 1
63 27 769.717468262 1
63 27 770.114501953 1
63 27 770.493408203 1
63 27 771.049682617 1
63 27 771.052978516 1
63 27 771.059875488 1
63 27 771.401550293 1
63 27 772.289794922 1
63 27 773.151733398 1
63 27 773.301818848 1
63 27 773.375305176 1
63 27 773.528625488 1
63 27 773.703369141 1
63 27 774.971679688 1
63 27 775.321594238 1
63 27 775.813049316 1
63 27 777.100646973 1
63 27 778.447937012 1
63 27 778.544799805 1
63 27 779.870483398 1
63 27 780.155822754 1
63 27 780.382629395 1
63 27 781.042724609 1
63 27 781.219360352 1
63 27 781.419677734 1
63 27 781.635620117 1
63 27 782.210205078 1
63 27 782.653747559 1
63 27 783.702392578 1
63 27 784.007263184 1
63 27 784.21270752 1
63 27 785.501159668 1
63 27 785.507019043 1
63 27 785.938110352 1
63 27 786.237915039 1
63 27 786.269958496 1
63 27 786.879150391 1
63 27 786.904602051 1
63 27 787.027404785 1
63 27 787.588928223 1
63 27 787.715393066 1
63 27 788.009033203 1
63 27 788.437194824 1
63 27 788.553405762 1
63 27 788.636474609 1
63 27 789.994140625 1
63 27 790.00201416 1
63 27 790.566650391 1
63 27 791.461669922 1
63 27 792.16015625 1
63 27 794.042541504 1
63 27 795.547363281 1
63 27 796.105102539 1
63 27 796.132202148 1
63 27 796.31842041 1
63 27 796.699890137 1
63 27 796.735778809 1
63 27 796.938842773 1
63 27 797.389404297 1
63 27 797.697143555 1
63 27 797.972167969 1
63 27 798.258483887 1
63 27 798.801147461 1
63 27 800.013122559 1
63 27 801.026611328 1
63 27 801.101318359 1
63 27 801.909240723 1
63 27 802.490783691 1
63 27 802.55456543 1
63 27 802.684509277 1
63 27 802.947937012 1
63 27 803.154418945 1
63 27 803.486083984 1
63 27 804.487243652 1
63 27 805.321350098 1
63 27 806.119384766 1
63 27 806.445129395 1
63 27 807.246032715 1
63 27 808.052185059 1
63 27 808.225524902 1
63 27 809.229553223 1
63 27 809.667358398 1
63 27 810.005004883 1
63 27 810.094787598 1
63 27 810.930847168 1
63 27 811.185424805 1
63 27 811.429626465 1
63 27 812.932922363 1
63 27 812.947143555 1
63 27 813.648071289 1
63 27 814.614562988 1
63 27 814.833862305 1
63 27 815.772644043 1
63 27 815.958374023 1
63 27 816.195373535 1
63 27 818.741394043 1
63 27 819.33404541 1
63 27 819.998718262 1
63 27 821.641845703 1
63 27 823.471008301 1
63 27 824.32989502 1
63 27 824.735900879 1
63 27 825.806274414 1
63 27 826.060302734 1
63 27 826.261169434 1
63 27 826.471252441 1
63 27 826.59362793 1
63 27 827.3125 1
63 27 828.414428711 1
63 27 829.456665039 1
63 27 829.929931641 1
63 27 829.956970215 1
63 27 831.431518555 1
63 27 833.349487305 1
63 27 833.472229004 1
63 27 834.985473633 1
63 27 835.384094238 1
63 27 835.802246094 1
63 27 836.053161621 1
63 27 836.330749512 1
63 27 836.436950684 1
63 27 837.045715332 1
63 27 837.784362793 1
63 27 840.943115234 1
63 27 841.465942383 1
63 27 842.468200684 1
63 27 842.517272949 1
63 27 842.991088867 1
63 27 843.565673828 1
63 27 844.140930176 1
63 27 845.219604492 1
63 27 845.331970215 1
63 27 845.530822754 1
63 27 845.70703125 1
63 27 846.02142334 1
63 27 846.247741699 1
63 27 849.265808105 1
63 27 850.004821777 1
63 27 850.260253906 1
63 27 851.557312012 1
63 27 852.264587402 1
63 27 853.037841797 1
63 27 853.628173828 1
63 27 853.761657715 1
63 27 855.374511719 1
63 27 855.48651123 1
63 27 855.826660156 1
63 27 856.740966797 1
63 27 857.778381348 1
63 27 858.296569824 1
63 27 858.423583984 1
63 27 858.638366699 1
63 27 859.907531738 1
63 27 860.827941895 1
63 27 861.348632812 1
63 27 861.659790039 1
63 27 862.321899414 1
63 27 862.626281738 1
63 27 863.112426758 1
63 27 863.850830078 1
63 27 864.046813965 1
63 27 864.744689941 1
63 27 865.007568359 1
63 27 865.633728027 1
63 27 866.014221191 1
63 27 866.361755371 1
63 27 866.80090332 1
63 27 869.275878906 1
63 27 869.633544922 1
63 27 870.068908691 1
63 27 870.463012695 1
63 27 871.469482422 1
63 27 871.717102051 1
63 27 871.772460938 1
63 27 872.35546875 1
63 27 873.128051758 1
63 27 873.730834961 1
63 27 874.637084961 1
63 27 874.869018555 1
63 27 874.950561523 1
63 27 875.014526367 1
63 27 875.57208252 1
63 27 877.81451416 1
63 27 878.645812988 1
63 27 878.839111328 1
63 27 879.12121582 1
63 27 879.744506836 1
63 27 880.701965332 1
63 27 880.991882324 1
63 27 881.88079834 1
63 27 882.251647949 1
63 27 884.487670898 1
63 27 884.868896484 1
63 27 886.895874023 1
63 27 887.369140625 1
63 27 887.574890137 1
63 27 888.146728516 1
63 27 888.339294434 1
63 27 888.94128418 1
63 27 889.71697998 1
63 27 891.389465332 1
63 27 892.337097168 1
63 27 892.427307129 1
63 27 892.531921387 1
63 27 892.881958008 1
63 27 893.419616699 1
63 27 894.427856445 1
63 27 895.043701172 1
63 27 895.28326416 1
63 27 896.063720703 1
63 27 896.108764648 1
63 27 896.543762207 1
63 27 897.580810547 1
63 27 899.917785645 1
63 27 900.098144531 1
63 27 902.533447266 1
63 27 902.772277832 1
63 27 907.62689209 1
63 27 908.186828613 1
63 27 909.019836426 1
63 27 909.129699707 1
63 27 909.974182129 1
63 27 911.254394531 1
63 27 911.281799316 1
63 27 911.973876953 1
63 27 912.440429688 1
63 27 915.124389648 1
63 27 915.715759277 1
63 27 916.670471191 1
63 27 918.475158691 1
63 27 918.95123291 1
63 27 921.94354248 1
63 27 922.070678711 1
63 27 922.215759277 1
63 27 924.672546387 1
63 27 925.564819336 1
63 27 926.15234375 1
63 27 926.18737793 1
63 27 926.295898438 1
63 27 926.422363281 1
63 27 927.338745117 1
63 27 927.39654541 1
63 27 927.502075195 1
63 27 927.655639648 1
63 27 928.401123047 1
63 27 928.634338379 1
63 27 930.065368652 1
63 27 930.751220703 1
63 27 930.785949707 1
63 27 931.759155273 1
63 27 932.200256348 1
63 27 932.449829102 1
63 27 934.966125488 1
63 27 935.812561035 1
63 27 936.035461426 1
63 27 936.88470459 1
63 27 937.054138184 1
63 27 937.287536621 1
63 27 937.626647949 1
63 27 937.989868164 1
63 27 938.034240723 1
63 27 939.153076172 1
63 27 939.175720215 1
63 27 942.567626953 1
63 27 943.335021973 1
63 27 943.399841309 1
63 27 943.926513672 1
63 27 944.098999023 1
63 27 944.339477539 1
63 27 944.376098633 1
63 27 944.975158691 1
63 27 945.978393555 1
63 27 945.980285645 1
63 27 946.292175293 1
63 27 946.612243652 1
63 27 947.352966309 1
63 27 947.407653809 1
63 27 947.422119141 1
63 27 948.086425781 1
63 27 949.52947998 1
63 27 950.876281738 1
63 27 951.129089355 1
63 27 952.16986084 1
63 27 952.552490234 1
63 27 952.745361328 1
63 27 955.109558105 1
63 27 955.840087891 1
63 27 956.737548828 1
63 27 957.568603516 1
63 27 960.127990723 1
63 27 960.605651855 1
63 27 961.104370117 1
63 27 961.243713379 1
63 27 962.402893066 1
63 27 962.953796387 1
63 27 963.983276367 1
63 27 964.06652832 1
63 27 965.991638184 1
63 27 968.183776855 1
63 27 969.325073242 1
63 27 969.365844727 1
63 27 969.746276855 1
63 27 973.526428223 1
63 27 973.927124023 1
63 27 974.009277344 1
63 27 975.010742188 1
63 27 975.397827148 1
63 27 975.436035156 1
63 27 975.444824219 1
63 27 977.178466797 1
63 27 977.94732666 1
63 27 978.069702148 1
63 27 980.175720215 1
63 27 980.601196289 1
63 27 981.034057617 1
63 27 981.845214844 1
63 27 984.040710449 1
63 27 984.073242188 1
63 27 985.176574707 1
63 27 986.00201416 1
63 27 986.853088379 1
63 27 988.307495117 1
63 27 988.456115723 1
63 27 988.684570312 1
63 27 989.17791748 1
63 27 989.651062012 1
63 27 991.815124512 1
63 27 995.095275879 1
63 27 997.349304199 1
63 27 997.619750977 1
63 27 998.306335449 1
63 27 1000.30975342 1
63 27 1000.42773438 1
63 27 1000.88208008 1
63 27 1001.34429932 1
63 27 1001.64324951 1
63 27 1002.80102539 1
63 27 1002.88537598 1
63 27 1002.91418457 1
63 27 1004.04833984 1
63 27 1004.55603027 1
63 27 1004.75018311 1
63 27 1005.83355713 1
63 27 1007.39019775 1
63 27 1007.77532959 1
63 27 1008.015625 1
63 27 1009.18591309 1
63 27 1011.16796875 1
63 27 1011.37365723 1
63 27 1012.38977051 1
63 27 1012.65148926 1
63 27 1014.05871582 1
63 27 1014.52026367 1
63 27 1017.43029785 1
63 27 1017.75909424 1
63 27 1019.05157471 1
63 27 1021.15979004 1
63 27 1022.29821777 1
63 27 1023.33685303 1
63 27 1025.10095215 1
63 27 1025.42382812 1
63 27 1026.19421387 1
63 27 1026.69433594 1
63 27 1028.24584961 1
63 27 1028.30371094 1
63 27 1030.83361816 1
63 27 1031.95678711 1
63 27 1032.55432129 1
63 27 1032.5814209 1
63 27 1033.00292969 1
63 27 1033.85168457 1
63 27 1035.48510742 1
63 27 1036.91955566 1
63 27 1036.92114258 1
63 27 1039.2076416 1
63 27 1039.25488281 1
63 27 1040.23132324 1
63 27 1040.36242676 1
63 27 1041.90710449 1
63 27 1041.97302246 1
63 27 1042.2331543 1
63 27 1042.3638916 1
63 27 1043.52380371 1
63 27 1046.046875 1
63 27 1046.93615723 1
63 27 1049.31848145 1
63 27 1050.84851074 1
63 27 1053.58154297 1
63 27 1056.78173828 1
63 27 1057.81640625 1
63 27 1059.97094727 1
63 27 1060.68615723 1
63 27 1061.68969727 1
63 27 1064.09533691 1
63 27 1064.18188477 1
63 27 1064.39208984 1
63 27 1064.47351074 1
63 27 1064.56591797 1
63 27 1066.19421387 1
63 27 1066.26660156 1
63 27 1067.43969727 1
63 27 1067.47680664 1
63 27 1067.79602051 1
63 27 1069.68395996 1
63 27 1071.61218262 1
63 27 1072.19140625 1
63 27 1073.17919922 1
63 27 1073.23803711 1
63 27 1073.5168457 1
63 27 1075.04333496 1
63 27 1075.05456543 1
63 27 1078.6817627 1
63 27 1082.18066406 1
63 27 1084.35046387 1
63 27 1084.4185791 1
63 27 1084.86584473 1
63 27 1084.90136719 1
63 27 1085.17370605 1
63 27 1089.81835938 1
63 27 1089.94799805 1
63 27 1093.71032715 1
63 27 1100.3729248 1
63 27 1102.76867676 1
63 27 1102.93371582 1
63 27 1105.26831055 1
63 27 1109.12145996 1
63 27 1112.2331543 1
63 27 1113.69458008 1
63 27 1114.9017334 1
63 27 1115.30078125 1
63 27 1120.74694824 1
63 27 1121.79785156 1
63 27 1122.78515625 1
63 27 1125.69421387 1
63 27 1125.72070312 1
63 27 1129.09851074 1
63 27 1129.46777344 1
63 27 1134.87634277 1
63 27 1139.40209961 1
63 27 1139.91625977 1
63 27 1140.47912598 1
63 27 1141.37719727 1
63 27 1142.8482666 1
63 27 1142.97973633 1
63 27 1144.20422363 1
63 27 1144.46984863 1
63 27 1144.90686035 1
63 27 1145.54858398 1
63 27 1145.87341309 1
63 27 1147.51696777 1
63 27 1148.43115234 1
63 27 1149.96496582 1
63 27 1150.01806641 1
63 27 1154.33508301 1
63 27 1154.39672852 1
63 27 1156.91516113 1
63 27 1157.82751465 1
63 27 1158.38879395 1
63 27 1163.25427246 1
63 27 1164.78039551 1
63 27 1164.86865234 1
63 27 1168.44567871 1
63 27 1169.03527832 1
63 27 1171.80224609 1
63 27 1172.47485352 1
63 27 1174.32165527 1
63 27 1178.5949707 1
63 27 1179.93005371 1
63 27 1180.32580566 1
63 27 1180.89758301 1
63 27 1183.16186523 1
63 27 1184.67114258 1
63 27 1190.73803711 1
63 27 1201.63964844 1
63 27 1202.07470703 1
63 27 1205.51159668 1
63 27 1205.85437012 1
63 27 1207.57141113 1
63 27 1208.94116211 1
63 27 1210.91638184 1
63 27 1211.29101562 1
63 27 1213.97692871 1
63 27 1215.30761719 1
63 27 1216.36865234 1
63 27 1220.15405273 1
63 27 1221.55981445 1
63 27 1221.86950684 1
63 27 1221.9810791 1
63 27 1222.75012207 1
63 27 1226.59692383 1
63 27 1231.32556152 1
63 27 1231.59375 1
63 27 1240.05541992 1
63 27 1241.44482422 1
63 27 1242.22766113 1
63 27 1242.3223877 1
63 27 1243.4744873 1
63 27 1245.80773926 1
63 27 1248.83483887 1
63 27 1249.72607422 1
63 27 1249.92663574 1
63 27 1250.51818848 1
63 27 1252.20056152 1
63 27 1255.59985352 1
63 27 1256.73486328 1
63 27 1258.31103516 1
63 27 1267.13708496 1
63 27 1267.93530273 1
63 27 1270.63562012 1
63 27 1279.3034668 1
63 27 1291.27270508 1
63 27 1292.62109375 1
63 27 1294.49707031 1
63 27 1295.27270508 1
63 27 1306.26123047 1
63 27 1306.81140137 1
63 27 1308.72131348 1
63 27 1309.96435547 1
63 27 1310.03796387 1
63 27 1313.29528809 1
63 27 1314.21899414 1
63 27 1317.75476074 1
63 27 1321.70349121 1
63 27 1324.72033691 1
63 27 1326.37561035 1
63 27 1326.55236816 1
63 27 1334.15991211 1
63 27 1335.7130127 1
63 27 1337.32824707 1
63 27 1337.64880371 1
63 27 1341.41015625 1
63 27 1346.79858398 1
63 27 1349.29943848 1
63 27 1349.35327148 1
63 27 1350.98376465 1
63 27 1353.37097168 1
63 27 1354.02905273 1
63 27 1355.35266113 1
63 27 1363.46179199 1
63 27 1363.47729492 1
63 27 1363.75341797 1
63 27 1371.61450195 1
63 27 1373.50976562 1
63 27 1380.96142578 1
63 27 1381.87744141 1
63 27 1384.96228027 1
63 27 1397.05419922 1
63 27 1402.87878418 1
63 27 1404.27319336 1
63 27 1405.1340332 1
63 27 1409.67211914 1
63 27 1412.49121094 1
63 27 1414.26257324 1
63 27 1416.91833496 1
63 27 1420.1895752 1
63 27 1421.39575195 1
63 27 1422.52624512 1
63 27 1426.80615234 1
63 27 1428.01574707 1
63 27 1432.06750488 1
63 27 1436.98132324 1
63 27 1440.98974609 1
63 27 1443.03771973 1
63 27 1447.02600098 1
63 27 1448.62744141 1
63 27 1449.42175293 1
63 27 1462.49621582 1
63 27 1464.93383789 1
63 27 1465.28942871 1
63 27 1466.5291748 1
63 27 1466.58044434 1
63 27 1468.94006348 1
63 27 1472.34777832 1
63 27 1481.47900391 1
63 27 1481.84680176 1
63 27 1498.53613281 1
63 27 1513.67004395 1
63 27 1518.46386719 1
63 27 1519.3737793 1
63 27 1521.62780762 1
63 27 1525.24755859 1
63 27 1525.33032227 1
63 27 1527.54504395 1
63 27 1528.70178223 1
63 27 1529.93859863 1
63 27 1541.78649902 1
63 27 1545.5213623 1
63 27 1552.40246582 1
63 27 1553.41516113 1
63 27 1554.98144531 1
63 27 1556.9239502 1
63 27 1568.12475586 1
63 27 1580.03149414 1
63 27 1587.82543945 1
63 27 1591.15686035 1
63 27 1591.68005371 1
63 27 1592.42163086 1
63 27 1601.91943359 1
63 27 1616.75817871 1
63 27 1618.08337402 1
63 27 1623.77050781 1
63 27 1624.1171875 1
63 27 1627.8425293 1
63 27 1645.35864258 1
63 27 1645.82971191 1
63 27 1653.17700195 1
63 27 1656.1472168 1
63 27 1660.53271484 1
63 27 1661.28259277 1
63 27 1663.06567383 1
63 27 1680.78564453 1
63 27 1683.71984863 1
63 27 1708.24560547 1
63 27 1729.06884766 1
63 27 1733.68786621 1
63 27 1754.18029785 1
63 27 1760.87658691 1
63 27 1764.54846191 1
63 27 1778.75952148 1
63 27 1791.1796875 1
63 27 1821.51135254 1
63 27 1833.33825684 1
63 27 1851.03662109 1
63 27 1863.13574219 1
63 27 1881.56152344 1
63 27 1892.85437012 1
63 27 1936.08459473 1
63 27 1940.0703125 1
63 27 1953.2088623 1
63 27 1980.75512695 1
63 27 2007.9909668 1
63 27 2021.79260254 1
63 27 2024.39538574 1
63 27 2042.05187988 1
63 27 2050.84716797 1
63 27 2079.8737793 1
63 27 2100.96118164 1
63 27 2112.81640625 1
63 27 2173.81152344 1
63 27 2279.91137695 1
63 27 2346.20141602 1
63 27 2392.80297852 1
63 27 2409.39770508 1
63 27 2420.83886719 1
63 27 2427.02783203 1
63 27 2450.81567383 1
63 27 2559.63696289 1
63 27 2830.70556641 1
63 27 3046.22827148 1
63 27 3066.55517578 1
63 27 3702.08666992 1
63 28 623.69909668 1
63 28 628.31628418 1
63 28 629.729125977 1
63 28 630.382324219 1
63 28 631.669067383 1
63 28 633.193847656 1
63 28 635.800170898 1
63 28 641.909667969 1
63 28 642.20690918 1
63 28 644.683898926 1
63 28 645.505310059 1
63 28 645.971862793 1
63 28 646.093994141 1
63 28 646.837036133 1
63 28 653.572998047 1
63 28 655.052978516 1
63 28 656.531188965 1
63 28 656.692077637 1
63 28 657.189941406 1
63 28 657.337463379 1
63 28 658.37298584 1
63 28 659.156982422 1
63 28 659.97277832 1
63 28 661.55090332 1
63 28 661.75213623 1
63 28 661.755187988 1
63 28 662.799560547 1
63 28 664.612609863 1
63 28 668.378601074 1
63 28 669.140625 1
63 28 669.308044434 1
63 28 669.87713623 1
63 28 670.364685059 1
63 28 670.696350098 1
63 28 670.933227539 1
63 28 671.318359375 1
63 28 672.145019531 1
63 28 672.401367188 1
63 28 673.059326172 1
63 28 673.313415527 1
63 28 674.618713379 1
63 28 675.288269043 1
63 28 675.63848877 1
63 28 676.567565918 1
63 28 676.853515625 1
63 28 676.947387695 1
63 28 677.568847656 1
63 28 678.337036133 1
63 28 683.527282715 1
63 28 683.881408691 1
63 28 684.231384277 1
63 28 684.754638672 1
63 28 684.888000488 1
63 28 684.97277832 1
63 28 685.238342285 1
63 28 685.413330078 1
63 28 687.029663086 1
63 28 687.156005859 1
63 28 687.788269043 1
63 28 687.980224609 1
63 28 688.015380859 1
63 28 688.100708008 1
63 28 690.342956543 1
63 28 690.794616699 1
63 28 691.489562988 1
63 28 692.038391113 1
63 28 692.101501465 1
63 28 692.342773438 1
63 28 693.506958008 1
63 28 694.023986816 1
63 28 694.174926758 1
63 28 694.19708252 1
63 28 694.889160156 1
63 28 694.9921875 1
63 28 695.822753906 1
63 28 696.12902832 1
63 28 696.795532227 1
63 28 696.872741699 1
63 28 696.889221191 1
63 28 699.333007812 1
63 28 699.382873535 1
63 28 699.531311035 1
63 28 699.536743164 1
63 28 700.443237305 1
63 28 700.66809082 1
63 28 700.774597168 1
63 28 701.292053223 1
63 28 701.877685547 1
63 28 702.210571289 1
63 28 702.528930664 1
63 28 702.56262207 1
63 28 705.226074219 1
63 28 705.680297852 1
63 28 706.643859863 1
63 28 707.072021484 1
63 28 707.077758789 1
63 28 709.025634766 1
63 28 709.681640625 1
63 28 712.315551758 1
63 28 712.551635742 1
63 28 713.22088623 1
63 28 715.320861816 1
63 28 715.618774414 1
63 28 716.156066895 1
63 28 716.493835449 1
63 28 716.855957031 1
63 28 717.240478516 1
63 28 718.307678223 1
63 28 718.863891602 1
63 28 718.882995605 1
63 28 719.67376709 1
63 28 719.78704834 1
63 28 719.794799805 1
63 28 720.397277832 1
63 28 720.758605957 1
63 28 721.891479492 1
63 28 722.070007324 1
63 28 722.23059082 1
63 28 723.00402832 1
63 28 723.269042969 1
63 28 723.847839355 1
63 28 724.007385254 1
63 28 724.711547852 1
63 28 726.115356445 1
63 28 726.242675781 1
63 28 726.551574707 1
63 28 726.766418457 1
63 28 727.661254883 1
63 28 728.229736328 1
63 28 728.918884277 1
63 28 730.198242188 1
63 28 730.424133301 1
63 28 730.609558105 1
63 28 730.952941895 1
63 28 731.878356934 1
63 28 731.898193359 1
63 28 731.953369141 1
63 28 733.434448242 1
63 28 734.326782227 1
63 28 734.509765625 1
63 28 734.657775879 1
63 28 735.305847168 1
63 28 735.372558594 1
63 28 735.501647949 1
63 28 736.046813965 1
63 28 736.096252441 1
63 28 736.130126953 1
63 28 736.387695312 1
63 28 736.706298828 1
63 28 736.814025879 1
63 28 738.702758789 1
63 28 738.940002441 1
63 28 738.942810059 1
63 28 739.557617188 1
63 28 739.626464844 1
63 28 740.044616699 1
63 28 740.770690918 1
63 28 740.809631348 1
63 28 741.267883301 1
63 28 741.864379883 1
63 28 742.16217041 1
63 28 742.465026855 1
63 28 742.868591309 1
63 28 742.932556152 1
63 28 743.271728516 1
63 28 743.296508789 1
63 28 743.439758301 1
63 28 743.559875488 1
63 28 743.597290039 1
63 28 743.704528809 1
63 28 744.330383301 1
63 28 745.127868652 1
63 28 745.772827148 1
63 28 747.35949707 1
63 28 747.796020508 1
63 28 749.257263184 1
63 28 749.375671387 1
63 28 749.450683594 1
63 28 749.719177246 1
63 28 750.34576416 1
63 28 750.85345459 1
63 28 751.47833252 1
63 28 751.532470703 1
63 28 751.756835938 1
63 28 751.838439941 1
63 28 752.105834961 1
63 28 752.192565918 1
63 28 752.848876953 1
63 28 752.918395996 1
63 28 753.083557129 1
63 28 755.253540039 1
63 28 755.33972168 1
63 28 755.860717773 1
63 28 756.422790527 1
63 28 757.404724121 1
63 28 757.474975586 1
63 28 757.606018066 1
63 28 757.783447266 1
63 28 758.707214355 1
63 28 759.277770996 1
63 28 759.449401855 1
63 28 759.451171875 1
63 28 759.66015625 1
63 28 759.991821289 1
63 28 760.212768555 1
63 28 760.637145996 1
63 28 760.684204102 1
63 28 761.158996582 1
63 28 762.50567627 1
63 28 762.647949219 1
63 28 762.700622559 1
63 28 762.91784668 1
63 28 763.626342773 1
63 28 764.794250488 1
63 28 765.020080566 1
63 28 765.183776855 1
63 28 765.536682129 1
63 28 765.745788574 1
63 28 766.553161621 1
63 28 766.760559082 1
63 28 766.877746582 1
63 28 767.005981445 1
63 28 767.672119141 1
63 28 768.015197754 1
63 28 768.257995605 1
63 28 768.295349121 1
63 28 769.216552734 1
63 28 770.068359375 1
63 28 770.206970215 1
63 28 771.304321289 1
63 28 772.33807373 1
63 28 772.390014648 1
63 28 772.595336914 1
63 28 773.032714844 1
63 28 773.481384277 1
63 28 773.537414551 1
63 28 773.835327148 1
63 28 774.242675781 1
63 28 774.306945801 1
63 28 774.323852539 1
63 28 775.346618652 1
63 28 775.724487305 1
63 28 776.102478027 1
63 28 777.732666016 1
63 28 778.203796387 1
63 28 778.526000977 1
63 28 778.547607422 1
63 28 778.558288574 1
63 28 779.267944336 1
63 28 779.640319824 1
63 28 780.475219727 1
63 28 780.53326416 1
63 28 780.820800781 1
63 28 782.126281738 1
63 28 783.005554199 1
63 28 783.277709961 1
63 28 783.599975586 1
63 28 783.826171875 1
63 28 784.341491699 1
63 28 784.519836426 1
63 28 784.794250488 1
63 28 784.86315918 1
63 28 786.861999512 1
63 28 787.268676758 1
63 28 787.461975098 1
63 28 788.152709961 1
63 28 788.430786133 1
63 28 788.924194336 1
63 28 789.45916748 1
63 28 790.425354004 1
63 28 791.994628906 1
63 28 792.033752441 1
63 28 792.4921875 1
63 28 792.579467773 1
63 28 792.703063965 1
63 28 793.908752441 1
63 28 796.03338623 1
63 28 796.322021484 1
63 28 797.14855957 1
63 28 797.367614746 1
63 28 797.426086426 1
63 28 797.54888916 1
63 28 797.692321777 1
63 28 797.759338379 1
63 28 798.33782959 1
63 28 799.066711426 1
63 28 799.663024902 1
63 28 801.66229248 1
63 28 801.976135254 1
63 28 802.450073242 1
63 28 802.764038086 1
63 28 803.169433594 1
63 28 803.877258301 1
63 28 804.313415527 1
63 28 804.357727051 1
63 28 804.368408203 1
63 28 804.872314453 1
63 28 805.033447266 1
63 28 805.17791748 1
63 28 805.50592041 1
63 28 805.522827148 1
63 28 805.565917969 1
63 28 805.896057129 1
63 28 806.738220215 1
63 28 806.788696289 1
63 28 807.622009277 1
63 28 807.791992188 1
63 28 807.957397461 1
63 28 808.270996094 1
63 28 809.040710449 1
63 28 810.02923584 1
63 28 810.315063477 1
63 28 810.53314209 1
63 28 810.654296875 1
63 28 811.02935791 1
63 28 811.729919434 1
63 28 811.761352539 1
63 28 812.06451416 1
63 28 812.242675781 1
63 28 812.691894531 1
63 28 813.122619629 1
63 28 815.194274902 1
63 28 815.377929688 1
63 28 815.461975098 1
63 28 816.395507812 1
63 28 817.590209961 1
63 28 818.043884277 1
63 28 818.702575684 1
63 28 819.948791504 1
63 28 821.264221191 1
63 28 821.685974121 1
63 28 823.789550781 1
63 28 824.155822754 1
63 28 824.250976562 1
63 28 824.572143555 1
63 28 825.595825195 1
63 28 825.755859375 1
63 28 825.965759277 1
63 28 828.16809082 1
63 28 828.933898926 1
63 28 829.692321777 1
63 28 831.974121094 1
63 28 832.235229492 1
63 28 832.378601074 1
63 28 832.6640625 1
63 28 832.855407715 1
63 28 833.540771484 1
63 28 833.940124512 1
63 28 834.719055176 1
63 28 834.873046875 1
63 28 834.968444824 1
63 28 835.274780273 1
63 28 836.211364746 1
63 28 836.49029541 1
63 28 837.406677246 1
63 28 838.288635254 1
63 28 839.072998047 1
63 28 839.46295166 1
63 28 840.34197998 1
63 28 841.686401367 1
63 28 842.400939941 1
63 28 842.63269043 1
63 28 842.751037598 1
63 28 842.852539062 1
63 28 843.512939453 1
63 28 844.795532227 1
63 28 845.284667969 1
63 28 846.947937012 1
63 28 846.963928223 1
63 28 848.318115234 1
63 28 849.811767578 1
63 28 850.291564941 1
63 28 850.506591797 1
63 28 850.604003906 1
63 28 851.304382324 1
63 28 852.719909668 1
63 28 853.567138672 1
63 28 854.176574707 1
63 28 855.908935547 1
63 28 856.484069824 1
63 28 857.098754883 1
63 28 857.368225098 1
63 28 859.752563477 1
63 28 860.036499023 1
63 28 860.045898438 1
63 28 861.644958496 1
63 28 862.702575684 1
63 28 862.957214355 1
63 28 863.230285645 1
63 28 863.250793457 1
63 28 863.41595459 1
63 28 864.347473145 1
63 28 864.866210938 1
63 28 865.529602051 1
63 28 865.805541992 1
63 28 866.243591309 1
63 28 867.040710449 1
63 28 867.886169434 1
63 28 867.98059082 1
63 28 868.720275879 1
63 28 868.815734863 1
63 28 869.679321289 1
63 28 869.886291504 1
63 28 870.619262695 1
63 28 871.165710449 1
63 28 871.274475098 1
63 28 871.444335938 1
63 28 871.52532959 1
63 28 871.84954834 1
63 28 871.880615234 1
63 28 872.589599609 1
63 28 872.919006348 1
63 28 875.848327637 1
63 28 877.42388916 1
63 28 878.17578125 1
63 28 878.551818848 1
63 28 878.74810791 1
63 28 879.43182373 1
63 28 879.565551758 1
63 28 880.04675293 1
63 28 881.017333984 1
63 28 881.176940918 1
63 28 882.625305176 1
63 28 882.969421387 1
63 28 883.17401123 1
63 28 883.86706543 1
63 28 884.225341797 1
63 28 884.831176758 1
63 28 885.476196289 1
63 28 886.811706543 1
63 28 887.009216309 1
63 28 887.147949219 1
63 28 889.719726562 1
63 28 889.839477539 1
63 28 890.502502441 1
63 28 890.953674316 1
63 28 890.956787109 1
63 28 890.997192383 1
63 28 891.454406738 1
63 28 892.873962402 1
63 28 892.888122559 1
63 28 893.332763672 1
63 28 893.386779785 1
63 28 893.712463379 1
63 28 894.287231445 1
63 28 895.925292969 1
63 28 896.72277832 1
63 28 896.821533203 1
63 28 897.32220459 1
63 28 899.035888672 1
63 28 899.425476074 1
63 28 900.905334473 1
63 28 901.285217285 1
63 28 901.63269043 1
63 28 902.097717285 1
63 28 902.25201416 1
63 28 904.881103516 1
63 28 908.400817871 1
63 28 908.861083984 1
63 28 909.608215332 1
63 28 909.971252441 1
63 28 910.191467285 1
63 28 911.06463623 1
63 28 912.377990723 1
63 28 912.653503418 1
63 28 913.65222168 1
63 28 913.890930176 1
63 28 914.948059082 1
63 28 915.559692383 1
63 28 915.73223877 1
63 28 916.20880127 1
63 28 917.059753418 1
63 28 917.345825195 1
63 28 917.37878418 1
63 28 919.529602051 1
63 28 920.093566895 1
63 28 922.77734375 1
63 28 922.972595215 1
63 28 923.006286621 1
63 28 923.536071777 1
63 28 925.213500977 1
63 28 925.405883789 1
63 28 925.610961914 1
63 28 926.520385742 1
63 28 927.942565918 1
63 28 928.230102539 1
63 28 928.405761719 1
63 28 933.285583496 1
63 28 933.458129883 1
63 28 933.623657227 1
63 28 934.650085449 1
63 28 936.192199707 1
63 28 937.128112793 1
63 28 937.978820801 1
63 28 938.498657227 1
63 28 939.418212891 1
63 28 939.995056152 1
63 28 940.428771973 1
63 28 940.67791748 1
63 28 941.590209961 1
63 28 942.315124512 1
63 28 945.485168457 1
63 28 948.066650391 1
63 28 949.946655273 1
63 28 950.570556641 1
63 28 952.199707031 1
63 28 952.805419922 1
63 28 953.055236816 1
63 28 953.791625977 1
63 28 954.038513184 1
63 28 955.645751953 1
63 28 958.168334961 1
63 28 958.89050293 1
63 28 959.401611328 1
63 28 959.436767578 1
63 28 960.383972168 1
63 28 963.314331055 1
63 28 966.288452148 1
63 28 966.876525879 1
63 28 967.554138184 1
63 28 968.662963867 1
63 28 969.725646973 1
63 28 970.072631836 1
63 28 970.313659668 1
63 28 971.16986084 1
63 28 973.094482422 1
63 28 973.307006836 1
63 28 979.240478516 1
63 28 979.39440918 1
63 28 979.760253906 1
63 28 982.589538574 1
63 28 983.714172363 1
63 28 984.571166992 1
63 28 987.033569336 1
63 28 987.24395752 1
63 28 991.310180664 1
63 28 991.832458496 1
63 28 993.359313965 1
63 28 993.882751465 1
63 28 995.227661133 1
63 28 995.348449707 1
63 28 995.750671387 1
63 28 995.956726074 1
63 28 998.517944336 1
63 28 998.640380859 1
63 28 1000.56518555 1
63 28 1000.92926025 1
63 28 1004.34472656 1
63 28 1004.85845947 1
63 28 1005.61883545 1
63 28 1007.11193848 1
63 28 1007.90167236 1
63 28 1009.15637207 1
63 28 1011.52581787 1
63 28 1012.76934814 1
63 28 1012.94091797 1
63 28 1014.78662109 1
63 28 1015.65515137 1
63 28 1017.76019287 1
63 28 1019.62445068 1
63 28 1023.67224121 1
63 28 1025.0592041 1
63 28 1025.14025879 1
63 28 1026.42041016 1
63 28 1027.34033203 1
63 28 1030.05090332 1
63 28 1031.40002441 1
63 28 1032.29284668 1
63 28 1034.7076416 1
63 28 1036.53759766 1
63 28 1038.48352051 1
63 28 1038.97741699 1
63 28 1039.91992188 1
63 28 1040.52600098 1
63 28 1040.9197998 1
63 28 1040.94238281 1
63 28 1041.6315918 1
63 28 1042.11328125 1
63 28 1044.98449707 1
63 28 1045.52624512 1
63 28 1046.20629883 1
63 28 1047.17407227 1
63 28 1049.04187012 1
63 28 1049.46166992 1
63 28 1049.56616211 1
63 28 1050.15307617 1
63 28 1050.26818848 1
63 28 1050.34545898 1
63 28 1050.86999512 1
63 28 1051.04577637 1
63 28 1051.58947754 1
63 28 1052.20263672 1
63 28 1052.70678711 1
63 28 1054.66369629 1
63 28 1055.13037109 1
63 28 1055.99707031 1
63 28 1056.74731445 1
63 28 1057.15600586 1
63 28 1057.34387207 1
63 28 1058.21411133 1
63 28 1059.61340332 1
63 28 1060.66040039 1
63 28 1060.7010498 1
63 28 1064.04577637 1
63 28 1067.91491699 1
63 28 1068.99157715 1
63 28 1072.73120117 1
63 28 1075.91418457 1
63 28 1078.04882812 1
63 28 1078.07458496 1
63 28 1078.08032227 1
63 28 1078.17858887 1
63 28 1079.92114258 1
63 28 1080.10986328 1
63 28 1084.94934082 1
63 28 1086.84350586 1
63 28 1087.83605957 1
63 28 1089.15380859 1
63 28 1089.69287109 1
63 28 1090.00476074 1
63 28 1090.70947266 1
63 28 1091.82580566 1
63 28 1094.46154785 1
63 28 1098.57666016 1
63 28 1101.91650391 1
63 28 1102.44104004 1
63 28 1104.04980469 1
63 28 1105.00427246 1
63 28 1107.19104004 1
63 28 1107.45080566 1
63 28 1107.85949707 1
63 28 1110.12158203 1
63 28 1110.64904785 1
63 28 1111.64611816 1
63 28 1117.31140137 1
63 28 1118.52355957 1
63 28 1120.52770996 1
63 28 1120.75341797 1
63 28 1121.37890625 1
63 28 1122.56237793 1
63 28 1124.06994629 1
63 28 1126.33740234 1
63 28 1127.46887207 1
63 28 1127.74450684 1
63 28 1137.40991211 1
63 28 1141.54003906 1
63 28 1142.30444336 1
63 28 1142.77185059 1
63 28 1142.84106445 1
63 28 1142.99719238 1
63 28 1143.85253906 1
63 28 1144.54870605 1
63 28 1145.48071289 1
63 28 1146.12414551 1
63 28 1147.30273438 1
63 28 1148.04150391 1
63 28 1152.55285645 1
63 28 1153.91064453 1
63 28 1160.5369873 1
63 28 1161.70446777 1
63 28 1162.22802734 1
63 28 1162.94262695 1
63 28 1163.86157227 1
63 28 1168.44506836 1
63 28 1168.49145508 1
63 28 1171.56628418 1
63 28 1172.86950684 1
63 28 1173.18676758 1
63 28 1175.58679199 1
63 28 1176.44250488 1
63 28 1177.91149902 1
63 28 1181.29516602 1
63 28 1184.22583008 1
63 28 1189.02246094 1
63 28 1190.12145996 1
63 28 1191.31726074 1
63 28 1191.34960938 1
63 28 1191.98498535 1
63 28 1192.27880859 1
63 28 1192.41552734 1
63 28 1194.48779297 1
63 28 1195.24963379 1
63 28 1197.85083008 1
63 28 1199.84082031 1
63 28 1202.8034668 1
63 28 1203.59570312 1
63 28 1204.08874512 1
63 28 1209.77893066 1
63 28 1211.46362305 1
63 28 1215.04040527 1
63 28 1215.56884766 1
63 28 1218.4465332 1
63 28 1219.86401367 1
63 28 1222.01220703 1
63 28 1224.08886719 1
63 28 1224.13024902 1
63 28 1224.43225098 1
63 28 1224.98498535 1
63 28 1226.95202637 1
63 28 1235.47729492 1
63 28 1238.9708252 1
63 28 1239.40600586 1
63 28 1239.48120117 1
63 28 1239.64221191 1
63 28 1241.35754395 1
63 28 1243.4864502 1
63 28 1244.67956543 1
63 28 1244.89440918 1
63 28 1245.55419922 1
63 28 1245.81469727 1
63 28 1248.50805664 1
63 28 1249.1652832 1
63 28 1250.86413574 1
63 28 1252.79370117 1
63 28 1254.9041748 1
63 28 1257.66699219 1
63 28 1262.97131348 1
63 28 1263.79968262 1
63 28 1269.0760498 1
63 28 1272.36523438 1
63 28 1273.82873535 1
63 28 1279.02038574 1
63 28 1284.52697754 1
63 28 1293.63269043 1
63 28 1295.74267578 1
63 28 1298.18676758 1
63 28 1300.2722168 1
63 28 1303.21447754 1
63 28 1308.98950195 1
63 28 1310.61242676 1
63 28 1312.15820312 1
63 28 1316.45898438 1
63 28 1317.15527344 1
63 28 1318.45751953 1
63 28 1318.83911133 1
63 28 1322.65441895 1
63 28 1323.33447266 1
63 28 1325.69482422 1
63 28 1326.90698242 1
63 28 1330.46875 1
63 28 1331.75964355 1
63 28 1332.2902832 1
63 28 1333.03649902 1
63 28 1338.03405762 1
63 28 1339.29003906 1
63 28 1347.34765625 1
63 28 1353.2800293 1
63 28 1356.67883301 1
63 28 1356.90478516 1
63 28 1357.58239746 1
63 28 1361.86608887 1
63 28 1363.01538086 1
63 28 1377.51928711 1
63 28 1385.76977539 1
63 28 1395.59143066 1
63 28 1416.79003906 1
63 28 1426.18518066 1
63 28 1426.99597168 1
63 28 1432.89868164 1
63 28 1444.14794922 1
63 28 1451.56896973 1
63 28 1456.0859375 1
63 28 1457.34619141 1
63 28 1458.33813477 1
63 28 1462.52197266 1
63 28 1463.01501465 1
63 28 1464.171875 1
63 28 1466.9744873 1
63 28 1469.85864258 1
63 28 1471.31262207 1
63 28 1476.39294434 1
63 28 1484.4498291 1
63 28 1488.96008301 1
63 28 1498.32873535 1
63 28 1502.57873535 1
63 28 1502.80639648 1
63 28 1504.42932129 1
63 28 1506.03234863 1
63 28 1513.85437012 1
63 28 1516.72033691 1
63 28 1519.58129883 1
63 28 1520.21582031 1
63 28 1528.17468262 1
63 28 1541.95935059 1
63 28 1547.74169922 1
63 28 1547.91345215 1
63 28 1548.72692871 1
63 28 1552.48596191 1
63 28 1567.29199219 1
63 28 1570.6739502 1
63 28 1584.32104492 1
63 28 1589.22436523 1
63 28 1593.97766113 1
63 28 1595.30566406 1
63 28 1598.65039062 1
63 28 1604.75622559 1
63 28 1614.2800293 1
63 28 1623.70874023 1
63 28 1636.91491699 1
63 28 1645.12036133 1
63 28 1645.53808594 1
63 28 1659.09350586 1
63 28 1659.98608398 1
63 28 1669.88525391 1
63 28 1681.43762207 1
63 28 1704.02319336 1
63 28 1726.31616211 1
63 28 1733.10424805 1
63 28 1750.87463379 1
63 28 1782.88378906 1
63 28 1795.50622559 1
63 28 1834.55041504 1
63 28 1845.2989502 1
63 28 1846.71643066 1
63 28 1856.33105469 1
63 28 1880.09460449 1
63 28 1890.8125 1
63 28 1895.22766113 1
63 28 1908.57202148 1
63 28 1936.07800293 1
63 28 1944.3371582 1
63 28 1961.72900391 1
63 28 1963.53881836 1
63 28 2002.19897461 1
63 28 2009.88598633 1
63 28 2010.45861816 1
63 28 2022.09020996 1
63 28 2022.91271973 1
63 28 2026.90222168 1
63 28 2041.82019043 1
63 28 2048.90625 1
63 28 2068.26342773 1
63 28 2069.62402344 1
63 28 2096.23217773 1
63 28 2097.20532227 1
63 28 2101.61938477 1
63 28 2112.47192383 1
63 28 2127.58789062 1
63 28 2138.00170898 1
63 28 2174.18334961 1
63 28 2178.97851562 1
63 28 2183.56518555 1
63 28 2247.21484375 1
63 28 2337.09936523 1
63 28 2344.06469727 1
63 28 2375.79467773 1
63 28 2650.45336914 1
63 28 2681.09570312 1
63 28 2762.44873047 1
63 29 625.306152344 1
63 29 632.170837402 1
63 29 633.103820801 1
63 29 635.313110352 1
63 29 635.806091309 1
63 29 636.627502441 1
63 29 638.996704102 1
63 29 639.903015137 1
63 29 641.402404785 1
63 29 643.294555664 1
63 29 643.551330566 1
63 29 654.111694336 1
63 29 654.310913086 1
63 29 655.486816406 1
63 29 656.154785156 1
63 29 657.54095459 1
63 29 657.613037109 1
63 29 658.274047852 1
63 29 658.463012695 1
63 29 659.475769043 1
63 29 659.697265625 1
63 29 659.985595703 1
63 29 661.912963867 1
63 29 662.477172852 1
63 29 662.703369141 1
63 29 663.685974121 1
63 29 665.016967773 1
63 29 665.193908691 1
63 29 666.983154297 1
63 29 667.023864746 1
63 29 667.24005127 1
63 29 667.309448242 1
63 29 667.994995117 1
63 29 668.950500488 1
63 29 669.161254883 1
63 29 669.86328125 1
63 29 671.469909668 1
63 29 672.242858887 1
63 29 673.954956055 1
63 29 674.503417969 1
63 29 676.05279541 1
63 29 676.585998535 1
63 29 677.156494141 1
63 29 677.778625488 1
63 29 678.931640625 1
63 29 679.121459961 1
63 29 679.783447266 1
63 29 681.227478027 1
63 29 681.624938965 1
63 29 681.737304688 1
63 29 683.154541016 1
63 29 683.463378906 1
63 29 683.590148926 1
63 29 684.01965332 1
63 29 684.344970703 1
63 29 684.666809082 1
63 29 684.827331543 1
63 29 685.232727051 1
63 29 685.465209961 1
63 29 685.625061035 1
63 29 685.821350098 1
63 29 686.245910645 1
63 29 687.127685547 1
63 29 687.209838867 1
63 29 687.263427734 1
63 29 687.722290039 1
63 29 687.75994873 1
63 29 688.254333496 1
63 29 688.407043457 1
63 29 688.477600098 1
63 29 689.438659668 1
63 29 689.759887695 1
63 29 689.815429688 1
63 29 692.034973145 1
63 29 692.92401123 1
63 29 693.035339355 1
63 29 696.233886719 1
63 29 696.267211914 1
63 29 696.737426758 1
63 29 697.712524414 1
63 29 698.602294922 1
63 29 698.976806641 1
63 29 699.079711914 1
63 29 700.327758789 1
63 29 700.524963379 1
63 29 700.758728027 1
63 29 700.832092285 1
63 29 702.016845703 1
63 29 702.091552734 1
63 29 702.104248047 1
63 29 703.538574219 1
63 29 703.547851562 1
63 29 703.568237305 1
63 29 704.218566895 1
63 29 704.408691406 1
63 29 705.325012207 1
63 29 706.235229492 1
63 29 707.784423828 1
63 29 708.494628906 1
63 29 708.550598145 1
63 29 709.565368652 1
63 29 709.622192383 1
63 29 709.916687012 1
63 29 710.26751709 1
63 29 710.824584961 1
63 29 711.385986328 1
63 29 711.755065918 1
63 29 711.813659668 1
63 29 713.29083252 1
63 29 713.579711914 1
63 29 714.229980469 1
63 29 714.645385742 1
63 29 714.838806152 1
63 29 715.58392334 1
63 29 716.463256836 1
63 29 716.622009277 1
63 29 716.676635742 1
63 29 717.147399902 1
63 29 717.633850098 1
63 29 717.701049805 1
63 29 717.923583984 1
63 29 718.074462891 1
63 29 718.117553711 1
63 29 718.337036133 1
63 29 719.107910156 1
63 29 719.143798828 1
63 29 719.319641113 1
63 29 719.800170898 1
63 29 720.059448242 1
63 29 722.803344727 1
63 29 722.892211914 1
63 29 722.981140137 1
63 29 723.821655273 1
63 29 724.437011719 1
63 29 725.041748047 1
63 29 725.062988281 1
63 29 727.044555664 1
63 29 727.744995117 1
63 29 728.150695801 1
63 29 729.858581543 1
63 29 730.949462891 1
63 29 731.750549316 1
63 29 731.920288086 1
63 29 732.690368652 1
63 29 734.25567627 1
63 29 734.309204102 1
63 29 735.48638916 1
63 29 735.671508789 1
63 29 735.767211914 1
63 29 735.856140137 1
63 29 737.101745605 1
63 29 737.217834473 1
63 29 738.100524902 1
63 29 738.700805664 1
63 29 739.002258301 1
63 29 739.288269043 1
63 29 739.66583252 1
63 29 739.710388184 1
63 29 740.514648438 1
63 29 740.938476562 1
63 29 741.078430176 1
63 29 741.567382812 1
63 29 742.935974121 1
63 29 743.14465332 1
63 29 743.743041992 1
63 29 743.875061035 1
63 29 744.492675781 1
63 29 746.040405273 1
63 29 746.898498535 1
63 29 749.44317627 1
63 29 750.339050293 1
63 29 751.126586914 1
63 29 751.609130859 1
63 29 751.630065918 1
63 29 752.467895508 1
63 29 752.478393555 1
63 29 753.134887695 1
63 29 753.809753418 1
63 29 754.453979492 1
63 29 754.868164062 1
63 29 755.28314209 1
63 29 755.572387695 1
63 29 755.645507812 1
63 29 755.878845215 1
63 29 756.611022949 1
63 29 756.661010742 1
63 29 756.753295898 1
63 29 757.460693359 1
63 29 757.751403809 1
63 29 758.05847168 1
63 29 759.186767578 1
63 29 759.235961914 1
63 29 760.769165039 1
63 29 761.683166504 1
63 29 762.208251953 1
63 29 762.334106445 1
63 29 762.590942383 1
63 29 763.026855469 1
63 29 763.542480469 1
63 29 766.124267578 1
63 29 766.156921387 1
63 29 766.315185547 1
63 29 766.74395752 1
63 29 766.972045898 1
63 29 768.07220459 1
63 29 768.156494141 1
63 29 768.980834961 1
63 29 769.259521484 1
63 29 769.913696289 1
63 29 770.039855957 1
63 29 770.043457031 1
63 29 770.644592285 1
63 29 770.680847168 1
63 29 771.005065918 1
63 29 771.562561035 1
63 29 771.912414551 1
63 29 772.456054688 1
63 29 773.340454102 1
63 29 773.442565918 1
63 29 774.872070312 1
63 29 775.331726074 1
63 29 776.122680664 1
63 29 776.169372559 1
63 29 776.471130371 1
63 29 776.734558105 1
63 29 777.001037598 1
63 29 777.287719727 1
63 29 778.107543945 1
63 29 778.855224609 1
63 29 780.263000488 1
63 29 781.658081055 1
63 29 782.766174316 1
63 29 783.380493164 1
63 29 784.039367676 1
63 29 784.969360352 1
63 29 785.323913574 1
63 29 787.173400879 1
63 29 787.403320312 1
63 29 788.471679688 1
63 29 789.518920898 1
63 29 789.732421875 1
63 29 790.029602051 1
63 29 791.745422363 1
63 29 791.881835938 1
63 29 792.083068848 1
63 29 792.537536621 1
63 29 793.333496094 1
63 29 794.206848145 1
63 29 794.300964355 1
63 29 795.353149414 1
63 29 795.512695312 1
63 29 796.569152832 1
63 29 797.025512695 1
63 29 797.335754395 1
63 29 798.319213867 1
63 29 798.772460938 1
63 29 799.210449219 1
63 29 800.082519531 1
63 29 801.946044922 1
63 29 803.840942383 1
63 29 805.407409668 1
63 29 806.848449707 1
63 29 807.217590332 1
63 29 807.36126709 1
63 29 808.541381836 1
63 29 808.778930664 1
63 29 809.513977051 1
63 29 809.940490723 1
63 29 810.272521973 1
63 29 810.804504395 1
63 29 811.438842773 1
63 29 812.981994629 1
63 29 813.370483398 1
63 29 813.40447998 1
63 29 814.18182373 1
63 29 815.453369141 1
63 29 817.244750977 1
63 29 817.646911621 1
63 29 819.388793945 1
63 29 819.841552734 1
63 29 819.955627441 1
63 29 821.12689209 1
63 29 821.522888184 1
63 29 821.975952148 1
63 29 822.029724121 1
63 29 822.460510254 1
63 29 823.110839844 1
63 29 823.257446289 1
63 29 823.740356445 1
63 29 824.079345703 1
63 29 824.467651367 1
63 29 825.580383301 1
63 29 828.57220459 1
63 29 829.055541992 1
63 29 829.244384766 1
63 29 829.883422852 1
63 29 829.978881836 1
63 29 831.39666748 1
63 29 831.515441895 1
63 29 832.527648926 1
63 29 833.533630371 1
63 29 833.999389648 1
63 29 835.133850098 1
63 29 835.432006836 1
63 29 836.138366699 1
63 29 838.166748047 1
63 29 838.227600098 1
63 29 838.727416992 1
63 29 838.953735352 1
63 29 839.098693848 1
63 29 840.373474121 1
63 29 840.972290039 1
63 29 841.128723145 1
63 29 841.327880859 1
63 29 843.460144043 1
63 29 843.72265625 1
63 29 843.900146484 1
63 29 844.081848145 1
63 29 844.223693848 1
63 29 844.79699707 1
63 29 845.701171875 1
63 29 846.366210938 1
63 29 846.408447266 1
63 29 850.562438965 1
63 29 850.674194336 1
63 29 851.552185059 1
63 29 851.95690918 1
63 29 852.064331055 1
63 29 852.670532227 1
63 29 853.143798828 1
63 29 856.321166992 1
63 29 856.963684082 1
63 29 858.605834961 1
63 29 862.73260498 1
63 29 863.340270996 1
63 29 865.328308105 1
63 29 866.189086914 1
63 29 866.204345703 1
63 29 868.181945801 1
63 29 868.270507812 1
63 29 868.746459961 1
63 29 869.552856445 1
63 29 870.323425293 1
63 29 874.243835449 1
63 29 874.585327148 1
63 29 876.020812988 1
63 29 876.36706543 1
63 29 876.690612793 1
63 29 876.896728516 1
63 29 877.966125488 1
63 29 880.521728516 1
63 29 880.750305176 1
63 29 880.816650391 1
63 29 881.479797363 1
63 29 881.574462891 1
63 29 882.313842773 1
63 29 882.853637695 1
63 29 883.142028809 1
63 29 883.179504395 1
63 29 883.406616211 1
63 29 883.997558594 1
63 29 885.786132812 1
63 29 886.26739502 1
63 29 886.509033203 1
63 29 886.67388916 1
63 29 887.468566895 1
63 29 888.027587891 1
63 29 888.828979492 1
63 29 892.190551758 1
63 29 893.101623535 1
63 29 893.221008301 1
63 29 894.360778809 1
63 29 895.154052734 1
63 29 897.075805664 1
63 29 898.553771973 1
63 29 899.372924805 1
63 29 899.72454834 1
63 29 903.174926758 1
63 29 903.386352539 1
63 29 905.059692383 1
63 29 907.456481934 1
63 29 907.541687012 1
63 29 907.83972168 1
63 29 909.798400879 1
63 29 909.966247559 1
63 29 910.597900391 1
63 29 911.115478516 1
63 29 911.511535645 1
63 29 911.654602051 1
63 29 912.199584961 1
63 29 913.06842041 1
63 29 913.727294922 1
63 29 914.423522949 1
63 29 915.774169922 1
63 29 917.797241211 1
63 29 918.295898438 1
63 29 918.383544922 1
63 29 919.016296387 1
63 29 921.285827637 1
63 29 921.625183105 1
63 29 921.69354248 1
63 29 924.546203613 1
63 29 925.96887207 1
63 29 927.967956543 1
63 29 928.563781738 1
63 29 929.422729492 1
63 29 929.67767334 1
63 29 930.023925781 1
63 29 930.295837402 1
63 29 931.705993652 1
63 29 932.672180176 1
63 29 935.118286133 1
63 29 937.647460938 1
63 29 940.110107422 1
63 29 940.882629395 1
63 29 941.582458496 1
63 29 943.454223633 1
63 29 943.602600098 1
63 29 943.78137207 1
63 29 947.280578613 1
63 29 947.805358887 1
63 29 948.914916992 1
63 29 948.948242188 1
63 29 949.414855957 1
63 29 949.726989746 1
63 29 950.252868652 1
63 29 951.386413574 1
63 29 951.684082031 1
63 29 954.659118652 1
63 29 955.179138184 1
63 29 955.532348633 1
63 29 956.29876709 1
63 29 956.458740234 1
63 29 956.470703125 1
63 29 956.69354248 1
63 29 957.768432617 1
63 29 958.437988281 1
63 29 958.462585449 1
63 29 959.354980469 1
63 29 963.357910156 1
63 29 967.076477051 1
63 29 967.868713379 1
63 29 968.69720459 1
63 29 970.141296387 1
63 29 971.665649414 1
63 29 972.056030273 1
63 29 974.999816895 1
63 29 976.023925781 1
63 29 976.043823242 1
63 29 976.201599121 1
63 29 976.84765625 1
63 29 978.173034668 1
63 29 978.331787109 1
63 29 981.309997559 1
63 29 981.58581543 1
63 29 983.306518555 1
63 29 984.638916016 1
63 29 986.529418945 1
63 29 987.24597168 1
63 29 989.071166992 1
63 29 989.821228027 1
63 29 989.893981934 1
63 29 990.503112793 1
63 29 991.127746582 1
63 29 991.399047852 1
63 29 994.128173828 1
63 29 994.738098145 1
63 29 995.452697754 1
63 29 996.040649414 1
63 29 997.598205566 1
63 29 1001.96789551 1
63 29 1004.41033936 1
63 29 1005.40496826 1
63 29 1006.02380371 1
63 29 1006.79205322 1
63 29 1007.96966553 1
63 29 1008.31268311 1
63 29 1009.18328857 1
63 29 1010.68383789 1
63 29 1011.14300537 1
63 29 1012.31463623 1
63 29 1013.47387695 1
63 29 1014.64202881 1
63 29 1016.91778564 1
63 29 1019.17071533 1
63 29 1021.0824585 1
63 29 1021.73760986 1
63 29 1023.10064697 1
63 29 1023.27618408 1
63 29 1023.72021484 1
63 29 1024.64331055 1
63 29 1026.51989746 1
63 29 1026.61425781 1
63 29 1031.40026855 1
63 29 1033.66625977 1
63 29 1033.87866211 1
63 29 1033.95129395 1
63 29 1034.80517578 1
63 29 1036.13208008 1
63 29 1037.33837891 1
63 29 1037.54394531 1
63 29 1038.44165039 1
63 29 1040.14538574 1
63 29 1040.63562012 1
63 29 1040.95361328 1
63 29 1041.24194336 1
63 29 1042.28759766 1
63 29 1043.18579102 1
63 29 1044.82592773 1
63 29 1044.88146973 1
63 29 1045.06176758 1
63 29 1045.67419434 1
63 29 1046.33032227 1
63 29 1047.23046875 1
63 29 1048.23156738 1
63 29 1050.43261719 1
63 29 1050.80493164 1
63 29 1052.83752441 1
63 29 1054.33825684 1
63 29 1054.84191895 1
63 29 1055.11352539 1
63 29 1055.92102051 1
63 29 1056.26708984 1
63 29 1058.4375 1
63 29 1058.76843262 1
63 29 1064.49389648 1
63 29 1065.4753418 1
63 29 1065.88952637 1
63 29 1066.05224609 1
63 29 1067.95410156 1
63 29 1068.68054199 1
63 29 1073.02612305 1
63 29 1074.02502441 1
63 29 1078.05541992 1
63 29 1079.37719727 1
63 29 1080.08044434 1
63 29 1080.16235352 1
63 29 1081.77099609 1
63 29 1081.8536377 1
63 29 1083.90979004 1
63 29 1085.57495117 1
63 29 1086.55627441 1
63 29 1088.15441895 1
63 29 1089.06286621 1
63 29 1090.85388184 1
63 29 1095.51513672 1
63 29 1097.23596191 1
63 29 1098.13146973 1
63 29 1100.71972656 1
63 29 1100.74401855 1
63 29 1102.85388184 1
63 29 1102.92480469 1
63 29 1107.73339844 1
63 29 1108.54907227 1
63 29 1108.95495605 1
63 29 1112.64221191 1
63 29 1114.45556641 1
63 29 1114.5020752 1
63 29 1115.90759277 1
63 29 1116.74389648 1
63 29 1117.42102051 1
63 29 1118.7623291 1
63 29 1121.19445801 1
63 29 1121.66577148 1
63 29 1122.5324707 1
63 29 1124.16491699 1
63 29 1126.1706543 1
63 29 1127.14160156 1
63 29 1128.57324219 1
63 29 1131.12658691 1
63 29 1132.98669434 1
63 29 1136.00866699 1
63 29 1138.65917969 1
63 29 1138.83764648 1
63 29 1139.66235352 1
63 29 1140.93359375 1
63 29 1141.02050781 1
63 29 1141.76220703 1
63 29 1142.72216797 1
63 29 1143.953125 1
63 29 1151.88061523 1
63 29 1154.39855957 1
63 29 1156.75671387 1
63 29 1158.47912598 1
63 29 1159.19836426 1
63 29 1159.33654785 1
63 29 1159.7755127 1
63 29 1159.78808594 1
63 29 1161.84362793 1
63 29 1164.44140625 1
63 29 1168.85095215 1
63 29 1168.91882324 1
63 29 1171.57324219 1
63 29 1172.6809082 1
63 29 1177.09313965 1
63 29 1185.76953125 1
63 29 1185.8001709 1
63 29 1185.95532227 1
63 29 1187.81762695 1
63 29 1189.25195312 1
63 29 1192.72705078 1
63 29 1193.09387207 1
63 29 1198.26928711 1
63 29 1200.77697754 1
63 29 1201.13464355 1
63 29 1207.17077637 1
63 29 1207.99511719 1
63 29 1210.35827637 1
63 29 1210.64074707 1
63 29 1210.97131348 1
63 29 1217.25402832 1
63 29 1217.54724121 1
63 29 1220.05505371 1
63 29 1221.08312988 1
63 29 1221.11328125 1
63 29 1221.6907959 1
63 29 1226.78686523 1
63 29 1228.07641602 1
63 29 1229.27038574 1
63 29 1230.65087891 1
63 29 1235.39819336 1
63 29 1238.3692627 1
63 29 1239.85424805 1
63 29 1241.58374023 1
63 29 1243.65112305 1
63 29 1245.40063477 1
63 29 1247.85351562 1
63 29 1248.88391113 1
63 29 1251.85754395 1
63 29 1252.67004395 1
63 29 1255.27185059 1
63 29 1257.59936523 1
63 29 1257.86730957 1
63 29 1258.08276367 1
63 29 1261.69677734 1
63 29 1262.94812012 1
63 29 1267.69091797 1
63 29 1269.10668945 1
63 29 1270.30249023 1
63 29 1276.51477051 1
63 29 1277.81188965 1
63 29 1279.4152832 1
63 29 1286.0098877 1
63 29 1287.00427246 1
63 29 1287.43359375 1
63 29 1292.10742188 1
63 29 1294.2199707 1
63 29 1294.67297363 1
63 29 1295.59753418 1
63 29 1297.75756836 1
63 29 1298.16955566 1
63 29 1300.35302734 1
63 29 1301.70959473 1
63 29 1302.66137695 1
63 29 1302.68200684 1
63 29 1305.02038574 1
63 29 1309.5612793 1
63 29 1324.75488281 1
63 29 1328.12524414 1
63 29 1328.97290039 1
63 29 1330.92553711 1
63 29 1341.81311035 1
63 29 1342.65942383 1
63 29 1343.87670898 1
63 29 1345.52270508 1
63 29 1348.94897461 1
63 29 1348.98620605 1
63 29 1349.23950195 1
63 29 1351.28491211 1
63 29 1352.88171387 1
63 29 1355.55444336 1
63 29 1355.56005859 1
63 29 1360.36621094 1
63 29 1364.80114746 1
63 29 1368.1081543 1
63 29 1369.8260498 1
63 29 1374.07312012 1
63 29 1377.45715332 1
63 29 1379.30163574 1
63 29 1380.33081055 1
63 29 1383.98498535 1
63 29 1386.65649414 1
63 29 1390.42138672 1
63 29 1397.32531738 1
63 29 1400.99267578 1
63 29 1404.70385742 1
63 29 1405.41784668 1
63 29 1407.75915527 1
63 29 1420.90527344 1
63 29 1422.01269531 1
63 29 1426.95153809 1
63 29 1428.55212402 1
63 29 1429.47167969 1
63 29 1432.14599609 1
63 29 1433.65039062 1
63 29 1435.44067383 1
63 29 1436.12634277 1
63 29 1444.31872559 1
63 29 1445.89587402 1
63 29 1446.46923828 1
63 29 1456.80212402 1
63 29 1468.11938477 1
63 29 1468.38586426 1
63 29 1469.5814209 1
63 29 1469.98205566 1
63 29 1493.15869141 1
63 29 1495.05737305 1
63 29 1501.07385254 1
63 29 1505.51257324 1
63 29 1507.84667969 1
63 29 1508.56323242 1
63 29 1515.66784668 1
63 29 1516.37988281 1
63 29 1524.95812988 1
63 29 1527.56030273 1
63 29 1529.01867676 1
63 29 1530.18237305 1
63 29 1539.80578613 1
63 29 1541.97290039 1
63 29 1555.98449707 1
63 29 1556.83764648 1
63 29 1573.96643066 1
63 29 1581.32531738 1
63 29 1584.4855957 1
63 29 1609.81945801 1
63 29 1626.86035156 1
63 29 1629.95983887 1
63 29 1641.53466797 1
63 29 1641.61743164 1
63 29 1647.89941406 1
63 29 1649.88366699 1
63 29 1688.95117188 1
63 29 1705.68566895 1
63 29 1709.44311523 1
63 29 1731.31115723 1
63 29 1738.72192383 1
63 29 1739.58447266 1
63 29 1752.92272949 1
63 29 1760.24523926 1
63 29 1765.00793457 1
63 29 1771.5489502 1
63 29 1792.93164062 1
63 29 1800.53125 1
63 29 1810.37854004 1
63 29 1818.59313965 1
63 29 1819.11694336 1
63 29 1824.72058105 1
63 29 1830.00097656 1
63 29 1844.1262207 1
63 29 1846.04846191 1
63 29 1855.44665527 1
63 29 1934.8067627 1
63 29 1953.09033203 1
63 29 1964.05383301 1
63 29 1971.86291504 1
63 29 1979.08435059 1
63 29 1995.58068848 1
63 29 1996.57080078 1
63 29 2006.94494629 1
63 29 2049.34814453 1
63 29 2088.63720703 1
63 29 2105.26293945 1
63 29 2108.33740234 1
63 29 2126.61547852 1
63 29 2162.31518555 1
63 29 2191.58227539 1
63 29 2209.23193359 1
63 29 2246.01977539 1
63 29 2254.75146484 1
63 29 2276.03076172 1
63 29 2305.23535156 1
63 29 2341.35864258 1
63 29 2451.56787109 1
63 29 2471.05078125 1
63 29 2474.04492188 1
63 29 2481.33496094 1
63 29 2491.1472168 1
63 29 2564.42138672 1
63 29 2610.4831543 1
63 29 2820.66015625 1
63 29 2978.94726562 1
63 30 638.788696289 1
63 30 641.928649902 1
63 30 659.052978516 1
63 30 660.920959473 1
63 30 668.342590332 1
63 30 669.682922363 1
63 30 673.170715332 1
63 30 673.786315918 1
63 30 674.754272461 1
63 30 676.737976074 1
63 30 677.684631348 1
63 30 679.819274902 1
63 30 680.219726562 1
63 30 682.347290039 1
63 30 682.483520508 1
63 30 687.25189209 1
63 30 687.346130371 1
63 30 691.237182617 1
63 30 691.867614746 1
63 30 692.613098145 1
63 30 693.874267578 1
63 30 694.850402832 1
63 30 697.988830566 1
63 30 700.597167969 1
63 30 700.620178223 1
63 30 700.98248291 1
63 30 701.436523438 1
63 30 702.010253906 1
63 30 702.138549805 1
63 30 702.949401855 1
63 30 704.238952637 1
63 30 704.725280762 1
63 30 706.131530762 1
63 30 706.280151367 1
63 30 710.022216797 1
63 30 710.215637207 1
63 30 710.869934082 1
63 30 717.108215332 1
63 30 717.69720459 1
63 30 718.485473633 1
63 30 718.983581543 1
63 30 722.407775879 1
63 30 725.972290039 1
63 30 726.307922363 1
63 30 727.34777832 1
63 30 727.814941406 1
63 30 728.480285645 1
63 30 728.728942871 1
63 30 730.358947754 1
63 30 730.464233398 1
63 30 731.116760254 1
63 30 731.405151367 1
63 30 731.58404541 1
63 30 731.854370117 1
63 30 732.565246582 1
63 30 733.952758789 1
63 30 734.986633301 1
63 30 738.977966309 1
63 30 741.693847656 1
63 30 742.495422363 1
63 30 743.110351562 1
63 30 745.22265625 1
63 30 750.051025391 1
63 30 750.706481934 1
63 30 751.375732422 1
63 30 754.129821777 1
63 30 754.655700684 1
63 30 756.129211426 1
63 30 756.217590332 1
63 30 756.861816406 1
63 30 757.248840332 1
63 30 757.895446777 1
63 30 758.499328613 1
63 30 759.316772461 1
63 30 759.537597656 1
63 30 760.318237305 1
63 30 760.415893555 1
63 30 761.566711426 1
63 30 762.723510742 1
63 30 764.456970215 1
63 30 764.570251465 1
63 30 764.658569336 1
63 30 764.944030762 1
63 30 765.671875 1
63 30 767.240661621 1
63 30 767.351623535 1
63 30 768.863586426 1
63 30 770.235290527 1
63 30 772.485473633 1
63 30 778.00769043 1
63 30 778.919799805 1
63 30 779.391906738 1
63 30 779.727050781 1
63 30 780.27746582 1
63 30 780.815979004 1
63 30 780.857788086 1
63 30 781.053527832 1
63 30 781.407104492 1
63 30 782.938232422 1
63 30 783.162780762 1
63 30 783.328063965 1
63 30 786.268371582 1
63 30 787.312866211 1
63 30 789.594665527 1
63 30 791.98236084 1
63 30 792.456115723 1
63 30 795.623596191 1
63 30 796.39453125 1
63 30 798.52923584 1
63 30 799.272583008 1
63 30 800.436889648 1
63 30 800.913696289 1
63 30 801.015869141 1
63 30 802.540344238 1
63 30 802.632385254 1
63 30 803.389526367 1
63 30 805.705078125 1
63 30 805.901550293 1
63 30 807.082275391 1
63 30 807.296569824 1
63 30 808.749145508 1
63 30 809.167053223 1
63 30 810.212219238 1
63 30 811.017883301 1
63 30 811.076416016 1
63 30 811.443969727 1
63 30 813.180297852 1
63 30 813.694213867 1
63 30 815.488342285 1
63 30 816.112670898 1
63 30 817.752197266 1
63 30 817.754150391 1
63 30 822.269958496 1
63 30 822.831420898 1
63 30 823.194824219 1
63 30 824.169677734 1
63 30 824.485107422 1
63 30 824.905212402 1
63 30 825.577209473 1
63 30 828.969787598 1
63 30 830.774414062 1
63 30 831.52722168 1
63 30 831.570373535 1
63 30 832.816955566 1
63 30 833.547180176 1
63 30 838.089355469 1
63 30 839.015930176 1
63 30 839.116027832 1
63 30 839.286254883 1
63 30 839.99609375 1
63 30 842.696594238 1
63 30 843.171813965 1
63 30 843.544006348 1
63 30 843.876647949 1
63 30 849.200500488 1
63 30 849.59753418 1
63 30 850.195129395 1
63 30 850.209411621 1
63 30 850.479370117 1
63 30 850.846435547 1
63 30 851.835998535 1
63 30 851.956237793 1
63 30 852.161437988 1
63 30 853.126525879 1
63 30 853.989379883 1
63 30 854.589538574 1
63 30 854.710510254 1
63 30 855.063659668 1
63 30 856.488708496 1
63 30 857.149536133 1
63 30 858.0625 1
63 30 858.705627441 1
63 30 860.553527832 1
63 30 863.370544434 1
63 30 863.788146973 1
63 30 869.143310547 1
63 30 872.471801758 1
63 30 872.747741699 1
63 30 876.129943848 1
63 30 877.153259277 1
63 30 877.909240723 1
63 30 879.319885254 1
63 30 883.857421875 1
63 30 885.083862305 1
63 30 889.184997559 1
63 30 889.971923828 1
63 30 891.36706543 1
63 30 892.655212402 1
63 30 892.657470703 1
63 30 892.860900879 1
63 30 897.662963867 1
63 30 898.555480957 1
63 30 901.81072998 1
63 30 902.479064941 1
63 30 902.642944336 1
63 30 903.551757812 1
63 30 903.93963623 1
63 30 905.889648438 1
63 30 906.011230469 1
63 30 906.801757812 1
63 30 910.811828613 1
63 30 911.991760254 1
63 30 915.167663574 1
63 30 915.390441895 1
63 30 916.605285645 1
63 30 919.45703125 1
63 30 920.908081055 1
63 30 921.802307129 1
63 30 923.645202637 1
63 30 926.879699707 1
63 30 926.971740723 1
63 30 927.222961426 1
63 30 927.233886719 1
63 30 927.789306641 1
63 30 928.219665527 1
63 30 928.452453613 1
63 30 929.042602539 1
63 30 930.729431152 1
63 30 931.685974121 1
63 30 936.43762207 1
63 30 938.343200684 1
63 30 941.459289551 1
63 30 941.779846191 1
63 30 944.051025391 1
63 30 944.718017578 1
63 30 945.111328125 1
63 30 946.479003906 1
63 30 947.878417969 1
63 30 948.272033691 1
63 30 949.314147949 1
63 30 953.71661377 1
63 30 956.614074707 1
63 30 959.274475098 1
63 30 960.807128906 1
63 30 961.09942627 1
63 30 961.56652832 1
63 30 961.588928223 1
63 30 961.739868164 1
63 30 964.444335938 1
63 30 964.953674316 1
63 30 965.73614502 1
63 30 968.844360352 1
63 30 969.096557617 1
63 30 969.739624023 1
63 30 971.071960449 1
63 30 975.610717773 1
63 30 980.48236084 1
63 30 982.262817383 1
63 30 982.464538574 1
63 30 984.051330566 1
63 30 985.654602051 1
63 30 987.431396484 1
63 30 989.075866699 1
63 30 989.462097168 1
63 30 989.809326172 1
63 30 990.130126953 1
63 30 991.344604492 1
63 30 991.663208008 1
63 30 991.95715332 1
63 30 995.599060059 1
63 30 997.582214355 1
63 30 997.894042969 1
63 30 998.090270996 1
63 30 1000.84735107 1
63 30 1001.22692871 1
63 30 1005.68096924 1
63 30 1008.14569092 1
63 30 1008.4944458 1
63 30 1009.68145752 1
63 30 1011.32299805 1
63 30 1012.96142578 1
63 30 1013.60180664 1
63 30 1013.63372803 1
63 30 1017.98754883 1
63 30 1018.15307617 1
63 30 1021.68243408 1
63 30 1024.76171875 1
63 30 1025.92590332 1
63 30 1026.15100098 1
63 30 1031.01281738 1
63 30 1031.34802246 1
63 30 1031.58850098 1
63 30 1032.77282715 1
63 30 1034.66748047 1
63 30 1037.48034668 1
63 30 1037.74353027 1
63 30 1039.83666992 1
63 30 1041.55310059 1
63 30 1043.82739258 1
63 30 1045.29443359 1
63 30 1045.59631348 1
63 30 1047.99475098 1
63 30 1051.09326172 1
63 30 1051.15002441 1
63 30 1051.63635254 1
63 30 1052.94030762 1
63 30 1055.02990723 1
63 30 1055.72241211 1
63 30 1056.58984375 1
63 30 1059.00341797 1
63 30 1059.61218262 1
63 30 1059.81970215 1
63 30 1063.42236328 1
63 30 1065.50036621 1
63 30 1068.04125977 1
63 30 1068.66186523 1
63 30 1075.05371094 1
63 30 1077.86450195 1
63 30 1078.91833496 1
63 30 1079.40942383 1
63 30 1081.96862793 1
63 30 1088.21276855 1
63 30 1088.52954102 1
63 30 1091.87145996 1
63 30 1097.79736328 1
63 30 1099.45935059 1
63 30 1102.17529297 1
63 30 1105.86730957 1
63 30 1112.3034668 1
63 30 1114.97814941 1
63 30 1121.14233398 1
63 30 1121.97912598 1
63 30 1123.5 1
63 30 1125.5123291 1
63 30 1127.8326416 1
63 30 1129.23266602 1
63 30 1134.03881836 1
63 30 1134.8170166 1
63 30 1135.59436035 1
63 30 1136.54614258 1
63 30 1137.34570312 1
63 30 1137.36486816 1
63 30 1140.97253418 1
63 30 1141.12207031 1
63 30 1145.40856934 1
63 30 1147.07495117 1
63 30 1152.3269043 1
63 30 1164.55786133 1
63 30 1169.09667969 1
63 30 1170.24023438 1
63 30 1180.59729004 1
63 30 1180.87939453 1
63 30 1184.85021973 1
63 30 1185.44372559 1
63 30 1187.99121094 1
63 30 1189.37573242 1
63 30 1192.10437012 1
63 30 1196.07373047 1
63 30 1198.43811035 1
63 30 1198.44604492 1
63 30 1198.74658203 1
63 30 1199.16394043 1
63 30 1212.25146484 1
63 30 1217.11242676 1
63 30 1231.81762695 1
63 30 1234.74926758 1
63 30 1240.94799805 1
63 30 1241.58154297 1
63 30 1244.21337891 1
63 30 1248.27111816 1
63 30 1248.80883789 1
63 30 1251.27587891 1
63 30 1258.89331055 1
63 30 1261.03735352 1
63 30 1265.68701172 1
63 30 1267.08374023 1
63 30 1268.01391602 1
63 30 1268.79467773 1
63 30 1274.7175293 1
63 30 1278.51904297 1
63 30 1280.37280273 1
63 30 1281.10974121 1
63 30 1293.90124512 1
63 30 1298.57653809 1
63 30 1305.31860352 1
63 30 1308.93151855 1
63 30 1313.66882324 1
63 30 1322.61450195 1
63 30 1329.14831543 1
63 30 1337.21447754 1
63 30 1350.44494629 1
63 30 1350.58898926 1
63 30 1351.38305664 1
63 30 1352.98095703 1
63 30 1354.70080566 1
63 30 1355.22424316 1
63 30 1374.2331543 1
63 30 1374.34509277 1
63 30 1382.54431152 1
63 30 1390.86193848 1
63 30 1392.6138916 1
63 30 1399.24926758 1
63 30 1407.8001709 1
63 30 1415.82617188 1
63 30 1417.88049316 1
63 30 1418.61462402 1
63 30 1430.1706543 1
63 30 1431.47009277 1
63 30 1433.50134277 1
63 30 1434.39892578 1
63 30 1436.19848633 1
63 30 1442.35180664 1
63 30 1446.34936523 1
63 30 1450.59887695 1
63 30 1454.12011719 1
63 30 1459.99414062 1
63 30 1460.89074707 1
63 30 1470.44726562 1
63 30 1474.46264648 1
63 30 1477.87084961 1
63 30 1488.98449707 1
63 30 1491.41381836 1
63 30 1499.09997559 1
63 30 1499.70080566 1
63 30 1502.24267578 1
63 30 1509.10754395 1
63 30 1513.68408203 1
63 30 1526.26831055 1
63 30 1530.98242188 1
63 30 1531.2043457 1
63 30 1537.07580566 1
63 30 1542.0892334 1
63 30 1542.72033691 1
63 30 1543.07666016 1
63 30 1543.84509277 1
63 30 1558.31835938 1
63 30 1560.71240234 1
63 30 1564.04968262 1
63 30 1568.171875 1
63 30 1571.85424805 1
63 30 1575.99182129 1
63 30 1583.22546387 1
63 30 1584.98278809 1
63 30 1589.23486328 1
63 30 1596.59191895 1
63 30 1597.91467285 1
63 30 1599.98046875 1
63 30 1611.6776123 1
63 30 1612.74645996 1
63 30 1614.60754395 1
63 30 1614.96472168 1
63 30 1617.2890625 1
63 30 1630.79089355 1
63 30 1635.59790039 1
63 30 1652.83837891 1
63 30 1664.5435791 1
63 30 1667.3223877 1
63 30 1676.63476562 1
63 30 1684.72900391 1
63 30 1691.93566895 1
63 30 1700.93823242 1
63 30 1702.13195801 1
63 30 1711.7121582 1
63 30 1724.4095459 1
63 30 1741.00622559 1
63 30 1755.46569824 1
63 30 1772.87854004 1
63 30 1784.18322754 1
63 30 1786.83361816 1
63 30 1800.20837402 1
63 30 1802.18774414 1
63 30 1821.72070312 1
63 30 1844.96887207 1
63 30 1854.05114746 1
63 30 1953.79956055 1
63 30 2022.8347168 1
63 30 2023.30786133 1
63 30 2027.27575684 1
63 30 2101.85888672 1
63 30 2143.54589844 1
63 30 2151.91015625 1
63 30 2198.62084961 1
63 30 2203.08935547 1
63 30 2240.80371094 1
63 30 2254.44995117 1
63 30 2493.25537109 1
63 30 2610.58959961 1
63 30 2686.51367188 1
63 30 3258.06835938 1
63 31 662.805541992 1
63 31 678.268188477 1
63 31 681.162414551 1
63 31 692.767456055 1
63 31 695.767822266 1
63 31 700.110412598 1
63 31 706.24987793 1
63 31 706.361694336 1
63 31 708.901977539 1
63 31 714.223083496 1
63 31 715.369873047 1
63 31 718.944885254 1
63 31 731.792480469 1
63 31 739.857788086 1
63 31 740.300842285 1
63 31 742.807250977 1
63 31 744.094604492 1
63 31 745.010559082 1
63 31 753.735351562 1
63 31 753.78302002 1
63 31 762.77722168 1
63 31 764.362854004 1
63 31 765.325134277 1
63 31 766.841552734 1
63 31 769.144470215 1
63 31 769.864624023 1
63 31 775.612487793 1
63 31 779.506286621 1
63 31 780.760864258 1
63 31 784.955810547 1
63 31 789.390930176 1
63 31 791.828491211 1
63 31 794.404602051 1
63 31 798.484313965 1
63 31 798.484619141 1
63 31 800.045349121 1
63 31 803.385620117 1
63 31 805.341796875 1
63 31 806.590454102 1
63 31 806.645996094 1
63 31 807.608398438 1
63 31 808.058532715 1
63 31 810.293029785 1
63 31 812.270812988 1
63 31 813.260986328 1
63 31 814.597167969 1
63 31 825.515686035 1
63 31 828.204223633 1
63 31 831.569458008 1
63 31 836.637512207 1
63 31 839.944213867 1
63 31 842.819580078 1
63 31 845.780395508 1
63 31 849.572814941 1
63 31 856.041809082 1
63 31 858.146057129 1
63 31 861.857055664 1
63 31 862.252624512 1
63 31 863.896179199 1
63 31 864.442199707 1
63 31 871.733520508 1
63 31 876.305053711 1
63 31 879.659362793 1
63 31 882.786499023 1
63 31 883.733276367 1
63 31 884.108642578 1
63 31 884.291259766 1
63 31 893.546203613 1
63 31 898.180725098 1
63 31 898.237976074 1
63 31 900.856872559 1
63 31 906.006958008 1
63 31 907.506958008 1
63 31 916.822937012 1
63 31 919.96887207 1
63 31 921.502807617 1
63 31 921.593017578 1
63 31 924.717468262 1
63 31 927.184265137 1
63 31 929.780395508 1
63 31 931.929016113 1
63 31 933.12902832 1
63 31 935.943908691 1
63 31 946.587280273 1
63 31 947.355041504 1
63 31 953.805664062 1
63 31 954.589294434 1
63 31 959.401916504 1
63 31 964.683654785 1
63 31 968.604125977 1
63 31 971.830383301 1
63 31 971.994445801 1
63 31 972.411865234 1
63 31 973.909973145 1
63 31 976.993774414 1
63 31 989.859313965 1
63 31 993.285949707 1
63 31 999.247314453 1
63 31 1000.42236328 1
63 31 1001.86590576 1
63 31 1004.16094971 1
63 31 1004.890625 1
63 31 1005.08288574 1
63 31 1008.57452393 1
63 31 1010.49816895 1
63 31 1011.23040771 1
63 31 1013.41522217 1
63 31 1014.24542236 1
63 31 1021.93273926 1
63 31 1022.63146973 1
63 31 1023.47351074 1
63 31 1024.3046875 1
63 31 1027.27905273 1
63 31 1029.18481445 1
63 31 1029.99963379 1
63 31 1030.60583496 1
63 31 1043.1998291 1
63 31 1044.27587891 1
63 31 1052.62084961 1
63 31 1054.27856445 1
63 31 1063.91589355 1
63 31 1064.49169922 1
63 31 1066.63208008 1
63 31 1069.69702148 1
63 31 1070.40441895 1
63 31 1074.22375488 1
63 31 1074.92822266 1
63 31 1080.0579834 1
63 31 1080.9909668 1
63 31 1086.69946289 1
63 31 1086.90100098 1
63 31 1091.88586426 1
63 31 1094.5480957 1
63 31 1099.60095215 1
63 31 1099.73095703 1
63 31 1100.02380371 1
63 31 1103.14465332 1
63 31 1105.39416504 1
63 31 1105.47595215 1
63 31 1109.92626953 1
63 31 1115.74243164 1
63 31 1116.6583252 1
63 31 1116.99645996 1
63 31 1123.59326172 1
63 31 1129.72363281 1
63 31 1141.29272461 1
63 31 1147.48742676 1
63 31 1149.88574219 1
63 31 1150.71765137 1
63 31 1155.29211426 1
63 31 1155.8927002 1
63 31 1156.43579102 1
63 31 1159.3059082 1
63 31 1163.55114746 1
63 31 1164.16992188 1
63 31 1168.57739258 1
63 31 1175.27172852 1
63 31 1180.99584961 1
63 31 1186.71081543 1
63 31 1193.46105957 1
63 31 1196.57983398 1
63 31 1197.203125 1
63 31 1202.44970703 1
63 31 1205.24035645 1
63 31 1210.06591797 1
63 31 1212.06750488 1
63 31 1214.27697754 1
63 31 1217.75634766 1
63 31 1220.48596191 1
63 31 1220.51159668 1
63 31 1222.96179199 1
63 31 1226.91259766 1
63 31 1231.63085938 1
63 31 1240.64501953 1
63 31 1255.00305176 1
63 31 1258.37597656 1
63 31 1269.23071289 1
63 31 1295.27832031 1
63 31 1300.02539062 1
63 31 1315.10705566 1
63 31 1318.85900879 1
63 31 1322.62902832 1
63 31 1322.84924316 1
63 31 1330.03137207 1
63 31 1333.92602539 1
63 31 1338.5748291 1
63 31 1339.40246582 1
63 31 1352.46984863 1
63 31 1361.54626465 1
63 31 1374.24255371 1
63 31 1382.40429688 1
63 31 1387.50158691 1
63 31 1401.58740234 1
63 31 1401.73217773 1
63 31 1403.44177246 1
63 31 1415.95983887 1
63 31 1417.32714844 1
63 31 1418.29467773 1
63 31 1450.89868164 1
63 31 1454.39855957 1
63 31 1461.96765137 1
63 31 1471.85290527 1
63 31 1471.8614502 1
63 31 1491.17736816 1
63 31 1504.37695312 1
63 31 1566.83117676 1
63 31 1581.61376953 1
63 31 1583.41540527 1
63 31 1587.00512695 1
63 31 1589.41320801 1
63 31 1590.63330078 1
63 31 1610.69348145 1
63 31 1636.99987793 1
63 31 1654.4005127 1
63 31 1680.0144043 1
63 31 1681.93249512 1
63 31 1694.18139648 1
63 31 1702.86437988 1
63 31 1726.64196777 1
63 31 1789.92480469 1
63 31 1898.75219727 1
63 31 1924.32189941 1
63 31 1953.60205078 1
63 31 2060.66113281 1
63 31 2168.3815918 1
63 31 2208.34326172 1
63 31 2352.56542969 1
63 31 2742.36767578 1
63 31 2866.53198242 1
63 32 693.68560791 1
63 32 696.340698242 1
63 32 699.852844238 1
63 32 744.932312012 1
63 32 779.500732422 1
63 32 780.730834961 1
63 32 784.204284668 1
63 32 794.536621094 1
63 32 795.010681152 1
63 32 818.587280273 1
63 32 841.662231445 1
63 32 867.952758789 1
63 32 881.612976074 1
63 32 887.25982666 1
63 32 899.834350586 1
63 32 903.964111328 1
63 32 904.305175781 1
63 32 905.178649902 1
63 32 923.942810059 1
63 32 933.923706055 1
63 32 951.721801758 1
63 32 952.437072754 1
63 32 952.527587891 1
63 32 960.335021973 1
63 32 973.120422363 1
63 32 977.739318848 1
63 32 985.473815918 1
63 32 992.453613281 1
63 32 1002.01013184 1
63 32 1005.52941895 1
63 32 1012.03369141 1
63 32 1025.48022461 1
63 32 1031.74890137 1
63 32 1053.55456543 1
63 32 1055.42089844 1
63 32 1066.45996094 1
63 32 1070.53137207 1
63 32 1072.19250488 1
63 32 1074.18640137 1
63 32 1074.23095703 1
63 32 1077.05944824 1
63 32 1086.72253418 1
63 32 1089.50549316 1
63 32 1096.30725098 1
63 32 1097.61035156 1
63 32 1106.2010498 1
63 32 1121.29992676 1
63 32 1137.88012695 1
63 32 1161.99487305 1
63 32 1166.81970215 1
63 32 1169.17028809 1
63 32 1195.66333008 1
63 32 1198.14892578 1
63 32 1217.44311523 1
63 32 1220.97570801 1
63 32 1229.09277344 1
63 32 1229.28405762 1
63 32 1263.05615234 1
63 32 1285.49975586 1
63 32 1300.81738281 1
63 32 1312.84460449 1
63 32 1327.83154297 1
63 32 1334.68530273 1
63 32 1344.60986328 1
63 32 1345.54052734 1
63 32 1355.91455078 1
63 32 1362.37097168 1
63 32 1367.1439209 1
63 32 1374.6315918 1
63 32 1380.44104004 1
63 32 1388.52624512 1
63 32 1435.85046387 1
63 32 1452.89208984 1
63 32 1501.63818359 1
63 32 1512.06762695 1
63 32 1519.61450195 1
63 32 1532.65246582 1
63 32 1537.79223633 1
63 32 1543.42724609 1
63 32 1544.02941895 1
63 32 1546.06079102 1
63 32 1604.64562988 1
63 32 1734.07128906 1
63 32 1766.00756836 1
63 32 1815.06848145 1
63 32 2260.35522461 1
63 32 2350.19726562 1
63 32 2387.59985352 1
63 32 2546.4206543 1
63 32 3117.46459961 1
63 33 973.711975098 1
63 33 992.340759277 1
63 33 995.287780762 1
63 33 1019.16516113 1
63 33 1046.21679688 1
63 33 1077.3302002 1
63 33 1120.31567383 1
63 33 1249.9074707 1
63 33 1300.15563965 1
63 33 1348.87683105 1
63 33 1412.57507324 1
63 33 1707.54418945 1
63 34 1189.82067871 1
63 34 1244.49169922 1
63 34 1637.4050293 1
63 35 1176.6652832 1
