000 2743.0 0.0 10000000.0
008 2183.0 0.0 10000000.0
009 2225.0 0.0 10000000.0
010 2223.0 0.0 10000000.0
011 2259.0 0.0 10000000.0
013 2169.0 0.0 10000000.0
016 2233.0 0.0 10000000.0
022 2294.0 0.0 10000000.0
027 2268.0 0.0 10000000.0
034 2319.0 0.0 10000000.0
045 2313.0 0.0 10000000.0
063 2262.0 0.0 10000000.0
090 1663.0 0.0 10000000.0
117 1010.0 0.0 10000000.0
135 559.0 0.0 10000000.0
146 423.0 0.0 10000000.0
153 333.0 0.0 10000000.0
158 285.0 0.0 10000000.0
162 239.0 0.0 10000000.0
164 252.0 0.0 10000000.0
166 253.0 0.0 10000000.0
167 227.0 0.0 10000000.0
169 219.0 0.0 10000000.0
171 215.0 0.0 10000000.0
172 197.0 0.0 10000000.0
180 194.0 0.0 10000000.0
