string dom time hits
43 25 2168.67285156 1
44 26 1801.26403809 1
45 22 1981.26965332 1
45 26 2414.85620117 1
45 27 1472.91003418 1
46 27 1875.72717285 1
53 28 1668.078125 1
53 29 1788.85791016 1
54 20 1847.18774414 1
54 22 1045.65551758 1
54 24 1138.11865234 1
54 25 994.026062012 1
54 26 930.654296875 1
54 26 995.090087891 1
54 26 1022.36431885 1
54 26 1090.40979004 1
54 26 1106.56530762 1
54 26 1181.42956543 1
54 27 680.053405762 1
54 27 714.895874023 1
54 27 770.785644531 1
54 27 808.811950684 1
54 27 866.365234375 1
54 27 867.838012695 1
54 27 999.869384766 1
54 27 1211.57287598 1
54 27 1346.75183105 1
54 28 685.25213623 1
54 28 766.215026855 1
54 28 770.704162598 1
54 28 955.801757812 1
54 28 1003.49768066 1
54 29 811.080810547 1
54 29 904.259399414 1
54 29 919.423217773 1
54 29 1196.95568848 1
54 29 1392.70727539 1
54 29 1500.62658691 1
54 29 1701.06433105 1
54 30 686.692871094 1
54 30 703.130310059 1
54 30 788.765991211 1
54 30 872.037353516 1
54 30 876.221008301 1
54 30 1067.85021973 1
54 30 1485.69946289 1
54 31 995.169189453 1
54 31 1041.43835449 1
54 31 1056.6673584 1
54 31 1354.73339844 1
54 31 1424.12866211 1
54 31 1449.84594727 1
54 32 801.872009277 1
55 20 1164.38293457 1
55 21 1219.18273926 1
55 22 1443.51635742 1
55 24 875.890258789 1
55 24 983.754516602 1
55 24 1883.84692383 1
55 25 854.744628906 1
55 26 1109.22387695 1
55 26 1203.39562988 1
55 26 1477.30529785 1
55 26 1596.87023926 1
55 27 737.442260742 1
55 27 755.959899902 1
55 27 827.353759766 1
55 27 903.07800293 1
55 27 973.953063965 1
55 27 979.137451172 1
55 27 1016.25653076 1
55 27 1035.48242188 1
55 27 1442.31738281 1
55 27 1576.4140625 1
55 28 678.25579834 1
55 28 787.414855957 1
55 28 858.163452148 1
55 28 925.185974121 1
55 28 937.005615234 1
55 28 1007.76519775 1
55 28 1032.96789551 1
55 29 689.994567871 1
55 29 724.42578125 1
55 29 790.349853516 1
55 29 861.737609863 1
55 29 869.645629883 1
55 29 980.315368652 1
55 29 994.506591797 1
55 29 1332.44104004 1
55 29 1688.34960938 1
55 30 739.920959473 1
55 30 772.547546387 1
55 30 913.735717773 1
55 30 918.883544922 1
55 30 1072.22631836 1
55 30 1215.03186035 1
55 31 791.406494141 1
55 31 1080.09655762 1
56 26 1249.22033691 1
56 27 1728.6385498 1
56 28 1145.36425781 1
56 29 1339.28930664 1
61 28 1524.96813965 1
61 29 1302.3963623 1
61 30 1555.21691895 1
62 19 1930.60583496 1
62 20 1273.39453125 1
62 21 1973.9597168 1
62 23 1371.61547852 1
62 23 1403.02404785 1
62 23 1676.58813477 1
62 24 950.896850586 1
62 24 1769.68676758 1
62 26 759.238952637 1
62 26 771.542297363 1
62 26 845.8046875 1
62 26 876.875793457 1
62 26 880.840332031 1
62 26 1081.07836914 1
62 27 726.293518066 1
62 27 822.264343262 1
62 27 825.509277344 1
62 27 830.452148438 1
62 27 867.746765137 1
62 27 889.321105957 1
62 27 937.254150391 1
62 27 956.187011719 1
62 27 995.86138916 1
62 27 1011.50109863 1
62 27 1551.37353516 1
62 27 1567.23425293 1
62 28 674.766967773 1
62 28 701.591186523 1
62 28 747.055480957 1
62 28 751.404541016 1
62 28 769.395629883 1
62 28 791.289611816 1
62 28 835.297119141 1
62 28 925.04864502 1
62 28 932.917907715 1
62 28 1039.99658203 1
62 28 1497.3795166 1
62 28 1502.99450684 1
62 28 1772.37646484 1
62 29 730.105895996 1
62 29 773.903564453 1
62 29 910.204223633 1
62 29 978.800109863 1
62 29 987.510009766 1
62 29 1086.2331543 1
62 29 1870.48022461 1
62 30 787.885437012 1
62 30 908.818237305 1
62 30 1011.24597168 1
62 30 1419.04003906 1
62 31 937.924926758 1
62 31 961.357116699 1
62 31 2106.98754883 1
62 32 717.019287109 1
62 32 995.916625977 1
63 18 1229.03515625 1
63 21 1167.80944824 1
63 21 1246.62866211 1
63 21 1515.9173584 1
63 22 821.766174316 1
63 22 913.080993652 1
63 22 1000.24237061 1
63 22 1147.84765625 1
63 22 1258.75500488 1
63 22 2174.89501953 1
63 23 828.911682129 1
63 23 834.538696289 1
63 23 872.363891602 1
63 23 933.675231934 1
63 23 1042.83190918 1
63 23 1099.73034668 1
63 23 1194.53649902 1
63 23 1310.9720459 1
63 23 1319.9083252 1
63 23 2341.4309082 1
63 24 548.402282715 1
63 24 562.459716797 1
63 24 591.691772461 1
63 24 592.537109375 1
63 24 610.019104004 1
63 24 610.68951416 1
63 24 626.206726074 1
63 24 641.21862793 1
63 24 649.122253418 1
63 24 665.712524414 1
63 24 668.121765137 1
63 24 685.271972656 1
63 24 689.697143555 1
63 24 709.226257324 1
63 24 724.499450684 1
63 24 752.534301758 1
63 24 759.446166992 1
63 24 762.663330078 1
63 24 769.468933105 1
63 24 801.818908691 1
63 24 867.869567871 1
63 24 910.147094727 1
63 24 923.873413086 1
63 24 935.164978027 1
63 24 938.878967285 1
63 24 1061.4119873 1
63 24 1119.45007324 1
63 24 1345.93774414 1
63 24 1378.04553223 1
63 24 1570.96325684 1
63 24 1598.71325684 1
63 24 1731.1229248 1
63 24 2032.04711914 1
63 25 421.64151001 1
63 25 424.702636719 1
63 25 426.987335205 1
63 25 436.779083252 1
63 25 437.558746338 1
63 25 442.485931396 1
63 25 445.877502441 1
63 25 453.847320557 1
63 25 461.065795898 1
63 25 463.195373535 1
63 25 473.434020996 1
63 25 476.715484619 1
63 25 493.509918213 1
63 25 496.415313721 1
63 25 499.248443604 1
63 25 502.487365723 1
63 25 512.733764648 1
63 25 514.593688965 1
63 25 515.122009277 1
63 25 526.249267578 1
63 25 529.955078125 1
63 25 535.201965332 1
63 25 545.516601562 1
63 25 546.368164062 1
63 25 551.847351074 1
63 25 560.87322998 1
63 25 560.930725098 1
63 25 577.195617676 1
63 25 577.339050293 1
63 25 590.43963623 1
63 25 594.165893555 1
63 25 596.814819336 1
63 25 613.566894531 1
63 25 617.839111328 1
63 25 628.045593262 1
63 25 637.096923828 1
63 25 647.251098633 1
63 25 667.864501953 1
63 25 680.924804688 1
63 25 689.604309082 1
63 25 727.456298828 1
63 25 728.77520752 1
63 25 729.979064941 1
63 25 730.233581543 1
63 25 740.741271973 1
63 25 744.057067871 1
63 25 774.959777832 1
63 25 814.211730957 1
63 25 815.172546387 1
63 25 869.664428711 1
63 25 922.640319824 1
63 25 944.126281738 1
63 25 1054.81689453 1
63 25 1140.06762695 1
63 25 1159.44494629 1
63 25 1208.18603516 1
63 25 1497.0255127 1
63 25 1646.30651855 1
63 25 3760.34741211 1
63 26 325.131896973 1
63 26 330.691955566 1
63 26 334.164337158 1
63 26 334.741119385 1
63 26 336.851806641 1
63 26 341.876739502 1
63 26 342.544647217 1
63 26 345.299530029 1
63 26 345.360076904 1
63 26 345.408813477 1
63 26 345.79788208 1
63 26 347.685302734 1
63 26 350.714355469 1
63 26 354.149475098 1
63 26 354.302520752 1
63 26 356.307678223 1
63 26 356.324951172 1
63 26 356.333221436 1
63 26 356.369537354 1
63 26 358.478149414 1
63 26 358.578338623 1
63 26 358.898468018 1
63 26 359.266448975 1
63 26 359.772186279 1
63 26 360.905059814 1
63 26 361.290435791 1
63 26 363.120452881 1
63 26 364.734375 1
63 26 364.77520752 1
63 26 365.320953369 1
63 26 366.143280029 1
63 26 366.14956665 1
63 26 366.724578857 1
63 26 367.043670654 1
63 26 368.537628174 1
63 26 370.111175537 1
63 26 372.504394531 1
63 26 372.972473145 1
63 26 373.610473633 1
63 26 377.937957764 1
63 26 379.330169678 1
63 26 379.371917725 1
63 26 380.7684021 1
63 26 381.457214355 1
63 26 383.202056885 1
63 26 384.793273926 1
63 26 385.418182373 1
63 26 386.164093018 1
63 26 386.742492676 1
63 26 387.13482666 1
63 26 391.263031006 1
63 26 391.287872314 1
63 26 393.118530273 1
63 26 394.956298828 1
63 26 395.112121582 1
63 26 397.552703857 1
63 26 399.614044189 1
63 26 403.950836182 1
63 26 405.286865234 1
63 26 407.955352783 1
63 26 411.623748779 1
63 26 413.362091064 1
63 26 413.89276123 1
63 26 414.342102051 1
63 26 417.094238281 1
63 26 417.296478271 1
63 26 417.945953369 1
63 26 418.719299316 1
63 26 420.144165039 1
63 26 422.848358154 1
63 26 430.244781494 1
63 26 433.581329346 1
63 26 440.06463623 1
63 26 445.386871338 1
63 26 451.728973389 1
63 26 452.798706055 1
63 26 455.350646973 1
63 26 456.015197754 1
63 26 466.997894287 1
63 26 469.301361084 1
63 26 474.01574707 1
63 26 476.088806152 1
63 26 487.474639893 1
63 26 491.527587891 1
63 26 492.963775635 1
63 26 494.308135986 1
63 26 496.70501709 1
63 26 498.050415039 1
63 26 498.208984375 1
63 26 508.757507324 1
63 26 509.500732422 1
63 26 521.243103027 1
63 26 525.08026123 1
63 26 532.851013184 1
63 26 539.682983398 1
63 26 543.992675781 1
63 26 549.622924805 1
63 26 565.633056641 1
63 26 578.830810547 1
63 26 591.000061035 1
63 26 595.438842773 1
63 26 601.289916992 1
63 26 603.922058105 1
63 26 603.98638916 1
63 26 631.014038086 1
63 26 680.960571289 1
63 26 693.247497559 1
63 26 726.825500488 1
63 26 749.806335449 1
63 26 761.275695801 1
63 26 764.950805664 1
63 26 771.67565918 1
63 26 789.15637207 1
63 26 789.540527344 1
63 26 883.426818848 1
63 26 897.250061035 1
63 26 906.179016113 1
63 26 932.36151123 1
63 26 1077.01623535 1
63 26 1107.03710938 1
63 26 1124.28027344 1
63 26 1126.13879395 1
63 26 1144.80981445 1
63 27 242.704452515 1
63 27 245.197463989 1
63 27 245.652496338 1
63 27 246.82232666 1
63 27 247.675720215 1
63 27 247.944366455 1
63 27 247.986297607 1
63 27 248.047470093 1
63 27 249.937835693 1
63 27 250.637756348 1
63 27 251.217193604 1
63 27 251.242843628 1
63 27 252.060958862 1
63 27 252.190719604 1
63 27 252.732940674 1
63 27 253.060317993 1
63 27 253.353424072 1
63 27 254.601364136 1
63 27 254.614685059 1
63 27 254.615844727 1
63 27 254.78302002 1
63 27 254.884048462 1
63 27 255.011322021 1
63 27 255.108627319 1
63 27 255.308181763 1
63 27 255.930221558 1
63 27 255.999221802 1
63 27 256.137573242 1
63 27 256.764923096 1
63 27 256.805206299 1
63 27 256.861175537 1
63 27 256.931121826 1
63 27 257.389831543 1
63 27 257.766967773 1
63 27 257.822235107 1
63 27 257.921020508 1
63 27 258.335388184 1
63 27 258.343261719 1
63 27 258.710021973 1
63 27 258.711700439 1
63 27 258.880584717 1
63 27 259.738922119 1
63 27 259.888336182 1
63 27 259.917602539 1
63 27 260.303009033 1
63 27 260.34866333 1
63 27 260.965789795 1
63 27 260.999389648 1
63 27 261.176849365 1
63 27 261.230529785 1
63 27 261.429901123 1
63 27 261.607849121 1
63 27 261.83883667 1
63 27 261.898712158 1
63 27 262.157318115 1
63 27 262.390472412 1
63 27 262.615753174 1
63 27 262.688720703 1
63 27 262.749328613 1
63 27 263.00793457 1
63 27 263.178131104 1
63 27 263.289123535 1
63 27 263.330200195 1
63 27 263.396514893 1
63 27 263.814971924 1
63 27 263.852294922 1
63 27 263.86328125 1
63 27 264.115539551 1
63 27 264.127258301 1
63 27 265.127838135 1
63 27 265.799072266 1
63 27 266.114746094 1
63 27 266.254058838 1
63 27 266.263122559 1
63 27 266.308227539 1
63 27 266.310272217 1
63 27 266.314331055 1
63 27 266.380340576 1
63 27 266.465423584 1
63 27 266.488067627 1
63 27 266.490264893 1
63 27 266.813201904 1
63 27 267.202392578 1
63 27 267.326049805 1
63 27 267.678222656 1
63 27 267.790527344 1
63 27 267.844329834 1
63 27 268.148803711 1
63 27 268.167877197 1
63 27 268.186889648 1
63 27 268.550445557 1
63 27 268.729125977 1
63 27 268.776733398 1
63 27 268.913604736 1
63 27 269.179534912 1
63 27 269.247558594 1
63 27 269.303771973 1
63 27 269.912811279 1
63 27 269.91784668 1
63 27 269.931518555 1
63 27 270.064666748 1
63 27 270.383270264 1
63 27 270.479919434 1
63 27 270.488861084 1
63 27 270.516784668 1
63 27 270.6612854 1
63 27 270.754364014 1
63 27 270.990966797 1
63 27 272.249786377 1
63 27 272.261505127 1
63 27 272.426025391 1
63 27 272.810821533 1
63 27 273.042510986 1
63 27 273.081390381 1
63 27 273.211578369 1
63 27 273.23425293 1
63 27 273.460418701 1
63 27 273.615478516 1
63 27 273.824127197 1
63 27 274.183929443 1
63 27 274.520843506 1
63 27 275.017456055 1
63 27 275.256988525 1
63 27 275.466430664 1
63 27 275.501556396 1
63 27 275.940734863 1
63 27 276.298980713 1
63 27 276.371429443 1
63 27 276.406555176 1
63 27 277.044250488 1
63 27 277.137390137 1
63 27 277.288330078 1
63 27 278.068847656 1
63 27 278.093444824 1
63 27 278.342224121 1
63 27 278.408050537 1
63 27 278.43548584 1
63 27 278.459686279 1
63 27 279.296173096 1
63 27 279.601776123 1
63 27 280.623962402 1
63 27 280.83001709 1
63 27 281.439819336 1
63 27 281.91104126 1
63 27 281.984130859 1
63 27 281.99810791 1
63 27 282.412750244 1
63 27 282.983673096 1
63 27 283.062194824 1
63 27 284.569915771 1
63 27 284.715087891 1
63 27 284.874298096 1
63 27 284.891357422 1
63 27 285.013275146 1
63 27 285.04397583 1
63 27 286.189666748 1
63 27 286.656524658 1
63 27 287.164459229 1
63 27 287.383117676 1
63 27 287.451538086 1
63 27 288.669006348 1
63 27 288.776000977 1
63 27 289.489257812 1
63 27 289.808074951 1
63 27 289.913452148 1
63 27 290.089172363 1
63 27 290.208251953 1
63 27 290.687011719 1
63 27 290.703155518 1
63 27 292.355438232 1
63 27 293.029876709 1
63 27 294.324554443 1
63 27 294.865142822 1
63 27 295.38571167 1
63 27 295.43838501 1
63 27 297.271179199 1
63 27 298.43447876 1
63 27 298.713592529 1
63 27 298.890411377 1
63 27 299.157775879 1
63 27 299.299377441 1
63 27 299.514282227 1
63 27 299.598083496 1
63 27 302.016723633 1
63 27 302.21383667 1
63 27 303.040893555 1
63 27 303.963043213 1
63 27 304.168426514 1
63 27 305.313018799 1
63 27 305.68661499 1
63 27 305.901611328 1
63 27 306.050140381 1
63 27 307.412750244 1
63 27 307.478302002 1
63 27 309.277801514 1
63 27 309.517822266 1
63 27 309.75604248 1
63 27 311.030181885 1
63 27 311.192687988 1
63 27 311.222961426 1
63 27 312.026062012 1
63 27 312.146850586 1
63 27 312.832458496 1
63 27 313.055023193 1
63 27 313.396911621 1
63 27 314.616943359 1
63 27 315.747497559 1
63 27 316.011383057 1
63 27 319.518157959 1
63 27 319.725952148 1
63 27 323.306518555 1
63 27 324.216003418 1
63 27 324.380218506 1
63 27 324.410552979 1
63 27 324.561553955 1
63 27 325.712432861 1
63 27 326.691162109 1
63 27 326.989807129 1
63 27 327.990936279 1
63 27 331.700073242 1
63 27 333.034942627 1
63 27 335.137054443 1
63 27 335.6484375 1
63 27 335.9034729 1
63 27 336.573547363 1
63 27 340.617095947 1
63 27 341.117889404 1
63 27 342.321899414 1
63 27 342.935333252 1
63 27 343.925445557 1
63 27 345.691772461 1
63 27 345.842468262 1
63 27 346.8152771 1
63 27 349.420928955 1
63 27 350.303222656 1
63 27 352.124847412 1
63 27 354.143463135 1
63 27 354.671783447 1
63 27 357.518768311 1
63 27 359.441131592 1
63 27 363.042877197 1
63 27 363.508117676 1
63 27 368.430877686 1
63 27 369.963256836 1
63 27 374.125946045 1
63 27 377.745666504 1
63 27 379.470397949 1
63 27 381.570831299 1
63 27 386.28036499 1
63 27 388.172027588 1
63 27 391.21685791 1
63 27 402.13394165 1
63 27 402.228057861 1
63 27 407.525360107 1
63 27 410.622528076 1
63 27 412.760040283 1
63 27 416.006469727 1
63 27 419.964508057 1
63 27 420.937896729 1
63 27 421.395568848 1
63 27 425.670959473 1
63 27 427.016204834 1
63 27 432.55456543 1
63 27 432.773620605 1
63 27 438.581604004 1
63 27 441.894897461 1
63 27 442.791625977 1
63 27 448.135162354 1
63 27 448.139221191 1
63 27 457.724395752 1
63 27 459.28616333 1
63 27 461.906585693 1
63 27 471.749908447 1
63 27 475.027984619 1
63 27 476.269470215 1
63 27 477.10546875 1
63 27 477.882141113 1
63 27 477.970397949 1
63 27 492.566070557 1
63 27 493.020568848 1
63 27 501.801086426 1
63 27 507.349914551 1
63 27 509.254119873 1
63 27 513.657470703 1
63 27 526.75390625 1
63 27 531.555053711 1
63 27 531.953918457 1
63 27 532.37689209 1
63 27 543.075500488 1
63 27 557.644958496 1
63 27 568.822753906 1
63 27 579.988037109 1
63 27 582.160217285 1
63 27 596.678833008 1
63 27 597.211914062 1
63 27 615.80090332 1
63 27 632.029418945 1
63 27 632.617248535 1
63 27 634.379272461 1
63 27 635.119018555 1
63 27 655.649597168 1
63 27 659.86517334 1
63 27 662.752319336 1
63 27 678.139221191 1
63 27 682.125244141 1
63 27 684.718811035 1
63 27 691.465332031 1
63 27 699.931152344 1
63 27 702.269592285 1
63 27 704.22644043 1
63 27 721.987304688 1
63 27 732.64276123 1
63 27 760.7421875 1
63 27 763.704284668 1
63 27 769.486999512 1
63 27 770.364257812 1
63 27 777.423339844 1
63 27 779.467712402 1
63 27 788.059204102 1
63 27 792.757751465 1
63 27 834.098144531 1
63 27 873.359069824 1
63 27 873.699157715 1
63 27 953.120544434 1
63 27 1002.98272705 1
63 27 1012.58404541 1
63 27 1050.12402344 1
63 27 1079.23266602 1
63 27 1220.40893555 1
63 27 1222.76904297 1
63 27 1253.46740723 1
63 27 1362.74987793 1
63 27 1510.80969238 1
63 27 1877.51318359 1
63 27 2049.23339844 1
63 28 159.799942017 1
63 28 160.255401611 1
63 28 160.474609375 1
63 28 162.264205933 1
63 28 162.734039307 1
63 28 162.786972046 1
63 28 163.350524902 1
63 28 163.578338623 1
63 28 163.943069458 1
63 28 164.235534668 1
63 28 164.365921021 1
63 28 164.448120117 1
63 28 164.455734253 1
63 28 164.769454956 1
63 28 164.831420898 1
63 28 165.664718628 1
63 28 165.777664185 1
63 28 165.934738159 1
63 28 166.110015869 1
63 28 166.194839478 1
63 28 166.593902588 1
63 28 166.726242065 1
63 28 167.142822266 1
63 28 167.343353271 1
63 28 167.433029175 1
63 28 167.542282104 1
63 28 167.880126953 1
63 28 168.034500122 1
63 28 168.073440552 1
63 28 168.149917603 1
63 28 168.151779175 1
63 28 168.166122437 1
63 28 168.484802246 1
63 28 168.531921387 1
63 28 168.675415039 1
63 28 168.936401367 1
63 28 169.132064819 1
63 28 169.269927979 1
63 28 169.29006958 1
63 28 169.299545288 1
63 28 169.458145142 1
63 28 169.505767822 1
63 28 169.585357666 1
63 28 169.61807251 1
63 28 169.704483032 1
63 28 169.727127075 1
63 28 169.800354004 1
63 28 169.819549561 1
63 28 169.869491577 1
63 28 169.941879272 1
63 28 169.952072144 1
63 28 169.971054077 1
63 28 170.003814697 1
63 28 170.066162109 1
63 28 170.086929321 1
63 28 170.10949707 1
63 28 170.358047485 1
63 28 170.603179932 1
63 28 170.703979492 1
63 28 171.01234436 1
63 28 171.045455933 1
63 28 171.118438721 1
63 28 171.144256592 1
63 28 171.276550293 1
63 28 171.294036865 1
63 28 171.379104614 1
63 28 171.613830566 1
63 28 171.663467407 1
63 28 171.899581909 1
63 28 171.904724121 1
63 28 172.078231812 1
63 28 172.117156982 1
63 28 172.558441162 1
63 28 172.678115845 1
63 28 172.710342407 1
63 28 172.733291626 1
63 28 172.87348938 1
63 28 172.889007568 1
63 28 172.897369385 1
63 28 172.911376953 1
63 28 172.968109131 1
63 28 173.00567627 1
63 28 173.020706177 1
63 28 173.035690308 1
63 28 173.185913086 1
63 28 173.252731323 1
63 28 173.273178101 1
63 28 173.406692505 1
63 28 173.425491333 1
63 28 173.433502197 1
63 28 173.574295044 1
63 28 173.585586548 1
63 28 173.65272522 1
63 28 173.767791748 1
63 28 173.831085205 1
63 28 173.838729858 1
63 28 173.885787964 1
63 28 173.896453857 1
63 28 173.946121216 1
63 28 173.962661743 1
63 28 173.992385864 1
63 28 174.023406982 1
63 28 174.130157471 1
63 28 174.245773315 1
63 28 174.313369751 1
63 28 174.330764771 1
63 28 174.384887695 1
63 28 174.418960571 1
63 28 174.480606079 1
63 28 174.672119141 1
63 28 174.687164307 1
63 28 174.710922241 1
63 28 174.765899658 1
63 28 174.788497925 1
63 28 174.859603882 1
63 28 174.899642944 1
63 28 174.950408936 1
63 28 174.990524292 1
63 28 175.136795044 1
63 28 175.242111206 1
63 28 175.268676758 1
63 28 175.271194458 1
63 28 175.300033569 1
63 28 175.319992065 1
63 28 175.382827759 1
63 28 175.383987427 1
63 28 175.398880005 1
63 28 175.5365448 1
63 28 175.538406372 1
63 28 175.548553467 1
63 28 175.554016113 1
63 28 175.679870605 1
63 28 175.690536499 1
63 28 175.747756958 1
63 28 175.772232056 1
63 28 175.800857544 1
63 28 175.807006836 1
63 28 175.818145752 1
63 28 175.821090698 1
63 28 175.876327515 1
63 28 175.946014404 1
63 28 176.038406372 1
63 28 176.082992554 1
63 28 176.355224609 1
63 28 176.365447998 1
63 28 176.480133057 1
63 28 176.588973999 1
63 28 176.622085571 1
63 28 176.676773071 1
63 28 176.681869507 1
63 28 176.690155029 1
63 28 176.777236938 1
63 28 176.793289185 1
63 28 176.925720215 1
63 28 177.106521606 1
63 28 177.15524292 1
63 28 177.171142578 1
63 28 177.181137085 1
63 28 177.226928711 1
63 28 177.268966675 1
63 28 177.350906372 1
63 28 177.371551514 1
63 28 177.388122559 1
63 28 177.390472412 1
63 28 177.438735962 1
63 28 177.46055603 1
63 28 177.553848267 1
63 28 177.558990479 1
63 28 177.568008423 1
63 28 177.630752563 1
63 28 177.665283203 1
63 28 177.812835693 1
63 28 177.97038269 1
63 28 177.97253418 1
63 28 177.976547241 1
63 28 177.999740601 1
63 28 178.111541748 1
63 28 178.18838501 1
63 28 178.206634521 1
63 28 178.227981567 1
63 28 178.276046753 1
63 28 178.351196289 1
63 28 178.513046265 1
63 28 178.540374756 1
63 28 178.571273804 1
63 28 178.759521484 1
63 28 178.824295044 1
63 28 178.890823364 1
63 28 179.023391724 1
63 28 179.036972046 1
63 28 179.24822998 1
63 28 179.276687622 1
63 28 179.29850769 1
63 28 179.313522339 1
63 28 179.336669922 1
63 28 179.392272949 1
63 28 179.66242981 1
63 28 179.691146851 1
63 28 179.915176392 1
63 28 180.070800781 1
63 28 180.089859009 1
63 28 180.092407227 1
63 28 180.183761597 1
63 28 180.210662842 1
63 28 180.309799194 1
63 28 180.310165405 1
63 28 180.316070557 1
63 28 180.410064697 1
63 28 180.500946045 1
63 28 180.527999878 1
63 28 180.535461426 1
63 28 180.657867432 1
63 28 180.669235229 1
63 28 180.669998169 1
63 28 180.69493103 1
63 28 180.711044312 1
63 28 180.713897705 1
63 28 180.803710938 1
63 28 180.820205688 1
63 28 180.824981689 1
63 28 180.957717896 1
63 28 181.010375977 1
63 28 181.044372559 1
63 28 181.053573608 1
63 28 181.058822632 1
63 28 181.06312561 1
63 28 181.141113281 1
63 28 181.143753052 1
63 28 181.198852539 1
63 28 181.46975708 1
63 28 181.547912598 1
63 28 181.575881958 1
63 28 181.64251709 1
63 28 181.658309937 1
63 28 182.059417725 1
63 28 182.062820435 1
63 28 182.095046997 1
63 28 182.21723938 1
63 28 182.22895813 1
63 28 182.25453186 1
63 28 182.273864746 1
63 28 182.285888672 1
63 28 182.286773682 1
63 28 182.313293457 1
63 28 182.342758179 1
63 28 182.346969604 1
63 28 182.389404297 1
63 28 182.631057739 1
63 28 182.637298584 1
63 28 182.771179199 1
63 28 182.810928345 1
63 28 182.844329834 1
63 28 182.873001099 1
63 28 183.165145874 1
63 28 183.213897705 1
63 28 183.225463867 1
63 28 183.389846802 1
63 28 183.438400269 1
63 28 183.480636597 1
63 28 183.59046936 1
63 28 183.68447876 1
63 28 183.781097412 1
63 28 183.807815552 1
63 28 183.860321045 1
63 28 183.862060547 1
63 28 183.931411743 1
63 28 183.965560913 1
63 28 183.980773926 1
63 28 184.088729858 1
63 28 184.095779419 1
63 28 184.242507935 1
63 28 184.260665894 1
63 28 184.339279175 1
63 28 184.529876709 1
63 28 184.530441284 1
63 28 184.582626343 1
63 28 184.637542725 1
63 28 184.665557861 1
63 28 184.828964233 1
63 28 184.87713623 1
63 28 185.148681641 1
63 28 185.149871826 1
63 28 185.235931396 1
63 28 185.545318604 1
63 28 185.676773071 1
63 28 185.707168579 1
63 28 185.719604492 1
63 28 185.797210693 1
63 28 185.813293457 1
63 28 185.842453003 1
63 28 185.958389282 1
63 28 185.982940674 1
63 28 186.075485229 1
63 28 186.143157959 1
63 28 186.285842896 1
63 28 186.286026001 1
63 28 186.291549683 1
63 28 186.353820801 1
63 28 186.35848999 1
63 28 186.498046875 1
63 28 186.519592285 1
63 28 186.525558472 1
63 28 186.600006104 1
63 28 186.615814209 1
63 28 186.665740967 1
63 28 186.725296021 1
63 28 186.785812378 1
63 28 186.815246582 1
63 28 186.825286865 1
63 28 186.90864563 1
63 28 186.922836304 1
63 28 186.957092285 1
63 28 187.076766968 1
63 28 187.171096802 1
63 28 187.174102783 1
63 28 187.297592163 1
63 28 187.396438599 1
63 28 187.401077271 1
63 28 187.436218262 1
63 28 187.44367981 1
63 28 187.476119995 1
63 28 187.513183594 1
63 28 187.543838501 1
63 28 187.565719604 1
63 28 187.628662109 1
63 28 187.675765991 1
63 28 187.803115845 1
63 28 187.972076416 1
63 28 188.019989014 1
63 28 188.055374146 1
63 28 188.061431885 1
63 28 188.113937378 1
63 28 188.138961792 1
63 28 188.272109985 1
63 28 188.352081299 1
63 28 188.42980957 1
63 28 188.451339722 1
63 28 188.535842896 1
63 28 188.667129517 1
63 28 188.676727295 1
63 28 188.833297729 1
63 28 188.904373169 1
63 28 189.087799072 1
63 28 189.20539856 1
63 28 189.291793823 1
63 28 189.335983276 1
63 28 189.562011719 1
63 28 189.563766479 1
63 28 189.62663269 1
63 28 189.648605347 1
63 28 189.668762207 1
63 28 189.673568726 1
63 28 189.675445557 1
63 28 189.763534546 1
63 28 189.782363892 1
63 28 189.829879761 1
63 28 189.907348633 1
63 28 189.967849731 1
63 28 189.989898682 1
63 28 190.007110596 1
63 28 190.293762207 1
63 28 190.301437378 1
63 28 190.332000732 1
63 28 190.473373413 1
63 28 190.511398315 1
63 28 190.590896606 1
63 28 190.647842407 1
63 28 190.718505859 1
63 28 190.720489502 1
63 28 190.828689575 1
63 28 190.900222778 1
63 28 190.932678223 1
63 28 190.937011719 1
63 28 191.021026611 1
63 28 191.226928711 1
63 28 191.238647461 1
63 28 191.271621704 1
63 28 191.425994873 1
63 28 191.49671936 1
63 28 191.534957886 1
63 28 191.5365448 1
63 28 191.770721436 1
63 28 192.048980713 1
63 28 192.137680054 1
63 28 192.143249512 1
63 28 192.319778442 1
63 28 192.618118286 1
63 28 192.752822876 1
63 28 192.837738037 1
63 28 192.860122681 1
63 28 193.006744385 1
63 28 193.023254395 1
63 28 193.172683716 1
63 28 193.252456665 1
63 28 193.553909302 1
63 28 193.684890747 1
63 28 193.699996948 1
63 28 193.789413452 1
63 28 194.261245728 1
63 28 194.361160278 1
63 28 194.393096924 1
63 28 194.444976807 1
63 28 194.685470581 1
63 28 194.709228516 1
63 28 194.743408203 1
63 28 194.822433472 1
63 28 194.876907349 1
63 28 194.974746704 1
63 28 195.016769409 1
63 28 195.065231323 1
63 28 195.082199097 1
63 28 195.095108032 1
63 28 195.115859985 1
63 28 195.158966064 1
63 28 195.245483398 1
63 28 195.430557251 1
63 28 195.576889038 1
63 28 195.709884644 1
63 28 195.949981689 1
63 28 196.100372314 1
63 28 196.159332275 1
63 28 196.276321411 1
63 28 196.461105347 1
63 28 196.503631592 1
63 28 196.537979126 1
63 28 196.597335815 1
63 28 197.132766724 1
63 28 197.358825684 1
63 28 197.735473633 1
63 28 197.744903564 1
63 28 197.893997192 1
63 28 197.924255371 1
63 28 198.011550903 1
63 28 198.149200439 1
63 28 198.240539551 1
63 28 198.281539917 1
63 28 198.400756836 1
63 28 198.490432739 1
63 28 198.776748657 1
63 28 198.991867065 1
63 28 199.002441406 1
63 28 199.111785889 1
63 28 199.403305054 1
63 28 199.495193481 1
63 28 199.498657227 1
63 28 199.614990234 1
63 28 199.627716064 1
63 28 199.827728271 1
63 28 199.913253784 1
63 28 200.152069092 1
63 28 200.177185059 1
63 28 200.359222412 1
63 28 200.547988892 1
63 28 200.598190308 1
63 28 200.890136719 1
63 28 201.052337646 1
63 28 201.380599976 1
63 28 201.74760437 1
63 28 201.901199341 1
63 28 202.025482178 1
63 28 202.104354858 1
63 28 202.342834473 1
63 28 202.40524292 1
63 28 202.451095581 1
63 28 202.625030518 1
63 28 202.939682007 1
63 28 202.940856934 1
63 28 203.007141113 1
63 28 203.094604492 1
63 28 203.210174561 1
63 28 203.388458252 1
63 28 203.485671997 1
63 28 203.714370728 1
63 28 203.736221313 1
63 28 203.936935425 1
63 28 204.122879028 1
63 28 204.231033325 1
63 28 204.330032349 1
63 28 204.411514282 1
63 28 204.565795898 1
63 28 204.596923828 1
63 28 204.736938477 1
63 28 204.888549805 1
63 28 205.819625854 1
63 28 205.850891113 1
63 28 206.004440308 1
63 28 206.244186401 1
63 28 206.410308838 1
63 28 206.619689941 1
63 28 206.724884033 1
63 28 206.835479736 1
63 28 206.90461731 1
63 28 207.223449707 1
63 28 207.510742188 1
63 28 207.550018311 1
63 28 207.969161987 1
63 28 208.092330933 1
63 28 208.102676392 1
63 28 208.170394897 1
63 28 208.49281311 1
63 28 208.614105225 1
63 28 208.628128052 1
63 28 208.714004517 1
63 28 208.994262695 1
63 28 209.211349487 1
63 28 209.222671509 1
63 28 209.594467163 1
63 28 209.618087769 1
63 28 209.639907837 1
63 28 209.657287598 1
63 28 209.675338745 1
63 28 209.982025146 1
63 28 210.208572388 1
63 28 210.46232605 1
63 28 210.527511597 1
63 28 210.695755005 1
63 28 210.715408325 1
63 28 210.876922607 1
63 28 210.881271362 1
63 28 211.820846558 1
63 28 211.854248047 1
63 28 211.958358765 1
63 28 212.108428955 1
63 28 212.493530273 1
63 28 212.596298218 1
63 28 213.078872681 1
63 28 213.313644409 1
63 28 213.39654541 1
63 28 213.41947937 1
63 28 213.580535889 1
63 28 213.809539795 1
63 28 213.921340942 1
63 28 214.299118042 1
63 28 214.656219482 1
63 28 214.693130493 1
63 28 214.725067139 1
63 28 215.257888794 1
63 28 215.341064453 1
63 28 215.363708496 1
63 28 215.797012329 1
63 28 215.888534546 1
63 28 215.990692139 1
63 28 216.17288208 1
63 28 216.255081177 1
63 28 216.353805542 1
63 28 216.413513184 1
63 28 216.509506226 1
63 28 216.665664673 1
63 28 216.850616455 1
63 28 217.166854858 1
63 28 217.173065186 1
63 28 217.478622437 1
63 28 218.033340454 1
63 28 218.08934021 1
63 28 218.751068115 1
63 28 219.149261475 1
63 28 219.584228516 1
63 28 219.749893188 1
63 28 219.800170898 1
63 28 219.804214478 1
63 28 220.418914795 1
63 28 220.555969238 1
63 28 220.654647827 1
63 28 221.336837769 1
63 28 221.356796265 1
63 28 221.537612915 1
63 28 221.563034058 1
63 28 222.145614624 1
63 28 222.195587158 1
63 28 222.308395386 1
63 28 222.601150513 1
63 28 222.659973145 1
63 28 223.908905029 1
63 28 223.982223511 1
63 28 224.252914429 1
63 28 224.721099854 1
63 28 225.079116821 1
63 28 225.649108887 1
63 28 225.942443848 1
63 28 225.949874878 1
63 28 226.469924927 1
63 28 227.002700806 1
63 28 227.240585327 1
63 28 227.927474976 1
63 28 228.104690552 1
63 28 228.902694702 1
63 28 229.040390015 1
63 28 229.945617676 1
63 28 230.162353516 1
63 28 230.231658936 1
63 28 230.413192749 1
63 28 230.883789062 1
63 28 231.311141968 1
63 28 231.321563721 1
63 28 231.436157227 1
63 28 232.174102783 1
63 28 232.975387573 1
63 28 233.464096069 1
63 28 233.467147827 1
63 28 233.715896606 1
63 28 233.896530151 1
63 28 234.181549072 1
63 28 234.251678467 1
63 28 235.272369385 1
63 28 235.590179443 1
63 28 237.427902222 1
63 28 239.227142334 1
63 28 240.014450073 1
63 28 242.599517822 1
63 28 242.987426758 1
63 28 243.160751343 1
63 28 244.549575806 1
63 28 244.687652588 1
63 28 245.147659302 1
63 28 245.334655762 1
63 28 245.691223145 1
63 28 246.308303833 1
63 28 246.976074219 1
63 28 247.303634644 1
63 28 247.387863159 1
63 28 249.718795776 1
63 28 249.906143188 1
63 28 250.519317627 1
63 28 251.714157104 1
63 28 252.307434082 1
63 28 252.506393433 1
63 28 252.53742981 1
63 28 252.838287354 1
63 28 252.949066162 1
63 28 253.035888672 1
63 28 255.299179077 1
63 28 256.084289551 1
63 28 258.944854736 1
63 28 259.415893555 1
63 28 259.723022461 1
63 28 262.228179932 1
63 28 262.344177246 1
63 28 262.615020752 1
63 28 263.079467773 1
63 28 263.932037354 1
63 28 263.997375488 1
63 28 264.865783691 1
63 28 268.016876221 1
63 28 268.259765625 1
63 28 268.726409912 1
63 28 268.814208984 1
63 28 270.28024292 1
63 28 270.346435547 1
63 28 271.974395752 1
63 28 273.488555908 1
63 28 273.680358887 1
63 28 274.29788208 1
63 28 276.337097168 1
63 28 276.579193115 1
63 28 279.367248535 1
63 28 279.501098633 1
63 28 279.719360352 1
63 28 279.761291504 1
63 28 282.600067139 1
63 28 282.826660156 1
63 28 284.427429199 1
63 28 285.730407715 1
63 28 286.618041992 1
63 28 290.477905273 1
63 28 291.423400879 1
63 28 291.581726074 1
63 28 293.589782715 1
63 28 294.017272949 1
63 28 294.789672852 1
63 28 296.468200684 1
63 28 297.619720459 1
63 28 297.809814453 1
63 28 301.158203125 1
63 28 301.180328369 1
63 28 301.200683594 1
63 28 301.731140137 1
63 28 306.640777588 1
63 28 311.948638916 1
63 28 314.831604004 1
63 28 315.580688477 1
63 28 316.409515381 1
63 28 317.593688965 1
63 28 321.953796387 1
63 28 323.102386475 1
63 28 325.548583984 1
63 28 326.794189453 1
63 28 327.390441895 1
63 28 328.023651123 1
63 28 331.501953125 1
63 28 334.152618408 1
63 28 334.74420166 1
63 28 335.560577393 1
63 28 336.899597168 1
63 28 339.662078857 1
63 28 342.219818115 1
63 28 342.940368652 1
63 28 344.002685547 1
63 28 347.008300781 1
63 28 349.607543945 1
63 28 353.640655518 1
63 28 357.576171875 1
63 28 362.311920166 1
63 28 362.52835083 1
63 28 363.756622314 1
63 28 364.774139404 1
63 28 365.569976807 1
63 28 367.035644531 1
63 28 367.812957764 1
63 28 375.673980713 1
63 28 381.720611572 1
63 28 388.468078613 1
63 28 394.784484863 1
63 28 396.324462891 1
63 28 402.208221436 1
63 28 403.440063477 1
63 28 404.362823486 1
63 28 415.563751221 1
63 28 417.959289551 1
63 28 419.714630127 1
63 28 426.316986084 1
63 28 426.599304199 1
63 28 427.24911499 1
63 28 430.953979492 1
63 28 431.733001709 1
63 28 434.566070557 1
63 28 449.552947998 1
63 28 458.168884277 1
63 28 461.83404541 1
63 28 463.23248291 1
63 28 470.040008545 1
63 28 480.401519775 1
63 28 481.043212891 1
63 28 483.311248779 1
63 28 486.84942627 1
63 28 487.739349365 1
63 28 494.207214355 1
63 28 495.587921143 1
63 28 514.494995117 1
63 28 527.218688965 1
63 28 528.448181152 1
63 28 550.769287109 1
63 28 554.003967285 1
63 28 557.538879395 1
63 28 568.756958008 1
63 28 579.817382812 1
63 28 587.813171387 1
63 28 588.286193848 1
63 28 592.549255371 1
63 28 593.06237793 1
63 28 600.508422852 1
63 28 614.552734375 1
63 28 627.727355957 1
63 28 641.061401367 1
63 28 647.018005371 1
63 28 688.966186523 1
63 28 695.051147461 1
63 28 705.643066406 1
63 28 706.268005371 1
63 28 708.755187988 1
63 28 729.979187012 1
63 28 745.851196289 1
63 28 762.517883301 1
63 28 814.070922852 1
63 28 847.593933105 1
63 28 862.239074707 1
63 28 891.4921875 1
63 28 937.013366699 1
63 28 952.592468262 1
63 28 979.105957031 1
63 28 984.92791748 1
63 28 1201.1619873 1
63 28 1375.51367188 1
63 28 1401.39648438 1
63 28 1757.25805664 1
63 29 78.3496856689 1
63 29 79.5580978394 1
63 29 79.7903671265 1
63 29 79.8554077148 1
63 29 79.9489212036 1
63 29 80.8921051025 1
63 29 81.1206665039 1
63 29 81.1479492188 1
63 29 81.1668243408 1
63 29 81.4358673096 1
63 29 81.5612640381 1
63 29 81.7710723877 1
63 29 81.823348999 1
63 29 81.8377761841 1
63 29 81.8458404541 1
63 29 81.9217376709 1
63 29 82.1627883911 1
63 29 82.2108612061 1
63 29 82.2497634888 1
63 29 82.25365448 1
63 29 82.3304595947 1
63 29 82.5317611694 1
63 29 82.5813369751 1
63 29 82.7119445801 1
63 29 82.7654418945 1
63 29 82.8424835205 1
63 29 82.8574447632 1
63 29 82.9030532837 1
63 29 82.9298324585 1
63 29 82.9749603271 1
63 29 82.9923019409 1
63 29 83.1254348755 1
63 29 83.1924133301 1
63 29 83.2088012695 1
63 29 83.2408599854 1
63 29 83.2417373657 1
63 29 83.2538452148 1
63 29 83.3446273804 1
63 29 83.4321136475 1
63 29 83.4776763916 1
63 29 83.4951477051 1
63 29 83.5788879395 1
63 29 83.6043701172 1
63 29 83.6095733643 1
63 29 83.6273574829 1
63 29 83.6387176514 1
63 29 83.6725616455 1
63 29 83.6758880615 1
63 29 83.6957702637 1
63 29 83.8835601807 1
63 29 83.9002761841 1
63 29 83.9151992798 1
63 29 83.9425735474 1
63 29 84.0069122314 1
63 29 84.0072937012 1
63 29 84.0249176025 1
63 29 84.0389328003 1
63 29 84.0599441528 1
63 29 84.1177444458 1
63 29 84.1634140015 1
63 29 84.1903152466 1
63 29 84.2571182251 1
63 29 84.3053131104 1
63 29 84.3323745728 1
63 29 84.4430618286 1
63 29 84.4500350952 1
63 29 84.4886627197 1
63 29 84.6148986816 1
63 29 84.6340026855 1
63 29 84.6570587158 1
63 29 84.660736084 1
63 29 84.7145767212 1
63 29 84.7148284912 1
63 29 84.7209014893 1
63 29 84.7457809448 1
63 29 84.7879104614 1
63 29 84.8334960938 1
63 29 84.8657073975 1
63 29 84.8783340454 1
63 29 84.891708374 1
63 29 84.8922119141 1
63 29 84.9303283691 1
63 29 84.9461746216 1
63 29 84.9560852051 1
63 29 84.9631500244 1
63 29 84.9821929932 1
63 29 85.0063323975 1
63 29 85.0153961182 1
63 29 85.0221405029 1
63 29 85.0278091431 1
63 29 85.033164978 1
63 29 85.0399093628 1
63 29 85.0849990845 1
63 29 85.121963501 1
63 29 85.1735610962 1
63 29 85.1985321045 1
63 29 85.1994552612 1
63 29 85.2062606812 1
63 29 85.2188262939 1
63 29 85.2552185059 1
63 29 85.2984390259 1
63 29 85.3036499023 1
63 29 85.3219146729 1
63 29 85.3286209106 1
63 29 85.3371505737 1
63 29 85.3389205933 1
63 29 85.3482818604 1
63 29 85.3717651367 1
63 29 85.4172668457 1
63 29 85.4222717285 1
63 29 85.4316864014 1
63 29 85.438331604 1
63 29 85.4720153809 1
63 29 85.4838027954 1
63 29 85.4865951538 1
63 29 85.5159606934 1
63 29 85.5244064331 1
63 29 85.5660934448 1
63 29 85.5768661499 1
63 29 85.6148223877 1
63 29 85.6150360107 1
63 29 85.6595993042 1
63 29 85.678314209 1
63 29 85.6848602295 1
63 29 85.6866226196 1
63 29 85.7348327637 1
63 29 85.7513046265 1
63 29 85.769203186 1
63 29 85.8031005859 1
63 29 85.8103561401 1
63 29 85.8766174316 1
63 29 85.8772888184 1
63 29 85.9317474365 1
63 29 85.9696807861 1
63 29 86.049331665 1
63 29 86.0880432129 1
63 29 86.097442627 1
63 29 86.1041259766 1
63 29 86.1359329224 1
63 29 86.1847763062 1
63 29 86.2395935059 1
63 29 86.2982177734 1
63 29 86.3165283203 1
63 29 86.3308944702 1
63 29 86.3326721191 1
63 29 86.340927124 1
63 29 86.3461380005 1
63 29 86.3631286621 1
63 29 86.3800506592 1
63 29 86.3999252319 1
63 29 86.4264450073 1
63 29 86.4284896851 1
63 29 86.4682312012 1
63 29 86.4917449951 1
63 29 86.504524231 1
63 29 86.5395355225 1
63 29 86.5473937988 1
63 29 86.5706176758 1
63 29 86.5748519897 1
63 29 86.5881729126 1
63 29 86.596282959 1
63 29 86.6007461548 1
63 29 86.6249694824 1
63 29 86.6348953247 1
63 29 86.6409683228 1
63 29 86.6590194702 1
63 29 86.6685791016 1
63 29 86.6964950562 1
63 29 86.7163314819 1
63 29 86.723991394 1
63 29 86.7248382568 1
63 29 86.7336196899 1
63 29 86.7546234131 1
63 29 86.755279541 1
63 29 86.7910385132 1
63 29 86.8004150391 1
63 29 86.819229126 1
63 29 86.8261566162 1
63 29 86.8327713013 1
63 29 86.837387085 1
63 29 86.8502960205 1
63 29 86.8630828857 1
63 29 86.8934020996 1
63 29 86.8991165161 1
63 29 86.900352478 1
63 29 86.9415664673 1
63 29 86.9691696167 1
63 29 86.9791488647 1
63 29 87.0095443726 1
63 29 87.0206375122 1
63 29 87.0849685669 1
63 29 87.0917510986 1
63 29 87.0974884033 1
63 29 87.1446685791 1
63 29 87.1668777466 1
63 29 87.1749343872 1
63 29 87.1912918091 1
63 29 87.1940460205 1
63 29 87.2330093384 1
63 29 87.2494354248 1
63 29 87.2620162964 1
63 29 87.2793807983 1
63 29 87.281463623 1
63 29 87.2934646606 1
63 29 87.3078994751 1
63 29 87.3101654053 1
63 29 87.3211975098 1
63 29 87.3335800171 1
63 29 87.3369140625 1
63 29 87.3372116089 1
63 29 87.3467330933 1
63 29 87.3540420532 1
63 29 87.361076355 1
63 29 87.385383606 1
63 29 87.4291381836 1
63 29 87.4630584717 1
63 29 87.468421936 1
63 29 87.52003479 1
63 29 87.527053833 1
63 29 87.5449829102 1
63 29 87.5961685181 1
63 29 87.5976028442 1
63 29 87.5984725952 1
63 29 87.6101913452 1
63 29 87.6391143799 1
63 29 87.6675491333 1
63 29 87.6754150391 1
63 29 87.6843185425 1
63 29 87.6890640259 1
63 29 87.6928405762 1
63 29 87.7014312744 1
63 29 87.7105560303 1
63 29 87.7242965698 1
63 29 87.7254714966 1
63 29 87.7301940918 1
63 29 87.746673584 1
63 29 87.7683563232 1
63 29 87.7731246948 1
63 29 87.8194503784 1
63 29 87.8394012451 1
63 29 87.8469085693 1
63 29 87.8567657471 1
63 29 87.8768920898 1
63 29 87.8997955322 1
63 29 87.9275665283 1
63 29 87.9294509888 1
63 29 87.961555481 1
63 29 88.0004043579 1
63 29 88.0071792603 1
63 29 88.0192718506 1
63 29 88.0326538086 1
63 29 88.0389480591 1
63 29 88.0657424927 1
63 29 88.0787506104 1
63 29 88.099647522 1
63 29 88.150100708 1
63 29 88.1913299561 1
63 29 88.2080230713 1
63 29 88.2117614746 1
63 29 88.2178192139 1
63 29 88.2256393433 1
63 29 88.2346420288 1
63 29 88.2358779907 1
63 29 88.2605895996 1
63 29 88.2753219604 1
63 29 88.2766799927 1
63 29 88.292175293 1
63 29 88.298324585 1
63 29 88.3256912231 1
63 29 88.3403549194 1
63 29 88.3409805298 1
63 29 88.3410415649 1
63 29 88.3530654907 1
63 29 88.3605194092 1
63 29 88.3809051514 1
63 29 88.4332962036 1
63 29 88.4568786621 1
63 29 88.4739761353 1
63 29 88.4887924194 1
63 29 88.5227737427 1
63 29 88.5322570801 1
63 29 88.5745315552 1
63 29 88.5879364014 1
63 29 88.612159729 1
63 29 88.6132278442 1
63 29 88.6241455078 1
63 29 88.6823577881 1
63 29 88.6934204102 1
63 29 88.7071914673 1
63 29 88.7234573364 1
63 29 88.7326278687 1
63 29 88.7333526611 1
63 29 88.7371749878 1
63 29 88.756690979 1
63 29 88.7654037476 1
63 29 88.7801895142 1
63 29 88.7967758179 1
63 29 88.8062591553 1
63 29 88.8153991699 1
63 29 88.8439941406 1
63 29 88.8618621826 1
63 29 88.8674621582 1
63 29 88.8893127441 1
63 29 88.9382019043 1
63 29 89.0041809082 1
63 29 89.0043716431 1
63 29 89.0182952881 1
63 29 89.0235671997 1
63 29 89.0293045044 1
63 29 89.0530090332 1
63 29 89.0552520752 1
63 29 89.0732421875 1
63 29 89.0936355591 1
63 29 89.0965194702 1
63 29 89.0973205566 1
63 29 89.0994873047 1
63 29 89.1114425659 1
63 29 89.1173553467 1
63 29 89.1250991821 1
63 29 89.1347427368 1
63 29 89.1480331421 1
63 29 89.1607589722 1
63 29 89.1661071777 1
63 29 89.1667785645 1
63 29 89.205657959 1
63 29 89.2083816528 1
63 29 89.21875 1
63 29 89.2289886475 1
63 29 89.2333908081 1
63 29 89.238319397 1
63 29 89.2409362793 1
63 29 89.2439956665 1
63 29 89.2467269897 1
63 29 89.2831192017 1
63 29 89.2897796631 1
63 29 89.3180236816 1
63 29 89.32056427 1
63 29 89.3223648071 1
63 29 89.3288650513 1
63 29 89.3294372559 1
63 29 89.336227417 1
63 29 89.3515625 1
63 29 89.3554229736 1
63 29 89.3614349365 1
63 29 89.3680496216 1
63 29 89.368598938 1
63 29 89.4163894653 1
63 29 89.4200439453 1
63 29 89.4367752075 1
63 29 89.4409713745 1
63 29 89.450881958 1
63 29 89.453742981 1
63 29 89.4999160767 1
63 29 89.5081100464 1
63 29 89.5084228516 1
63 29 89.527381897 1
63 29 89.5435638428 1
63 29 89.5453262329 1
63 29 89.5573120117 1
63 29 89.5680847168 1
63 29 89.5820159912 1
63 29 89.5913085938 1
63 29 89.5928497314 1
63 29 89.616065979 1
63 29 89.619758606 1
63 29 89.6390914917 1
63 29 89.6450424194 1
63 29 89.6468048096 1
63 29 89.6496734619 1
63 29 89.6740036011 1
63 29 89.6842880249 1
63 29 89.6910552979 1
63 29 89.707359314 1
63 29 89.7092285156 1
63 29 89.7132110596 1
63 29 89.7302322388 1
63 29 89.7527084351 1
63 29 89.7566299438 1
63 29 89.793548584 1
63 29 89.8212585449 1
63 29 89.8359985352 1
63 29 89.8386077881 1
63 29 89.8471603394 1
63 29 89.8543701172 1
63 29 89.8931732178 1
63 29 89.8961029053 1
63 29 89.9236679077 1
63 29 89.9279708862 1
63 29 89.94190979 1
63 29 89.9446716309 1
63 29 89.9523391724 1
63 29 89.9549713135 1
63 29 89.9712295532 1
63 29 90.0153503418 1
63 29 90.0319595337 1
63 29 90.0323257446 1
63 29 90.0504302979 1
63 29 90.0599365234 1
63 29 90.0613098145 1
63 29 90.0617675781 1
63 29 90.086265564 1
63 29 90.0863189697 1
63 29 90.0918884277 1
63 29 90.0922393799 1
63 29 90.1035919189 1
63 29 90.1162796021 1
63 29 90.1187896729 1
63 29 90.1213607788 1
63 29 90.1264953613 1
63 29 90.1273880005 1
63 29 90.129234314 1
63 29 90.1417999268 1
63 29 90.1453475952 1
63 29 90.1461791992 1
63 29 90.1469650269 1
63 29 90.1560897827 1
63 29 90.2046203613 1
63 29 90.2087554932 1
63 29 90.2189025879 1
63 29 90.2546386719 1
63 29 90.2555084229 1
63 29 90.2674560547 1
63 29 90.2827072144 1
63 29 90.2910461426 1
63 29 90.3372421265 1
63 29 90.3456115723 1
63 29 90.354133606 1
63 29 90.3576965332 1
63 29 90.3675460815 1
63 29 90.3697128296 1
63 29 90.3876647949 1
63 29 90.3901138306 1
63 29 90.3958435059 1
63 29 90.3983840942 1
63 29 90.4283218384 1
63 29 90.4352035522 1
63 29 90.4408111572 1
63 29 90.4468383789 1
63 29 90.4534225464 1
63 29 90.4586486816 1
63 29 90.4590148926 1
63 29 90.4750823975 1
63 29 90.5204849243 1
63 29 90.555519104 1
63 29 90.5624771118 1
63 29 90.563041687 1
63 29 90.5684661865 1
63 29 90.5866851807 1
63 29 90.5897293091 1
63 29 90.5938186646 1
63 29 90.6121749878 1
63 29 90.6152191162 1
63 29 90.61668396 1
63 29 90.6259460449 1
63 29 90.6510620117 1
63 29 90.6645431519 1
63 29 90.6671218872 1
63 29 90.6780853271 1
63 29 90.6844100952 1
63 29 90.7076873779 1
63 29 90.7157897949 1
63 29 90.7163467407 1
63 29 90.7271118164 1
63 29 90.7579421997 1
63 29 90.7612686157 1
63 29 90.7818222046 1
63 29 90.7828292847 1
63 29 90.8034973145 1
63 29 90.8614807129 1
63 29 90.8665084839 1
63 29 90.866645813 1
63 29 90.8706741333 1
63 29 90.8842391968 1
63 29 90.9119110107 1
63 29 90.9156799316 1
63 29 90.9279556274 1
63 29 90.9309921265 1
63 29 90.9310913086 1
63 29 90.9499740601 1
63 29 90.9666137695 1
63 29 90.9702148438 1
63 29 90.9741592407 1
63 29 91.0026397705 1
63 29 91.0123214722 1
63 29 91.0411911011 1
63 29 91.0413665771 1
63 29 91.0541610718 1
63 29 91.056350708 1
63 29 91.0592727661 1
63 29 91.0802841187 1
63 29 91.0803604126 1
63 29 91.0825195312 1
63 29 91.0852355957 1
63 29 91.092048645 1
63 29 91.0955352783 1
63 29 91.118270874 1
63 29 91.1577835083 1
63 29 91.1667175293 1
63 29 91.1791992188 1
63 29 91.1855316162 1
63 29 91.2202835083 1
63 29 91.2275695801 1
63 29 91.2279205322 1
63 29 91.2404022217 1
63 29 91.2546768188 1
63 29 91.2888793945 1
63 29 91.3107452393 1
63 29 91.316947937 1
63 29 91.3184585571 1
63 29 91.3406829834 1
63 29 91.346824646 1
63 29 91.365486145 1
63 29 91.3679428101 1
63 29 91.4457778931 1
63 29 91.4457855225 1
63 29 91.4486923218 1
63 29 91.4674682617 1
63 29 91.4770202637 1
63 29 91.482749939 1
63 29 91.4870452881 1
63 29 91.4908447266 1
63 29 91.4993515015 1
63 29 91.5050506592 1
63 29 91.5167617798 1
63 29 91.5168762207 1
63 29 91.5299911499 1
63 29 91.5540466309 1
63 29 91.5827102661 1
63 29 91.6493606567 1
63 29 91.6587295532 1
63 29 91.6817321777 1
63 29 91.6847229004 1
63 29 91.7053070068 1
63 29 91.716506958 1
63 29 91.721496582 1
63 29 91.7244338989 1
63 29 91.737991333 1
63 29 91.7408218384 1
63 29 91.7419204712 1
63 29 91.7586517334 1
63 29 91.7791671753 1
63 29 91.7901153564 1
63 29 91.8227157593 1
63 29 91.8244094849 1
63 29 91.8417892456 1
63 29 91.8505249023 1
63 29 91.8671188354 1
63 29 91.8673095703 1
63 29 91.8812789917 1
63 29 91.8886032104 1
63 29 91.8955154419 1
63 29 91.9058914185 1
63 29 91.9078521729 1
63 29 91.9210357666 1
63 29 91.9307327271 1
63 29 91.9375762939 1
63 29 91.9496917725 1
63 29 91.9499206543 1
63 29 91.9506988525 1
63 29 91.9614105225 1
63 29 91.9624710083 1
63 29 91.96509552 1
63 29 91.9663848877 1
63 29 91.9679641724 1
63 29 91.9703521729 1
63 29 91.9738006592 1
63 29 91.9803085327 1
63 29 91.9894256592 1
63 29 91.9995727539 1
63 29 92.0016555786 1
63 29 92.0127944946 1
63 29 92.0155487061 1
63 29 92.0247497559 1
63 29 92.0329055786 1
63 29 92.0517196655 1
63 29 92.0577392578 1
63 29 92.0583877563 1
63 29 92.0629806519 1
63 29 92.074180603 1
63 29 92.0765075684 1
63 29 92.0952072144 1
63 29 92.0977401733 1
63 29 92.1073226929 1
63 29 92.1137695312 1
63 29 92.1672744751 1
63 29 92.1710891724 1
63 29 92.1781082153 1
63 29 92.1857757568 1
63 29 92.1911773682 1
63 29 92.2277603149 1
63 29 92.2301712036 1
63 29 92.2416000366 1
63 29 92.258430481 1
63 29 92.2597503662 1
63 29 92.2656784058 1
63 29 92.2688980103 1
63 29 92.2966766357 1
63 29 92.2985534668 1
63 29 92.3000869751 1
63 29 92.3044815063 1
63 29 92.3055801392 1
63 29 92.3123703003 1
63 29 92.3154296875 1
63 29 92.3209991455 1
63 29 92.324180603 1
63 29 92.3311080933 1
63 29 92.354133606 1
63 29 92.3558502197 1
63 29 92.3893432617 1
63 29 92.3905792236 1
63 29 92.3955688477 1
63 29 92.3963775635 1
63 29 92.3995742798 1
63 29 92.4208984375 1
63 29 92.4216918945 1
63 29 92.4217376709 1
63 29 92.4353561401 1
63 29 92.4363174438 1
63 29 92.4440536499 1
63 29 92.4482574463 1
63 29 92.4535064697 1
63 29 92.4636230469 1
63 29 92.5205001831 1
63 29 92.5210647583 1
63 29 92.5340118408 1
63 29 92.5690536499 1
63 29 92.5693435669 1
63 29 92.5841903687 1
63 29 92.6105651855 1
63 29 92.6145019531 1
63 29 92.6871490479 1
63 29 92.69947052 1
63 29 92.719581604 1
63 29 92.7262191772 1
63 29 92.7294464111 1
63 29 92.7382736206 1
63 29 92.7420196533 1
63 29 92.7482147217 1
63 29 92.7631072998 1
63 29 92.7780075073 1
63 29 92.7984161377 1
63 29 92.8090362549 1
63 29 92.8253097534 1
63 29 92.8271865845 1
63 29 92.83568573 1
63 29 92.8461761475 1
63 29 92.874458313 1
63 29 92.8800430298 1
63 29 92.8832473755 1
63 29 92.9109344482 1
63 29 92.9142074585 1
63 29 92.9231948853 1
63 29 92.9301528931 1
63 29 92.9406509399 1
63 29 92.9514007568 1
63 29 92.9620056152 1
63 29 92.9674224854 1
63 29 92.9787750244 1
63 29 92.9810943604 1
63 29 93.0537948608 1
63 29 93.0641021729 1
63 29 93.0699539185 1
63 29 93.0803375244 1
63 29 93.1079025269 1
63 29 93.1215286255 1
63 29 93.1272583008 1
63 29 93.1280441284 1
63 29 93.1395797729 1
63 29 93.1435699463 1
63 29 93.1551513672 1
63 29 93.1681365967 1
63 29 93.1722564697 1
63 29 93.1820526123 1
63 29 93.2032623291 1
63 29 93.2081985474 1
63 29 93.2183074951 1
63 29 93.2249298096 1
63 29 93.2381668091 1
63 29 93.2393722534 1
63 29 93.2396774292 1
63 29 93.2408905029 1
63 29 93.2516860962 1
63 29 93.2532196045 1
63 29 93.2550430298 1
63 29 93.2588500977 1
63 29 93.2693862915 1
63 29 93.2709121704 1
63 29 93.2891159058 1
63 29 93.3005523682 1
63 29 93.3031921387 1
63 29 93.3097000122 1
63 29 93.3178939819 1
63 29 93.3358764648 1
63 29 93.337638855 1
63 29 93.3506088257 1
63 29 93.3578567505 1
63 29 93.3684997559 1
63 29 93.3697128296 1
63 29 93.3761672974 1
63 29 93.3762741089 1
63 29 93.3850402832 1
63 29 93.3876037598 1
63 29 93.3967895508 1
63 29 93.4059143066 1
63 29 93.4108047485 1
63 29 93.4279403687 1
63 29 93.4293670654 1
63 29 93.4379577637 1
63 29 93.4380874634 1
63 29 93.4382553101 1
63 29 93.4391326904 1
63 29 93.4459457397 1
63 29 93.4466018677 1
63 29 93.4469451904 1
63 29 93.4526290894 1
63 29 93.455909729 1
63 29 93.4585494995 1
63 29 93.4916687012 1
63 29 93.5139389038 1
63 29 93.528465271 1
63 29 93.5344161987 1
63 29 93.5510177612 1
63 29 93.5526885986 1
63 29 93.5580444336 1
63 29 93.5645294189 1
63 29 93.5709381104 1
63 29 93.5836029053 1
63 29 93.5911865234 1
63 29 93.5981750488 1
63 29 93.6001358032 1
63 29 93.6100082397 1
63 29 93.6138076782 1
63 29 93.6278076172 1
63 29 93.6346435547 1
63 29 93.6371612549 1
63 29 93.645866394 1
63 29 93.6509475708 1
63 29 93.6654510498 1
63 29 93.6782073975 1
63 29 93.7525177002 1
63 29 93.7750396729 1
63 29 93.7781906128 1
63 29 93.7816390991 1
63 29 93.8107376099 1
63 29 93.8206481934 1
63 29 93.8213729858 1
63 29 93.8246002197 1
63 29 93.8299179077 1
63 29 93.8438262939 1
63 29 93.849105835 1
63 29 93.8540725708 1
63 29 93.8593063354 1
63 29 93.8666000366 1
63 29 93.8757324219 1
63 29 93.8880767822 1
63 29 93.8945617676 1
63 29 93.898979187 1
63 29 93.9032058716 1
63 29 93.9054107666 1
63 29 93.9072875977 1
63 29 93.9330749512 1
63 29 93.9334030151 1
63 29 93.9367752075 1
63 29 93.9768600464 1
63 29 93.9868469238 1
63 29 93.9876861572 1
63 29 93.9897460938 1
63 29 94.0063247681 1
63 29 94.0181427002 1
63 29 94.0231018066 1
63 29 94.0586471558 1
63 29 94.0677719116 1
63 29 94.0754699707 1
63 29 94.077583313 1
63 29 94.0837554932 1
63 29 94.0884094238 1
63 29 94.1062316895 1
63 29 94.1067733765 1
63 29 94.1280441284 1
63 29 94.1299057007 1
63 29 94.1400299072 1
63 29 94.141784668 1
63 29 94.1427383423 1
63 29 94.1468734741 1
63 29 94.1516418457 1
63 29 94.1865997314 1
63 29 94.1912231445 1
63 29 94.1915283203 1
63 29 94.1983566284 1
63 29 94.2032546997 1
63 29 94.2122039795 1
63 29 94.2164077759 1
63 29 94.2164382935 1
63 29 94.2195281982 1
63 29 94.2242889404 1
63 29 94.2361221313 1
63 29 94.2439117432 1
63 29 94.2740020752 1
63 29 94.2855529785 1
63 29 94.3191223145 1
63 29 94.3233261108 1
63 29 94.3338241577 1
63 29 94.3431396484 1
63 29 94.3466644287 1
63 29 94.3527679443 1
63 29 94.3626174927 1
63 29 94.36353302 1
63 29 94.3638381958 1
63 29 94.3836135864 1
63 29 94.3902130127 1
63 29 94.3934783936 1
63 29 94.4068069458 1
63 29 94.4144210815 1
63 29 94.4219970703 1
63 29 94.4290313721 1
63 29 94.4309616089 1
63 29 94.4326553345 1
63 29 94.4329299927 1
63 29 94.4391174316 1
63 29 94.4445648193 1
63 29 94.4586410522 1
63 29 94.461517334 1
63 29 94.4653015137 1
63 29 94.4752655029 1
63 29 94.4981918335 1
63 29 94.5203552246 1
63 29 94.5230560303 1
63 29 94.5355682373 1
63 29 94.5455169678 1
63 29 94.5590744019 1
63 29 94.560333252 1
63 29 94.5688247681 1
63 29 94.5760955811 1
63 29 94.587059021 1
63 29 94.5975418091 1
63 29 94.6047973633 1
63 29 94.6091690063 1
63 29 94.6107940674 1
63 29 94.6322860718 1
63 29 94.643989563 1
63 29 94.6482620239 1
63 29 94.6827774048 1
63 29 94.6844100952 1
63 29 94.7139816284 1
63 29 94.7233200073 1
63 29 94.7266540527 1
63 29 94.7341918945 1
63 29 94.7530517578 1
63 29 94.7626419067 1
63 29 94.8036575317 1
63 29 94.8139419556 1
63 29 94.8288879395 1
63 29 94.8741989136 1
63 29 94.8840408325 1
63 29 94.8848648071 1
63 29 94.9100112915 1
63 29 94.9395446777 1
63 29 94.9412384033 1
63 29 94.946395874 1
63 29 94.9677963257 1
63 29 94.968536377 1
63 29 94.9840545654 1
63 29 94.9951171875 1
63 29 94.9965591431 1
63 29 94.9999313354 1
63 29 95.0024337769 1
63 29 95.0046310425 1
63 29 95.0070495605 1
63 29 95.0244598389 1
63 29 95.0338592529 1
63 29 95.0362167358 1
63 29 95.0402450562 1
63 29 95.0431976318 1
63 29 95.0564422607 1
63 29 95.0713729858 1
63 29 95.0761871338 1
63 29 95.0925827026 1
63 29 95.1040420532 1
63 29 95.1522140503 1
63 29 95.1545410156 1
63 29 95.1620407104 1
63 29 95.1627731323 1
63 29 95.16796875 1
63 29 95.1823043823 1
63 29 95.1848373413 1
63 29 95.1896896362 1
63 29 95.1966247559 1
63 29 95.2000656128 1
63 29 95.2103652954 1
63 29 95.222946167 1
63 29 95.2233047485 1
63 29 95.2566070557 1
63 29 95.2684783936 1
63 29 95.2728271484 1
63 29 95.2898330688 1
63 29 95.3249740601 1
63 29 95.3337554932 1
63 29 95.3345108032 1
63 29 95.336730957 1
63 29 95.3411178589 1
63 29 95.3414230347 1
63 29 95.3544921875 1
63 29 95.373878479 1
63 29 95.3877258301 1
63 29 95.403968811 1
63 29 95.4132995605 1
63 29 95.4174880981 1
63 29 95.4621505737 1
63 29 95.4646606445 1
63 29 95.4690704346 1
63 29 95.4714431763 1
63 29 95.4795455933 1
63 29 95.4871520996 1
63 29 95.5084381104 1
63 29 95.5100631714 1
63 29 95.5247344971 1
63 29 95.53465271 1
63 29 95.5441513062 1
63 29 95.5489959717 1
63 29 95.6121826172 1
63 29 95.6210174561 1
63 29 95.6411514282 1
63 29 95.6604537964 1
63 29 95.6700820923 1
63 29 95.6909561157 1
63 29 95.6994247437 1
63 29 95.7008514404 1
63 29 95.7168502808 1
63 29 95.7541427612 1
63 29 95.7578887939 1
63 29 95.7609558105 1
63 29 95.7614898682 1
63 29 95.7702865601 1
63 29 95.7761383057 1
63 29 95.7804260254 1
63 29 95.7828369141 1
63 29 95.7979888916 1
63 29 95.8187179565 1
63 29 95.8252563477 1
63 29 95.8528747559 1
63 29 95.8570175171 1
63 29 95.859375 1
63 29 95.8728485107 1
63 29 95.8760910034 1
63 29 95.8818206787 1
63 29 95.8893814087 1
63 29 95.9069824219 1
63 29 95.9175033569 1
63 29 95.9182052612 1
63 29 95.9223937988 1
63 29 95.9316329956 1
63 29 95.9367141724 1
63 29 95.9679946899 1
63 29 95.9979171753 1
63 29 96.032623291 1
63 29 96.0331878662 1
63 29 96.0353164673 1
63 29 96.0363311768 1
63 29 96.056892395 1
63 29 96.0595169067 1
63 29 96.0805358887 1
63 29 96.0910949707 1
63 29 96.1007003784 1
63 29 96.1096725464 1
63 29 96.1123428345 1
63 29 96.1278762817 1
63 29 96.1328582764 1
63 29 96.1453857422 1
63 29 96.1527328491 1
63 29 96.1607131958 1
63 29 96.1644058228 1
63 29 96.1790008545 1
63 29 96.1821365356 1
63 29 96.1869888306 1
63 29 96.1895294189 1
63 29 96.1913223267 1
63 29 96.191947937 1
63 29 96.2011108398 1
63 29 96.2109069824 1
63 29 96.2208557129 1
63 29 96.2242584229 1
63 29 96.2317886353 1
63 29 96.2327575684 1
63 29 96.2341766357 1
63 29 96.2446212769 1
63 29 96.2473068237 1
63 29 96.2493362427 1
63 29 96.2511520386 1
63 29 96.2644424438 1
63 29 96.2980270386 1
63 29 96.3198165894 1
63 29 96.3325424194 1
63 29 96.3539886475 1
63 29 96.3620376587 1
63 29 96.3926849365 1
63 29 96.3989944458 1
63 29 96.4113235474 1
63 29 96.4170303345 1
63 29 96.4231338501 1
63 29 96.4290771484 1
63 29 96.4390792847 1
63 29 96.4458694458 1
63 29 96.452796936 1
63 29 96.4539413452 1
63 29 96.4549789429 1
63 29 96.4593505859 1
63 29 96.4628753662 1
63 29 96.4630508423 1
63 29 96.4730987549 1
63 29 96.4755401611 1
63 29 96.4984436035 1
63 29 96.4989547729 1
63 29 96.5045013428 1
63 29 96.5225448608 1
63 29 96.5254669189 1
63 29 96.5349807739 1
63 29 96.5400543213 1
63 29 96.5491104126 1
63 29 96.5551528931 1
63 29 96.5587615967 1
63 29 96.5616455078 1
63 29 96.5680618286 1
63 29 96.570098877 1
63 29 96.5714492798 1
63 29 96.5759277344 1
63 29 96.5821456909 1
63 29 96.5994186401 1
63 29 96.6115112305 1
63 29 96.6170196533 1
63 29 96.6277084351 1
63 29 96.6287384033 1
63 29 96.6385879517 1
63 29 96.642578125 1
63 29 96.6487197876 1
63 29 96.6527328491 1
63 29 96.6552581787 1
63 29 96.6609115601 1
63 29 96.6690673828 1
63 29 96.6812591553 1
63 29 96.6840209961 1
63 29 96.6940078735 1
63 29 96.7055282593 1
63 29 96.7381591797 1
63 29 96.7394866943 1
63 29 96.7525863647 1
63 29 96.7781524658 1
63 29 96.7816543579 1
63 29 96.7904205322 1
63 29 96.796295166 1
63 29 96.7998809814 1
63 29 96.8119125366 1
63 29 96.8336181641 1
63 29 96.8356170654 1
63 29 96.8677978516 1
63 29 96.8890914917 1
63 29 96.8903121948 1
63 29 96.8942718506 1
63 29 96.9304962158 1
63 29 96.9484024048 1
63 29 96.9956817627 1
63 29 96.9969558716 1
63 29 96.9999084473 1
63 29 97.016708374 1
63 29 97.018737793 1
63 29 97.022857666 1
63 29 97.028793335 1
63 29 97.0291213989 1
63 29 97.0303421021 1
63 29 97.0304794312 1
63 29 97.0753173828 1
63 29 97.0795135498 1
63 29 97.0841217041 1
63 29 97.0947113037 1
63 29 97.113494873 1
63 29 97.114364624 1
63 29 97.1297302246 1
63 29 97.1321716309 1
63 29 97.1461257935 1
63 29 97.1520233154 1
63 29 97.1618499756 1
63 29 97.1665115356 1
63 29 97.1784896851 1
63 29 97.1797332764 1
63 29 97.1826477051 1
63 29 97.1841964722 1
63 29 97.2381896973 1
63 29 97.2537689209 1
63 29 97.2680892944 1
63 29 97.2768478394 1
63 29 97.2949676514 1
63 29 97.3059844971 1
63 29 97.3153839111 1
63 29 97.3346405029 1
63 29 97.3397979736 1
63 29 97.3476867676 1
63 29 97.3837203979 1
63 29 97.3935852051 1
63 29 97.4128494263 1
63 29 97.4162063599 1
63 29 97.4323120117 1
63 29 97.4495849609 1
63 29 97.4697799683 1
63 29 97.4825592041 1
63 29 97.4935455322 1
63 29 97.5128707886 1
63 29 97.515007019 1
63 29 97.5182189941 1
63 29 97.5226135254 1
63 29 97.5702896118 1
63 29 97.591545105 1
63 29 97.5925979614 1
63 29 97.661026001 1
63 29 97.6637802124 1
63 29 97.6713485718 1
63 29 97.7182312012 1
63 29 97.7254562378 1
63 29 97.7301864624 1
63 29 97.7320098877 1
63 29 97.7549209595 1
63 29 97.7560119629 1
63 29 97.7804641724 1
63 29 97.7856140137 1
63 29 97.8150634766 1
63 29 97.820350647 1
63 29 97.8225402832 1
63 29 97.8520812988 1
63 29 97.8544082642 1
63 29 97.8583374023 1
63 29 97.8733520508 1
63 29 97.8741836548 1
63 29 97.8774414062 1
63 29 97.8791351318 1
63 29 97.8923873901 1
63 29 97.8924484253 1
63 29 97.8957748413 1
63 29 97.911567688 1
63 29 97.9427871704 1
63 29 97.9484405518 1
63 29 97.9512863159 1
63 29 97.955581665 1
63 29 97.9609146118 1
63 29 97.9633102417 1
63 29 97.9681396484 1
63 29 97.9686737061 1
63 29 97.974105835 1
63 29 97.9770812988 1
63 29 97.9775161743 1
63 29 98.0094146729 1
63 29 98.0124740601 1
63 29 98.0158843994 1
63 29 98.0270996094 1
63 29 98.0329818726 1
63 29 98.0367050171 1
63 29 98.0528411865 1
63 29 98.070350647 1
63 29 98.076423645 1
63 29 98.0796813965 1
63 29 98.1155853271 1
63 29 98.1177825928 1
63 29 98.1491622925 1
63 29 98.1675796509 1
63 29 98.1997909546 1
63 29 98.2061691284 1
63 29 98.2402114868 1
63 29 98.2563858032 1
63 29 98.2822952271 1
63 29 98.2901000977 1
63 29 98.3072128296 1
63 29 98.3204498291 1
63 29 98.3225631714 1
63 29 98.3250732422 1
63 29 98.3269882202 1
63 29 98.3439941406 1
63 29 98.347442627 1
63 29 98.3504562378 1
63 29 98.3812484741 1
63 29 98.4289627075 1
63 29 98.4289932251 1
63 29 98.4312744141 1
63 29 98.4344100952 1
63 29 98.4445953369 1
63 29 98.4704666138 1
63 29 98.4831314087 1
63 29 98.4840087891 1
63 29 98.4964370728 1
63 29 98.5033874512 1
63 29 98.5124282837 1
63 29 98.532913208 1
63 29 98.5581665039 1
63 29 98.5704269409 1
63 29 98.5737380981 1
63 29 98.5783615112 1
63 29 98.5974349976 1
63 29 98.6246795654 1
63 29 98.6493911743 1
63 29 98.6609191895 1
63 29 98.6709365845 1
63 29 98.6957550049 1
63 29 98.7151641846 1
63 29 98.7405700684 1
63 29 98.7694854736 1
63 29 98.7765884399 1
63 29 98.7906646729 1
63 29 98.7926635742 1
63 29 98.8016433716 1
63 29 98.8110275269 1
63 29 98.8362579346 1
63 29 98.8407363892 1
63 29 98.8572692871 1
63 29 98.8628234863 1
63 29 98.8895187378 1
63 29 98.8960418701 1
63 29 98.9019927979 1
63 29 98.9108047485 1
63 29 98.9213790894 1
63 29 98.9270172119 1
63 29 98.9333572388 1
63 29 98.9372177124 1
63 29 98.9410934448 1
63 29 98.9513626099 1
63 29 98.9647140503 1
63 29 98.9743423462 1
63 29 98.9781341553 1
63 29 98.9806518555 1
63 29 98.987197876 1
63 29 98.9960021973 1
63 29 99.0239715576 1
63 29 99.0317153931 1
63 29 99.0549240112 1
63 29 99.0646896362 1
63 29 99.0688095093 1
63 29 99.0987625122 1
63 29 99.1208496094 1
63 29 99.135848999 1
63 29 99.1600570679 1
63 29 99.1674880981 1
63 29 99.239074707 1
63 29 99.249961853 1
63 29 99.2805404663 1
63 29 99.2850036621 1
63 29 99.2923202515 1
63 29 99.3455352783 1
63 29 99.3542098999 1
63 29 99.3671722412 1
63 29 99.3855819702 1
63 29 99.3899002075 1
63 29 99.3906478882 1
63 29 99.3952102661 1
63 29 99.395866394 1
63 29 99.3989868164 1
63 29 99.4141159058 1
63 29 99.4485244751 1
63 29 99.4594192505 1
63 29 99.465423584 1
63 29 99.4662475586 1
63 29 99.47215271 1
63 29 99.4845962524 1
63 29 99.4872589111 1
63 29 99.5436553955 1
63 29 99.5470809937 1
63 29 99.5511703491 1
63 29 99.5626373291 1
63 29 99.5711288452 1
63 29 99.5794219971 1
63 29 99.5894851685 1
63 29 99.6297149658 1
63 29 99.6472091675 1
63 29 99.6475830078 1
63 29 99.6592178345 1
63 29 99.6624755859 1
63 29 99.6719970703 1
63 29 99.6887283325 1
63 29 99.7320709229 1
63 29 99.7629928589 1
63 29 99.7725524902 1
63 29 99.7802429199 1
63 29 99.7927474976 1
63 29 99.798828125 1
63 29 99.8018875122 1
63 29 99.8086395264 1
63 29 99.820350647 1
63 29 99.8361740112 1
63 29 99.8382415771 1
63 29 99.8691940308 1
63 29 99.8700942993 1
63 29 99.8718338013 1
63 29 99.8841323853 1
63 29 99.8884963989 1
63 29 99.9215316772 1
63 29 99.9231567383 1
63 29 99.9821624756 1
63 29 100.001106262 1
63 29 100.045463562 1
63 29 100.069229126 1
63 29 100.100845337 1
63 29 100.11933136 1
63 29 100.134414673 1
63 29 100.144386292 1
63 29 100.178833008 1
63 29 100.188911438 1
63 29 100.202484131 1
63 29 100.206214905 1
63 29 100.228096008 1
63 29 100.26486969 1
63 29 100.268493652 1
63 29 100.290550232 1
63 29 100.291625977 1
63 29 100.324043274 1
63 29 100.353256226 1
63 29 100.364242554 1
63 29 100.367889404 1
63 29 100.36870575 1
63 29 100.369674683 1
63 29 100.404640198 1
63 29 100.405990601 1
63 29 100.410484314 1
63 29 100.447570801 1
63 29 100.465591431 1
63 29 100.476768494 1
63 29 100.493682861 1
63 29 100.512802124 1
63 29 100.516891479 1
63 29 100.523521423 1
63 29 100.525131226 1
63 29 100.528709412 1
63 29 100.541854858 1
63 29 100.563896179 1
63 29 100.580436707 1
63 29 100.631462097 1
63 29 100.646759033 1
63 29 100.655563354 1
63 29 100.749092102 1
63 29 100.756729126 1
63 29 100.769866943 1
63 29 100.810821533 1
63 29 100.819419861 1
63 29 100.837760925 1
63 29 100.880844116 1
63 29 100.892173767 1
63 29 100.904067993 1
63 29 100.914672852 1
63 29 100.916275024 1
63 29 100.920799255 1
63 29 100.923706055 1
63 29 100.925041199 1
63 29 100.953193665 1
63 29 100.969825745 1
63 29 101.002258301 1
63 29 101.012504578 1
63 29 101.037254333 1
63 29 101.053848267 1
63 29 101.06072998 1
63 29 101.069503784 1
63 29 101.078514099 1
63 29 101.089897156 1
63 29 101.090187073 1
63 29 101.09941864 1
63 29 101.12323761 1
63 29 101.151344299 1
63 29 101.174926758 1
63 29 101.185646057 1
63 29 101.205154419 1
63 29 101.218254089 1
63 29 101.229003906 1
63 29 101.25403595 1
63 29 101.272605896 1
63 29 101.284347534 1
63 29 101.38483429 1
63 29 101.385169983 1
63 29 101.386238098 1
63 29 101.398864746 1
63 29 101.442565918 1
63 29 101.442764282 1
63 29 101.460739136 1
63 29 101.483566284 1
63 29 101.514358521 1
63 29 101.535049438 1
63 29 101.554153442 1
63 29 101.591217041 1
63 29 101.631340027 1
63 29 101.631515503 1
63 29 101.639152527 1
63 29 101.641784668 1
63 29 101.665962219 1
63 29 101.694419861 1
63 29 101.701194763 1
63 29 101.733055115 1
63 29 101.766799927 1
63 29 101.771400452 1
63 29 101.774261475 1
63 29 101.791213989 1
63 29 101.822402954 1
63 29 101.836090088 1
63 29 101.842453003 1
63 29 101.855873108 1
63 29 101.855888367 1
63 29 101.856117249 1
63 29 101.892738342 1
63 29 101.909919739 1
63 29 101.922683716 1
63 29 101.951652527 1
63 29 101.960960388 1
63 29 101.978103638 1
63 29 101.997802734 1
63 29 102.03012085 1
63 29 102.038887024 1
63 29 102.04032135 1
63 29 102.044639587 1
63 29 102.049751282 1
63 29 102.08190918 1
63 29 102.087158203 1
63 29 102.139755249 1
63 29 102.167526245 1
63 29 102.191177368 1
63 29 102.201248169 1
63 29 102.205162048 1
63 29 102.20639801 1
63 29 102.313751221 1
63 29 102.321914673 1
63 29 102.324966431 1
63 29 102.345550537 1
63 29 102.347961426 1
63 29 102.367965698 1
63 29 102.368286133 1
63 29 102.440063477 1
63 29 102.448310852 1
63 29 102.462226868 1
63 29 102.467857361 1
63 29 102.5157547 1
63 29 102.526733398 1
63 29 102.532417297 1
63 29 102.550033569 1
63 29 102.582733154 1
63 29 102.589874268 1
63 29 102.59211731 1
63 29 102.593414307 1
63 29 102.660995483 1
63 29 102.671081543 1
63 29 102.681335449 1
63 29 102.690887451 1
63 29 102.699325562 1
63 29 102.699981689 1
63 29 102.732284546 1
63 29 102.732437134 1
63 29 102.802513123 1
63 29 102.851043701 1
63 29 102.904594421 1
63 29 102.915802002 1
63 29 102.9168396 1
63 29 102.919570923 1
63 29 102.940216064 1
63 29 102.958358765 1
63 29 102.959533691 1
63 29 102.960662842 1
63 29 102.977035522 1
63 29 103.039215088 1
63 29 103.052238464 1
63 29 103.056137085 1
63 29 103.060661316 1
63 29 103.073455811 1
63 29 103.074195862 1
63 29 103.140090942 1
63 29 103.145271301 1
63 29 103.173927307 1
63 29 103.176383972 1
63 29 103.190155029 1
63 29 103.203552246 1
63 29 103.22857666 1
63 29 103.240028381 1
63 29 103.278007507 1
63 29 103.279937744 1
63 29 103.281524658 1
63 29 103.308235168 1
63 29 103.38785553 1
63 29 103.405517578 1
63 29 103.424453735 1
63 29 103.426109314 1
63 29 103.514335632 1
63 29 103.534103394 1
63 29 103.55153656 1
63 29 103.561042786 1
63 29 103.602592468 1
63 29 103.606407166 1
63 29 103.609710693 1
63 29 103.617668152 1
63 29 103.619148254 1
63 29 103.640396118 1
63 29 103.646148682 1
63 29 103.651885986 1
63 29 103.668006897 1
63 29 103.672157288 1
63 29 103.682266235 1
63 29 103.715927124 1
63 29 103.751075745 1
63 29 103.751625061 1
63 29 103.803520203 1
63 29 103.814804077 1
63 29 103.823371887 1
63 29 103.833580017 1
63 29 103.834884644 1
63 29 103.837768555 1
63 29 103.851264954 1
63 29 103.864562988 1
63 29 103.890846252 1
63 29 103.911834717 1
63 29 103.937583923 1
63 29 103.943725586 1
63 29 103.951393127 1
63 29 103.979827881 1
63 29 103.990707397 1
63 29 103.995079041 1
63 29 104.000717163 1
63 29 104.0206604 1
63 29 104.054161072 1
63 29 104.074516296 1
63 29 104.080497742 1
63 29 104.090202332 1
63 29 104.095718384 1
63 29 104.176048279 1
63 29 104.191062927 1
63 29 104.208976746 1
63 29 104.231651306 1
63 29 104.242874146 1
63 29 104.249450684 1
63 29 104.269271851 1
63 29 104.360527039 1
63 29 104.398475647 1
63 29 104.41217041 1
63 29 104.495010376 1
63 29 104.51764679 1
63 29 104.529342651 1
63 29 104.561424255 1
63 29 104.569107056 1
63 29 104.608566284 1
63 29 104.613105774 1
63 29 104.63482666 1
63 29 104.655647278 1
63 29 104.665786743 1
63 29 104.698974609 1
63 29 104.711585999 1
63 29 104.712638855 1
63 29 104.792182922 1
63 29 104.806938171 1
63 29 104.811561584 1
63 29 104.827079773 1
63 29 104.841316223 1
63 29 104.850013733 1
63 29 104.855033875 1
63 29 104.972007751 1
63 29 105.07219696 1
63 29 105.084007263 1
63 29 105.188949585 1
63 29 105.197273254 1
63 29 105.227729797 1
63 29 105.245414734 1
63 29 105.290718079 1
63 29 105.360046387 1
63 29 105.384605408 1
63 29 105.397399902 1
63 29 105.412590027 1
63 29 105.446884155 1
63 29 105.507469177 1
63 29 105.50868988 1
63 29 105.543113708 1
63 29 105.55291748 1
63 29 105.555030823 1
63 29 105.573417664 1
63 29 105.586799622 1
63 29 105.649398804 1
63 29 105.654129028 1
63 29 105.677001953 1
63 29 105.688301086 1
63 29 105.705596924 1
63 29 105.713775635 1
63 29 105.777236938 1
63 29 105.812301636 1
63 29 105.822914124 1
63 29 105.846549988 1
63 29 105.889053345 1
63 29 105.895500183 1
63 29 105.91443634 1
63 29 105.987876892 1
63 29 105.990386963 1
63 29 105.994499207 1
63 29 106.003181458 1
63 29 106.011817932 1
63 29 106.02217865 1
63 29 106.061172485 1
63 29 106.109786987 1
63 29 106.114532471 1
63 29 106.15145874 1
63 29 106.170967102 1
63 29 106.192352295 1
63 29 106.200424194 1
63 29 106.237510681 1
63 29 106.312149048 1
63 29 106.315567017 1
63 29 106.325012207 1
63 29 106.444046021 1
63 29 106.464614868 1
63 29 106.549751282 1
63 29 106.554351807 1
63 29 106.563674927 1
63 29 106.589248657 1
63 29 106.632278442 1
63 29 106.637664795 1
63 29 106.638435364 1
63 29 106.64894104 1
63 29 106.732292175 1
63 29 106.745613098 1
63 29 106.77481842 1
63 29 106.78767395 1
63 29 106.811920166 1
63 29 106.832092285 1
63 29 106.853164673 1
63 29 106.871826172 1
63 29 106.918159485 1
63 29 106.923812866 1
63 29 107.038009644 1
63 29 107.041885376 1
63 29 107.041992188 1
63 29 107.069190979 1
63 29 107.072761536 1
63 29 107.081970215 1
63 29 107.145843506 1
63 29 107.254463196 1
63 29 107.303718567 1
63 29 107.314369202 1
63 29 107.324234009 1
63 29 107.349075317 1
63 29 107.37197113 1
63 29 107.399581909 1
63 29 107.473175049 1
63 29 107.50302887 1
63 29 107.514984131 1
63 29 107.572547913 1
63 29 107.593383789 1
63 29 107.685173035 1
63 29 107.687294006 1
63 29 107.712867737 1
63 29 107.728408813 1
63 29 107.766746521 1
63 29 107.775177002 1
63 29 107.796699524 1
63 29 107.866271973 1
63 29 107.871902466 1
63 29 107.877380371 1
63 29 107.904067993 1
63 29 107.918617249 1
63 29 107.939987183 1
63 29 107.962882996 1
63 29 108.035636902 1
63 29 108.093231201 1
63 29 108.156448364 1
63 29 108.177871704 1
63 29 108.21762085 1
63 29 108.224365234 1
63 29 108.364395142 1
63 29 108.377983093 1
63 29 108.38230896 1
63 29 108.40447998 1
63 29 108.412536621 1
63 29 108.470024109 1
63 29 108.483657837 1
63 29 108.486091614 1
63 29 108.502616882 1
63 29 108.547653198 1
63 29 108.564727783 1
63 29 108.580238342 1
63 29 108.647285461 1
63 29 108.654953003 1
63 29 108.655586243 1
63 29 108.669540405 1
63 29 108.684753418 1
63 29 108.760498047 1
63 29 108.804023743 1
63 29 108.842536926 1
63 29 108.855407715 1
63 29 108.884773254 1
63 29 108.968292236 1
63 29 108.972732544 1
63 29 108.987098694 1
63 29 108.992179871 1
63 29 109.022354126 1
63 29 109.078338623 1
63 29 109.096458435 1
63 29 109.141136169 1
63 29 109.144195557 1
63 29 109.231529236 1
63 29 109.246383667 1
63 29 109.264526367 1
63 29 109.334220886 1
63 29 109.34135437 1
63 29 109.362236023 1
63 29 109.38974762 1
63 29 109.390464783 1
63 29 109.394851685 1
63 29 109.405586243 1
63 29 109.514709473 1
63 29 109.584434509 1
63 29 109.59135437 1
63 29 109.620483398 1
63 29 109.650390625 1
63 29 109.655647278 1
63 29 109.685462952 1
63 29 109.689399719 1
63 29 109.708267212 1
63 29 109.752830505 1
63 29 109.852287292 1
63 29 109.996292114 1
63 29 110.18561554 1
63 29 110.199127197 1
63 29 110.320518494 1
63 29 110.369903564 1
63 29 110.398780823 1
63 29 110.478340149 1
63 29 110.484703064 1
63 29 110.490745544 1
63 29 110.500205994 1
63 29 110.523040771 1
63 29 110.545372009 1
63 29 110.6016922 1
63 29 110.609985352 1
63 29 110.679466248 1
63 29 110.758895874 1
63 29 110.763870239 1
63 29 110.774688721 1
63 29 110.933425903 1
63 29 110.951774597 1
63 29 111.027069092 1
63 29 111.036872864 1
63 29 111.042701721 1
63 29 111.18031311 1
63 29 111.200805664 1
63 29 111.260910034 1
63 29 111.263305664 1
63 29 111.310157776 1
63 29 111.341964722 1
63 29 111.378601074 1
63 29 111.382492065 1
63 29 111.468086243 1
63 29 111.470932007 1
63 29 111.480880737 1
63 29 111.512489319 1
63 29 111.602157593 1
63 29 111.611442566 1
63 29 111.634254456 1
63 29 111.661598206 1
63 29 111.698928833 1
63 29 111.702133179 1
63 29 111.78238678 1
63 29 111.864326477 1
63 29 111.886360168 1
63 29 111.92905426 1
63 29 111.955184937 1
63 29 112.018760681 1
63 29 112.074188232 1
63 29 112.297363281 1
63 29 112.348968506 1
63 29 112.363342285 1
63 29 112.363891602 1
63 29 112.377716064 1
63 29 112.412467957 1
63 29 112.422668457 1
63 29 112.486602783 1
63 29 112.493003845 1
63 29 112.507225037 1
63 29 112.603805542 1
63 29 112.60987854 1
63 29 112.622154236 1
63 29 112.698692322 1
63 29 112.799064636 1
63 29 112.834136963 1
63 29 112.837982178 1
63 29 112.850120544 1
63 29 112.856498718 1
63 29 112.874038696 1
63 29 112.904312134 1
63 29 112.926597595 1
63 29 112.988006592 1
63 29 113.016067505 1
63 29 113.130775452 1
63 29 113.218818665 1
63 29 113.253982544 1
63 29 113.290390015 1
63 29 113.308555603 1
63 29 113.473266602 1
63 29 113.476104736 1
63 29 113.503372192 1
63 29 113.683364868 1
63 29 113.698638916 1
63 29 113.700843811 1
63 29 113.829391479 1
63 29 113.842536926 1
63 29 113.874130249 1
63 29 113.919235229 1
63 29 114.020874023 1
63 29 114.176132202 1
63 29 114.204025269 1
63 29 114.218894958 1
63 29 114.257499695 1
63 29 114.27268219 1
63 29 114.389602661 1
63 29 114.428253174 1
63 29 114.492385864 1
63 29 114.554862976 1
63 29 114.572685242 1
63 29 114.598709106 1
63 29 114.667205811 1
63 29 114.679908752 1
63 29 114.772041321 1
63 29 114.861824036 1
63 29 114.864265442 1
63 29 115.0574646 1
63 29 115.07850647 1
63 29 115.118980408 1
63 29 115.153770447 1
63 29 115.184577942 1
63 29 115.418441772 1
63 29 115.510894775 1
63 29 115.557487488 1
63 29 115.564460754 1
63 29 115.57875824 1
63 29 115.595848083 1
63 29 115.627807617 1
63 29 115.683837891 1
63 29 115.72504425 1
63 29 115.950454712 1
63 29 115.964706421 1
63 29 116.07862854 1
63 29 116.185920715 1
63 29 116.196838379 1
63 29 116.240470886 1
63 29 116.27217865 1
63 29 116.288047791 1
63 29 116.303977966 1
63 29 116.30632019 1
63 29 116.306907654 1
63 29 116.315643311 1
63 29 116.404747009 1
63 29 116.412330627 1
63 29 116.435997009 1
63 29 116.547470093 1
63 29 116.752441406 1
63 29 116.768005371 1
63 29 116.775268555 1
63 29 116.924659729 1
63 29 117.017272949 1
63 29 117.084854126 1
63 29 117.119987488 1
63 29 117.127487183 1
63 29 117.191932678 1
63 29 117.284355164 1
63 29 117.328170776 1
63 29 117.375907898 1
63 29 117.38420105 1
63 29 117.396644592 1
63 29 117.405609131 1
63 29 117.453086853 1
63 29 117.454528809 1
63 29 117.513298035 1
63 29 117.606193542 1
63 29 117.621520996 1
63 29 117.624046326 1
63 29 117.869697571 1
63 29 117.878868103 1
63 29 118.055908203 1
63 29 118.136291504 1
63 29 118.182052612 1
63 29 118.202270508 1
63 29 118.204093933 1
63 29 118.221916199 1
63 29 118.256088257 1
63 29 118.316497803 1
63 29 118.396514893 1
63 29 118.414772034 1
63 29 118.417800903 1
63 29 118.616004944 1
63 29 118.623977661 1
63 29 118.641166687 1
63 29 118.642539978 1
63 29 118.665283203 1
63 29 118.762550354 1
63 29 118.777359009 1
63 29 118.779312134 1
63 29 118.784461975 1
63 29 118.787223816 1
63 29 118.875915527 1
63 29 119.080863953 1
63 29 119.246742249 1
63 29 119.291549683 1
63 29 119.30934906 1
63 29 119.332267761 1
63 29 119.511016846 1
63 29 119.525360107 1
63 29 119.772903442 1
63 29 119.782463074 1
63 29 120.02040863 1
63 29 120.179550171 1
63 29 120.364784241 1
63 29 120.379386902 1
63 29 120.420478821 1
63 29 120.563102722 1
63 29 120.583244324 1
63 29 120.616493225 1
63 29 120.754051208 1
63 29 120.866241455 1
63 29 120.920135498 1
63 29 120.97505188 1
63 29 120.980743408 1
63 29 121.040855408 1
63 29 121.055747986 1
63 29 121.071868896 1
63 29 121.127182007 1
63 29 121.187339783 1
63 29 121.227371216 1
63 29 121.239295959 1
63 29 121.273277283 1
63 29 121.41999054 1
63 29 121.620048523 1
63 29 121.809234619 1
63 29 121.969741821 1
63 29 121.995765686 1
63 29 122.056678772 1
63 29 122.353813171 1
63 29 122.420959473 1
63 29 122.444526672 1
63 29 122.45967865 1
63 29 122.588302612 1
63 29 122.71975708 1
63 29 122.739784241 1
63 29 122.807067871 1
63 29 122.807632446 1
63 29 122.835235596 1
63 29 123.007522583 1
63 29 123.066925049 1
63 29 123.125228882 1
63 29 123.341072083 1
63 29 123.378143311 1
63 29 123.391052246 1
63 29 123.414344788 1
63 29 123.479606628 1
63 29 123.532684326 1
63 29 123.536842346 1
63 29 123.536956787 1
63 29 123.662574768 1
63 29 123.694862366 1
63 29 124.135063171 1
63 29 124.189590454 1
63 29 124.200515747 1
63 29 124.268432617 1
63 29 124.294410706 1
63 29 124.314369202 1
63 29 124.416915894 1
63 29 124.468566895 1
63 29 124.528137207 1
63 29 124.551208496 1
63 29 124.731254578 1
63 29 124.837341309 1
63 29 124.887451172 1
63 29 124.946426392 1
63 29 124.991828918 1
63 29 125.142112732 1
63 29 125.189285278 1
63 29 125.250236511 1
63 29 125.264663696 1
63 29 125.348312378 1
63 29 125.481750488 1
63 29 125.748184204 1
63 29 126.170417786 1
63 29 126.514694214 1
63 29 126.824249268 1
63 29 126.857559204 1
63 29 127.077392578 1
63 29 127.177375793 1
63 29 127.376502991 1
63 29 127.378608704 1
63 29 127.550926208 1
63 29 127.56427002 1
63 29 127.639511108 1
63 29 127.642501831 1
63 29 127.650230408 1
63 29 127.679504395 1
63 29 127.921272278 1
63 29 128.155212402 1
63 29 128.309265137 1
63 29 128.406036377 1
63 29 128.461547852 1
63 29 128.528717041 1
63 29 128.658370972 1
63 29 128.85256958 1
63 29 129.057830811 1
63 29 129.086654663 1
63 29 129.33241272 1
63 29 129.41859436 1
63 29 129.517623901 1
63 29 129.704803467 1
63 29 129.757247925 1
63 29 130.145263672 1
63 29 130.443206787 1
63 29 130.477584839 1
63 29 130.845672607 1
63 29 130.901000977 1
63 29 131.247390747 1
63 29 131.354751587 1
63 29 131.586151123 1
63 29 131.813934326 1
63 29 131.8203125 1
63 29 132.08984375 1
63 29 132.134490967 1
63 29 132.29574585 1
63 29 132.494750977 1
63 29 132.601272583 1
63 29 132.718414307 1
63 29 132.841049194 1
63 29 132.922851562 1
63 29 133.100479126 1
63 29 133.113189697 1
63 29 133.150436401 1
63 29 133.334915161 1
63 29 133.411987305 1
63 29 133.413238525 1
63 29 133.416915894 1
63 29 133.449569702 1
63 29 133.487609863 1
63 29 133.760421753 1
63 29 133.888092041 1
63 29 133.983520508 1
63 29 134.042022705 1
63 29 134.201660156 1
63 29 134.357208252 1
63 29 134.635513306 1
63 29 135.268218994 1
63 29 135.471237183 1
63 29 135.550628662 1
63 29 135.893936157 1
63 29 135.89906311 1
63 29 136.395523071 1
63 29 136.553207397 1
63 29 136.561401367 1
63 29 136.898010254 1
63 29 136.975570679 1
63 29 137.145111084 1
63 29 137.216873169 1
63 29 137.362640381 1
63 29 137.692596436 1
63 29 137.806228638 1
63 29 137.975265503 1
63 29 138.038421631 1
63 29 138.745147705 1
63 29 138.76512146 1
63 29 138.883850098 1
63 29 139.049377441 1
63 29 139.236465454 1
63 29 139.708862305 1
63 29 139.845916748 1
63 29 139.868103027 1
63 29 140.065948486 1
63 29 140.133956909 1
63 29 140.233886719 1
63 29 140.272766113 1
63 29 140.82774353 1
63 29 140.994918823 1
63 29 141.020767212 1
63 29 141.221862793 1
63 29 141.598083496 1
63 29 141.675949097 1
63 29 142.055038452 1
63 29 142.077041626 1
63 29 142.280578613 1
63 29 142.310821533 1
63 29 142.375488281 1
63 29 142.675292969 1
63 29 142.805862427 1
63 29 143.021118164 1
63 29 143.216659546 1
63 29 143.246994019 1
63 29 143.328323364 1
63 29 143.543365479 1
63 29 143.894805908 1
63 29 144.396240234 1
63 29 144.416030884 1
63 29 144.598617554 1
63 29 144.934234619 1
63 29 144.956069946 1
63 29 145.49079895 1
63 29 146.026046753 1
63 29 146.453216553 1
63 29 146.524719238 1
63 29 146.573822021 1
63 29 146.640838623 1
63 29 146.881881714 1
63 29 146.906921387 1
63 29 146.913604736 1
63 29 147.354492188 1
63 29 147.431640625 1
63 29 147.462341309 1
63 29 147.497650146 1
63 29 148.162094116 1
63 29 148.276702881 1
63 29 148.611785889 1
63 29 148.712295532 1
63 29 149.407150269 1
63 29 149.458404541 1
63 29 149.724700928 1
63 29 150.075866699 1
63 29 151.780273438 1
63 29 152.210128784 1
63 29 152.299484253 1
63 29 152.435882568 1
63 29 152.888763428 1
63 29 152.902145386 1
63 29 153.351394653 1
63 29 153.861022949 1
63 29 153.967056274 1
63 29 154.46975708 1
63 29 155.005310059 1
63 29 155.173675537 1
63 29 155.209381104 1
63 29 155.400238037 1
63 29 155.624130249 1
63 29 156.052246094 1
63 29 156.350463867 1
63 29 157.568511963 1
63 29 157.578598022 1
63 29 157.738967896 1
63 29 157.813873291 1
63 29 158.260421753 1
63 29 158.408370972 1
63 29 158.673110962 1
63 29 158.849273682 1
63 29 159.050933838 1
63 29 159.220504761 1
63 29 159.274276733 1
63 29 159.282424927 1
63 29 159.364181519 1
63 29 160.212600708 1
63 29 160.587921143 1
63 29 161.514450073 1
63 29 162.659164429 1
63 29 162.952484131 1
63 29 163.139556885 1
63 29 163.600997925 1
63 29 163.61277771 1
63 29 163.897613525 1
63 29 164.032699585 1
63 29 164.660217285 1
63 29 165.415878296 1
63 29 165.93862915 1
63 29 166.272460938 1
63 29 166.34954834 1
63 29 166.927780151 1
63 29 167.85723877 1
63 29 168.729354858 1
63 29 169.506103516 1
63 29 169.571166992 1
63 29 169.899520874 1
63 29 170.282012939 1
63 29 170.858184814 1
63 29 173.324539185 1
63 29 173.34185791 1
63 29 173.446533203 1
63 29 173.77633667 1
63 29 174.050613403 1
63 29 174.316253662 1
63 29 175.048141479 1
63 29 175.860061646 1
63 29 176.718612671 1
63 29 179.852615356 1
63 29 180.776290894 1
63 29 181.61100769 1
63 29 183.210418701 1
63 29 184.42930603 1
63 29 184.803329468 1
63 29 184.838256836 1
63 29 185.093063354 1
63 29 186.417861938 1
63 29 187.091049194 1
63 29 187.527236938 1
63 29 187.94493103 1
63 29 191.202056885 1
63 29 191.242767334 1
63 29 192.426269531 1
63 29 192.540252686 1
63 29 192.916549683 1
63 29 193.620895386 1
63 29 193.857894897 1
63 29 194.675720215 1
63 29 195.268966675 1
63 29 195.946807861 1
63 29 197.479873657 1
63 29 198.520019531 1
63 29 198.889816284 1
63 29 199.322692871 1
63 29 199.690231323 1
63 29 200.698440552 1
63 29 201.197998047 1
63 29 201.475952148 1
63 29 202.619812012 1
63 29 202.635940552 1
63 29 204.428451538 1
63 29 205.887390137 1
63 29 207.5965271 1
63 29 208.773208618 1
63 29 208.805938721 1
63 29 209.511825562 1
63 29 212.929504395 1
63 29 213.371902466 1
63 29 213.428512573 1
63 29 215.751586914 1
63 29 217.163818359 1
63 29 217.356750488 1
63 29 218.022064209 1
63 29 219.110931396 1
63 29 219.32585144 1
63 29 220.638122559 1
63 29 221.010467529 1
63 29 222.534057617 1
63 29 224.58883667 1
63 29 224.648193359 1
63 29 224.695602417 1
63 29 225.574081421 1
63 29 226.387863159 1
63 29 228.765579224 1
63 29 229.446609497 1
63 29 230.231002808 1
63 29 231.951690674 1
63 29 233.616790771 1
63 29 234.33366394 1
63 29 236.973892212 1
63 29 236.990814209 1
63 29 237.206237793 1
63 29 239.145843506 1
63 29 244.490646362 1
63 29 247.784912109 1
63 29 250.804138184 1
63 29 253.33480835 1
63 29 254.646560669 1
63 29 259.52734375 1
63 29 259.565246582 1
63 29 260.02230835 1
63 29 260.815124512 1
63 29 261.049163818 1
63 29 262.118713379 1
63 29 264.478912354 1
63 29 266.558868408 1
63 29 274.119232178 1
63 29 276.738891602 1
63 29 277.169189453 1
63 29 278.003540039 1
63 29 289.770385742 1
63 29 290.066131592 1
63 29 290.938659668 1
63 29 291.320343018 1
63 29 293.632263184 1
63 29 294.869598389 1
63 29 295.866607666 1
63 29 300.407012939 1
63 29 301.346893311 1
63 29 303.466766357 1
63 29 307.886779785 1
63 29 310.559112549 1
63 29 313.258605957 1
63 29 317.088897705 1
63 29 320.223297119 1
63 29 320.761535645 1
63 29 321.048278809 1
63 29 322.574951172 1
63 29 323.672698975 1
63 29 325.557952881 1
63 29 327.636932373 1
63 29 332.479888916 1
63 29 332.801177979 1
63 29 340.14743042 1
63 29 340.459716797 1
63 29 342.818237305 1
63 29 350.281463623 1
63 29 350.456970215 1
63 29 354.707580566 1
63 29 361.783233643 1
63 29 364.365356445 1
63 29 366.203674316 1
63 29 366.218536377 1
63 29 366.303100586 1
63 29 368.6980896 1
63 29 369.157043457 1
63 29 369.388000488 1
63 29 374.067047119 1
63 29 380.235626221 1
63 29 383.482727051 1
63 29 383.561065674 1
63 29 389.147918701 1
63 29 394.561645508 1
63 29 398.550476074 1
63 29 399.282287598 1
63 29 407.582244873 1
63 29 407.811309814 1
63 29 413.997375488 1
63 29 420.817199707 1
63 29 425.121154785 1
63 29 425.695007324 1
63 29 438.738311768 1
63 29 439.535430908 1
63 29 446.081115723 1
63 29 447.339202881 1
63 29 450.938598633 1
63 29 474.733184814 1
63 29 484.99331665 1
63 29 500.639221191 1
63 29 510.324829102 1
63 29 542.22277832 1
63 29 555.694519043 1
63 29 556.239929199 1
63 29 562.687927246 1
63 29 586.270202637 1
63 29 589.724121094 1
63 29 618.854492188 1
63 29 645.450683594 1
63 29 663.624084473 1
63 29 665.66229248 1
63 29 688.156982422 1
63 29 723.761291504 1
63 29 733.829467773 1
63 29 745.46862793 1
63 29 746.692077637 1
63 29 773.460571289 1
63 29 795.508972168 1
63 29 799.782409668 1
63 29 811.486572266 1
63 29 835.976623535 1
63 29 912.482849121 1
63 29 919.233398438 1
63 29 922.139343262 1
63 29 922.858459473 1
63 29 972.312194824 1
63 29 973.735656738 1
63 29 1070.9140625 1
63 29 1093.38806152 1
63 29 1167.2791748 1
63 29 1228.52807617 1
63 29 1362.66308594 1
63 29 1891.09399414 1
63 31 92.3726043701 1
63 31 99.0256500244 1
63 31 99.9881744385 1
63 31 100.991264343 1
63 31 106.880683899 1
63 31 107.072273254 1
63 31 109.213165283 1
63 31 109.666717529 1
63 31 115.825813293 1
63 31 117.267967224 1
63 31 119.783920288 1
63 31 120.374961853 1
63 31 121.055335999 1
63 31 123.990509033 1
63 31 124.080886841 1
63 31 125.768341064 1
63 31 128.36579895 1
63 31 129.597427368 1
63 31 130.680252075 1
63 31 131.880599976 1
63 31 133.072677612 1
63 31 135.09967041 1
63 31 137.683700562 1
63 31 137.773284912 1
63 31 139.81149292 1
63 31 140.309646606 1
63 31 140.86819458 1
63 31 142.157897949 1
63 31 144.767593384 1
63 31 146.319076538 1
63 31 147.72833252 1
63 31 149.890716553 1
63 31 151.493606567 1
63 31 152.562484741 1
63 31 154.504119873 1
63 31 155.027389526 1
63 31 155.229827881 1
63 31 158.128356934 1
63 31 158.747451782 1
63 31 159.092575073 1
63 31 159.190750122 1
63 31 159.861465454 1
63 31 160.368133545 1
63 31 160.388442993 1
63 31 162.223709106 1
63 31 163.331817627 1
63 31 163.996170044 1
63 31 165.218231201 1
63 31 167.236816406 1
63 31 167.294937134 1
63 31 167.689971924 1
63 31 169.327941895 1
63 31 170.282531738 1
63 31 170.850418091 1
63 31 173.389572144 1
63 31 173.986557007 1
63 31 174.682876587 1
63 31 183.958755493 1
63 31 184.902740479 1
63 31 188.148803711 1
63 31 190.40045166 1
63 31 190.423904419 1
63 31 191.572875977 1
63 31 192.586471558 1
63 31 192.603012085 1
63 31 193.115615845 1
63 31 194.335693359 1
63 31 194.446411133 1
63 31 195.038192749 1
63 31 197.40007019 1
63 31 199.692321777 1
63 31 200.110397339 1
63 31 200.545593262 1
63 31 202.649581909 1
63 31 204.709960938 1
63 31 205.588088989 1
63 31 206.403259277 1
63 31 209.044494629 1
63 31 210.473236084 1
63 31 211.310913086 1
63 31 213.772750854 1
63 31 213.85458374 1
63 31 214.908401489 1
63 31 215.209075928 1
63 31 215.852676392 1
63 31 216.464752197 1
63 31 221.460739136 1
63 31 223.378814697 1
63 31 225.087677002 1
63 31 228.166061401 1
63 31 228.239181519 1
63 31 228.960083008 1
63 31 230.540496826 1
63 31 231.091247559 1
63 31 231.803115845 1
63 31 237.861099243 1
63 31 238.575408936 1
63 31 244.267654419 1
63 31 244.383483887 1
63 31 244.878982544 1
63 31 251.166549683 1
63 31 252.811019897 1
63 31 256.429107666 1
63 31 261.039215088 1
63 31 261.803070068 1
63 31 268.158203125 1
63 31 269.747436523 1
63 31 271.091339111 1
63 31 271.870727539 1
63 31 273.645935059 1
63 31 275.454803467 1
63 31 276.060638428 1
63 31 279.986114502 1
63 31 285.173431396 1
63 31 285.617736816 1
63 31 289.692871094 1
63 31 290.117156982 1
63 31 292.408660889 1
63 31 294.046356201 1
63 31 296.727172852 1
63 31 299.102264404 1
63 31 309.271514893 1
63 31 310.336364746 1
63 31 310.608093262 1
63 31 314.859008789 1
63 31 318.227142334 1
63 31 319.328155518 1
63 31 322.551055908 1
63 31 324.924530029 1
63 31 330.099578857 1
63 31 336.112823486 1
63 31 353.676544189 1
63 31 356.129333496 1
63 31 356.366638184 1
63 31 359.094085693 1
63 31 359.926269531 1
63 31 368.117248535 1
63 31 368.764251709 1
63 31 385.331542969 1
63 31 386.443664551 1
63 31 386.513885498 1
63 31 391.272399902 1
63 31 399.577606201 1
63 31 399.775360107 1
63 31 405.260314941 1
63 31 407.08694458 1
63 31 407.659576416 1
63 31 409.174194336 1
63 31 410.186706543 1
63 31 411.525054932 1
63 31 411.834716797 1
63 31 413.383575439 1
63 31 419.832641602 1
63 31 420.308135986 1
63 31 422.742156982 1
63 31 424.394927979 1
63 31 430.426116943 1
63 31 440.804473877 1
63 31 445.979675293 1
63 31 446.550292969 1
63 31 447.958251953 1
63 31 450.216583252 1
63 31 459.612121582 1
63 31 467.623443604 1
63 31 472.380310059 1
63 31 473.605895996 1
63 31 477.773010254 1
63 31 491.730957031 1
63 31 493.399719238 1
63 31 496.152496338 1
63 31 503.574829102 1
63 31 509.625213623 1
63 31 516.159484863 1
63 31 523.10723877 1
63 31 524.056518555 1
63 31 533.578186035 1
63 31 537.607849121 1
63 31 537.874633789 1
63 31 571.934326172 1
63 31 591.176574707 1
63 31 591.367675781 1
63 31 595.801086426 1
63 31 599.600341797 1
63 31 608.661865234 1
63 31 610.715270996 1
63 31 642.231262207 1
63 31 658.007324219 1
63 31 660.380432129 1
63 31 679.393188477 1
63 31 691.905395508 1
63 31 695.759460449 1
63 31 699.820007324 1
63 31 712.680053711 1
63 31 742.887817383 1
63 31 755.776855469 1
63 31 756.550048828 1
63 31 776.070861816 1
63 31 792.182067871 1
63 31 812.084716797 1
63 31 825.186645508 1
63 31 860.255737305 1
63 31 877.344421387 1
63 31 889.418395996 1
63 31 901.77722168 1
63 31 1056.62609863 1
63 31 1121.99658203 1
63 31 1302.6574707 1
63 31 2006.05883789 1
63 32 196.216217041 1
63 32 210.757400513 1
63 32 217.001281738 1
63 32 219.43661499 1
63 32 220.871246338 1
63 32 224.800674438 1
63 32 235.017120361 1
63 32 260.620300293 1
63 32 262.020629883 1
63 32 270.451141357 1
63 32 271.735015869 1
63 32 272.539276123 1
63 32 273.282592773 1
63 32 274.425842285 1
63 32 274.623016357 1
63 32 281.216094971 1
63 32 282.185302734 1
63 32 282.71673584 1
63 32 291.23739624 1
63 32 293.543701172 1
63 32 299.346466064 1
63 32 301.7059021 1
63 32 303.181304932 1
63 32 304.326049805 1
63 32 309.233551025 1
63 32 312.915985107 1
63 32 313.228790283 1
63 32 322.197967529 1
63 32 325.116607666 1
63 32 331.273284912 1
63 32 332.567932129 1
63 32 333.781677246 1
63 32 340.81729126 1
63 32 345.279571533 1
63 32 348.277954102 1
63 32 350.35760498 1
63 32 358.781799316 1
63 32 368.957366943 1
63 32 378.584106445 1
63 32 379.459625244 1
63 32 399.80255127 1
63 32 399.816680908 1
63 32 404.354034424 1
63 32 406.415802002 1
63 32 407.438293457 1
63 32 416.161437988 1
63 32 442.654907227 1
63 32 445.680786133 1
63 32 472.94052124 1
63 32 482.117248535 1
63 32 496.577209473 1
63 32 532.341308594 1
63 32 570.735778809 1
63 32 596.473571777 1
63 32 604.485778809 1
63 32 615.840209961 1
63 32 617.07598877 1
63 32 621.078491211 1
63 32 630.770874023 1
63 32 666.868347168 1
63 32 674.315246582 1
63 32 749.233581543 1
63 32 755.711853027 1
63 32 790.36328125 1
63 32 800.135498047 1
63 32 867.548339844 1
63 32 1516.14794922 1
63 32 1546.23144531 1
63 33 271.63092041 1
63 33 382.670959473 1
63 33 397.101776123 1
63 33 406.492431641 1
63 33 468.903381348 1
63 33 475.642822266 1
63 33 481.356994629 1
63 33 559.794433594 1
63 33 807.892150879 1
63 34 413.990722656 1
63 34 637.630737305 1
63 35 595.827575684 1
64 23 1365.57800293 1
64 27 788.481201172 1
64 27 951.938171387 1
64 27 975.351318359 1
64 28 688.376525879 1
64 28 692.007568359 1
64 28 707.975463867 1
64 28 711.014404297 1
64 28 736.095031738 1
64 28 788.048217773 1
64 28 800.757446289 1
64 28 831.505859375 1
64 28 859.011352539 1
64 28 878.291625977 1
64 28 1181.99743652 1
64 28 2018.86352539 1
64 29 694.802856445 1
64 29 723.446472168 1
64 29 766.186279297 1
64 29 766.676574707 1
64 29 782.953735352 1
64 29 830.640258789 1
64 29 886.903686523 1
64 29 1009.37304688 1
64 29 1021.01202393 1
64 29 1266.95458984 1
64 29 1294.78503418 1
64 29 1671.94433594 1
64 30 595.516723633 1
64 30 679.240905762 1
64 30 699.077270508 1
64 30 793.355163574 1
64 30 814.998352051 1
64 30 912.54119873 1
64 30 927.329406738 1
64 30 1265.15917969 1
64 30 1429.18640137 1
64 30 1770.79980469 1
64 31 760.335205078 1
64 31 777.439941406 1
64 31 1202.50634766 1
64 31 1225.75183105 1
64 32 694.284729004 1
64 32 753.797180176 1
64 32 1147.85131836 1
65 27 2203.64453125 1
69 31 2601.01708984 1
70 20 1524.52062988 1
70 22 1591.63122559 1
70 22 1668.06518555 1
70 24 943.459289551 1
70 24 1030.07788086 1
70 24 1111.90319824 1
70 25 1298.49609375 1
70 25 1456.28649902 1
70 26 1095.28149414 1
70 26 1368.28430176 1
70 26 1916.56921387 1
70 27 798.747741699 1
70 27 816.734558105 1
70 27 856.449707031 1
70 27 922.705810547 1
70 27 950.357543945 1
70 27 1142.20300293 1
70 27 1651.03637695 1
70 28 769.918579102 1
70 28 778.145446777 1
70 28 804.170593262 1
70 28 865.821533203 1
70 28 875.942199707 1
70 28 899.286376953 1
70 28 953.629516602 1
70 28 1058.31652832 1
70 28 1287.21691895 1
70 28 1299.99133301 1
70 28 1465.70019531 1
70 28 1748.99829102 1
70 29 632.920959473 1
70 29 696.747070312 1
70 29 708.729187012 1
70 29 727.589050293 1
70 29 777.505554199 1
70 29 1185.79162598 1
70 29 1232.92224121 1
70 30 745.416625977 1
70 30 756.648376465 1
70 30 783.642944336 1
70 30 819.645202637 1
70 30 884.82208252 1
70 30 935.802124023 1
70 30 1100.14318848 1
70 30 1244.3079834 1
70 30 1564.3359375 1
70 32 1478.7376709 1
70 33 1397.75683594 1
71 24 1359.96276855 1
71 24 1375.54980469 1
71 24 1751.1126709 1
71 24 2767.78051758 1
71 25 1129.35180664 1
71 26 773.432922363 1
71 26 787.345825195 1
71 26 789.931091309 1
71 26 862.21887207 1
71 26 1007.11529541 1
71 26 1149.85021973 1
71 26 1207.03833008 1
71 26 1388.40979004 1
71 27 750.091369629 1
71 27 765.07019043 1
71 27 771.013000488 1
71 27 798.071350098 1
71 27 925.446899414 1
71 27 972.970581055 1
71 27 1932.9354248 1
71 27 2195.38549805 1
71 28 612.220153809 1
71 28 691.911499023 1
71 28 705.774230957 1
71 28 743.227600098 1
71 28 841.707580566 1
71 28 1044.19958496 1
71 29 692.520202637 1
71 29 705.174438477 1
71 29 772.122314453 1
71 29 1023.30700684 1
71 29 1105.78222656 1
71 29 1402.01013184 1
71 29 1507.73339844 1
71 29 1767.96337891 1
71 30 702.17401123 1
71 30 1215.53466797 1
71 31 743.227478027 1
71 31 1037.82446289 1
71 31 1069.8170166 1
71 32 1038.41723633 1
72 21 2190.79418945 1
72 25 1501.20129395 1
72 29 1730.57653809 1
77 29 2508.18530273 1
