string dom time hits
45 24 3143.47851562 1
54 21 1618.23583984 1
54 23 2793.36035156 1
54 25 861.028381348 1
54 26 1062.45812988 1
54 27 708.501586914 1
54 27 766.512512207 1
54 27 796.741271973 1
54 27 815.514160156 1
54 27 845.333740234 1
54 27 1066.09631348 1
54 28 662.598999023 1
54 28 680.887329102 1
54 28 685.555603027 1
54 28 763.211730957 1
54 28 784.55871582 1
54 28 789.033752441 1
54 28 792.28717041 1
54 28 871.492431641 1
54 28 952.832275391 1
54 28 1242.69775391 1
54 29 672.462646484 1
54 29 699.221008301 1
54 29 741.236022949 1
54 29 785.991455078 1
54 29 940.494995117 1
54 29 1030.99487305 1
54 29 1112.66040039 1
54 29 1269.45922852 1
54 29 1498.48010254 1
54 29 1536.14404297 1
54 29 1745.89746094 1
54 29 1792.20959473 1
54 30 697.077636719 1
54 30 785.058776855 1
54 30 871.925292969 1
54 30 889.741577148 1
54 30 899.80065918 1
54 30 907.625061035 1
54 30 979.296691895 1
54 30 1048.89147949 1
54 31 783.64050293 1
54 31 927.953369141 1
54 31 1118.48583984 1
54 31 1742.05480957 1
54 32 781.477539062 1
54 33 857.917541504 1
54 33 1369.51867676 1
54 33 1394.33850098 1
55 22 1386.50476074 1
55 22 1621.11291504 1
55 23 1328.80908203 1
55 24 1075.75415039 1
55 26 1052.10852051 1
55 27 735.019104004 1
55 27 747.784301758 1
55 27 777.819702148 1
55 27 811.406066895 1
55 27 818.749816895 1
55 27 899.58190918 1
55 27 952.405578613 1
55 27 1139.57373047 1
55 28 726.045898438 1
55 28 930.313293457 1
55 28 1164.58569336 1
55 28 1267.43200684 1
55 28 1396.11694336 1
55 28 1717.47473145 1
55 29 688.778198242 1
55 29 710.672790527 1
55 29 734.711547852 1
55 29 974.208435059 1
55 29 1082.70275879 1
55 29 1205.2590332 1
55 29 1249.75439453 1
55 29 1293.49621582 1
55 29 1466.33703613 1
55 30 710.636962891 1
55 30 873.784118652 1
55 30 894.292053223 1
55 30 918.997070312 1
55 30 958.757080078 1
55 31 1996.89208984 1
56 24 1862.60046387 1
56 26 1466.68261719 1
61 29 1678.25842285 1
62 19 1572.00390625 1
62 20 2170.58422852 1
62 25 943.5625 1
62 25 1066.0546875 1
62 25 1368.10961914 1
62 26 795.68145752 1
62 26 823.606323242 1
62 26 826.304260254 1
62 26 829.37109375 1
62 26 907.006896973 1
62 26 935.133789062 1
62 26 989.532653809 1
62 26 1259.28649902 1
62 26 1482.7689209 1
62 26 1827.11889648 1
62 27 700.512084961 1
62 27 823.489135742 1
62 27 831.23815918 1
62 27 857.117004395 1
62 27 875.551025391 1
62 27 880.383666992 1
62 27 902.578186035 1
62 27 946.649780273 1
62 27 998.711303711 1
62 27 1137.4675293 1
62 28 649.096557617 1
62 28 706.567993164 1
62 28 832.873352051 1
62 28 894.158691406 1
62 28 918.430480957 1
62 28 925.03894043 1
62 28 941.225219727 1
62 28 958.993652344 1
62 28 1201.90942383 1
62 28 1362.35522461 1
62 28 1862.68103027 1
62 29 656.211547852 1
62 29 707.965637207 1
62 29 718.186645508 1
62 29 749.533935547 1
62 29 767.404602051 1
62 29 804.958374023 1
62 29 839.735900879 1
62 29 848.942443848 1
62 29 885.389587402 1
62 29 919.901794434 1
62 29 941.73840332 1
62 29 954.182861328 1
62 29 978.288391113 1
62 29 1126.68371582 1
62 29 1365.89208984 1
62 30 741.046264648 1
62 30 825.848937988 1
62 30 863.820861816 1
62 30 998.034423828 1
62 30 1554.90466309 1
62 30 1585.23742676 1
62 30 2032.96057129 1
62 31 1096.03417969 1
62 31 1266.98803711 1
62 31 1564.99365234 1
62 31 1754.19873047 1
62 31 1933.88830566 1
63 19 1445.98010254 1
63 20 1355.84411621 1
63 21 1699.45385742 1
63 22 771.46081543 1
63 22 807.025146484 1
63 22 1029.25390625 1
63 22 1394.84082031 1
63 22 1418.06347656 1
63 22 1729.27478027 1
63 23 703.311096191 1
63 23 711.566711426 1
63 23 758.831787109 1
63 23 838.096496582 1
63 23 1187.5267334 1
63 23 1191.41870117 1
63 24 520.870788574 1
63 24 530.256408691 1
63 24 564.073547363 1
63 24 572.657104492 1
63 24 614.354675293 1
63 24 643.750183105 1
63 24 665.355529785 1
63 24 700.527832031 1
63 24 753.52935791 1
63 24 787.137695312 1
63 24 789.134338379 1
63 24 824.440551758 1
63 24 902.431945801 1
63 24 966.606201172 1
63 24 1031.3984375 1
63 24 1282.90905762 1
63 25 428.505187988 1
63 25 428.561431885 1
63 25 445.569335938 1
63 25 449.61428833 1
63 25 451.939697266 1
63 25 466.121276855 1
63 25 482.12487793 1
63 25 486.096832275 1
63 25 488.763336182 1
63 25 498.505828857 1
63 25 511.177368164 1
63 25 515.969116211 1
63 25 544.426147461 1
63 25 575.218688965 1
63 25 582.835388184 1
63 25 631.713256836 1
63 25 636.640686035 1
63 25 672.760070801 1
63 25 738.13873291 1
63 25 742.472290039 1
63 25 757.041931152 1
63 25 757.627563477 1
63 25 776.524719238 1
63 25 794.866333008 1
63 25 820.983276367 1
63 25 877.307067871 1
63 25 901.88482666 1
63 25 903.827880859 1
63 25 905.02520752 1
63 25 930.16003418 1
63 25 930.82611084 1
63 25 1042.72375488 1
63 25 1056.49780273 1
63 25 1284.81994629 1
63 25 1296.97961426 1
63 26 328.8543396 1
63 26 344.707122803 1
63 26 347.163421631 1
63 26 349.326599121 1
63 26 350.272644043 1
63 26 350.644195557 1
63 26 350.788299561 1
63 26 351.575622559 1
63 26 354.349334717 1
63 26 354.793792725 1
63 26 355.405181885 1
63 26 357.458404541 1
63 26 359.495330811 1
63 26 364.03338623 1
63 26 366.638214111 1
63 26 367.659820557 1
63 26 368.838989258 1
63 26 370.300720215 1
63 26 370.350402832 1
63 26 370.424224854 1
63 26 370.983947754 1
63 26 371.6015625 1
63 26 372.872467041 1
63 26 373.124786377 1
63 26 373.213592529 1
63 26 374.694335938 1
63 26 375.980621338 1
63 26 377.030334473 1
63 26 377.460571289 1
63 26 379.710784912 1
63 26 380.480743408 1
63 26 381.826141357 1
63 26 385.400817871 1
63 26 389.198669434 1
63 26 392.108947754 1
63 26 395.271697998 1
63 26 398.006561279 1
63 26 399.178192139 1
63 26 399.223205566 1
63 26 400.764465332 1
63 26 402.022949219 1
63 26 403.329376221 1
63 26 405.453674316 1
63 26 406.153869629 1
63 26 409.709472656 1
63 26 411.507080078 1
63 26 412.0234375 1
63 26 417.203277588 1
63 26 418.139251709 1
63 26 419.075683594 1
63 26 420.00970459 1
63 26 421.124206543 1
63 26 426.203460693 1
63 26 427.5440979 1
63 26 435.825408936 1
63 26 436.979431152 1
63 26 438.848602295 1
63 26 442.437957764 1
63 26 444.710266113 1
63 26 447.222106934 1
63 26 451.12109375 1
63 26 472.590209961 1
63 26 477.887695312 1
63 26 480.989440918 1
63 26 481.741973877 1
63 26 485.503845215 1
63 26 488.70916748 1
63 26 489.297515869 1
63 26 501.142425537 1
63 26 508.263305664 1
63 26 518.259887695 1
63 26 523.875732422 1
63 26 525.250366211 1
63 26 528.614196777 1
63 26 538.082397461 1
63 26 539.071350098 1
63 26 540.085876465 1
63 26 557.521179199 1
63 26 597.342956543 1
63 26 624.111999512 1
63 26 640.112365723 1
63 26 681.335205078 1
63 26 702.174499512 1
63 26 766.394592285 1
63 26 775.399475098 1
63 26 778.618652344 1
63 26 823.647460938 1
63 26 833.55682373 1
63 26 887.598449707 1
63 26 892.295410156 1
63 26 964.490722656 1
63 26 977.3359375 1
63 26 995.20135498 1
63 26 999.775085449 1
63 26 1104.21228027 1
63 26 1114.87915039 1
63 26 1260.35119629 1
63 26 1818.44238281 1
63 27 242.261993408 1
63 27 243.437637329 1
63 27 243.579071045 1
63 27 247.870895386 1
63 27 251.626068115 1
63 27 251.694274902 1
63 27 251.957885742 1
63 27 252.915588379 1
63 27 255.067092896 1
63 27 256.20803833 1
63 27 258.019348145 1
63 27 259.492218018 1
63 27 259.818908691 1
63 27 260.027801514 1
63 27 260.538269043 1
63 27 261.595794678 1
63 27 261.959075928 1
63 27 262.505310059 1
63 27 262.737915039 1
63 27 263.827545166 1
63 27 264.665588379 1
63 27 265.082946777 1
63 27 265.292724609 1
63 27 266.257293701 1
63 27 267.964050293 1
63 27 268.835021973 1
63 27 269.147705078 1
63 27 270.873809814 1
63 27 271.725738525 1
63 27 272.415802002 1
63 27 272.820587158 1
63 27 273.234191895 1
63 27 275.463104248 1
63 27 276.96887207 1
63 27 277.53302002 1
63 27 278.164794922 1
63 27 278.79486084 1
63 27 279.149780273 1
63 27 279.991607666 1
63 27 280.658782959 1
63 27 280.743713379 1
63 27 281.180236816 1
63 27 281.382293701 1
63 27 282.284545898 1
63 27 282.883758545 1
63 27 284.856781006 1
63 27 285.048339844 1
63 27 285.588653564 1
63 27 285.623596191 1
63 27 285.939056396 1
63 27 286.538146973 1
63 27 286.715881348 1
63 27 286.780212402 1
63 27 287.790130615 1
63 27 288.166809082 1
63 27 289.215423584 1
63 27 292.185302734 1
63 27 292.812927246 1
63 27 293.054412842 1
63 27 293.190124512 1
63 27 294.121765137 1
63 27 295.258361816 1
63 27 297.536865234 1
63 27 297.611663818 1
63 27 298.624053955 1
63 27 300.865570068 1
63 27 301.838287354 1
63 27 302.149780273 1
63 27 304.499511719 1
63 27 304.558380127 1
63 27 305.597106934 1
63 27 306.82232666 1
63 27 308.944030762 1
63 27 309.556640625 1
63 27 310.959655762 1
63 27 313.005828857 1
63 27 313.270477295 1
63 27 313.68548584 1
63 27 314.639709473 1
63 27 314.959564209 1
63 27 315.463165283 1
63 27 316.312347412 1
63 27 316.355865479 1
63 27 317.972991943 1
63 27 319.727386475 1
63 27 321.034362793 1
63 27 321.920074463 1
63 27 324.743041992 1
63 27 326.0234375 1
63 27 327.974090576 1
63 27 328.380371094 1
63 27 329.505706787 1
63 27 329.730133057 1
63 27 329.736877441 1
63 27 330.435211182 1
63 27 333.266296387 1
63 27 333.436645508 1
63 27 333.511383057 1
63 27 334.417572021 1
63 27 336.738250732 1
63 27 336.781982422 1
63 27 338.068267822 1
63 27 339.121734619 1
63 27 339.198150635 1
63 27 339.254943848 1
63 27 339.557739258 1
63 27 339.817230225 1
63 27 341.193969727 1
63 27 342.061950684 1
63 27 343.416564941 1
63 27 347.104125977 1
63 27 349.030609131 1
63 27 354.400665283 1
63 27 354.937927246 1
63 27 357.422821045 1
63 27 357.442687988 1
63 27 358.396179199 1
63 27 362.923400879 1
63 27 364.244598389 1
63 27 370.025787354 1
63 27 372.369293213 1
63 27 372.420135498 1
63 27 372.604400635 1
63 27 372.899719238 1
63 27 376.843811035 1
63 27 381.485015869 1
63 27 382.444061279 1
63 27 390.170471191 1
63 27 392.611907959 1
63 27 393.431732178 1
63 27 393.68572998 1
63 27 394.643676758 1
63 27 395.129730225 1
63 27 401.392547607 1
63 27 402.968231201 1
63 27 412.498413086 1
63 27 417.617858887 1
63 27 422.90914917 1
63 27 436.242706299 1
63 27 436.374603271 1
63 27 436.988769531 1
63 27 439.100067139 1
63 27 444.45324707 1
63 27 446.82208252 1
63 27 447.081207275 1
63 27 463.062530518 1
63 27 467.940979004 1
63 27 470.516784668 1
63 27 479.34475708 1
63 27 494.066375732 1
63 27 503.17477417 1
63 27 511.233062744 1
63 27 512.62902832 1
63 27 518.080749512 1
63 27 518.670410156 1
63 27 526.168395996 1
63 27 526.585632324 1
63 27 527.75994873 1
63 27 528.765075684 1
63 27 530.593139648 1
63 27 540.935852051 1
63 27 544.757629395 1
63 27 546.672729492 1
63 27 553.694519043 1
63 27 563.25 1
63 27 565.249938965 1
63 27 568.09979248 1
63 27 573.991943359 1
63 27 582.547363281 1
63 27 613.279968262 1
63 27 634.813842773 1
63 27 647.464538574 1
63 27 671.121704102 1
63 27 692.065795898 1
63 27 746.715759277 1
63 27 785.867370605 1
63 27 791.887329102 1
63 27 799.732788086 1
63 27 814.604797363 1
63 27 837.186767578 1
63 27 869.548400879 1
63 27 877.580627441 1
63 27 946.915466309 1
63 27 948.797424316 1
63 27 952.487243652 1
63 27 1059.72790527 1
63 27 1070.49487305 1
63 27 1082.19592285 1
63 27 1102.01867676 1
63 27 1133.03662109 1
63 27 1175.30078125 1
63 27 1229.89001465 1
63 27 1294.31713867 1
63 27 1580.60559082 1
63 27 1898.19042969 1
63 27 2108.07763672 1
63 28 159.623626709 1
63 28 161.972549438 1
63 28 163.211334229 1
63 28 163.92956543 1
63 28 164.091995239 1
63 28 164.11895752 1
63 28 166.243637085 1
63 28 166.67276001 1
63 28 166.906570435 1
63 28 167.633087158 1
63 28 167.930328369 1
63 28 168.138442993 1
63 28 169.484588623 1
63 28 169.514511108 1
63 28 169.572341919 1
63 28 170.005783081 1
63 28 170.129043579 1
63 28 170.656494141 1
63 28 170.746459961 1
63 28 170.796203613 1
63 28 171.090042114 1
63 28 171.229797363 1
63 28 171.714996338 1
63 28 172.695373535 1
63 28 172.922988892 1
63 28 172.968444824 1
63 28 173.041381836 1
63 28 173.467376709 1
63 28 173.890609741 1
63 28 173.915374756 1
63 28 174.130554199 1
63 28 174.484375 1
63 28 174.547271729 1
63 28 174.74810791 1
63 28 175.044189453 1
63 28 175.250427246 1
63 28 175.320236206 1
63 28 175.669387817 1
63 28 175.701202393 1
63 28 176.033432007 1
63 28 176.256347656 1
63 28 176.330032349 1
63 28 176.390945435 1
63 28 176.668685913 1
63 28 176.769592285 1
63 28 177.057723999 1
63 28 177.451080322 1
63 28 177.611831665 1
63 28 177.723083496 1
63 28 177.82321167 1
63 28 177.938354492 1
63 28 177.985290527 1
63 28 178.625518799 1
63 28 178.65536499 1
63 28 178.7396698 1
63 28 179.014328003 1
63 28 179.356781006 1
63 28 179.800170898 1
63 28 179.88671875 1
63 28 179.925079346 1
63 28 179.934783936 1
63 28 179.953308105 1
63 28 180.16847229 1
63 28 181.025314331 1
63 28 181.063644409 1
63 28 181.411132812 1
63 28 181.538772583 1
63 28 181.70664978 1
63 28 181.905181885 1
63 28 182.199462891 1
63 28 182.27355957 1
63 28 182.397949219 1
63 28 182.642196655 1
63 28 182.738128662 1
63 28 183.498748779 1
63 28 183.555557251 1
63 28 183.631622314 1
63 28 183.899276733 1
63 28 184.665222168 1
63 28 184.679351807 1
63 28 184.745269775 1
63 28 184.83631897 1
63 28 184.938461304 1
63 28 184.97088623 1
63 28 185.178344727 1
63 28 185.547576904 1
63 28 185.699783325 1
63 28 186.172195435 1
63 28 186.242767334 1
63 28 186.263565063 1
63 28 186.738647461 1
63 28 186.897293091 1
63 28 186.897628784 1
63 28 186.954681396 1
63 28 186.968994141 1
63 28 187.093521118 1
63 28 187.245162964 1
63 28 187.438644409 1
63 28 187.471908569 1
63 28 187.700637817 1
63 28 187.866577148 1
63 28 187.9637146 1
63 28 188.092651367 1
63 28 188.344680786 1
63 28 188.381942749 1
63 28 188.449188232 1
63 28 188.762985229 1
63 28 188.763717651 1
63 28 189.033752441 1
63 28 189.514144897 1
63 28 189.748764038 1
63 28 190.168487549 1
63 28 190.227554321 1
63 28 190.323516846 1
63 28 190.485656738 1
63 28 190.584472656 1
63 28 190.675979614 1
63 28 190.699264526 1
63 28 190.797561646 1
63 28 191.039916992 1
63 28 191.09147644 1
63 28 191.384399414 1
63 28 191.972213745 1
63 28 192.171173096 1
63 28 192.38104248 1
63 28 193.040893555 1
63 28 193.078308105 1
63 28 193.874099731 1
63 28 193.942855835 1
63 28 194.007141113 1
63 28 194.309402466 1
63 28 194.564147949 1
63 28 194.657211304 1
63 28 194.882415771 1
63 28 195.356201172 1
63 28 195.445800781 1
63 28 195.65814209 1
63 28 195.850067139 1
63 28 195.966384888 1
63 28 195.987014771 1
63 28 196.706375122 1
63 28 196.748092651 1
63 28 196.877166748 1
63 28 196.895904541 1
63 28 197.009078979 1
63 28 197.239181519 1
63 28 197.340942383 1
63 28 197.490081787 1
63 28 197.779525757 1
63 28 198.048690796 1
63 28 198.576416016 1
63 28 199.117553711 1
63 28 199.79296875 1
63 28 199.934951782 1
63 28 200.004196167 1
63 28 200.030990601 1
63 28 200.441635132 1
63 28 201.210113525 1
63 28 201.792068481 1
63 28 201.916870117 1
63 28 202.187240601 1
63 28 202.334594727 1
63 28 202.504333496 1
63 28 202.522567749 1
63 28 202.657791138 1
63 28 203.477401733 1
63 28 203.683837891 1
63 28 203.746566772 1
63 28 204.167831421 1
63 28 204.589523315 1
63 28 205.166061401 1
63 28 205.419921875 1
63 28 206.209518433 1
63 28 206.466369629 1
63 28 206.790039062 1
63 28 207.342971802 1
63 28 207.444381714 1
63 28 207.721359253 1
63 28 207.865478516 1
63 28 208.000137329 1
63 28 208.200820923 1
63 28 208.646606445 1
63 28 209.40322876 1
63 28 209.920303345 1
63 28 209.975036621 1
63 28 210.012466431 1
63 28 210.038040161 1
63 28 210.579879761 1
63 28 210.87612915 1
63 28 210.926773071 1
63 28 211.023239136 1
63 28 211.270950317 1
63 28 211.629516602 1
63 28 211.661376953 1
63 28 212.186325073 1
63 28 212.363540649 1
63 28 212.590515137 1
63 28 212.709243774 1
63 28 213.143417358 1
63 28 213.728088379 1
63 28 213.786239624 1
63 28 213.953033447 1
63 28 214.489715576 1
63 28 214.566925049 1
63 28 215.632263184 1
63 28 215.840774536 1
63 28 215.964691162 1
63 28 216.318389893 1
63 28 216.425415039 1
63 28 216.807647705 1
63 28 216.816513062 1
63 28 217.806655884 1
63 28 218.427047729 1
63 28 218.719268799 1
63 28 219.556427002 1
63 28 220.19543457 1
63 28 221.62437439 1
63 28 221.64654541 1
63 28 221.907730103 1
63 28 221.990463257 1
63 28 222.040557861 1
63 28 222.741714478 1
63 28 223.545883179 1
63 28 223.758895874 1
63 28 224.98777771 1
63 28 225.036880493 1
63 28 225.187240601 1
63 28 225.512115479 1
63 28 225.516036987 1
63 28 225.610519409 1
63 28 226.082077026 1
63 28 226.140594482 1
63 28 226.149627686 1
63 28 226.948425293 1
63 28 227.432418823 1
63 28 228.003036499 1
63 28 232.406494141 1
63 28 232.656951904 1
63 28 232.724655151 1
63 28 233.093475342 1
63 28 233.263580322 1
63 28 234.17326355 1
63 28 234.798980713 1
63 28 235.11857605 1
63 28 235.453491211 1
63 28 235.746353149 1
63 28 236.138565063 1
63 28 236.173141479 1
63 28 236.498596191 1
63 28 236.772003174 1
63 28 237.183303833 1
63 28 237.508987427 1
63 28 237.648681641 1
63 28 237.971252441 1
63 28 238.286376953 1
63 28 239.39553833 1
63 28 242.31918335 1
63 28 243.274673462 1
63 28 245.616134644 1
63 28 245.761459351 1
63 28 246.500579834 1
63 28 247.109008789 1
63 28 249.21156311 1
63 28 251.291519165 1
63 28 251.706207275 1
63 28 252.597427368 1
63 28 252.601608276 1
63 28 253.229141235 1
63 28 253.633026123 1
63 28 255.940689087 1
63 28 256.393280029 1
63 28 256.964050293 1
63 28 258.655914307 1
63 28 259.079925537 1
63 28 260.154571533 1
63 28 263.204956055 1
63 28 263.267974854 1
63 28 265.106079102 1
63 28 266.449462891 1
63 28 269.752075195 1
63 28 270.692169189 1
63 28 270.908996582 1
63 28 272.220855713 1
63 28 274.340942383 1
63 28 276.419769287 1
63 28 277.080352783 1
63 28 278.199920654 1
63 28 280.256347656 1
63 28 280.612365723 1
63 28 283.303009033 1
63 28 284.613800049 1
63 28 285.991394043 1
63 28 287.893554688 1
63 28 289.40057373 1
63 28 291.134887695 1
63 28 292.269226074 1
63 28 293.332427979 1
63 28 294.877197266 1
63 28 299.672424316 1
63 28 300.072021484 1
63 28 303.13671875 1
63 28 305.77947998 1
63 28 305.979309082 1
63 28 308.737915039 1
63 28 309.011627197 1
63 28 315.223358154 1
63 28 316.471313477 1
63 28 320.383636475 1
63 28 321.513061523 1
63 28 325.221038818 1
63 28 326.231414795 1
63 28 326.436462402 1
63 28 327.724975586 1
63 28 328.825866699 1
63 28 329.04776001 1
63 28 330.20904541 1
63 28 331.464019775 1
63 28 332.991210938 1
63 28 333.651397705 1
63 28 339.192321777 1
63 28 340.542510986 1
63 28 343.24395752 1
63 28 346.446533203 1
63 28 347.92590332 1
63 28 348.031799316 1
63 28 351.985076904 1
63 28 353.49331665 1
63 28 358.104125977 1
63 28 365.512878418 1
63 28 368.404968262 1
63 28 372.458312988 1
63 28 382.398223877 1
63 28 384.139221191 1
63 28 384.452850342 1
63 28 387.26449585 1
63 28 389.738189697 1
63 28 392.200073242 1
63 28 396.022735596 1
63 28 402.076324463 1
63 28 405.757629395 1
63 28 407.414550781 1
63 28 410.197113037 1
63 28 411.332550049 1
63 28 413.484100342 1
63 28 418.470397949 1
63 28 419.211486816 1
63 28 420.636444092 1
63 28 420.687316895 1
63 28 423.732727051 1
63 28 424.058776855 1
63 28 438.127197266 1
63 28 444.222198486 1
63 28 446.441040039 1
63 28 447.245788574 1
63 28 452.613861084 1
63 28 458.669372559 1
63 28 492.032592773 1
63 28 501.817840576 1
63 28 515.521118164 1
63 28 516.777160645 1
63 28 529.813232422 1
63 28 540.131835938 1
63 28 543.174865723 1
63 28 595.229553223 1
63 28 601.847473145 1
63 28 684.954956055 1
63 28 716.824157715 1
63 28 719.466064453 1
63 28 800.822998047 1
63 28 809.864929199 1
63 28 840.598632812 1
63 28 843.914916992 1
63 28 863.374572754 1
63 28 866.995544434 1
63 28 879.921875 1
63 28 960.570617676 1
63 28 986.397460938 1
63 28 991.825927734 1
63 28 997.141784668 1
63 28 1069.00830078 1
63 28 1543.24768066 1
63 28 1614.72009277 1
63 28 1682.34875488 1
63 29 79.1823120117 1
63 29 81.5485534668 1
63 29 81.8178482056 1
63 29 81.8399353027 1
63 29 82.1917572021 1
63 29 82.3184280396 1
63 29 82.3828964233 1
63 29 82.5052108765 1
63 29 82.5544509888 1
63 29 83.3562240601 1
63 29 83.4069519043 1
63 29 83.4152755737 1
63 29 83.6119842529 1
63 29 84.0304260254 1
63 29 84.1465377808 1
63 29 84.2199783325 1
63 29 84.4720230103 1
63 29 84.5969009399 1
63 29 84.8785705566 1
63 29 84.9274673462 1
63 29 85.1856994629 1
63 29 85.2084732056 1
63 29 85.2477798462 1
63 29 85.3337173462 1
63 29 85.4301300049 1
63 29 85.6745834351 1
63 29 85.8085861206 1
63 29 85.8112182617 1
63 29 85.8534011841 1
63 29 85.9682998657 1
63 29 86.0095214844 1
63 29 86.0597610474 1
63 29 86.088470459 1
63 29 86.1360473633 1
63 29 86.6459274292 1
63 29 86.9585571289 1
63 29 87.1316680908 1
63 29 87.171081543 1
63 29 87.1868896484 1
63 29 87.4067230225 1
63 29 87.5283203125 1
63 29 87.587928772 1
63 29 87.6059417725 1
63 29 87.7732620239 1
63 29 87.7776565552 1
63 29 87.85887146 1
63 29 87.8668670654 1
63 29 87.8710250854 1
63 29 87.9632415771 1
63 29 88.0121154785 1
63 29 88.0521011353 1
63 29 88.1067733765 1
63 29 88.1987915039 1
63 29 88.2429885864 1
63 29 88.2633514404 1
63 29 88.4050064087 1
63 29 88.4719009399 1
63 29 88.5841827393 1
63 29 88.619102478 1
63 29 88.766242981 1
63 29 88.821472168 1
63 29 88.8239212036 1
63 29 88.8499450684 1
63 29 88.853805542 1
63 29 88.9022521973 1
63 29 88.9433364868 1
63 29 89.0193862915 1
63 29 89.0269393921 1
63 29 89.0945281982 1
63 29 89.1329650879 1
63 29 89.1438369751 1
63 29 89.1879119873 1
63 29 89.2479629517 1
63 29 89.2966995239 1
63 29 89.3904342651 1
63 29 89.417098999 1
63 29 89.5780258179 1
63 29 89.5891571045 1
63 29 89.5928573608 1
63 29 89.658164978 1
63 29 89.7219848633 1
63 29 89.8247756958 1
63 29 89.8806610107 1
63 29 89.9172210693 1
63 29 90.024597168 1
63 29 90.0791702271 1
63 29 90.0897293091 1
63 29 90.2108078003 1
63 29 90.2761077881 1
63 29 90.2848892212 1
63 29 90.324508667 1
63 29 90.3673706055 1
63 29 90.378692627 1
63 29 90.4040985107 1
63 29 90.4235076904 1
63 29 90.4312057495 1
63 29 90.4433441162 1
63 29 90.4902267456 1
63 29 90.5043182373 1
63 29 90.5460891724 1
63 29 90.5492858887 1
63 29 90.5584030151 1
63 29 90.5800857544 1
63 29 90.5951766968 1
63 29 90.6192398071 1
63 29 90.6704177856 1
63 29 90.6725616455 1
63 29 90.6836166382 1
63 29 90.6933288574 1
63 29 90.76222229 1
63 29 90.7717132568 1
63 29 90.8198242188 1
63 29 90.8733673096 1
63 29 90.8739852905 1
63 29 90.8905639648 1
63 29 90.8953399658 1
63 29 90.9143981934 1
63 29 90.9705657959 1
63 29 90.9726028442 1
63 29 91.0133972168 1
63 29 91.1221160889 1
63 29 91.2233505249 1
63 29 91.2326507568 1
63 29 91.2408447266 1
63 29 91.2853622437 1
63 29 91.4017028809 1
63 29 91.4267807007 1
63 29 91.4684906006 1
63 29 91.4894943237 1
63 29 91.4908065796 1
63 29 91.5184707642 1
63 29 91.6241836548 1
63 29 91.6337432861 1
63 29 91.6697845459 1
63 29 91.673286438 1
63 29 91.7121124268 1
63 29 91.7471160889 1
63 29 91.7630615234 1
63 29 91.850112915 1
63 29 91.8636016846 1
63 29 91.9320526123 1
63 29 91.9616775513 1
63 29 92.0005187988 1
63 29 92.0226974487 1
63 29 92.04271698 1
63 29 92.0445022583 1
63 29 92.0495681763 1
63 29 92.056388855 1
63 29 92.0659713745 1
63 29 92.0961685181 1
63 29 92.1429672241 1
63 29 92.1572952271 1
63 29 92.1629638672 1
63 29 92.164604187 1
63 29 92.2350387573 1
63 29 92.2462692261 1
63 29 92.2831573486 1
63 29 92.3224105835 1
63 29 92.3448028564 1
63 29 92.3658905029 1
63 29 92.3768234253 1
63 29 92.4125747681 1
63 29 92.5932769775 1
63 29 92.632522583 1
63 29 92.653968811 1
63 29 92.7309951782 1
63 29 92.7998657227 1
63 29 92.9343185425 1
63 29 92.9721450806 1
63 29 92.9869613647 1
63 29 92.994682312 1
63 29 93.004737854 1
63 29 93.0051498413 1
63 29 93.0213470459 1
63 29 93.0894012451 1
63 29 93.0916137695 1
63 29 93.0983734131 1
63 29 93.1445770264 1
63 29 93.1914596558 1
63 29 93.2291564941 1
63 29 93.229598999 1
63 29 93.2445983887 1
63 29 93.2871551514 1
63 29 93.3039245605 1
63 29 93.3074111938 1
63 29 93.3378219604 1
63 29 93.3444824219 1
63 29 93.4597091675 1
63 29 93.4627685547 1
63 29 93.5014801025 1
63 29 93.7241363525 1
63 29 93.8561096191 1
63 29 93.9101486206 1
63 29 93.9490432739 1
63 29 93.9837875366 1
63 29 94.0037765503 1
63 29 94.009223938 1
63 29 94.0465316772 1
63 29 94.0812683105 1
63 29 94.1942977905 1
63 29 94.2030639648 1
63 29 94.2971115112 1
63 29 94.3223266602 1
63 29 94.3273849487 1
63 29 94.4042053223 1
63 29 94.4680862427 1
63 29 94.5577545166 1
63 29 94.5600891113 1
63 29 94.6230010986 1
63 29 94.6427841187 1
63 29 94.7225265503 1
63 29 94.7433013916 1
63 29 94.7683639526 1
63 29 94.7972106934 1
63 29 94.7982711792 1
63 29 94.8246536255 1
63 29 94.9353790283 1
63 29 94.9564361572 1
63 29 94.9579849243 1
63 29 94.9989471436 1
63 29 95.0216064453 1
63 29 95.0440063477 1
63 29 95.1454772949 1
63 29 95.1712265015 1
63 29 95.2008666992 1
63 29 95.2106399536 1
63 29 95.2282562256 1
63 29 95.2426834106 1
63 29 95.2528991699 1
63 29 95.2530822754 1
63 29 95.2837677002 1
63 29 95.3217086792 1
63 29 95.3409118652 1
63 29 95.374206543 1
63 29 95.4050827026 1
63 29 95.4703826904 1
63 29 95.5025100708 1
63 29 95.531211853 1
63 29 95.5930557251 1
63 29 95.6253204346 1
63 29 95.6256103516 1
63 29 95.6494979858 1
63 29 95.6574325562 1
63 29 95.6806945801 1
63 29 95.7292556763 1
63 29 95.7570266724 1
63 29 95.763633728 1
63 29 95.7651519775 1
63 29 95.7747039795 1
63 29 95.8006286621 1
63 29 95.809387207 1
63 29 95.8487548828 1
63 29 95.8998413086 1
63 29 95.9236373901 1
63 29 95.961730957 1
63 29 96.0314865112 1
63 29 96.0449523926 1
63 29 96.0855712891 1
63 29 96.2499160767 1
63 29 96.2589263916 1
63 29 96.2599182129 1
63 29 96.3380126953 1
63 29 96.4276809692 1
63 29 96.4337844849 1
63 29 96.4362030029 1
63 29 96.4517822266 1
63 29 96.5012588501 1
63 29 96.5268554688 1
63 29 96.5307312012 1
63 29 96.5329589844 1
63 29 96.5693740845 1
63 29 96.5795135498 1
63 29 96.5813064575 1
63 29 96.614730835 1
63 29 96.666633606 1
63 29 96.6828689575 1
63 29 96.6927108765 1
63 29 96.7064590454 1
63 29 96.7321853638 1
63 29 96.7709121704 1
63 29 96.7830429077 1
63 29 96.7975616455 1
63 29 96.8145828247 1
63 29 96.8188934326 1
63 29 96.8733215332 1
63 29 96.8987197876 1
63 29 96.9131240845 1
63 29 96.9188995361 1
63 29 96.9620132446 1
63 29 96.9741592407 1
63 29 97.0493774414 1
63 29 97.0915298462 1
63 29 97.1061477661 1
63 29 97.1608581543 1
63 29 97.2001113892 1
63 29 97.2188186646 1
63 29 97.2192764282 1
63 29 97.266242981 1
63 29 97.3625717163 1
63 29 97.4194412231 1
63 29 97.471206665 1
63 29 97.5306091309 1
63 29 97.6275405884 1
63 29 97.6316986084 1
63 29 97.6435699463 1
63 29 97.6631622314 1
63 29 97.6933822632 1
63 29 97.714515686 1
63 29 97.7453765869 1
63 29 97.7680053711 1
63 29 97.8705978394 1
63 29 97.8893127441 1
63 29 98.0132217407 1
63 29 98.024597168 1
63 29 98.0283126831 1
63 29 98.030960083 1
63 29 98.0724716187 1
63 29 98.1271514893 1
63 29 98.2087020874 1
63 29 98.224609375 1
63 29 98.2745132446 1
63 29 98.31640625 1
63 29 98.3208999634 1
63 29 98.3735351562 1
63 29 98.3761901855 1
63 29 98.461265564 1
63 29 98.4872055054 1
63 29 98.4898376465 1
63 29 98.6248168945 1
63 29 98.6254196167 1
63 29 98.6326293945 1
63 29 98.6797561646 1
63 29 98.7606658936 1
63 29 98.7648468018 1
63 29 98.7689666748 1
63 29 98.7789382935 1
63 29 98.819442749 1
63 29 98.830078125 1
63 29 98.8605499268 1
63 29 98.9132843018 1
63 29 98.9299316406 1
63 29 98.985168457 1
63 29 98.9954452515 1
63 29 99.1317138672 1
63 29 99.1763076782 1
63 29 99.1971511841 1
63 29 99.1987457275 1
63 29 99.2013702393 1
63 29 99.2896728516 1
63 29 99.3813400269 1
63 29 99.4904022217 1
63 29 99.5527572632 1
63 29 99.5536651611 1
63 29 99.6694412231 1
63 29 99.6996307373 1
63 29 99.7459030151 1
63 29 99.7566223145 1
63 29 99.834777832 1
63 29 99.8519134521 1
63 29 99.9600219727 1
63 29 99.9751815796 1
63 29 99.9802474976 1
63 29 100.198028564 1
63 29 100.206085205 1
63 29 100.230812073 1
63 29 100.234230042 1
63 29 100.29724884 1
63 29 100.397361755 1
63 29 100.491905212 1
63 29 100.533660889 1
63 29 100.582641602 1
63 29 100.597442627 1
63 29 100.632652283 1
63 29 100.649490356 1
63 29 100.684921265 1
63 29 100.780250549 1
63 29 100.835136414 1
63 29 100.902702332 1
63 29 100.925186157 1
63 29 100.930183411 1
63 29 100.966926575 1
63 29 101.039360046 1
63 29 101.054550171 1
63 29 101.096038818 1
63 29 101.108604431 1
63 29 101.154945374 1
63 29 101.179641724 1
63 29 101.209152222 1
63 29 101.218406677 1
63 29 101.277397156 1
63 29 101.366477966 1
63 29 101.44418335 1
63 29 101.449234009 1
63 29 101.504997253 1
63 29 101.538711548 1
63 29 101.686180115 1
63 29 101.745079041 1
63 29 101.855880737 1
63 29 101.871009827 1
63 29 101.895751953 1
63 29 101.918334961 1
63 29 101.930717468 1
63 29 101.997749329 1
63 29 102.033622742 1
63 29 102.113960266 1
63 29 102.155952454 1
63 29 102.197769165 1
63 29 102.255828857 1
63 29 102.320426941 1
63 29 102.34828949 1
63 29 102.411659241 1
63 29 102.417533875 1
63 29 102.41758728 1
63 29 102.45854187 1
63 29 102.480354309 1
63 29 102.493980408 1
63 29 102.500167847 1
63 29 102.6248703 1
63 29 102.663726807 1
63 29 102.671043396 1
63 29 102.723625183 1
63 29 102.755249023 1
63 29 102.766067505 1
63 29 102.896385193 1
63 29 103.075485229 1
63 29 103.091529846 1
63 29 103.148162842 1
63 29 103.152175903 1
63 29 103.153091431 1
63 29 103.159851074 1
63 29 103.180839539 1
63 29 103.182777405 1
63 29 103.212135315 1
63 29 103.214622498 1
63 29 103.228981018 1
63 29 103.39175415 1
63 29 103.43132782 1
63 29 103.478729248 1
63 29 103.527450562 1
63 29 103.569755554 1
63 29 103.576553345 1
63 29 103.602844238 1
63 29 103.647506714 1
63 29 103.660003662 1
63 29 103.692169189 1
63 29 103.697227478 1
63 29 103.69947052 1
63 29 103.719108582 1
63 29 103.721939087 1
63 29 103.770233154 1
63 29 103.826126099 1
63 29 103.830459595 1
63 29 103.862983704 1
63 29 103.8748703 1
63 29 104.009780884 1
63 29 104.02255249 1
63 29 104.254676819 1
63 29 104.289596558 1
63 29 104.291870117 1
63 29 104.358352661 1
63 29 104.378417969 1
63 29 104.378890991 1
63 29 104.471496582 1
63 29 104.616531372 1
63 29 104.641601562 1
63 29 104.672584534 1
63 29 104.700111389 1
63 29 104.702033997 1
63 29 104.896286011 1
63 29 104.901847839 1
63 29 104.912696838 1
63 29 104.967224121 1
63 29 104.983154297 1
63 29 105.022003174 1
63 29 105.025535583 1
63 29 105.059120178 1
63 29 105.082260132 1
63 29 105.127098083 1
63 29 105.182739258 1
63 29 105.256500244 1
63 29 105.42729187 1
63 29 105.444580078 1
63 29 105.449951172 1
63 29 105.468040466 1
63 29 105.470954895 1
63 29 105.476745605 1
63 29 105.52671814 1
63 29 105.553489685 1
63 29 105.566085815 1
63 29 105.591430664 1
63 29 105.622665405 1
63 29 105.677055359 1
63 29 105.729576111 1
63 29 105.843086243 1
63 29 105.88710022 1
63 29 105.943260193 1
63 29 106.056213379 1
63 29 106.106674194 1
63 29 106.19884491 1
63 29 106.215103149 1
63 29 106.325042725 1
63 29 106.429611206 1
63 29 106.448097229 1
63 29 106.466423035 1
63 29 106.548667908 1
63 29 106.55682373 1
63 29 106.913452148 1
63 29 106.935714722 1
63 29 106.952713013 1
63 29 106.966445923 1
63 29 107.005828857 1
63 29 107.035743713 1
63 29 107.064369202 1
63 29 107.293952942 1
63 29 107.408485413 1
63 29 107.488525391 1
63 29 107.547279358 1
63 29 107.558532715 1
63 29 107.563407898 1
63 29 107.647003174 1
63 29 107.657943726 1
63 29 107.671386719 1
63 29 107.682601929 1
63 29 107.779067993 1
63 29 107.785453796 1
63 29 107.83744812 1
63 29 107.900085449 1
63 29 108.120605469 1
63 29 108.316322327 1
63 29 108.398956299 1
63 29 108.553833008 1
63 29 108.665313721 1
63 29 108.759010315 1
63 29 108.871528625 1
63 29 108.902412415 1
63 29 108.95703125 1
63 29 109.248298645 1
63 29 109.249816895 1
63 29 109.408424377 1
63 29 109.468093872 1
63 29 109.507743835 1
63 29 109.674461365 1
63 29 109.698493958 1
63 29 109.759727478 1
63 29 109.865219116 1
63 29 109.889160156 1
63 29 109.913711548 1
63 29 109.925888062 1
63 29 110.023628235 1
63 29 110.034095764 1
63 29 110.083862305 1
63 29 110.085350037 1
63 29 110.120414734 1
63 29 110.148048401 1
63 29 110.152053833 1
63 29 110.258117676 1
63 29 110.297233582 1
63 29 110.346694946 1
63 29 110.395759583 1
63 29 110.454238892 1
63 29 110.495384216 1
63 29 110.525054932 1
63 29 110.655418396 1
63 29 110.819534302 1
63 29 110.828895569 1
63 29 110.835327148 1
63 29 110.954559326 1
63 29 110.969421387 1
63 29 110.971412659 1
63 29 111.038230896 1
63 29 111.06652832 1
63 29 111.153205872 1
63 29 111.198127747 1
63 29 111.345497131 1
63 29 111.430862427 1
63 29 111.467346191 1
63 29 111.608436584 1
63 29 111.729827881 1
63 29 111.754875183 1
63 29 111.785301208 1
63 29 111.787216187 1
63 29 111.838790894 1
63 29 111.850898743 1
63 29 111.851135254 1
63 29 111.94102478 1
63 29 112.013114929 1
63 29 112.126274109 1
63 29 112.144958496 1
63 29 112.295211792 1
63 29 112.333679199 1
63 29 112.484848022 1
63 29 112.871398926 1
63 29 112.992462158 1
63 29 113.003707886 1
63 29 113.133460999 1
63 29 113.264945984 1
63 29 113.271995544 1
63 29 113.337112427 1
63 29 113.368186951 1
63 29 113.447212219 1
63 29 113.85508728 1
63 29 113.937828064 1
63 29 114.164932251 1
63 29 114.351081848 1
63 29 114.42603302 1
63 29 114.456680298 1
63 29 114.481689453 1
63 29 114.60749054 1
63 29 114.752365112 1
63 29 114.927932739 1
63 29 114.943214417 1
63 29 115.026893616 1
63 29 115.099197388 1
63 29 115.113395691 1
63 29 115.138961792 1
63 29 115.147903442 1
63 29 115.159881592 1
63 29 115.393302917 1
63 29 115.486953735 1
63 29 115.696464539 1
63 29 115.965507507 1
63 29 116.049438477 1
63 29 116.061485291 1
63 29 116.098205566 1
63 29 116.184394836 1
63 29 116.203598022 1
63 29 116.287498474 1
63 29 116.306541443 1
63 29 116.321640015 1
63 29 116.42665863 1
63 29 116.632034302 1
63 29 116.660934448 1
63 29 116.788238525 1
63 29 116.790763855 1
63 29 116.856262207 1
63 29 116.941940308 1
63 29 117.216262817 1
63 29 117.275230408 1
63 29 117.305976868 1
63 29 117.477760315 1
63 29 117.761520386 1
63 29 117.89919281 1
63 29 117.972099304 1
63 29 118.026420593 1
63 29 118.102867126 1
63 29 118.142875671 1
63 29 118.221443176 1
63 29 118.295593262 1
63 29 118.337524414 1
63 29 118.423698425 1
63 29 118.538352966 1
63 29 118.607147217 1
63 29 118.784599304 1
63 29 119.120666504 1
63 29 119.137519836 1
63 29 119.346702576 1
63 29 119.434082031 1
63 29 119.532302856 1
63 29 119.578605652 1
63 29 119.708244324 1
63 29 119.765159607 1
63 29 119.77028656 1
63 29 119.788917542 1
63 29 119.864837646 1
63 29 119.877296448 1
63 29 119.908035278 1
63 29 119.931747437 1
63 29 119.971794128 1
63 29 120.100875854 1
63 29 120.369476318 1
63 29 120.392539978 1
63 29 120.411125183 1
63 29 120.451461792 1
63 29 120.525367737 1
63 29 120.571014404 1
63 29 120.681800842 1
63 29 120.802902222 1
63 29 120.873344421 1
63 29 120.892127991 1
63 29 120.906005859 1
63 29 121.257461548 1
63 29 121.354949951 1
63 29 121.40247345 1
63 29 121.440765381 1
63 29 121.529273987 1
63 29 121.777114868 1
63 29 121.89226532 1
63 29 121.904548645 1
63 29 122.000053406 1
63 29 122.02722168 1
63 29 122.122512817 1
63 29 122.315353394 1
63 29 122.466926575 1
63 29 122.631217957 1
63 29 122.750236511 1
63 29 123.18585968 1
63 29 123.224960327 1
63 29 123.331558228 1
63 29 123.706840515 1
63 29 123.729957581 1
63 29 123.792755127 1
63 29 124.032852173 1
63 29 124.04460907 1
63 29 124.114143372 1
63 29 124.644950867 1
63 29 124.675758362 1
63 29 124.685325623 1
63 29 124.95098877 1
63 29 125.091796875 1
63 29 125.093711853 1
63 29 125.137268066 1
63 29 125.348320007 1
63 29 125.44329834 1
63 29 125.569076538 1
63 29 125.587371826 1
63 29 126.233009338 1
63 29 126.394767761 1
63 29 126.451629639 1
63 29 126.771270752 1
63 29 126.819908142 1
63 29 127.006271362 1
63 29 127.277534485 1
63 29 127.431030273 1
63 29 127.507720947 1
63 29 127.527633667 1
63 29 127.682502747 1
63 29 127.815605164 1
63 29 128.14352417 1
63 29 128.242019653 1
63 29 128.347244263 1
63 29 128.40461731 1
63 29 128.407012939 1
63 29 128.456390381 1
63 29 128.778793335 1
63 29 129.058914185 1
63 29 129.210464478 1
63 29 129.331542969 1
63 29 129.637283325 1
63 29 129.788208008 1
63 29 130.216522217 1
63 29 130.339416504 1
63 29 130.722549438 1
63 29 130.739364624 1
63 29 130.806564331 1
63 29 131.000366211 1
63 29 131.180892944 1
63 29 131.319259644 1
63 29 131.661621094 1
63 29 131.693710327 1
63 29 131.787582397 1
63 29 131.890090942 1
63 29 131.946838379 1
63 29 132.016174316 1
63 29 132.038314819 1
63 29 132.105987549 1
63 29 132.145492554 1
63 29 132.296768188 1
63 29 132.337738037 1
63 29 132.486495972 1
63 29 132.655197144 1
63 29 133.039825439 1
63 29 133.491165161 1
63 29 133.52532959 1
63 29 133.559616089 1
63 29 133.697479248 1
63 29 133.841842651 1
63 29 134.214904785 1
63 29 134.2862854 1
63 29 134.506317139 1
63 29 134.704421997 1
63 29 135.031478882 1
63 29 135.170837402 1
63 29 135.340057373 1
63 29 135.519668579 1
63 29 136.143310547 1
63 29 136.497467041 1
63 29 136.643157959 1
63 29 136.937423706 1
63 29 136.939941406 1
63 29 136.998886108 1
63 29 137.048934937 1
63 29 137.851852417 1
63 29 137.893829346 1
63 29 137.897399902 1
63 29 137.935928345 1
63 29 138.021286011 1
63 29 138.056869507 1
63 29 138.090698242 1
63 29 138.113922119 1
63 29 138.178909302 1
63 29 139.086990356 1
63 29 139.258636475 1
63 29 139.654342651 1
63 29 140.3384552 1
63 29 140.35067749 1
63 29 140.43119812 1
63 29 140.75718689 1
63 29 140.820648193 1
63 29 141.055541992 1
63 29 141.057098389 1
63 29 141.348342896 1
63 29 141.822372437 1
63 29 142.329544067 1
63 29 142.415893555 1
63 29 142.919296265 1
63 29 142.998046875 1
63 29 143.377075195 1
63 29 143.62727356 1
63 29 144.219360352 1
63 29 144.421783447 1
63 29 144.639373779 1
63 29 145.203674316 1
63 29 145.242675781 1
63 29 145.42565918 1
63 29 145.856430054 1
63 29 145.930023193 1
63 29 145.949325562 1
63 29 146.1746521 1
63 29 146.578643799 1
63 29 146.674194336 1
63 29 146.744064331 1
63 29 147.177780151 1
63 29 147.331695557 1
63 29 147.4349823 1
63 29 147.440826416 1
63 29 147.535842896 1
63 29 147.735534668 1
63 29 148.095321655 1
63 29 148.778121948 1
63 29 149.107650757 1
63 29 149.112228394 1
63 29 149.396957397 1
63 29 149.786560059 1
63 29 150.08164978 1
63 29 150.137512207 1
63 29 152.714675903 1
63 29 152.927185059 1
63 29 153.151824951 1
63 29 153.249710083 1
63 29 153.310394287 1
63 29 153.629699707 1
63 29 153.817810059 1
63 29 154.51914978 1
63 29 154.892288208 1
63 29 154.940048218 1
63 29 154.947784424 1
63 29 155.862701416 1
63 29 156.47442627 1
63 29 156.505050659 1
63 29 156.692550659 1
63 29 156.991867065 1
63 29 157.242141724 1
63 29 157.495864868 1
63 29 157.771499634 1
63 29 157.924957275 1
63 29 158.221054077 1
63 29 158.381011963 1
63 29 158.720474243 1
63 29 159.544433594 1
63 29 159.617477417 1
63 29 160.370788574 1
63 29 161.164169312 1
63 29 161.287094116 1
63 29 162.08442688 1
63 29 162.526947021 1
63 29 163.453674316 1
63 29 164.315673828 1
63 29 164.437347412 1
63 29 164.621520996 1
63 29 165.267852783 1
63 29 165.690719604 1
63 29 166.345443726 1
63 29 166.581619263 1
63 29 166.732177734 1
63 29 167.785003662 1
63 29 167.931411743 1
63 29 168.467544556 1
63 29 168.477554321 1
63 29 170.287078857 1
63 29 170.40473938 1
63 29 171.419403076 1
63 29 171.548629761 1
63 29 171.676956177 1
63 29 171.880325317 1
63 29 172.142883301 1
63 29 173.702438354 1
63 29 173.712814331 1
63 29 173.94367981 1
63 29 174.298751831 1
63 29 175.563430786 1
63 29 176.36378479 1
63 29 176.523590088 1
63 29 178.310028076 1
63 29 179.025695801 1
63 29 179.163848877 1
63 29 180.794281006 1
63 29 183.4324646 1
63 29 184.86781311 1
63 29 184.991241455 1
63 29 186.097824097 1
63 29 186.809692383 1
63 29 187.584625244 1
63 29 187.795593262 1
63 29 188.302352905 1
63 29 188.588577271 1
63 29 191.281280518 1
63 29 191.558349609 1
63 29 192.179077148 1
63 29 192.389785767 1
63 29 192.413803101 1
63 29 192.914672852 1
63 29 196.183944702 1
63 29 196.376342773 1
63 29 196.982147217 1
63 29 196.988449097 1
63 29 197.278442383 1
63 29 197.292984009 1
63 29 197.514083862 1
63 29 198.513656616 1
63 29 199.5675354 1
63 29 200.702423096 1
63 29 200.778503418 1
63 29 201.376205444 1
63 29 201.452560425 1
63 29 203.72996521 1
63 29 205.923965454 1
63 29 207.09034729 1
63 29 208.947662354 1
63 29 209.317932129 1
63 29 210.002670288 1
63 29 212.181045532 1
63 29 212.284759521 1
63 29 212.81300354 1
63 29 215.425628662 1
63 29 216.525924683 1
63 29 219.715942383 1
63 29 221.062667847 1
63 29 221.120773315 1
63 29 221.145584106 1
63 29 221.464370728 1
63 29 223.518951416 1
63 29 225.129394531 1
63 29 225.53012085 1
63 29 230.671890259 1
63 29 230.973602295 1
63 29 231.623718262 1
63 29 232.555221558 1
63 29 233.833511353 1
63 29 233.863113403 1
63 29 234.759429932 1
63 29 234.768753052 1
63 29 239.067382812 1
63 29 243.771209717 1
63 29 248.469726562 1
63 29 250.088699341 1
63 29 250.389892578 1
63 29 250.706573486 1
63 29 250.718704224 1
63 29 251.220855713 1
63 29 252.381439209 1
63 29 252.72718811 1
63 29 257.806518555 1
63 29 259.732208252 1
63 29 260.713378906 1
63 29 262.960510254 1
63 29 265.233886719 1
63 29 266.013122559 1
63 29 271.601928711 1
63 29 273.326019287 1
63 29 275.446014404 1
63 29 277.270843506 1
63 29 280.447143555 1
63 29 280.601623535 1
63 29 282.516479492 1
63 29 284.568054199 1
63 29 286.292053223 1
63 29 291.786895752 1
63 29 292.020812988 1
63 29 292.657409668 1
63 29 298.274291992 1
63 29 300.652587891 1
63 29 301.288360596 1
63 29 302.507202148 1
63 29 305.387145996 1
63 29 308.758331299 1
63 29 308.934997559 1
63 29 309.018981934 1
63 29 310.137878418 1
63 29 312.93762207 1
63 29 318.072174072 1
63 29 327.286956787 1
63 29 336.246643066 1
63 29 336.753051758 1
63 29 340.915863037 1
63 29 346.258148193 1
63 29 348.160949707 1
63 29 350.122039795 1
63 29 351.742919922 1
63 29 356.184204102 1
63 29 358.044952393 1
63 29 362.669525146 1
63 29 367.463439941 1
63 29 369.585968018 1
63 29 371.004943848 1
63 29 372.866027832 1
63 29 373.219116211 1
63 29 387.42980957 1
63 29 388.75289917 1
63 29 392.819030762 1
63 29 393.22845459 1
63 29 397.570007324 1
63 29 397.705108643 1
63 29 400.222045898 1
63 29 403.745758057 1
63 29 407.697753906 1
63 29 409.10369873 1
63 29 416.139556885 1
63 29 429.621063232 1
63 29 432.947021484 1
63 29 438.966827393 1
63 29 439.174407959 1
63 29 443.74911499 1
63 29 444.609985352 1
63 29 446.276641846 1
63 29 454.899261475 1
63 29 466.680145264 1
63 29 470.68838501 1
63 29 482.578521729 1
63 29 493.117736816 1
63 29 507.71194458 1
63 29 516.770935059 1
63 29 524.451293945 1
63 29 534.336242676 1
63 29 548.316894531 1
63 29 558.610778809 1
63 29 575.088317871 1
63 29 595.071044922 1
63 29 613.745910645 1
63 29 622.437072754 1
63 29 636.303161621 1
63 29 655.801330566 1
63 29 656.995544434 1
63 29 660.413879395 1
63 29 685.614318848 1
63 29 688.294555664 1
63 29 711.022888184 1
63 29 724.990600586 1
63 29 744.606384277 1
63 29 759.481689453 1
63 29 765.313659668 1
63 29 770.948425293 1
63 29 778.613830566 1
63 29 786.840454102 1
63 29 794.952880859 1
63 29 801.174499512 1
63 29 826.926208496 1
63 29 832.435546875 1
63 29 855.898620605 1
63 29 882.808410645 1
63 29 983.616027832 1
63 29 1025.27001953 1
63 29 1237.55163574 1
63 29 1286.89990234 1
63 29 1365.2800293 1
63 29 1536.36083984 1
63 31 88.0500717163 1
63 31 89.0034637451 1
63 31 91.1352844238 1
63 31 96.0886154175 1
63 31 96.8209915161 1
63 31 97.0423660278 1
63 31 97.0740737915 1
63 31 97.2409896851 1
63 31 97.8845062256 1
63 31 97.9235992432 1
63 31 97.9643096924 1
63 31 98.143157959 1
63 31 98.189163208 1
63 31 99.566078186 1
63 31 100.682815552 1
63 31 100.918075562 1
63 31 101.108505249 1
63 31 102.45464325 1
63 31 103.034851074 1
63 31 103.249595642 1
63 31 103.552368164 1
63 31 104.116287231 1
63 31 104.120399475 1
63 31 104.205734253 1
63 31 104.276435852 1
63 31 104.490158081 1
63 31 104.578681946 1
63 31 104.733184814 1
63 31 105.801116943 1
63 31 106.148735046 1
63 31 106.225616455 1
63 31 106.328681946 1
63 31 106.335464478 1
63 31 106.433479309 1
63 31 106.544822693 1
63 31 107.014663696 1
63 31 108.099845886 1
63 31 108.190895081 1
63 31 108.235313416 1
63 31 108.753143311 1
63 31 109.759208679 1
63 31 109.772193909 1
63 31 110.397689819 1
63 31 110.873428345 1
63 31 111.886711121 1
63 31 111.949943542 1
63 31 113.070251465 1
63 31 113.325286865 1
63 31 113.56022644 1
63 31 113.625442505 1
63 31 113.862319946 1
63 31 114.12197876 1
63 31 115.154090881 1
63 31 115.335708618 1
63 31 115.384376526 1
63 31 115.900138855 1
63 31 116.049835205 1
63 31 116.858108521 1
63 31 116.99495697 1
63 31 117.622650146 1
63 31 117.901481628 1
63 31 118.065261841 1
63 31 118.833992004 1
63 31 119.052955627 1
63 31 119.362258911 1
63 31 120.029937744 1
63 31 120.132019043 1
63 31 120.263084412 1
63 31 120.487426758 1
63 31 120.560798645 1
63 31 121.165809631 1
63 31 121.371040344 1
63 31 121.547073364 1
63 31 122.174514771 1
63 31 122.31703186 1
63 31 123.018264771 1
63 31 124.176040649 1
63 31 124.512588501 1
63 31 124.936302185 1
63 31 125.524116516 1
63 31 126.122398376 1
63 31 126.925094604 1
63 31 127.789733887 1
63 31 127.845870972 1
63 31 128.595977783 1
63 31 128.652893066 1
63 31 130.917480469 1
63 31 131.610870361 1
63 31 131.712982178 1
63 31 132.058547974 1
63 31 132.651855469 1
63 31 132.796920776 1
63 31 134.185745239 1
63 31 134.547027588 1
63 31 135.133499146 1
63 31 135.523880005 1
63 31 137.013000488 1
63 31 137.229019165 1
63 31 137.342559814 1
63 31 137.535934448 1
63 31 137.717208862 1
63 31 138.561859131 1
63 31 138.603225708 1
63 31 138.690429688 1
63 31 139.38041687 1
63 31 139.833602905 1
63 31 140.022796631 1
63 31 140.283538818 1
63 31 140.438476562 1
63 31 140.843704224 1
63 31 141.105880737 1
63 31 141.995376587 1
63 31 142.192977905 1
63 31 142.871017456 1
63 31 142.991973877 1
63 31 143.546646118 1
63 31 143.999206543 1
63 31 144.728210449 1
63 31 145.074081421 1
63 31 145.80809021 1
63 31 147.271240234 1
63 31 147.317504883 1
63 31 147.837905884 1
63 31 148.146102905 1
63 31 149.756057739 1
63 31 150.235733032 1
63 31 150.295043945 1
63 31 153.521362305 1
63 31 153.957702637 1
63 31 154.837738037 1
63 31 154.838867188 1
63 31 155.756851196 1
63 31 156.337295532 1
63 31 156.431686401 1
63 31 156.663833618 1
63 31 157.493057251 1
63 31 158.902770996 1
63 31 158.959564209 1
63 31 160.815963745 1
63 31 161.293533325 1
63 31 161.419708252 1
63 31 161.824707031 1
63 31 162.265457153 1
63 31 163.751144409 1
63 31 166.234863281 1
63 31 168.196014404 1
63 31 168.519973755 1
63 31 168.680541992 1
63 31 169.497314453 1
63 31 170.03616333 1
63 31 173.065414429 1
63 31 174.169677734 1
63 31 174.516525269 1
63 31 175.122436523 1
63 31 175.498947144 1
63 31 175.983383179 1
63 31 176.777420044 1
63 31 178.653396606 1
63 31 180.135803223 1
63 31 180.779327393 1
63 31 180.878448486 1
63 31 182.186355591 1
63 31 183.020812988 1
63 31 183.694412231 1
63 31 184.647125244 1
63 31 184.802383423 1
63 31 184.903411865 1
63 31 184.939865112 1
63 31 185.216751099 1
63 31 185.50189209 1
63 31 185.961502075 1
63 31 186.599868774 1
63 31 186.764709473 1
63 31 186.828125 1
63 31 187.402770996 1
63 31 188.01600647 1
63 31 189.526138306 1
63 31 190.150939941 1
63 31 192.68812561 1
63 31 192.697418213 1
63 31 193.170394897 1
63 31 195.960876465 1
63 31 197.456008911 1
63 31 200.510681152 1
63 31 200.854370117 1
63 31 202.566467285 1
63 31 202.828018188 1
63 31 204.746307373 1
63 31 204.759628296 1
63 31 205.014984131 1
63 31 205.183151245 1
63 31 208.854690552 1
63 31 209.014221191 1
63 31 210.652862549 1
63 31 213.468353271 1
63 31 214.380004883 1
63 31 215.409347534 1
63 31 215.625930786 1
63 31 216.637191772 1
63 31 217.655960083 1
63 31 218.463745117 1
63 31 218.694168091 1
63 31 218.965454102 1
63 31 218.978775024 1
63 31 221.888717651 1
63 31 225.43347168 1
63 31 225.875473022 1
63 31 226.379104614 1
63 31 230.105682373 1
63 31 235.573974609 1
63 31 236.842773438 1
63 31 237.487106323 1
63 31 237.945159912 1
63 31 240.209533691 1
63 31 241.395812988 1
63 31 244.363876343 1
63 31 246.871749878 1
63 31 247.320175171 1
63 31 247.555847168 1
63 31 247.792266846 1
63 31 253.325805664 1
63 31 256.154388428 1
63 31 256.724334717 1
63 31 256.961547852 1
63 31 259.077056885 1
63 31 259.088287354 1
63 31 263.482879639 1
63 31 266.637023926 1
63 31 268.312133789 1
63 31 268.835296631 1
63 31 276.083526611 1
63 31 278.424530029 1
63 31 284.66809082 1
63 31 287.413269043 1
63 31 292.168914795 1
63 31 292.385528564 1
63 31 300.700408936 1
63 31 306.39276123 1
63 31 307.283081055 1
63 31 309.215911865 1
63 31 310.389282227 1
63 31 316.024200439 1
63 31 318.926849365 1
63 31 321.100799561 1
63 31 321.786376953 1
63 31 322.720001221 1
63 31 327.363769531 1
63 31 332.762939453 1
63 31 337.609161377 1
63 31 342.019927979 1
63 31 343.308929443 1
63 31 345.232086182 1
63 31 347.66027832 1
63 31 349.142791748 1
63 31 351.131072998 1
63 31 362.62310791 1
63 31 362.836883545 1
63 31 362.996520996 1
63 31 364.047729492 1
63 31 372.893768311 1
63 31 374.375457764 1
63 31 380.66619873 1
63 31 381.386871338 1
63 31 384.231048584 1
63 31 395.047821045 1
63 31 402.488189697 1
63 31 408.208679199 1
63 31 408.640625 1
63 31 411.176208496 1
63 31 414.491455078 1
63 31 421.870269775 1
63 31 422.595275879 1
63 31 440.883544922 1
63 31 441.791168213 1
63 31 446.211547852 1
63 31 471.137451172 1
63 31 471.737884521 1
63 31 482.220001221 1
63 31 487.269012451 1
63 31 488.922821045 1
63 31 490.369171143 1
63 31 494.196228027 1
63 31 496.50177002 1
63 31 508.164672852 1
63 31 514.552368164 1
63 31 520.706115723 1
63 31 522.403076172 1
63 31 563.601013184 1
63 31 563.659301758 1
63 31 569.162231445 1
63 31 577.737548828 1
63 31 584.380981445 1
63 31 585.147521973 1
63 31 593.970153809 1
63 31 636.587219238 1
63 31 651.34161377 1
63 31 701.215393066 1
63 31 706.065673828 1
63 31 722.407592773 1
63 31 790.833435059 1
63 31 835.94720459 1
63 31 863.510192871 1
63 31 924.522460938 1
63 31 1051.21435547 1
63 31 1275.78271484 1
63 32 179.525817871 1
63 32 199.965240479 1
63 32 200.198501587 1
63 32 202.061203003 1
63 32 205.777893066 1
63 32 205.956481934 1
63 32 208.031616211 1
63 32 211.90032959 1
63 32 211.963378906 1
63 32 215.53527832 1
63 32 223.773574829 1
63 32 224.014648438 1
63 32 224.074127197 1
63 32 224.195877075 1
63 32 228.03465271 1
63 32 236.614639282 1
63 32 240.590896606 1
63 32 241.712402344 1
63 32 243.575042725 1
63 32 243.630569458 1
63 32 254.341430664 1
63 32 254.408187866 1
63 32 254.744171143 1
63 32 254.781051636 1
63 32 256.033538818 1
63 32 256.35244751 1
63 32 262.483184814 1
63 32 269.173919678 1
63 32 276.561279297 1
63 32 286.586578369 1
63 32 286.72845459 1
63 32 295.708312988 1
63 32 299.429260254 1
63 32 304.465484619 1
63 32 304.612182617 1
63 32 308.025268555 1
63 32 309.77633667 1
63 32 310.742431641 1
63 32 312.8543396 1
63 32 313.905090332 1
63 32 317.650695801 1
63 32 320.091552734 1
63 32 320.323730469 1
63 32 325.9402771 1
63 32 330.977783203 1
63 32 333.878845215 1
63 32 337.287994385 1
63 32 349.097991943 1
63 32 349.340423584 1
63 32 357.760986328 1
63 32 358.164764404 1
63 32 360.432922363 1
63 32 365.770263672 1
63 32 366.191497803 1
63 32 368.161407471 1
63 32 368.535980225 1
63 32 371.800048828 1
63 32 389.443695068 1
63 32 389.484741211 1
63 32 390.179382324 1
63 32 390.587402344 1
63 32 390.839233398 1
63 32 395.964996338 1
63 32 409.076446533 1
63 32 412.288421631 1
63 32 423.806854248 1
63 32 424.272460938 1
63 32 429.027954102 1
63 32 433.720489502 1
63 32 448.954986572 1
63 32 453.354370117 1
63 32 453.39932251 1
63 32 454.525604248 1
63 32 456.753662109 1
63 32 500.994384766 1
63 32 503.216217041 1
63 32 515.824951172 1
63 32 519.65838623 1
63 32 521.35760498 1
63 32 534.54876709 1
63 32 551.006958008 1
63 32 561.184692383 1
63 32 567.40612793 1
63 32 569.361816406 1
63 32 583.514953613 1
63 32 612.178527832 1
63 32 629.639953613 1
63 32 631.786010742 1
63 32 643.622680664 1
63 32 646.474914551 1
63 32 661.580200195 1
63 32 711.774597168 1
63 32 799.293029785 1
63 32 842.966003418 1
63 33 277.355712891 1
63 33 314.602874756 1
63 33 318.599334717 1
63 33 342.768280029 1
63 33 349.055633545 1
63 33 353.90423584 1
63 33 359.916717529 1
63 33 397.988739014 1
63 33 406.278106689 1
63 33 419.026519775 1
63 33 445.879119873 1
63 33 499.224121094 1
63 33 514.222229004 1
63 33 530.253540039 1
63 33 531.461242676 1
63 33 573.118896484 1
63 33 578.282226562 1
63 33 593.038146973 1
63 33 613.344787598 1
63 33 654.775085449 1
63 33 764.419921875 1
63 33 769.080932617 1
63 34 528.581848145 1
63 34 529.745727539 1
63 34 635.75012207 1
63 34 711.843688965 1
64 22 1214.40808105 1
64 23 1695.95397949 1
64 25 925.669433594 1
64 27 1305.50695801 1
64 27 1347.02697754 1
64 27 1450.37255859 1
64 28 739.696899414 1
64 28 799.397949219 1
64 28 1102.26794434 1
64 28 1699.45568848 1
64 29 660.112060547 1
64 29 767.745483398 1
64 29 890.051391602 1
64 29 908.176269531 1
64 29 941.621459961 1
64 29 1010.60644531 1
64 29 1103.88452148 1
64 29 1409.85351562 1
64 30 667.581542969 1
64 30 724.360107422 1
64 30 780.861816406 1
64 30 807.035400391 1
64 30 822.51184082 1
64 30 827.15234375 1
64 30 864.361694336 1
64 30 876.822875977 1
64 30 930.552062988 1
64 30 973.53125 1
64 30 989.211914062 1
64 30 1950.96533203 1
64 31 729.35949707 1
64 31 738.614624023 1
64 31 795.25378418 1
64 31 835.854309082 1
64 31 908.388000488 1
64 31 923.737365723 1
64 31 1192.25231934 1
64 31 1415.55578613 1
64 32 945.519348145 1
64 32 1375.24304199 1
64 34 1100.46838379 1
64 34 1713.21838379 1
65 26 2201.9699707 1
65 31 1990.9296875 1
69 30 1870.25305176 1
69 33 2804.05615234 1
70 21 1206.25964355 1
70 24 1282.86450195 1
70 25 1061.57006836 1
70 25 1106.32739258 1
70 26 775.487976074 1
70 26 820.313781738 1
70 26 1146.10522461 1
70 26 1259.95751953 1
70 27 726.026611328 1
70 27 833.363220215 1
70 27 958.072265625 1
70 27 1220.38537598 1
70 27 1477.96240234 1
70 28 680.161193848 1
70 28 697.136108398 1
70 28 743.62713623 1
70 28 797.494140625 1
70 28 892.597900391 1
70 28 901.334350586 1
70 28 1022.77624512 1
70 28 1097.29309082 1
70 28 1104.51342773 1
70 28 1119.32727051 1
70 28 1145.14086914 1
70 28 1233.55456543 1
70 28 1457.29309082 1
70 28 2043.09631348 1
70 29 695.736206055 1
70 29 710.244384766 1
70 29 720.274475098 1
70 29 725.313232422 1
70 29 1128.08496094 1
70 29 1295.56750488 1
70 30 894.593566895 1
70 30 1076.04907227 1
70 30 1365.80297852 1
70 31 685.106689453 1
70 31 819.089355469 1
70 31 883.174743652 1
70 31 1193.81591797 1
70 32 880.998779297 1
70 32 1068.21960449 1
71 21 1316.78735352 1
71 23 1300.0802002 1
71 23 1322.67907715 1
71 23 1492.41162109 1
71 24 1191.26696777 1
71 25 970.405456543 1
71 25 1481.78173828 1
71 26 818.817260742 1
71 26 937.42779541 1
71 26 1084.55725098 1
71 26 1213.89868164 1
71 26 1353.49560547 1
71 27 715.033325195 1
71 27 726.313354492 1
71 27 737.600585938 1
71 27 777.940246582 1
71 27 1081.0213623 1
71 27 1296.73413086 1
71 28 640.202636719 1
71 28 698.366882324 1
71 28 703.968078613 1
71 28 715.893371582 1
71 28 732.96685791 1
71 28 895.11151123 1
71 28 1035.52734375 1
71 28 1059.29956055 1
71 28 1709.26208496 1
71 29 654.141357422 1
71 29 655.594238281 1
71 29 664.467285156 1
71 29 727.271850586 1
71 29 775.440063477 1
71 29 841.731079102 1
71 29 862.09753418 1
71 29 987.001342773 1
71 29 1267.20727539 1
71 29 1708.77612305 1
71 29 1831.91540527 1
71 30 941.27557373 1
71 30 1123.78918457 1
71 30 1260.56726074 1
71 30 1588.48632812 1
71 30 1902.23925781 1
71 31 975.955383301 1
71 31 1269.74536133 1
71 31 1310.54772949 1
71 31 1399.48925781 1
71 31 1453.69177246 1
71 31 2090.46630859 1
71 32 1293.33166504 1
71 34 1202.0925293 1
72 26 1999.69494629 1
72 28 2018.80541992 1
72 30 1186.08361816 1
77 28 1374.52575684 1
78 28 1653.08959961 1
