string dom time hits
45 27 1421.44958496 1
54 26 1035.17175293 1
54 26 1085.71203613 1
54 27 756.905029297 1
54 27 830.259277344 1
54 27 880.437683105 1
54 29 1064.21520996 1
54 29 1763.59899902 1
54 30 1266.90026855 1
54 31 1112.25732422 1
55 26 1597.68334961 1
55 27 1144.55700684 1
55 30 725.139648438 1
55 30 1780.69641113 1
62 26 1269.00744629 1
62 30 1335.75720215 1
62 30 1958.58447266 1
62 33 969.526550293 1
63 24 719.341369629 1
63 24 839.945007324 1
63 24 961.496948242 1
63 24 2108.1472168 1
63 25 501.890319824 1
63 25 582.206481934 1
63 25 686.661315918 1
63 25 958.428405762 1
63 26 404.488922119 1
63 26 409.599273682 1
63 26 417.991394043 1
63 26 431.138244629 1
63 26 434.833007812 1
63 26 435.985015869 1
63 26 460.137054443 1
63 26 498.625213623 1
63 26 559.978881836 1
63 26 572.109436035 1
63 26 617.095153809 1
63 26 626.983825684 1
63 26 674.820739746 1
63 26 680.238525391 1
63 26 1168.41540527 1
63 27 283.968475342 1
63 27 328.523651123 1
63 27 345.330718994 1
63 27 361.095031738 1
63 27 374.652587891 1
63 27 392.430053711 1
63 27 409.190856934 1
63 27 411.223144531 1
63 27 455.085662842 1
63 27 465.132110596 1
63 27 512.844238281 1
63 27 557.699035645 1
63 27 612.893798828 1
63 27 741.186889648 1
63 27 887.447875977 1
63 27 918.530151367 1
63 28 182.535934448 1
63 28 188.657180786 1
63 28 194.039199829 1
63 28 211.216369629 1
63 28 217.05380249 1
63 28 221.876159668 1
63 28 222.48034668 1
63 28 225.976470947 1
63 28 226.004699707 1
63 28 233.776565552 1
63 28 239.272079468 1
63 28 247.787002563 1
63 28 268.183380127 1
63 28 273.435241699 1
63 28 275.553924561 1
63 28 293.713226318 1
63 28 296.098937988 1
63 28 341.929046631 1
63 28 349.701568604 1
63 28 378.264831543 1
63 28 420.058197021 1
63 28 423.028442383 1
63 28 459.073760986 1
63 28 461.996673584 1
63 28 466.624145508 1
63 28 493.96774292 1
63 28 555.625 1
63 28 633.346801758 1
63 28 694.522094727 1
63 28 786.226501465 1
63 28 794.296081543 1
63 28 892.720703125 1
63 28 977.398986816 1
63 28 1011.58746338 1
63 28 1521.51696777 1
63 28 1969.20007324 1
63 29 84.1879501343 1
63 29 97.0476837158 1
63 29 103.235137939 1
63 29 104.175521851 1
63 29 104.856002808 1
63 29 113.650657654 1
63 29 116.140769958 1
63 29 120.11894989 1
63 29 120.604194641 1
63 29 123.82649231 1
63 29 130.632110596 1
63 29 132.140533447 1
63 29 133.414825439 1
63 29 133.534072876 1
63 29 134.55241394 1
63 29 136.084259033 1
63 29 143.146118164 1
63 29 145.632705688 1
63 29 146.561889648 1
63 29 149.182952881 1
63 29 155.109207153 1
63 29 157.254425049 1
63 29 161.984298706 1
63 29 165.055786133 1
63 29 167.920166016 1
63 29 168.807495117 1
63 29 168.9012146 1
63 29 169.252929688 1
63 29 181.851165771 1
63 29 183.484634399 1
63 29 184.446029663 1
63 29 186.342727661 1
63 29 187.846847534 1
63 29 188.873962402 1
63 29 201.718994141 1
63 29 206.817718506 1
63 29 210.174621582 1
63 29 215.92388916 1
63 29 220.892242432 1
63 29 221.837753296 1
63 29 229.581069946 1
63 29 261.846679688 1
63 29 269.16784668 1
63 29 290.532196045 1
63 29 301.443115234 1
63 29 303.523834229 1
63 29 313.586853027 1
63 29 321.949493408 1
63 29 335.860931396 1
63 29 348.344177246 1
63 29 357.908508301 1
63 29 365.766967773 1
63 29 367.346008301 1
63 29 374.047943115 1
63 29 392.255157471 1
63 29 393.343536377 1
63 29 409.810913086 1
63 29 437.518554688 1
63 29 456.194519043 1
63 29 512.460510254 1
63 29 519.007385254 1
63 29 525.314819336 1
63 29 546.422546387 1
63 29 554.731872559 1
63 29 574.477966309 1
63 29 603.079406738 1
63 29 609.445861816 1
63 29 639.132568359 1
63 29 724.802734375 1
63 29 849.69708252 1
63 29 1603.24707031 1
63 31 101.049659729 1
63 31 102.661773682 1
63 31 106.79334259 1
63 31 112.539649963 1
63 31 114.747009277 1
63 31 116.456390381 1
63 31 117.995536804 1
63 31 118.983032227 1
63 31 120.084938049 1
63 31 126.593231201 1
63 31 126.978927612 1
63 31 128.524276733 1
63 31 129.879852295 1
63 31 133.138961792 1
63 31 136.907958984 1
63 31 139.667678833 1
63 31 139.722900391 1
63 31 143.017684937 1
63 31 144.410430908 1
63 31 144.824935913 1
63 31 144.838653564 1
63 31 145.708633423 1
63 31 153.993225098 1
63 31 154.635726929 1
63 31 154.825378418 1
63 31 154.894989014 1
63 31 162.711456299 1
63 31 162.828567505 1
63 31 162.965713501 1
63 31 163.532791138 1
63 31 164.393127441 1
63 31 168.464035034 1
63 31 169.949142456 1
63 31 170.671295166 1
63 31 173.196044922 1
63 31 175.328796387 1
63 31 175.405273438 1
63 31 180.169082642 1
63 31 180.957092285 1
63 31 181.098526001 1
63 31 182.595535278 1
63 31 184.401245117 1
63 31 184.574462891 1
63 31 184.928421021 1
63 31 188.886032104 1
63 31 189.382553101 1
63 31 192.665100098 1
63 31 192.906784058 1
63 31 194.180282593 1
63 31 200.226425171 1
63 31 201.259262085 1
63 31 202.345855713 1
63 31 203.28364563 1
63 31 208.484115601 1
63 31 209.630905151 1
63 31 212.034912109 1
63 31 213.468917847 1
63 31 213.510101318 1
63 31 215.171859741 1
63 31 217.041366577 1
63 31 220.925384521 1
63 31 221.308990479 1
63 31 221.436401367 1
63 31 222.488677979 1
63 31 232.027069092 1
63 31 238.862945557 1
63 31 241.06993103 1
63 31 254.728500366 1
63 31 269.76071167 1
63 31 275.512664795 1
63 31 295.937164307 1
63 31 299.44442749 1
63 31 303.843170166 1
63 31 320.136016846 1
63 31 326.151916504 1
63 31 382.154449463 1
63 31 383.064239502 1
63 31 388.822906494 1
63 31 400.109680176 1
63 31 429.293212891 1
63 31 433.707061768 1
63 31 454.326904297 1
63 31 466.633239746 1
63 31 474.195098877 1
63 31 523.419128418 1
63 31 545.140808105 1
63 31 556.08190918 1
63 31 565.131103516 1
63 31 633.175476074 1
63 31 668.578552246 1
63 31 850.69329834 1
63 32 227.067367554 1
63 32 235.59954834 1
63 32 237.02432251 1
63 32 251.309951782 1
63 32 252.268035889 1
63 32 253.875091553 1
63 32 262.994445801 1
63 32 265.378875732 1
63 32 266.872680664 1
63 32 268.467987061 1
63 32 287.318145752 1
63 32 309.736816406 1
63 32 319.751098633 1
63 32 339.226074219 1
63 32 368.077697754 1
63 32 368.348114014 1
63 32 380.304412842 1
63 32 386.399383545 1
63 32 386.758575439 1
63 32 392.951293945 1
63 32 443.594421387 1
63 32 511.681030273 1
63 32 591.549316406 1
63 32 631.394042969 1
63 33 307.133636475 1
63 33 334.713012695 1
63 33 493.908081055 1
63 33 532.873901367 1
64 27 1064.69812012 1
64 28 1063.14135742 1
64 30 1140.61975098 1
69 25 2364.86889648 1
70 26 1534.8861084 1
70 28 2196.75634766 1
70 29 681.710876465 1
70 29 901.094116211 1
70 31 1212.36865234 1
71 25 1917.96569824 1
71 28 763.893127441 1
71 29 814.33392334 1
71 30 782.4296875 1
71 30 908.448303223 1
77 30 1514.63256836 1
