string dom time hits
44 31 2671.90869141 1
45 28 1420.55725098 1
45 29 1303.12646484 1
53 27 1316.18554688 1
54 17 2166.97827148 1
54 23 1335.46435547 1
54 25 882.930908203 1
54 26 909.741760254 1
54 26 1484.29187012 1
54 27 762.145996094 1
54 27 811.507873535 1
54 27 914.177734375 1
54 27 1012.6026001 1
54 27 1038.70068359 1
54 27 1078.26635742 1
54 27 1109.74536133 1
54 27 1120.99108887 1
54 27 1181.22924805 1
54 27 1331.86706543 1
54 28 703.940856934 1
54 28 813.335266113 1
54 29 952.480773926 1
54 29 964.046508789 1
54 29 1091.48779297 1
54 29 1416.0300293 1
54 29 1657.17382812 1
54 30 730.656433105 1
54 30 757.243835449 1
54 30 826.628051758 1
54 30 972.3828125 1
54 30 1080.40576172 1
54 30 1524.8059082 1
54 31 721.893859863 1
54 31 797.842285156 1
54 31 1365.92651367 1
54 31 1434.78125 1
54 31 1514.94482422 1
54 31 2148.6640625 1
54 32 821.631286621 1
54 34 1784.50183105 1
55 18 2448.51635742 1
55 21 1865.18908691 1
55 25 1361.70678711 1
55 26 1443.1373291 1
55 27 719.065551758 1
55 27 758.401489258 1
55 27 843.86706543 1
55 27 846.266113281 1
55 27 887.046630859 1
55 27 938.054443359 1
55 27 1034.49951172 1
55 27 1073.76745605 1
55 27 1815.46960449 1
55 28 686.300964355 1
55 28 742.295837402 1
55 28 784.642272949 1
55 28 790.035888672 1
55 28 882.198303223 1
55 28 893.445983887 1
55 28 916.663391113 1
55 28 1312.83496094 1
55 28 1492.89562988 1
55 28 1763.18884277 1
55 29 604.177246094 1
55 29 636.022460938 1
55 29 650.959106445 1
55 29 750.878540039 1
55 29 830.28515625 1
55 29 938.090454102 1
55 29 1158.15283203 1
55 29 1158.67993164 1
55 29 1180.52770996 1
55 30 683.774169922 1
55 30 863.242675781 1
55 30 938.549316406 1
55 30 1117.00683594 1
55 30 1202.12817383 1
55 30 1292.3001709 1
55 30 1595.94067383 1
55 32 902.198730469 1
55 32 1327.56958008 1
56 25 2515.23217773 1
56 28 1533.71057129 1
56 29 2346.39233398 1
62 23 1081.0513916 1
62 24 1061.03564453 1
62 24 1440.46887207 1
62 24 2133.51342773 1
62 25 982.947998047 1
62 25 1258.03857422 1
62 25 1307.64904785 1
62 26 752.633300781 1
62 26 835.382385254 1
62 26 1231.86376953 1
62 26 1280.98986816 1
62 26 1453.77539062 1
62 27 710.299255371 1
62 27 751.92767334 1
62 27 775.731018066 1
62 27 818.107727051 1
62 27 819.612915039 1
62 27 866.122558594 1
62 27 928.213745117 1
62 27 967.728027344 1
62 27 1020.90795898 1
62 27 1029.73144531 1
62 27 1170.56616211 1
62 27 1323.26599121 1
62 27 1467.31933594 1
62 28 817.997558594 1
62 28 841.619567871 1
62 28 860.699401855 1
62 28 903.973876953 1
62 28 1241.53723145 1
62 28 1320.33410645 1
62 28 1470.70092773 1
62 29 760.393310547 1
62 29 854.859558105 1
62 29 889.158813477 1
62 29 1033.16918945 1
62 29 1035.84655762 1
62 29 1482.78198242 1
62 30 676.82800293 1
62 30 873.303222656 1
62 30 1082.92443848 1
62 31 943.838012695 1
62 31 1111.33081055 1
62 31 1209.94470215 1
62 31 1216.79931641 1
62 32 1409.05419922 1
62 32 3534.48120117 1
63 19 1653.88623047 1
63 20 971.348205566 1
63 20 2111.20825195 1
63 21 1904.39453125 1
63 22 749.565307617 1
63 22 777.140441895 1
63 22 898.930603027 1
63 22 983.56036377 1
63 23 600.715393066 1
63 23 655.194763184 1
63 23 958.446228027 1
63 23 972.574462891 1
63 23 1006.30401611 1
63 23 1226.18371582 1
63 23 1347.14440918 1
63 24 515.210205078 1
63 24 526.705566406 1
63 24 638.547912598 1
63 24 657.121520996 1
63 24 664.532775879 1
63 24 675.100769043 1
63 24 705.557250977 1
63 24 710.815185547 1
63 24 751.262878418 1
63 24 774.933105469 1
63 24 776.257751465 1
63 24 782.735656738 1
63 24 795.211486816 1
63 24 916.271484375 1
63 24 1073.66027832 1
63 24 1193.02514648 1
63 25 423.560119629 1
63 25 433.841918945 1
63 25 440.170318604 1
63 25 451.694580078 1
63 25 452.204681396 1
63 25 471.157531738 1
63 25 475.742156982 1
63 25 477.708312988 1
63 25 479.166717529 1
63 25 483.374694824 1
63 25 484.197113037 1
63 25 486.036224365 1
63 25 486.803070068 1
63 25 487.317657471 1
63 25 498.348297119 1
63 25 520.068969727 1
63 25 546.431945801 1
63 25 547.060119629 1
63 25 572.887390137 1
63 25 579.992248535 1
63 25 581.059265137 1
63 25 588.558898926 1
63 25 612.853942871 1
63 25 637.870178223 1
63 25 664.43927002 1
63 25 760.635131836 1
63 25 769.973266602 1
63 25 800.719116211 1
63 25 813.167663574 1
63 25 813.697021484 1
63 25 824.813415527 1
63 25 963.171020508 1
63 25 991.44744873 1
63 25 1081.24755859 1
63 25 1159.75036621 1
63 25 1381.3371582 1
63 25 1437.67980957 1
63 26 322.274963379 1
63 26 326.25793457 1
63 26 330.502685547 1
63 26 332.11151123 1
63 26 333.113494873 1
63 26 335.173797607 1
63 26 336.767242432 1
63 26 338.823059082 1
63 26 339.837646484 1
63 26 343.149810791 1
63 26 345.585998535 1
63 26 347.77432251 1
63 26 349.19418335 1
63 26 352.020263672 1
63 26 352.936676025 1
63 26 353.209228516 1
63 26 355.339630127 1
63 26 357.644805908 1
63 26 358.522338867 1
63 26 359.735412598 1
63 26 359.812744141 1
63 26 360.323699951 1
63 26 363.02130127 1
63 26 365.309997559 1
63 26 366.751159668 1
63 26 366.754608154 1
63 26 366.837097168 1
63 26 370.207946777 1
63 26 370.679260254 1
63 26 372.228881836 1
63 26 375.114379883 1
63 26 375.756866455 1
63 26 376.403594971 1
63 26 378.337310791 1
63 26 381.339202881 1
63 26 381.38458252 1
63 26 383.595428467 1
63 26 384.597625732 1
63 26 389.029541016 1
63 26 392.994567871 1
63 26 393.249023438 1
63 26 395.709411621 1
63 26 396.093597412 1
63 26 397.943023682 1
63 26 398.911712646 1
63 26 399.665100098 1
63 26 403.197814941 1
63 26 404.229827881 1
63 26 405.605255127 1
63 26 406.867401123 1
63 26 407.640411377 1
63 26 408.05291748 1
63 26 412.032287598 1
63 26 412.39666748 1
63 26 414.249420166 1
63 26 416.595001221 1
63 26 420.968414307 1
63 26 422.046844482 1
63 26 425.113861084 1
63 26 426.000549316 1
63 26 426.980285645 1
63 26 427.129486084 1
63 26 430.509521484 1
63 26 435.666259766 1
63 26 446.224578857 1
63 26 446.701293945 1
63 26 452.943023682 1
63 26 457.048553467 1
63 26 460.780517578 1
63 26 461.787841797 1
63 26 466.491851807 1
63 26 467.833953857 1
63 26 470.890441895 1
63 26 475.303039551 1
63 26 476.242950439 1
63 26 478.255432129 1
63 26 478.930511475 1
63 26 479.581359863 1
63 26 482.599365234 1
63 26 484.773406982 1
63 26 487.895202637 1
63 26 492.683776855 1
63 26 494.527954102 1
63 26 506.42956543 1
63 26 522.001037598 1
63 26 543.127624512 1
63 26 549.028869629 1
63 26 558.780639648 1
63 26 585.453308105 1
63 26 600.951660156 1
63 26 613.25 1
63 26 681.285461426 1
63 26 697.213500977 1
63 26 733.665344238 1
63 26 738.271850586 1
63 26 807.03894043 1
63 26 833.922546387 1
63 26 837.882446289 1
63 26 841.684020996 1
63 26 888.667114258 1
63 26 893.596008301 1
63 26 923.730712891 1
63 26 1050.31713867 1
63 26 1051.72241211 1
63 26 1059.39099121 1
63 26 1193.05334473 1
63 26 1284.14526367 1
63 26 1303.72229004 1
63 27 243.085876465 1
63 27 244.52482605 1
63 27 245.675842285 1
63 27 247.367584229 1
63 27 247.38053894 1
63 27 248.081939697 1
63 27 249.945419312 1
63 27 250.180236816 1
63 27 250.392776489 1
63 27 250.458572388 1
63 27 250.961990356 1
63 27 251.414047241 1
63 27 252.326644897 1
63 27 253.075149536 1
63 27 253.185287476 1
63 27 253.692276001 1
63 27 254.509033203 1
63 27 254.527481079 1
63 27 254.799468994 1
63 27 255.015655518 1
63 27 256.342224121 1
63 27 256.620574951 1
63 27 256.702850342 1
63 27 256.826629639 1
63 27 257.233398438 1
63 27 258.317199707 1
63 27 258.50012207 1
63 27 258.925598145 1
63 27 258.961517334 1
63 27 258.972900391 1
63 27 259.745819092 1
63 27 260.270599365 1
63 27 260.276367188 1
63 27 260.514068604 1
63 27 261.068084717 1
63 27 261.556030273 1
63 27 261.833343506 1
63 27 261.877868652 1
63 27 262.590362549 1
63 27 262.638397217 1
63 27 263.541412354 1
63 27 264.356658936 1
63 27 265.442352295 1
63 27 265.607666016 1
63 27 266.227630615 1
63 27 266.38571167 1
63 27 266.597808838 1
63 27 266.883453369 1
63 27 266.897155762 1
63 27 267.133544922 1
63 27 267.360443115 1
63 27 267.476348877 1
63 27 267.671661377 1
63 27 268.44821167 1
63 27 268.561767578 1
63 27 268.574127197 1
63 27 268.653411865 1
63 27 268.983062744 1
63 27 270.039764404 1
63 27 270.098724365 1
63 27 270.201446533 1
63 27 270.353057861 1
63 27 270.354492188 1
63 27 270.495513916 1
63 27 270.684051514 1
63 27 271.304290771 1
63 27 272.657043457 1
63 27 273.076507568 1
63 27 273.405181885 1
63 27 274.275817871 1
63 27 274.491027832 1
63 27 274.855957031 1
63 27 275.368927002 1
63 27 275.592437744 1
63 27 275.80480957 1
63 27 276.283325195 1
63 27 276.299346924 1
63 27 276.6640625 1
63 27 277.490905762 1
63 27 278.284606934 1
63 27 280.158447266 1
63 27 280.391662598 1
63 27 281.251800537 1
63 27 281.957000732 1
63 27 282.194702148 1
63 27 282.37991333 1
63 27 282.509002686 1
63 27 282.550231934 1
63 27 282.574829102 1
63 27 282.701446533 1
63 27 282.718322754 1
63 27 283.42086792 1
63 27 284.015472412 1
63 27 284.273406982 1
63 27 284.376403809 1
63 27 284.612945557 1
63 27 285.185638428 1
63 27 285.933563232 1
63 27 286.45892334 1
63 27 286.711761475 1
63 27 286.747833252 1
63 27 287.07119751 1
63 27 287.389282227 1
63 27 287.52230835 1
63 27 288.107299805 1
63 27 288.195373535 1
63 27 288.520843506 1
63 27 288.634307861 1
63 27 288.766235352 1
63 27 289.354492188 1
63 27 289.470825195 1
63 27 289.558288574 1
63 27 289.613739014 1
63 27 289.615692139 1
63 27 289.641387939 1
63 27 289.697021484 1
63 27 290.119689941 1
63 27 290.705535889 1
63 27 291.870605469 1
63 27 292.262817383 1
63 27 292.854125977 1
63 27 293.024047852 1
63 27 293.719940186 1
63 27 294.042358398 1
63 27 294.818267822 1
63 27 294.859710693 1
63 27 295.0909729 1
63 27 296.440490723 1
63 27 296.629943848 1
63 27 297.651031494 1
63 27 298.162506104 1
63 27 298.280029297 1
63 27 299.182678223 1
63 27 299.269348145 1
63 27 300.94317627 1
63 27 301.887145996 1
63 27 302.626281738 1
63 27 302.767242432 1
63 27 304.238983154 1
63 27 306.232513428 1
63 27 306.975708008 1
63 27 307.146942139 1
63 27 307.272369385 1
63 27 308.157318115 1
63 27 309.084960938 1
63 27 309.427062988 1
63 27 310.2215271 1
63 27 313.066711426 1
63 27 314.572296143 1
63 27 316.262237549 1
63 27 317.081634521 1
63 27 318.111877441 1
63 27 318.179016113 1
63 27 318.23651123 1
63 27 318.601989746 1
63 27 319.914703369 1
63 27 320.073638916 1
63 27 320.494598389 1
63 27 322.006408691 1
63 27 323.185577393 1
63 27 323.655426025 1
63 27 324.57244873 1
63 27 326.171447754 1
63 27 326.743286133 1
63 27 329.446166992 1
63 27 329.700469971 1
63 27 329.972961426 1
63 27 330.15927124 1
63 27 330.497070312 1
63 27 330.829284668 1
63 27 334.860626221 1
63 27 336.542724609 1
63 27 339.009063721 1
63 27 341.420684814 1
63 27 346.530456543 1
63 27 348.882293701 1
63 27 352.968688965 1
63 27 353.401885986 1
63 27 355.840240479 1
63 27 356.793640137 1
63 27 358.319580078 1
63 27 360.882080078 1
63 27 361.069580078 1
63 27 365.588500977 1
63 27 365.744812012 1
63 27 367.761871338 1
63 27 368.412078857 1
63 27 369.303283691 1
63 27 371.432647705 1
63 27 372.32522583 1
63 27 372.383178711 1
63 27 374.795654297 1
63 27 375.675994873 1
63 27 377.205657959 1
63 27 382.313140869 1
63 27 382.542297363 1
63 27 384.358734131 1
63 27 390.640625 1
63 27 391.664215088 1
63 27 392.676849365 1
63 27 400.389953613 1
63 27 410.248443604 1
63 27 418.502227783 1
63 27 421.75390625 1
63 27 423.201019287 1
63 27 423.943359375 1
63 27 427.366546631 1
63 27 436.481750488 1
63 27 441.020446777 1
63 27 444.389190674 1
63 27 452.527038574 1
63 27 456.423431396 1
63 27 457.25579834 1
63 27 463.023193359 1
63 27 472.069671631 1
63 27 473.004272461 1
63 27 476.323638916 1
63 27 481.638061523 1
63 27 486.753082275 1
63 27 493.088653564 1
63 27 497.074371338 1
63 27 499.871124268 1
63 27 516.562988281 1
63 27 525.027954102 1
63 27 526.19329834 1
63 27 528.007446289 1
63 27 555.486938477 1
63 27 570.320922852 1
63 27 570.513183594 1
63 27 602.05682373 1
63 27 615.815002441 1
63 27 618.475402832 1
63 27 622.85925293 1
63 27 623.760009766 1
63 27 640.269287109 1
63 27 643.608825684 1
63 27 647.681091309 1
63 27 650.901550293 1
63 27 651.230163574 1
63 27 652.456359863 1
63 27 667.301574707 1
63 27 681.36730957 1
63 27 695.32244873 1
63 27 699.235168457 1
63 27 701.51373291 1
63 27 715.433166504 1
63 27 722.7265625 1
63 27 749.361572266 1
63 27 868.358276367 1
63 27 876.51550293 1
63 27 897.409118652 1
63 27 960.789367676 1
63 27 1024.29711914 1
63 27 1041.77807617 1
63 27 1215.87390137 1
63 27 1298.24768066 1
63 27 1320.95288086 1
63 27 1413.16052246 1
63 27 3177.17163086 1
63 28 158.27796936 1
63 28 158.399597168 1
63 28 161.206726074 1
63 28 162.973464966 1
63 28 164.494827271 1
63 28 164.583465576 1
63 28 164.719558716 1
63 28 164.978347778 1
63 28 165.231719971 1
63 28 165.480255127 1
63 28 165.609481812 1
63 28 165.69744873 1
63 28 166.001296997 1
63 28 166.250167847 1
63 28 166.443618774 1
63 28 166.472198486 1
63 28 166.853775024 1
63 28 167.118240356 1
63 28 167.157028198 1
63 28 167.273422241 1
63 28 167.331008911 1
63 28 167.744232178 1
63 28 167.783126831 1
63 28 167.869812012 1
63 28 167.900299072 1
63 28 168.1431427 1
63 28 168.187988281 1
63 28 168.370223999 1
63 28 168.436294556 1
63 28 168.777877808 1
63 28 168.876434326 1
63 28 168.880081177 1
63 28 169.011642456 1
63 28 169.27684021 1
63 28 169.412124634 1
63 28 169.420471191 1
63 28 169.574493408 1
63 28 169.628234863 1
63 28 169.682373047 1
63 28 169.759841919 1
63 28 169.79296875 1
63 28 169.811676025 1
63 28 169.858123779 1
63 28 169.909164429 1
63 28 169.993881226 1
63 28 170.033187866 1
63 28 170.13899231 1
63 28 170.332885742 1
63 28 170.354949951 1
63 28 170.569564819 1
63 28 170.714050293 1
63 28 170.726333618 1
63 28 170.906265259 1
63 28 170.938308716 1
63 28 170.972991943 1
63 28 170.986938477 1
63 28 170.991500854 1
63 28 170.999801636 1
63 28 171.128768921 1
63 28 171.147186279 1
63 28 171.188842773 1
63 28 171.375198364 1
63 28 171.44128418 1
63 28 171.5105896 1
63 28 171.681106567 1
63 28 171.81149292 1
63 28 172.002349854 1
63 28 172.088058472 1
63 28 172.18737793 1
63 28 172.544616699 1
63 28 172.643600464 1
63 28 172.753677368 1
63 28 172.88243103 1
63 28 172.896286011 1
63 28 173.018264771 1
63 28 173.195724487 1
63 28 173.293670654 1
63 28 173.368453979 1
63 28 173.379135132 1
63 28 173.50062561 1
63 28 173.610427856 1
63 28 173.798934937 1
63 28 174.111602783 1
63 28 174.13053894 1
63 28 174.304336548 1
63 28 174.308242798 1
63 28 174.347290039 1
63 28 174.499053955 1
63 28 174.666885376 1
63 28 174.698471069 1
63 28 174.86076355 1
63 28 174.942871094 1
63 28 174.957214355 1
63 28 175.01675415 1
63 28 175.135803223 1
63 28 175.165542603 1
63 28 175.203887939 1
63 28 175.27822876 1
63 28 175.281967163 1
63 28 175.449478149 1
63 28 175.462905884 1
63 28 175.524139404 1
63 28 175.545211792 1
63 28 175.696975708 1
63 28 175.724517822 1
63 28 175.765365601 1
63 28 175.805953979 1
63 28 175.892227173 1
63 28 175.972091675 1
63 28 176.050430298 1
63 28 176.146957397 1
63 28 176.215133667 1
63 28 176.248947144 1
63 28 176.278823853 1
63 28 176.290786743 1
63 28 176.389328003 1
63 28 176.393630981 1
63 28 176.595703125 1
63 28 176.653656006 1
63 28 176.691894531 1
63 28 176.709487915 1
63 28 176.724456787 1
63 28 176.782501221 1
63 28 176.838058472 1
63 28 177.003814697 1
63 28 177.01763916 1
63 28 177.066741943 1
63 28 177.255981445 1
63 28 177.688461304 1
63 28 177.742980957 1
63 28 177.848800659 1
63 28 177.86289978 1
63 28 177.904968262 1
63 28 177.928741455 1
63 28 177.980026245 1
63 28 177.99822998 1
63 28 178.039337158 1
63 28 178.052001953 1
63 28 178.112167358 1
63 28 178.143997192 1
63 28 178.162216187 1
63 28 178.173294067 1
63 28 178.327545166 1
63 28 178.671936035 1
63 28 178.690490723 1
63 28 178.70274353 1
63 28 178.768218994 1
63 28 178.916473389 1
63 28 179.001296997 1
63 28 179.029052734 1
63 28 179.042541504 1
63 28 179.124954224 1
63 28 179.133682251 1
63 28 179.137145996 1
63 28 179.179412842 1
63 28 179.194442749 1
63 28 179.262283325 1
63 28 179.382446289 1
63 28 179.517349243 1
63 28 179.521194458 1
63 28 179.533691406 1
63 28 179.587890625 1
63 28 179.633636475 1
63 28 179.742111206 1
63 28 179.746337891 1
63 28 180.092437744 1
63 28 180.316177368 1
63 28 180.444595337 1
63 28 180.4868927 1
63 28 180.526565552 1
63 28 180.61390686 1
63 28 180.638366699 1
63 28 180.734832764 1
63 28 180.757843018 1
63 28 180.759155273 1
63 28 180.767379761 1
63 28 180.867538452 1
63 28 180.897903442 1
63 28 180.922592163 1
63 28 180.956787109 1
63 28 181.067932129 1
63 28 181.371154785 1
63 28 181.442596436 1
63 28 181.478759766 1
63 28 181.498413086 1
63 28 181.504043579 1
63 28 181.585647583 1
63 28 181.637527466 1
63 28 181.72807312 1
63 28 181.909118652 1
63 28 181.997283936 1
63 28 182.002578735 1
63 28 182.372009277 1
63 28 182.467926025 1
63 28 182.5284729 1
63 28 182.541748047 1
63 28 182.548141479 1
63 28 182.563735962 1
63 28 182.592910767 1
63 28 182.810348511 1
63 28 182.834350586 1
63 28 182.856735229 1
63 28 183.08392334 1
63 28 183.406692505 1
63 28 183.451522827 1
63 28 183.484558105 1
63 28 183.586044312 1
63 28 183.667495728 1
63 28 183.730819702 1
63 28 184.046676636 1
63 28 184.081970215 1
63 28 184.241439819 1
63 28 184.273498535 1
63 28 184.360580444 1
63 28 184.631362915 1
63 28 184.649154663 1
63 28 184.664474487 1
63 28 184.741134644 1
63 28 184.936309814 1
63 28 184.962081909 1
63 28 185.03868103 1
63 28 185.194473267 1
63 28 185.195068359 1
63 28 185.340118408 1
63 28 185.532913208 1
63 28 185.623931885 1
63 28 185.688659668 1
63 28 185.792755127 1
63 28 186.069610596 1
63 28 186.242050171 1
63 28 186.28515625 1
63 28 186.315002441 1
63 28 186.510543823 1
63 28 186.711502075 1
63 28 186.85710144 1
63 28 186.895462036 1
63 28 186.912445068 1
63 28 187.012374878 1
63 28 187.090988159 1
63 28 187.179733276 1
63 28 187.400802612 1
63 28 187.408096313 1
63 28 187.451934814 1
63 28 187.853424072 1
63 28 188.002105713 1
63 28 188.101333618 1
63 28 188.114974976 1
63 28 188.387359619 1
63 28 188.643371582 1
63 28 188.811035156 1
63 28 188.830490112 1
63 28 188.850326538 1
63 28 188.939208984 1
63 28 188.950714111 1
63 28 188.976257324 1
63 28 189.307693481 1
63 28 189.310241699 1
63 28 189.39604187 1
63 28 189.842926025 1
63 28 189.962249756 1
63 28 190.150115967 1
63 28 190.190948486 1
63 28 190.761230469 1
63 28 190.902587891 1
63 28 190.94770813 1
63 28 191.089401245 1
63 28 191.155288696 1
63 28 191.294448853 1
63 28 191.385543823 1
63 28 191.580993652 1
63 28 191.586807251 1
63 28 191.635192871 1
63 28 191.642120361 1
63 28 191.655731201 1
63 28 191.680206299 1
63 28 191.727279663 1
63 28 191.925308228 1
63 28 191.985427856 1
63 28 192.170654297 1
63 28 192.450836182 1
63 28 192.544128418 1
63 28 192.847946167 1
63 28 192.89289856 1
63 28 193.242233276 1
63 28 193.354644775 1
63 28 193.508682251 1
63 28 193.780426025 1
63 28 193.862442017 1
63 28 194.112045288 1
63 28 194.169265747 1
63 28 194.252059937 1
63 28 194.519073486 1
63 28 194.566543579 1
63 28 194.582687378 1
63 28 194.758712769 1
63 28 194.765884399 1
63 28 194.836853027 1
63 28 194.84274292 1
63 28 194.930953979 1
63 28 195.028137207 1
63 28 195.057830811 1
63 28 195.093551636 1
63 28 195.117889404 1
63 28 195.23097229 1
63 28 195.62588501 1
63 28 196.715759277 1
63 28 196.947311401 1
63 28 197.059204102 1
63 28 197.10836792 1
63 28 197.403274536 1
63 28 197.485839844 1
63 28 197.516891479 1
63 28 197.547836304 1
63 28 197.835372925 1
63 28 197.861129761 1
63 28 198.136657715 1
63 28 198.13671875 1
63 28 198.475112915 1
63 28 198.618530273 1
63 28 198.750274658 1
63 28 198.857757568 1
63 28 199.071136475 1
63 28 199.129943848 1
63 28 199.15234375 1
63 28 199.224105835 1
63 28 199.401092529 1
63 28 199.402084351 1
63 28 199.934158325 1
63 28 200.065567017 1
63 28 200.258026123 1
63 28 200.474853516 1
63 28 200.510482788 1
63 28 200.540771484 1
63 28 200.559051514 1
63 28 200.695022583 1
63 28 200.77230835 1
63 28 201.045532227 1
63 28 201.091293335 1
63 28 201.165176392 1
63 28 201.205810547 1
63 28 201.454940796 1
63 28 201.458358765 1
63 28 201.626586914 1
63 28 201.646270752 1
63 28 201.971069336 1
63 28 201.992919922 1
63 28 202.271957397 1
63 28 202.469955444 1
63 28 202.705429077 1
63 28 202.808105469 1
63 28 202.823120117 1
63 28 203.111358643 1
63 28 203.237716675 1
63 28 203.425125122 1
63 28 203.469924927 1
63 28 203.505523682 1
63 28 203.564041138 1
63 28 203.643676758 1
63 28 203.65473938 1
63 28 204.128936768 1
63 28 204.14855957 1
63 28 204.209976196 1
63 28 204.39630127 1
63 28 204.438858032 1
63 28 205.01914978 1
63 28 205.367782593 1
63 28 205.385314941 1
63 28 205.448486328 1
63 28 205.476654053 1
63 28 205.58303833 1
63 28 205.60546875 1
63 28 206.095275879 1
63 28 206.197341919 1
63 28 206.455245972 1
63 28 206.892181396 1
63 28 207.20010376 1
63 28 207.31463623 1
63 28 207.506057739 1
63 28 207.605239868 1
63 28 207.620025635 1
63 28 207.758010864 1
63 28 207.792770386 1
63 28 207.942092896 1
63 28 208.079284668 1
63 28 208.153427124 1
63 28 208.972290039 1
63 28 209.032287598 1
63 28 209.033477783 1
63 28 209.057159424 1
63 28 209.465866089 1
63 28 210.296661377 1
63 28 210.314620972 1
63 28 210.403442383 1
63 28 210.665527344 1
63 28 211.292877197 1
63 28 211.329391479 1
63 28 211.459915161 1
63 28 212.181762695 1
63 28 212.193023682 1
63 28 212.26675415 1
63 28 212.34664917 1
63 28 212.819549561 1
63 28 213.505584717 1
63 28 214.024383545 1
63 28 214.066162109 1
63 28 214.38053894 1
63 28 214.668945312 1
63 28 214.714736938 1
63 28 214.814300537 1
63 28 215.038253784 1
63 28 215.06590271 1
63 28 215.477294922 1
63 28 215.496551514 1
63 28 215.529571533 1
63 28 216.207595825 1
63 28 216.414459229 1
63 28 216.636993408 1
63 28 217.236602783 1
63 28 217.38633728 1
63 28 217.428451538 1
63 28 217.47857666 1
63 28 217.591217041 1
63 28 217.617874146 1
63 28 218.229431152 1
63 28 218.48399353 1
63 28 218.642166138 1
63 28 219.353912354 1
63 28 219.812225342 1
63 28 220.321105957 1
63 28 220.882034302 1
63 28 220.907546997 1
63 28 221.228149414 1
63 28 221.241516113 1
63 28 221.366577148 1
63 28 222.066970825 1
63 28 222.726364136 1
63 28 223.493896484 1
63 28 223.65927124 1
63 28 224.316848755 1
63 28 225.117095947 1
63 28 225.686889648 1
63 28 225.992401123 1
63 28 226.962020874 1
63 28 227.296203613 1
63 28 227.465454102 1
63 28 227.543487549 1
63 28 228.09072876 1
63 28 228.636703491 1
63 28 229.008514404 1
63 28 229.280593872 1
63 28 229.854171753 1
63 28 230.216949463 1
63 28 231.285293579 1
63 28 231.807922363 1
63 28 234.248809814 1
63 28 234.797027588 1
63 28 234.860046387 1
63 28 234.885040283 1
63 28 235.256713867 1
63 28 235.49005127 1
63 28 236.338500977 1
63 28 236.426635742 1
63 28 236.978485107 1
63 28 237.634231567 1
63 28 238.105392456 1
63 28 238.373413086 1
63 28 238.605773926 1
63 28 238.891540527 1
63 28 239.315811157 1
63 28 239.489105225 1
63 28 239.984542847 1
63 28 240.656066895 1
63 28 240.78717041 1
63 28 241.667526245 1
63 28 241.711715698 1
63 28 242.102127075 1
63 28 242.200057983 1
63 28 243.886825562 1
63 28 244.259765625 1
63 28 244.313934326 1
63 28 244.918212891 1
63 28 245.081207275 1
63 28 245.384552002 1
63 28 246.607818604 1
63 28 249.766143799 1
63 28 252.238861084 1
63 28 252.758895874 1
63 28 253.399505615 1
63 28 253.543869019 1
63 28 254.570678711 1
63 28 255.499923706 1
63 28 255.994018555 1
63 28 256.001953125 1
63 28 256.236755371 1
63 28 256.561126709 1
63 28 258.160827637 1
63 28 258.21786499 1
63 28 258.345001221 1
63 28 258.475738525 1
63 28 258.622497559 1
63 28 259.443878174 1
63 28 262.767303467 1
63 28 263.500244141 1
63 28 263.621398926 1
63 28 264.617767334 1
63 28 265.418273926 1
63 28 265.663665771 1
63 28 265.808013916 1
63 28 266.014801025 1
63 28 266.997711182 1
63 28 269.780883789 1
63 28 271.056365967 1
63 28 271.65447998 1
63 28 272.936676025 1
63 28 274.522735596 1
63 28 274.582305908 1
63 28 277.28616333 1
63 28 279.204345703 1
63 28 279.670654297 1
63 28 280.322998047 1
63 28 282.143371582 1
63 28 283.087463379 1
63 28 284.89730835 1
63 28 285.59552002 1
63 28 287.263885498 1
63 28 288.169372559 1
63 28 293.137634277 1
63 28 295.091033936 1
63 28 296.095611572 1
63 28 297.07800293 1
63 28 298.403381348 1
63 28 299.393341064 1
63 28 302.566131592 1
63 28 302.741638184 1
63 28 303.443389893 1
63 28 307.296478271 1
63 28 308.880889893 1
63 28 313.886383057 1
63 28 318.726043701 1
63 28 319.207000732 1
63 28 319.428924561 1
63 28 321.681884766 1
63 28 324.493011475 1
63 28 330.178588867 1
63 28 330.325195312 1
63 28 334.856384277 1
63 28 343.812194824 1
63 28 347.107177734 1
63 28 347.369934082 1
63 28 347.508514404 1
63 28 349.478942871 1
63 28 349.901092529 1
63 28 354.276580811 1
63 28 354.506591797 1
63 28 375.511047363 1
63 28 377.640838623 1
63 28 380.277496338 1
63 28 382.272735596 1
63 28 387.405456543 1
63 28 396.904205322 1
63 28 406.827209473 1
63 28 408.173065186 1
63 28 413.621276855 1
63 28 415.303955078 1
63 28 421.043273926 1
63 28 425.028259277 1
63 28 428.933807373 1
63 28 432.128875732 1
63 28 432.657989502 1
63 28 434.584625244 1
63 28 435.3699646 1
63 28 441.694335938 1
63 28 447.152252197 1
63 28 449.962402344 1
63 28 466.182159424 1
63 28 467.85748291 1
63 28 469.587493896 1
63 28 475.357543945 1
63 28 476.613861084 1
63 28 476.963897705 1
63 28 488.874816895 1
63 28 509.61932373 1
63 28 514.911804199 1
63 28 544.584777832 1
63 28 547.201171875 1
63 28 565.57019043 1
63 28 628.656494141 1
63 28 633.879333496 1
63 28 650.25402832 1
63 28 656.200439453 1
63 28 659.829772949 1
63 28 666.953735352 1
63 28 668.012329102 1
63 28 680.049987793 1
63 28 683.943115234 1
63 28 698.444580078 1
63 28 727.141479492 1
63 28 760.425598145 1
63 28 765.409240723 1
63 28 790.437805176 1
63 28 819.677490234 1
63 28 848.57800293 1
63 28 858.814331055 1
63 28 879.547424316 1
63 28 1369.97058105 1
63 28 1445.31079102 1
63 28 1545.67138672 1
63 29 79.4240036011 1
63 29 79.5077514648 1
63 29 79.9519958496 1
63 29 80.2501220703 1
63 29 80.6010055542 1
63 29 80.958366394 1
63 29 81.0643081665 1
63 29 81.1036224365 1
63 29 81.1148834229 1
63 29 81.1222457886 1
63 29 81.1445617676 1
63 29 81.2053527832 1
63 29 81.2819976807 1
63 29 81.3354263306 1
63 29 81.4453125 1
63 29 81.5221099854 1
63 29 81.6276702881 1
63 29 81.6662826538 1
63 29 81.6691055298 1
63 29 81.6971893311 1
63 29 81.7467803955 1
63 29 81.853225708 1
63 29 81.8683929443 1
63 29 81.951171875 1
63 29 81.9551849365 1
63 29 81.9655532837 1
63 29 82.2328720093 1
63 29 82.3013916016 1
63 29 82.3222503662 1
63 29 82.3476257324 1
63 29 82.3796157837 1
63 29 82.4661560059 1
63 29 82.4937286377 1
63 29 82.5814208984 1
63 29 82.5816802979 1
63 29 82.7314376831 1
63 29 82.7724304199 1
63 29 82.8977584839 1
63 29 82.899055481 1
63 29 83.0417556763 1
63 29 83.050201416 1
63 29 83.1563873291 1
63 29 83.159286499 1
63 29 83.2645645142 1
63 29 83.282623291 1
63 29 83.3042526245 1
63 29 83.3059997559 1
63 29 83.3184814453 1
63 29 83.3352508545 1
63 29 83.3554382324 1
63 29 83.4027099609 1
63 29 83.4133071899 1
63 29 83.5213775635 1
63 29 83.604309082 1
63 29 83.6804199219 1
63 29 83.8170852661 1
63 29 83.8204269409 1
63 29 83.8334960938 1
63 29 83.8694458008 1
63 29 84.0180053711 1
63 29 84.0314559937 1
63 29 84.1074981689 1
63 29 84.1469268799 1
63 29 84.1743774414 1
63 29 84.1813964844 1
63 29 84.222984314 1
63 29 84.2483673096 1
63 29 84.251083374 1
63 29 84.2896575928 1
63 29 84.3499755859 1
63 29 84.3701782227 1
63 29 84.3829421997 1
63 29 84.390045166 1
63 29 84.4252700806 1
63 29 84.4668121338 1
63 29 84.4974365234 1
63 29 84.5820083618 1
63 29 84.6903076172 1
63 29 84.6946716309 1
63 29 84.7252883911 1
63 29 84.7632446289 1
63 29 84.7962646484 1
63 29 84.843460083 1
63 29 84.853012085 1
63 29 84.8995742798 1
63 29 84.9081497192 1
63 29 84.9797286987 1
63 29 84.9899520874 1
63 29 85.0161590576 1
63 29 85.0386199951 1
63 29 85.0842666626 1
63 29 85.1022720337 1
63 29 85.1271438599 1
63 29 85.1770172119 1
63 29 85.2961425781 1
63 29 85.3432159424 1
63 29 85.3886642456 1
63 29 85.3988037109 1
63 29 85.4252624512 1
63 29 85.4441452026 1
63 29 85.4634094238 1
63 29 85.5047073364 1
63 29 85.5649490356 1
63 29 85.5866699219 1
63 29 85.5913009644 1
63 29 85.6425247192 1
63 29 85.6772766113 1
63 29 85.7216949463 1
63 29 85.7808227539 1
63 29 85.838394165 1
63 29 85.8696594238 1
63 29 85.9027404785 1
63 29 85.9041595459 1
63 29 85.9852142334 1
63 29 85.9947662354 1
63 29 86.0247039795 1
63 29 86.0421829224 1
63 29 86.0563583374 1
63 29 86.0634231567 1
63 29 86.120765686 1
63 29 86.1216430664 1
63 29 86.1240692139 1
63 29 86.1312484741 1
63 29 86.1401672363 1
63 29 86.2136611938 1
63 29 86.2144546509 1
63 29 86.2174987793 1
63 29 86.2544784546 1
63 29 86.2992858887 1
63 29 86.31590271 1
63 29 86.3264541626 1
63 29 86.3467483521 1
63 29 86.3533630371 1
63 29 86.3631820679 1
63 29 86.4236907959 1
63 29 86.4523468018 1
63 29 86.4678726196 1
63 29 86.5085830688 1
63 29 86.5267333984 1
63 29 86.5274658203 1
63 29 86.5486679077 1
63 29 86.5658416748 1
63 29 86.567741394 1
63 29 86.593421936 1
63 29 86.5995407104 1
63 29 86.6612472534 1
63 29 86.6645050049 1
63 29 86.6969528198 1
63 29 86.7070236206 1
63 29 86.7246398926 1
63 29 86.794342041 1
63 29 86.8136672974 1
63 29 86.8898696899 1
63 29 86.9066848755 1
63 29 86.9367828369 1
63 29 86.9686660767 1
63 29 86.9816055298 1
63 29 87.0155715942 1
63 29 87.0191040039 1
63 29 87.0594406128 1
63 29 87.08568573 1
63 29 87.0955505371 1
63 29 87.1002349854 1
63 29 87.1093139648 1
63 29 87.1108856201 1
63 29 87.1117324829 1
63 29 87.1491394043 1
63 29 87.1621932983 1
63 29 87.2431640625 1
63 29 87.316078186 1
63 29 87.3218002319 1
63 29 87.3266983032 1
63 29 87.3364028931 1
63 29 87.4057235718 1
63 29 87.4128112793 1
63 29 87.4383773804 1
63 29 87.4496307373 1
63 29 87.4516143799 1
63 29 87.4526672363 1
63 29 87.4873428345 1
63 29 87.4907836914 1
63 29 87.4942626953 1
63 29 87.503944397 1
63 29 87.5146026611 1
63 29 87.5357131958 1
63 29 87.5548934937 1
63 29 87.564491272 1
63 29 87.598739624 1
63 29 87.6005172729 1
63 29 87.6364212036 1
63 29 87.638343811 1
63 29 87.6395339966 1
63 29 87.6459579468 1
63 29 87.6965866089 1
63 29 87.6989364624 1
63 29 87.7117919922 1
63 29 87.7184906006 1
63 29 87.7424240112 1
63 29 87.7488861084 1
63 29 87.7653503418 1
63 29 87.7877883911 1
63 29 87.8029022217 1
63 29 87.8107070923 1
63 29 87.8139266968 1
63 29 87.8194122314 1
63 29 87.8259658813 1
63 29 87.8547439575 1
63 29 87.8938217163 1
63 29 87.9452590942 1
63 29 87.9557647705 1
63 29 87.9585266113 1
63 29 87.9602050781 1
63 29 87.9632110596 1
63 29 87.9990234375 1
63 29 88.008354187 1
63 29 88.0161590576 1
63 29 88.0208053589 1
63 29 88.0273132324 1
63 29 88.0368270874 1
63 29 88.0635299683 1
63 29 88.0822906494 1
63 29 88.094871521 1
63 29 88.0983657837 1
63 29 88.116973877 1
63 29 88.1262359619 1
63 29 88.1396408081 1
63 29 88.2015686035 1
63 29 88.2095184326 1
63 29 88.2479629517 1
63 29 88.2992630005 1
63 29 88.3279266357 1
63 29 88.3471221924 1
63 29 88.3736953735 1
63 29 88.3864517212 1
63 29 88.4013900757 1
63 29 88.4174423218 1
63 29 88.442024231 1
63 29 88.5115814209 1
63 29 88.529586792 1
63 29 88.532371521 1
63 29 88.6203079224 1
63 29 88.628364563 1
63 29 88.6486282349 1
63 29 88.6521224976 1
63 29 88.6663665771 1
63 29 88.6779937744 1
63 29 88.69165802 1
63 29 88.7460174561 1
63 29 88.7484741211 1
63 29 88.7541351318 1
63 29 88.7652587891 1
63 29 88.7930221558 1
63 29 88.8096618652 1
63 29 88.8149032593 1
63 29 88.8177261353 1
63 29 88.818145752 1
63 29 88.8293075562 1
63 29 88.8301849365 1
63 29 88.8303375244 1
63 29 88.8392410278 1
63 29 88.9038772583 1
63 29 88.9084320068 1
63 29 88.9138336182 1
63 29 88.938117981 1
63 29 88.9757614136 1
63 29 88.995223999 1
63 29 89.0205154419 1
63 29 89.0246124268 1
63 29 89.05834198 1
63 29 89.0842819214 1
63 29 89.085395813 1
63 29 89.0959777832 1
63 29 89.1238632202 1
63 29 89.1309738159 1
63 29 89.1851272583 1
63 29 89.1898117065 1
63 29 89.1960601807 1
63 29 89.2061233521 1
63 29 89.2646179199 1
63 29 89.2694091797 1
63 29 89.2747650146 1
63 29 89.2894439697 1
63 29 89.2967529297 1
63 29 89.310295105 1
63 29 89.3354797363 1
63 29 89.3624954224 1
63 29 89.3905105591 1
63 29 89.3998641968 1
63 29 89.4028091431 1
63 29 89.4211120605 1
63 29 89.4434432983 1
63 29 89.4803009033 1
63 29 89.4889373779 1
63 29 89.5326766968 1
63 29 89.5808334351 1
63 29 89.5824127197 1
63 29 89.5860900879 1
63 29 89.589515686 1
63 29 89.6094589233 1
63 29 89.6250839233 1
63 29 89.6454772949 1
63 29 89.6675949097 1
63 29 89.6961746216 1
63 29 89.7214126587 1
63 29 89.7214202881 1
63 29 89.7450332642 1
63 29 89.7575302124 1
63 29 89.7644042969 1
63 29 89.7742080688 1
63 29 89.8020095825 1
63 29 89.8208236694 1
63 29 89.8465118408 1
63 29 89.882522583 1
63 29 89.9037399292 1
63 29 89.9496841431 1
63 29 89.9663925171 1
63 29 89.9664230347 1
63 29 89.9677047729 1
63 29 90.026184082 1
63 29 90.0366210938 1
63 29 90.121673584 1
63 29 90.1392059326 1
63 29 90.1405334473 1
63 29 90.1581573486 1
63 29 90.1893234253 1
63 29 90.1986618042 1
63 29 90.2161941528 1
63 29 90.2180557251 1
63 29 90.2237701416 1
63 29 90.2448883057 1
63 29 90.2663192749 1
63 29 90.2718658447 1
63 29 90.3062362671 1
63 29 90.3461074829 1
63 29 90.3464202881 1
63 29 90.3491516113 1
63 29 90.3746032715 1
63 29 90.3805541992 1
63 29 90.3947296143 1
63 29 90.4251480103 1
63 29 90.4408950806 1
63 29 90.4527740479 1
63 29 90.466583252 1
63 29 90.4778823853 1
63 29 90.4973220825 1
63 29 90.5205078125 1
63 29 90.5225143433 1
63 29 90.523727417 1
63 29 90.5721893311 1
63 29 90.5809326172 1
63 29 90.6006546021 1
63 29 90.6070785522 1
63 29 90.620262146 1
63 29 90.6213302612 1
63 29 90.6222915649 1
63 29 90.6237258911 1
63 29 90.6614532471 1
63 29 90.6707839966 1
63 29 90.7054595947 1
63 29 90.7066574097 1
63 29 90.709236145 1
63 29 90.7123031616 1
63 29 90.7200393677 1
63 29 90.7218399048 1
63 29 90.7328109741 1
63 29 90.7398452759 1
63 29 90.7579040527 1
63 29 90.7674179077 1
63 29 90.7926483154 1
63 29 90.8105163574 1
63 29 90.8191146851 1
63 29 90.8272781372 1
63 29 90.8323745728 1
63 29 90.8381729126 1
63 29 90.8654022217 1
63 29 90.8708496094 1
63 29 90.8741226196 1
63 29 90.8796844482 1
63 29 90.8868789673 1
63 29 90.8922958374 1
63 29 90.9445571899 1
63 29 90.9570922852 1
63 29 90.9683151245 1
63 29 90.9703292847 1
63 29 90.9717483521 1
63 29 90.9761581421 1
63 29 90.9904327393 1
63 29 91.0080795288 1
63 29 91.0088882446 1
63 29 91.0817108154 1
63 29 91.0827026367 1
63 29 91.088394165 1
63 29 91.0904388428 1
63 29 91.1075057983 1
63 29 91.1118469238 1
63 29 91.1260681152 1
63 29 91.1563873291 1
63 29 91.1621780396 1
63 29 91.1722412109 1
63 29 91.1864395142 1
63 29 91.2061386108 1
63 29 91.2122421265 1
63 29 91.2219390869 1
63 29 91.2420196533 1
63 29 91.2618637085 1
63 29 91.2983016968 1
63 29 91.3089752197 1
63 29 91.3198242188 1
63 29 91.321762085 1
63 29 91.3442611694 1
63 29 91.3581466675 1
63 29 91.3732223511 1
63 29 91.3823547363 1
63 29 91.3843994141 1
63 29 91.4079208374 1
63 29 91.4309234619 1
63 29 91.4410095215 1
63 29 91.4434280396 1
63 29 91.45652771 1
63 29 91.4881896973 1
63 29 91.4915618896 1
63 29 91.5598831177 1
63 29 91.563873291 1
63 29 91.6013717651 1
63 29 91.6018981934 1
63 29 91.6409454346 1
63 29 91.6446990967 1
63 29 91.6536483765 1
63 29 91.6694412231 1
63 29 91.6847991943 1
63 29 91.7108840942 1
63 29 91.714302063 1
63 29 91.7186355591 1
63 29 91.7246780396 1
63 29 91.725769043 1
63 29 91.7298736572 1
63 29 91.7358474731 1
63 29 91.748085022 1
63 29 91.7486419678 1
63 29 91.7551193237 1
63 29 91.7574081421 1
63 29 91.7575912476 1
63 29 91.7585678101 1
63 29 91.7636032104 1
63 29 91.7696151733 1
63 29 91.7931213379 1
63 29 91.7986450195 1
63 29 91.8069839478 1
63 29 91.8125457764 1
63 29 91.8149490356 1
63 29 91.8166275024 1
63 29 91.8645858765 1
63 29 91.8799514771 1
63 29 91.8870315552 1
63 29 91.897026062 1
63 29 91.9004440308 1
63 29 91.9061279297 1
63 29 91.9179534912 1
63 29 91.9293212891 1
63 29 91.9304885864 1
63 29 91.9334335327 1
63 29 91.9402389526 1
63 29 91.9495849609 1
63 29 91.9661865234 1
63 29 91.9798965454 1
63 29 92.0034103394 1
63 29 92.0095367432 1
63 29 92.0104675293 1
63 29 92.0121231079 1
63 29 92.0334472656 1
63 29 92.057258606 1
63 29 92.0620117188 1
63 29 92.0865402222 1
63 29 92.1359710693 1
63 29 92.1427001953 1
63 29 92.1598358154 1
63 29 92.1640930176 1
63 29 92.1729278564 1
63 29 92.1746749878 1
63 29 92.1781082153 1
63 29 92.1800994873 1
63 29 92.1902999878 1
63 29 92.2286605835 1
63 29 92.2562408447 1
63 29 92.2581558228 1
63 29 92.259552002 1
63 29 92.2686920166 1
63 29 92.2830276489 1
63 29 92.2863693237 1
63 29 92.2877655029 1
63 29 92.2993545532 1
63 29 92.3217163086 1
63 29 92.3641967773 1
63 29 92.3648529053 1
63 29 92.3671951294 1
63 29 92.3884277344 1
63 29 92.3927230835 1
63 29 92.393409729 1
63 29 92.397857666 1
63 29 92.3980789185 1
63 29 92.3988952637 1
63 29 92.4120101929 1
63 29 92.4864654541 1
63 29 92.5082550049 1
63 29 92.559135437 1
63 29 92.5852966309 1
63 29 92.5979537964 1
63 29 92.6202468872 1
63 29 92.6393814087 1
63 29 92.644241333 1
63 29 92.6637496948 1
63 29 92.6944503784 1
63 29 92.7209091187 1
63 29 92.7355804443 1
63 29 92.7374420166 1
63 29 92.7395095825 1
63 29 92.7468643188 1
63 29 92.7725753784 1
63 29 92.7756271362 1
63 29 92.7821044922 1
63 29 92.7880477905 1
63 29 92.8201446533 1
63 29 92.8226394653 1
63 29 92.8355789185 1
63 29 92.8375473022 1
63 29 92.8409423828 1
63 29 92.8521957397 1
63 29 92.8558883667 1
63 29 92.8757858276 1
63 29 92.8965606689 1
63 29 92.9159011841 1
63 29 92.936882019 1
63 29 92.943572998 1
63 29 92.9464035034 1
63 29 92.9493103027 1
63 29 92.9524078369 1
63 29 92.9554443359 1
63 29 92.9695205688 1
63 29 92.9763717651 1
63 29 92.9898986816 1
63 29 92.9903640747 1
63 29 92.9965896606 1
63 29 93.018913269 1
63 29 93.0310516357 1
63 29 93.0468521118 1
63 29 93.0483016968 1
63 29 93.0615768433 1
63 29 93.0769805908 1
63 29 93.1339797974 1
63 29 93.1368789673 1
63 29 93.1490478516 1
63 29 93.1554870605 1
63 29 93.1988372803 1
63 29 93.2076263428 1
63 29 93.3014221191 1
63 29 93.3301773071 1
63 29 93.3509597778 1
63 29 93.3798980713 1
63 29 93.3808517456 1
63 29 93.4159545898 1
63 29 93.4443359375 1
63 29 93.4519271851 1
63 29 93.4699859619 1
63 29 93.4803466797 1
63 29 93.4814758301 1
63 29 93.4960174561 1
63 29 93.5508499146 1
63 29 93.5727005005 1
63 29 93.5746154785 1
63 29 93.5830841064 1
63 29 93.5881729126 1
63 29 93.6083374023 1
63 29 93.6155471802 1
63 29 93.6178512573 1
63 29 93.6302261353 1
63 29 93.6419830322 1
63 29 93.6467895508 1
63 29 93.6725921631 1
63 29 93.7135925293 1
63 29 93.7175674438 1
63 29 93.7223052979 1
63 29 93.7231826782 1
63 29 93.723739624 1
63 29 93.7274703979 1
63 29 93.7383499146 1
63 29 93.7552566528 1
63 29 93.7747650146 1
63 29 93.7856826782 1
63 29 93.7976379395 1
63 29 93.7981796265 1
63 29 93.8206558228 1
63 29 93.8281478882 1
63 29 93.8350982666 1
63 29 93.8435058594 1
63 29 93.8558807373 1
63 29 93.8716812134 1
63 29 93.9279937744 1
63 29 93.9287338257 1
63 29 93.9347991943 1
63 29 93.9348983765 1
63 29 93.9615936279 1
63 29 93.9650878906 1
63 29 93.9725341797 1
63 29 93.9894485474 1
63 29 94.0078964233 1
63 29 94.0213394165 1
63 29 94.0301513672 1
63 29 94.0331268311 1
63 29 94.0627288818 1
63 29 94.0790939331 1
63 29 94.0791244507 1
63 29 94.0824813843 1
63 29 94.0915298462 1
63 29 94.1041564941 1
63 29 94.1055145264 1
63 29 94.1199645996 1
63 29 94.1220245361 1
63 29 94.1335754395 1
63 29 94.1396942139 1
63 29 94.1532974243 1
63 29 94.1908416748 1
63 29 94.2030715942 1
63 29 94.2389373779 1
63 29 94.2508926392 1
63 29 94.2786941528 1
63 29 94.2804641724 1
63 29 94.302192688 1
63 29 94.3193664551 1
63 29 94.3243865967 1
63 29 94.3493270874 1
63 29 94.3598709106 1
63 29 94.3619308472 1
63 29 94.3754425049 1
63 29 94.4097824097 1
63 29 94.4280548096 1
63 29 94.4329452515 1
63 29 94.4454116821 1
63 29 94.4508056641 1
63 29 94.4566574097 1
63 29 94.4566879272 1
63 29 94.4607162476 1
63 29 94.4631958008 1
63 29 94.4710769653 1
63 29 94.4739227295 1
63 29 94.4846420288 1
63 29 94.4963912964 1
63 29 94.4996566772 1
63 29 94.5188903809 1
63 29 94.5819702148 1
63 29 94.5964050293 1
63 29 94.6126937866 1
63 29 94.6158447266 1
63 29 94.6245269775 1
63 29 94.6252441406 1
63 29 94.6357879639 1
63 29 94.6455459595 1
63 29 94.6483383179 1
63 29 94.6722335815 1
63 29 94.6957321167 1
63 29 94.7283401489 1
63 29 94.7291488647 1
63 29 94.7303619385 1
63 29 94.7320098877 1
63 29 94.7448196411 1
63 29 94.8525085449 1
63 29 94.8618850708 1
63 29 94.8635559082 1
63 29 94.9046554565 1
63 29 94.9192581177 1
63 29 94.9287490845 1
63 29 94.9395294189 1
63 29 94.9591674805 1
63 29 94.9654312134 1
63 29 94.975730896 1
63 29 95.0050811768 1
63 29 95.0120391846 1
63 29 95.0243835449 1
63 29 95.0260314941 1
63 29 95.0402603149 1
63 29 95.1250076294 1
63 29 95.1960983276 1
63 29 95.1985473633 1
63 29 95.2050018311 1
63 29 95.2060317993 1
63 29 95.2386550903 1
63 29 95.2520141602 1
63 29 95.2748565674 1
63 29 95.2946166992 1
63 29 95.3067626953 1
63 29 95.3250045776 1
63 29 95.3448791504 1
63 29 95.3510284424 1
63 29 95.3900222778 1
63 29 95.3944625854 1
63 29 95.4130630493 1
63 29 95.4173812866 1
63 29 95.4215774536 1
63 29 95.4426803589 1
63 29 95.462310791 1
63 29 95.487701416 1
63 29 95.490020752 1
63 29 95.5082855225 1
63 29 95.5120239258 1
63 29 95.5193099976 1
63 29 95.5545120239 1
63 29 95.5789794922 1
63 29 95.5928268433 1
63 29 95.6025085449 1
63 29 95.6273269653 1
63 29 95.6376037598 1
63 29 95.6453475952 1
63 29 95.6571655273 1
63 29 95.6777496338 1
63 29 95.6927719116 1
63 29 95.6958465576 1
63 29 95.6996688843 1
63 29 95.7300491333 1
63 29 95.7337722778 1
63 29 95.7784881592 1
63 29 95.8113021851 1
63 29 95.8147735596 1
63 29 95.8215713501 1
63 29 95.8385009766 1
63 29 95.8426895142 1
63 29 95.8472213745 1
63 29 95.8548202515 1
63 29 95.8604736328 1
63 29 95.8762207031 1
63 29 95.9023590088 1
63 29 95.9037322998 1
63 29 95.9114303589 1
63 29 95.9118118286 1
63 29 95.9294967651 1
63 29 95.9428100586 1
63 29 95.9504013062 1
63 29 95.9752960205 1
63 29 95.9858627319 1
63 29 96.0345916748 1
63 29 96.0441055298 1
63 29 96.0470428467 1
63 29 96.0599060059 1
63 29 96.0715026855 1
63 29 96.1062240601 1
63 29 96.1242599487 1
63 29 96.1345291138 1
63 29 96.1592102051 1
63 29 96.1686630249 1
63 29 96.1835861206 1
63 29 96.186630249 1
63 29 96.1971054077 1
63 29 96.2150421143 1
63 29 96.2177124023 1
63 29 96.2230529785 1
63 29 96.2286300659 1
63 29 96.2451705933 1
63 29 96.2718887329 1
63 29 96.2816238403 1
63 29 96.2866744995 1
63 29 96.2983093262 1
63 29 96.3015823364 1
63 29 96.314201355 1
63 29 96.3175582886 1
63 29 96.318321228 1
63 29 96.3203048706 1
63 29 96.3207855225 1
63 29 96.3375473022 1
63 29 96.3684844971 1
63 29 96.3992843628 1
63 29 96.4124908447 1
63 29 96.4203796387 1
63 29 96.4347686768 1
63 29 96.4542770386 1
63 29 96.476890564 1
63 29 96.4777297974 1
63 29 96.4853897095 1
63 29 96.4932556152 1
63 29 96.4957962036 1
63 29 96.5110092163 1
63 29 96.5377578735 1
63 29 96.5684280396 1
63 29 96.5770721436 1
63 29 96.6253128052 1
63 29 96.630569458 1
63 29 96.6320571899 1
63 29 96.635307312 1
63 29 96.6450958252 1
63 29 96.657661438 1
63 29 96.6671295166 1
63 29 96.6671981812 1
63 29 96.7000198364 1
63 29 96.7105331421 1
63 29 96.7258605957 1
63 29 96.7476425171 1
63 29 96.7577133179 1
63 29 96.7584838867 1
63 29 96.759979248 1
63 29 96.8273391724 1
63 29 96.855255127 1
63 29 96.8703308105 1
63 29 96.874671936 1
63 29 96.877746582 1
63 29 96.9058761597 1
63 29 96.9164123535 1
63 29 96.9193954468 1
63 29 96.9469146729 1
63 29 96.9919586182 1
63 29 96.9990158081 1
63 29 97.0161361694 1
63 29 97.0322952271 1
63 29 97.0459899902 1
63 29 97.0495452881 1
63 29 97.0821914673 1
63 29 97.0840606689 1
63 29 97.0874862671 1
63 29 97.0936584473 1
63 29 97.0944976807 1
63 29 97.1201629639 1
63 29 97.1256408691 1
63 29 97.1260604858 1
63 29 97.1384048462 1
63 29 97.1700973511 1
63 29 97.183921814 1
63 29 97.1990127563 1
63 29 97.2155227661 1
63 29 97.2326049805 1
63 29 97.2699584961 1
63 29 97.2812576294 1
63 29 97.3171310425 1
63 29 97.3171768188 1
63 29 97.3321609497 1
63 29 97.3664550781 1
63 29 97.3731918335 1
63 29 97.3751831055 1
63 29 97.3787078857 1
63 29 97.3973922729 1
63 29 97.426864624 1
63 29 97.4360427856 1
63 29 97.4488754272 1
63 29 97.4802017212 1
63 29 97.4979553223 1
63 29 97.5090637207 1
63 29 97.5114212036 1
63 29 97.5424499512 1
63 29 97.5823135376 1
63 29 97.5893707275 1
63 29 97.5923690796 1
63 29 97.6031646729 1
63 29 97.6137771606 1
63 29 97.6164016724 1
63 29 97.6246948242 1
63 29 97.6362228394 1
63 29 97.6757888794 1
63 29 97.6865310669 1
63 29 97.6962356567 1
63 29 97.7194442749 1
63 29 97.7252807617 1
63 29 97.7305526733 1
63 29 97.7398986816 1
63 29 97.753692627 1
63 29 97.7709121704 1
63 29 97.7741622925 1
63 29 97.8310012817 1
63 29 97.8768157959 1
63 29 97.9223937988 1
63 29 97.9248352051 1
63 29 97.9460830688 1
63 29 97.9645690918 1
63 29 97.9684677124 1
63 29 97.9722900391 1
63 29 97.9787902832 1
63 29 98.0162887573 1
63 29 98.0331573486 1
63 29 98.033241272 1
63 29 98.0639648438 1
63 29 98.0755081177 1
63 29 98.0778503418 1
63 29 98.0946807861 1
63 29 98.1303253174 1
63 29 98.1555786133 1
63 29 98.1795349121 1
63 29 98.2398071289 1
63 29 98.2538604736 1
63 29 98.2744674683 1
63 29 98.2877502441 1
63 29 98.2909469604 1
63 29 98.3061294556 1
63 29 98.3378219604 1
63 29 98.3391036987 1
63 29 98.3475036621 1
63 29 98.3607025146 1
63 29 98.3607025146 1
63 29 98.3667984009 1
63 29 98.3765335083 1
63 29 98.4038085938 1
63 29 98.4084396362 1
63 29 98.4323654175 1
63 29 98.4330291748 1
63 29 98.4343338013 1
63 29 98.4474487305 1
63 29 98.4881668091 1
63 29 98.4979934692 1
63 29 98.512550354 1
63 29 98.5467453003 1
63 29 98.5561828613 1
63 29 98.5764541626 1
63 29 98.5765991211 1
63 29 98.6141052246 1
63 29 98.6445846558 1
63 29 98.6744766235 1
63 29 98.7284317017 1
63 29 98.7466506958 1
63 29 98.7587432861 1
63 29 98.7880249023 1
63 29 98.7941131592 1
63 29 98.8033447266 1
63 29 98.8155670166 1
63 29 98.8349227905 1
63 29 98.8398742676 1
63 29 98.86743927 1
63 29 98.8776779175 1
63 29 98.9248809814 1
63 29 98.9310913086 1
63 29 98.9495391846 1
63 29 98.9818115234 1
63 29 98.998664856 1
63 29 99.0024261475 1
63 29 99.0167770386 1
63 29 99.0334854126 1
63 29 99.0407714844 1
63 29 99.0873565674 1
63 29 99.1365127563 1
63 29 99.13697052 1
63 29 99.141242981 1
63 29 99.1475601196 1
63 29 99.1556930542 1
63 29 99.157913208 1
63 29 99.1608963013 1
63 29 99.1703948975 1
63 29 99.1792602539 1
63 29 99.1814498901 1
63 29 99.1877441406 1
63 29 99.1885299683 1
63 29 99.1979293823 1
63 29 99.2025375366 1
63 29 99.2407989502 1
63 29 99.2675552368 1
63 29 99.2997970581 1
63 29 99.3555221558 1
63 29 99.3719329834 1
63 29 99.3938369751 1
63 29 99.3949508667 1
63 29 99.3966674805 1
63 29 99.4236221313 1
63 29 99.4243850708 1
63 29 99.4268798828 1
63 29 99.4310684204 1
63 29 99.4384384155 1
63 29 99.4580230713 1
63 29 99.4759063721 1
63 29 99.4908752441 1
63 29 99.4909591675 1
63 29 99.5128860474 1
63 29 99.5170440674 1
63 29 99.5607681274 1
63 29 99.5828857422 1
63 29 99.5833435059 1
63 29 99.5912704468 1
63 29 99.642791748 1
63 29 99.6431121826 1
63 29 99.6602172852 1
63 29 99.6699676514 1
63 29 99.6720275879 1
63 29 99.6739883423 1
63 29 99.6832733154 1
63 29 99.6852493286 1
63 29 99.7005996704 1
63 29 99.7090759277 1
63 29 99.7130584717 1
63 29 99.7168121338 1
63 29 99.7232894897 1
63 29 99.7469558716 1
63 29 99.7802429199 1
63 29 99.784866333 1
63 29 99.8239135742 1
63 29 99.8273010254 1
63 29 99.8366317749 1
63 29 99.8488769531 1
63 29 99.8526000977 1
63 29 99.8587188721 1
63 29 99.8714294434 1
63 29 99.8863601685 1
63 29 99.9438781738 1
63 29 99.9622879028 1
63 29 99.9797515869 1
63 29 100.000900269 1
63 29 100.006866455 1
63 29 100.067779541 1
63 29 100.072921753 1
63 29 100.082633972 1
63 29 100.10874939 1
63 29 100.111595154 1
63 29 100.156600952 1
63 29 100.167922974 1
63 29 100.188484192 1
63 29 100.199897766 1
63 29 100.223182678 1
63 29 100.243896484 1
63 29 100.260780334 1
63 29 100.285057068 1
63 29 100.291946411 1
63 29 100.294242859 1
63 29 100.302459717 1
63 29 100.312858582 1
63 29 100.327468872 1
63 29 100.328773499 1
63 29 100.330993652 1
63 29 100.346420288 1
63 29 100.367897034 1
63 29 100.39138031 1
63 29 100.399490356 1
63 29 100.400306702 1
63 29 100.42880249 1
63 29 100.437950134 1
63 29 100.440055847 1
63 29 100.444099426 1
63 29 100.444335938 1
63 29 100.459037781 1
63 29 100.470321655 1
63 29 100.471069336 1
63 29 100.479949951 1
63 29 100.498329163 1
63 29 100.516746521 1
63 29 100.518112183 1
63 29 100.532119751 1
63 29 100.536209106 1
63 29 100.53729248 1
63 29 100.596061707 1
63 29 100.597427368 1
63 29 100.602409363 1
63 29 100.609580994 1
63 29 100.616256714 1
63 29 100.616905212 1
63 29 100.629241943 1
63 29 100.646850586 1
63 29 100.688949585 1
63 29 100.710449219 1
63 29 100.713912964 1
63 29 100.723007202 1
63 29 100.72403717 1
63 29 100.732810974 1
63 29 100.748069763 1
63 29 100.763710022 1
63 29 100.775535583 1
63 29 100.785743713 1
63 29 100.790435791 1
63 29 100.801651001 1
63 29 100.820762634 1
63 29 100.825279236 1
63 29 100.827613831 1
63 29 100.860374451 1
63 29 100.871940613 1
63 29 100.894721985 1
63 29 100.894958496 1
63 29 100.902641296 1
63 29 100.907989502 1
63 29 100.909164429 1
63 29 100.91619873 1
63 29 100.931900024 1
63 29 100.956718445 1
63 29 100.992843628 1
63 29 101.009605408 1
63 29 101.010017395 1
63 29 101.015365601 1
63 29 101.030578613 1
63 29 101.067962646 1
63 29 101.107116699 1
63 29 101.166442871 1
63 29 101.227645874 1
63 29 101.234893799 1
63 29 101.240058899 1
63 29 101.273414612 1
63 29 101.354988098 1
63 29 101.355484009 1
63 29 101.38710022 1
63 29 101.420883179 1
63 29 101.451919556 1
63 29 101.461433411 1
63 29 101.4815979 1
63 29 101.509765625 1
63 29 101.560386658 1
63 29 101.575973511 1
63 29 101.608146667 1
63 29 101.617774963 1
63 29 101.61806488 1
63 29 101.640922546 1
63 29 101.643821716 1
63 29 101.648925781 1
63 29 101.657661438 1
63 29 101.734542847 1
63 29 101.77117157 1
63 29 101.800933838 1
63 29 101.831817627 1
63 29 101.840255737 1
63 29 101.87538147 1
63 29 101.896942139 1
63 29 101.899261475 1
63 29 101.90070343 1
63 29 101.906082153 1
63 29 101.916038513 1
63 29 101.934410095 1
63 29 101.968261719 1
63 29 101.997276306 1
63 29 101.999679565 1
63 29 102.04208374 1
63 29 102.050971985 1
63 29 102.087844849 1
63 29 102.102210999 1
63 29 102.116256714 1
63 29 102.147468567 1
63 29 102.156616211 1
63 29 102.172477722 1
63 29 102.216461182 1
63 29 102.217788696 1
63 29 102.223251343 1
63 29 102.225120544 1
63 29 102.240692139 1
63 29 102.258399963 1
63 29 102.403656006 1
63 29 102.403701782 1
63 29 102.428955078 1
63 29 102.433151245 1
63 29 102.467399597 1
63 29 102.493232727 1
63 29 102.549110413 1
63 29 102.566940308 1
63 29 102.573028564 1
63 29 102.58014679 1
63 29 102.583137512 1
63 29 102.693572998 1
63 29 102.701713562 1
63 29 102.753692627 1
63 29 102.783683777 1
63 29 102.786369324 1
63 29 102.808296204 1
63 29 102.845840454 1
63 29 102.854156494 1
63 29 102.855148315 1
63 29 102.884880066 1
63 29 102.927703857 1
63 29 102.944587708 1
63 29 102.951942444 1
63 29 103.007354736 1
63 29 103.029884338 1
63 29 103.038871765 1
63 29 103.144508362 1
63 29 103.177505493 1
63 29 103.217285156 1
63 29 103.220832825 1
63 29 103.263938904 1
63 29 103.296188354 1
63 29 103.314689636 1
63 29 103.325813293 1
63 29 103.364532471 1
63 29 103.384674072 1
63 29 103.423683167 1
63 29 103.428184509 1
63 29 103.511032104 1
63 29 103.552177429 1
63 29 103.565986633 1
63 29 103.589622498 1
63 29 103.590904236 1
63 29 103.602287292 1
63 29 103.658462524 1
63 29 103.688018799 1
63 29 103.785331726 1
63 29 103.817024231 1
63 29 103.845230103 1
63 29 103.915054321 1
63 29 103.970924377 1
63 29 104.026664734 1
63 29 104.028701782 1
63 29 104.066955566 1
63 29 104.073150635 1
63 29 104.140693665 1
63 29 104.140792847 1
63 29 104.151283264 1
63 29 104.167366028 1
63 29 104.196914673 1
63 29 104.202987671 1
63 29 104.220153809 1
63 29 104.225852966 1
63 29 104.240783691 1
63 29 104.246841431 1
63 29 104.283065796 1
63 29 104.29650116 1
63 29 104.311019897 1
63 29 104.314353943 1
63 29 104.329124451 1
63 29 104.343658447 1
63 29 104.37223053 1
63 29 104.378089905 1
63 29 104.389839172 1
63 29 104.401664734 1
63 29 104.411819458 1
63 29 104.492095947 1
63 29 104.575950623 1
63 29 104.585327148 1
63 29 104.586555481 1
63 29 104.607032776 1
63 29 104.618553162 1
63 29 104.648841858 1
63 29 104.65171814 1
63 29 104.710083008 1
63 29 104.729301453 1
63 29 104.744827271 1
63 29 104.819007874 1
63 29 104.819473267 1
63 29 104.846343994 1
63 29 104.85194397 1
63 29 104.899635315 1
63 29 104.906852722 1
63 29 104.909683228 1
63 29 104.923301697 1
63 29 104.955696106 1
63 29 104.998565674 1
63 29 105.029953003 1
63 29 105.037704468 1
63 29 105.077880859 1
63 29 105.089897156 1
63 29 105.120361328 1
63 29 105.174285889 1
63 29 105.246917725 1
63 29 105.283073425 1
63 29 105.294807434 1
63 29 105.367263794 1
63 29 105.373123169 1
63 29 105.375984192 1
63 29 105.390670776 1
63 29 105.43422699 1
63 29 105.443832397 1
63 29 105.454605103 1
63 29 105.471694946 1
63 29 105.514083862 1
63 29 105.626678467 1
63 29 105.643440247 1
63 29 105.654953003 1
63 29 105.687568665 1
63 29 105.696388245 1
63 29 105.731277466 1
63 29 105.821411133 1
63 29 105.840354919 1
63 29 105.845924377 1
63 29 105.873931885 1
63 29 105.907546997 1
63 29 105.976783752 1
63 29 105.982345581 1
63 29 105.988571167 1
63 29 106.012756348 1
63 29 106.025856018 1
63 29 106.031455994 1
63 29 106.044471741 1
63 29 106.111083984 1
63 29 106.147720337 1
63 29 106.185562134 1
63 29 106.223724365 1
63 29 106.25957489 1
63 29 106.267936707 1
63 29 106.284423828 1
63 29 106.319480896 1
63 29 106.324752808 1
63 29 106.343894958 1
63 29 106.38343811 1
63 29 106.414054871 1
63 29 106.418968201 1
63 29 106.433616638 1
63 29 106.478881836 1
63 29 106.486297607 1
63 29 106.515518188 1
63 29 106.550544739 1
63 29 106.626625061 1
63 29 106.655075073 1
63 29 106.702072144 1
63 29 106.751441956 1
63 29 106.761322021 1
63 29 106.813179016 1
63 29 106.938232422 1
63 29 106.969612122 1
63 29 107.003868103 1
63 29 107.009567261 1
63 29 107.023300171 1
63 29 107.040771484 1
63 29 107.05368042 1
63 29 107.100479126 1
63 29 107.101890564 1
63 29 107.138549805 1
63 29 107.14793396 1
63 29 107.163612366 1
63 29 107.298736572 1
63 29 107.31867218 1
63 29 107.341056824 1
63 29 107.378379822 1
63 29 107.486755371 1
63 29 107.553314209 1
63 29 107.581245422 1
63 29 107.584777832 1
63 29 107.60395813 1
63 29 107.644645691 1
63 29 107.718009949 1
63 29 107.743583679 1
63 29 107.749649048 1
63 29 107.764900208 1
63 29 107.787788391 1
63 29 107.837249756 1
63 29 107.844322205 1
63 29 107.953308105 1
63 29 107.975624084 1
63 29 107.990486145 1
63 29 108.009223938 1
63 29 108.098655701 1
63 29 108.139526367 1
63 29 108.18208313 1
63 29 108.194129944 1
63 29 108.210159302 1
63 29 108.220085144 1
63 29 108.24193573 1
63 29 108.274902344 1
63 29 108.320037842 1
63 29 108.351951599 1
63 29 108.376998901 1
63 29 108.384849548 1
63 29 108.397689819 1
63 29 108.585525513 1
63 29 108.611160278 1
63 29 108.625228882 1
63 29 108.646461487 1
63 29 108.769989014 1
63 29 108.819236755 1
63 29 108.82283783 1
63 29 108.848548889 1
63 29 108.861679077 1
63 29 108.884300232 1
63 29 108.913887024 1
63 29 108.960968018 1
63 29 109.014068604 1
63 29 109.096138 1
63 29 109.116249084 1
63 29 109.135673523 1
63 29 109.180297852 1
63 29 109.238937378 1
63 29 109.244972229 1
63 29 109.253982544 1
63 29 109.261222839 1
63 29 109.295974731 1
63 29 109.376235962 1
63 29 109.41633606 1
63 29 109.437438965 1
63 29 109.483062744 1
63 29 109.501815796 1
63 29 109.574508667 1
63 29 109.639396667 1
63 29 109.676773071 1
63 29 109.691207886 1
63 29 109.734474182 1
63 29 109.765991211 1
63 29 109.775314331 1
63 29 109.838294983 1
63 29 109.931289673 1
63 29 110.001029968 1
63 29 110.06603241 1
63 29 110.084259033 1
63 29 110.167076111 1
63 29 110.195999146 1
63 29 110.314537048 1
63 29 110.355377197 1
63 29 110.370117188 1
63 29 110.439804077 1
63 29 110.458816528 1
63 29 110.528190613 1
63 29 110.554466248 1
63 29 110.578865051 1
63 29 110.585655212 1
63 29 110.600112915 1
63 29 110.62726593 1
63 29 110.631866455 1
63 29 110.666091919 1
63 29 110.673614502 1
63 29 110.679443359 1
63 29 110.710456848 1
63 29 110.737174988 1
63 29 110.840316772 1
63 29 110.919418335 1
63 29 111.023574829 1
63 29 111.101860046 1
63 29 111.133895874 1
63 29 111.148101807 1
63 29 111.196899414 1
63 29 111.230148315 1
63 29 111.257293701 1
63 29 111.300613403 1
63 29 111.308013916 1
63 29 111.343238831 1
63 29 111.366333008 1
63 29 111.389877319 1
63 29 111.408317566 1
63 29 111.475120544 1
63 29 111.516281128 1
63 29 111.555931091 1
63 29 111.611991882 1
63 29 111.645065308 1
63 29 111.697822571 1
63 29 111.71572876 1
63 29 111.750640869 1
63 29 111.850738525 1
63 29 111.865089417 1
63 29 111.927383423 1
63 29 111.93031311 1
63 29 111.9504776 1
63 29 111.989402771 1
63 29 111.999923706 1
63 29 112.062431335 1
63 29 112.06427002 1
63 29 112.092674255 1
63 29 112.093688965 1
63 29 112.2315979 1
63 29 112.290611267 1
63 29 112.296630859 1
63 29 112.341903687 1
63 29 112.410758972 1
63 29 112.412879944 1
63 29 112.41960907 1
63 29 112.746749878 1
63 29 112.748077393 1
63 29 112.881858826 1
63 29 112.942695618 1
63 29 112.946556091 1
63 29 112.947364807 1
63 29 113.116149902 1
63 29 113.145217896 1
63 29 113.192573547 1
63 29 113.268859863 1
63 29 113.384994507 1
63 29 113.386711121 1
63 29 113.394729614 1
63 29 113.495124817 1
63 29 113.578849792 1
63 29 113.639144897 1
63 29 113.741043091 1
63 29 113.748321533 1
63 29 113.898696899 1
63 29 114.019104004 1
63 29 114.069450378 1
63 29 114.167320251 1
63 29 114.293182373 1
63 29 114.432189941 1
63 29 114.495742798 1
63 29 114.559211731 1
63 29 114.578689575 1
63 29 114.585678101 1
63 29 114.58682251 1
63 29 114.630622864 1
63 29 114.670211792 1
63 29 114.698638916 1
63 29 114.978607178 1
63 29 115.000854492 1
63 29 115.005477905 1
63 29 115.044021606 1
63 29 115.32699585 1
63 29 115.340927124 1
63 29 115.365791321 1
63 29 115.392448425 1
63 29 115.655578613 1
63 29 115.712905884 1
63 29 115.720252991 1
63 29 115.72077179 1
63 29 115.729354858 1
63 29 115.73563385 1
63 29 115.793083191 1
63 29 115.794204712 1
63 29 115.837608337 1
63 29 115.946601868 1
63 29 115.998275757 1
63 29 116.123023987 1
63 29 116.132881165 1
63 29 116.189567566 1
63 29 116.333740234 1
63 29 116.496612549 1
63 29 116.67111969 1
63 29 116.724571228 1
63 29 116.75693512 1
63 29 116.870361328 1
63 29 116.936943054 1
63 29 116.993682861 1
63 29 117.026290894 1
63 29 117.056510925 1
63 29 117.254905701 1
63 29 117.338821411 1
63 29 117.42325592 1
63 29 117.520622253 1
63 29 117.533424377 1
63 29 117.586868286 1
63 29 117.620262146 1
63 29 117.723007202 1
63 29 117.842536926 1
63 29 117.847702026 1
63 29 117.966041565 1
63 29 118.070220947 1
63 29 118.229347229 1
63 29 118.417198181 1
63 29 118.449752808 1
63 29 118.807060242 1
63 29 118.841445923 1
63 29 118.852973938 1
63 29 119.081069946 1
63 29 119.121582031 1
63 29 119.130073547 1
63 29 119.13079071 1
63 29 119.175506592 1
63 29 119.23739624 1
63 29 119.38167572 1
63 29 119.427520752 1
63 29 119.463241577 1
63 29 119.741394043 1
63 29 119.902557373 1
63 29 120.091873169 1
63 29 120.131271362 1
63 29 120.376274109 1
63 29 120.55922699 1
63 29 120.584228516 1
63 29 120.644371033 1
63 29 120.750671387 1
63 29 120.784729004 1
63 29 120.921951294 1
63 29 120.937805176 1
63 29 121.170776367 1
63 29 121.297088623 1
63 29 121.347465515 1
63 29 121.462158203 1
63 29 121.591796875 1
63 29 121.632507324 1
63 29 121.658782959 1
63 29 121.932426453 1
63 29 122.190704346 1
63 29 122.258041382 1
63 29 122.345237732 1
63 29 122.36365509 1
63 29 122.471733093 1
63 29 122.747322083 1
63 29 122.777618408 1
63 29 122.779090881 1
63 29 122.876174927 1
63 29 123.122673035 1
63 29 123.295150757 1
63 29 123.325050354 1
63 29 123.432220459 1
63 29 123.515731812 1
63 29 123.526626587 1
63 29 123.565055847 1
63 29 123.653404236 1
63 29 123.749511719 1
63 29 123.991371155 1
63 29 124.289329529 1
63 29 124.364616394 1
63 29 124.404167175 1
63 29 124.629638672 1
63 29 124.662010193 1
63 29 124.854171753 1
63 29 125.140449524 1
63 29 125.232543945 1
63 29 125.29410553 1
63 29 125.470680237 1
63 29 125.695152283 1
63 29 125.844856262 1
63 29 125.87474823 1
63 29 126.002670288 1
63 29 126.025283813 1
63 29 126.158737183 1
63 29 126.266357422 1
63 29 126.474456787 1
63 29 126.657035828 1
63 29 126.695678711 1
63 29 126.73475647 1
63 29 127.057304382 1
63 29 127.395278931 1
63 29 127.725654602 1
63 29 127.840667725 1
63 29 127.946968079 1
63 29 128.549911499 1
63 29 128.724105835 1
63 29 129.076049805 1
63 29 129.267684937 1
63 29 129.271575928 1
63 29 129.332061768 1
63 29 129.40864563 1
63 29 129.418807983 1
63 29 129.619445801 1
63 29 130.16506958 1
63 29 130.259735107 1
63 29 130.608627319 1
63 29 131.412460327 1
63 29 131.816040039 1
63 29 131.984741211 1
63 29 132.02784729 1
63 29 132.378646851 1
63 29 132.444412231 1
63 29 132.516723633 1
63 29 132.840103149 1
63 29 132.853500366 1
63 29 132.938064575 1
63 29 133.355239868 1
63 29 133.377532959 1
63 29 133.90725708 1
63 29 134.211303711 1
63 29 134.679428101 1
63 29 134.746307373 1
63 29 134.748550415 1
63 29 134.812973022 1
63 29 134.911865234 1
63 29 135.053421021 1
63 29 135.070846558 1
63 29 135.390289307 1
63 29 135.706939697 1
63 29 135.805831909 1
63 29 135.821563721 1
63 29 136.529434204 1
63 29 136.681518555 1
63 29 137.38583374 1
63 29 137.91557312 1
63 29 137.961914062 1
63 29 138.951477051 1
63 29 139.121841431 1
63 29 139.31803894 1
63 29 139.495864868 1
63 29 139.597869873 1
63 29 139.630187988 1
63 29 139.684707642 1
63 29 140.29914856 1
63 29 140.574432373 1
63 29 141.16696167 1
63 29 141.391143799 1
63 29 141.402481079 1
63 29 142.606048584 1
63 29 142.721954346 1
63 29 142.949874878 1
63 29 143.431259155 1
63 29 144.512863159 1
63 29 144.79914856 1
63 29 145.249694824 1
63 29 145.272537231 1
63 29 145.290634155 1
63 29 145.463775635 1
63 29 145.537994385 1
63 29 145.992538452 1
63 29 146.478240967 1
63 29 147.484634399 1
63 29 147.824325562 1
63 29 148.72203064 1
63 29 149.184799194 1
63 29 149.423568726 1
63 29 149.530181885 1
63 29 149.656768799 1
63 29 150.045043945 1
63 29 150.361495972 1
63 29 151.581359863 1
63 29 151.925765991 1
63 29 153.653488159 1
63 29 154.139175415 1
63 29 154.902084351 1
63 29 155.214569092 1
63 29 155.495300293 1
63 29 155.555847168 1
63 29 156.533279419 1
63 29 156.728012085 1
63 29 158.800994873 1
63 29 159.467483521 1
63 29 159.527450562 1
63 29 159.907562256 1
63 29 160.069046021 1
63 29 160.62802124 1
63 29 161.87411499 1
63 29 162.277435303 1
63 29 162.541748047 1
63 29 163.405471802 1
63 29 164.154144287 1
63 29 165.757324219 1
63 29 166.587081909 1
63 29 167.819473267 1
63 29 167.830993652 1
63 29 168.42880249 1
63 29 169.192962646 1
63 29 169.436157227 1
63 29 169.645721436 1
63 29 169.659179688 1
63 29 169.825546265 1
63 29 169.936782837 1
63 29 171.980148315 1
63 29 172.652786255 1
63 29 172.724639893 1
63 29 174.432785034 1
63 29 175.158660889 1
63 29 175.587753296 1
63 29 175.809417725 1
63 29 177.176177979 1
63 29 177.621673584 1
63 29 179.62701416 1
63 29 179.932189941 1
63 29 180.827331543 1
63 29 180.940155029 1
63 29 181.580291748 1
63 29 182.718460083 1
63 29 183.118026733 1
63 29 183.504196167 1
63 29 183.808380127 1
63 29 183.826324463 1
63 29 184.807479858 1
63 29 185.90852356 1
63 29 185.967025757 1
63 29 186.00541687 1
63 29 186.020217896 1
63 29 186.073226929 1
63 29 187.126724243 1
63 29 187.365631104 1
63 29 187.673934937 1
63 29 188.467086792 1
63 29 188.872695923 1
63 29 189.856018066 1
63 29 190.96836853 1
63 29 193.66343689 1
63 29 193.808670044 1
63 29 194.843765259 1
63 29 195.890182495 1
63 29 197.422637939 1
63 29 197.76159668 1
63 29 200.37991333 1
63 29 202.724655151 1
63 29 203.138244629 1
63 29 204.354309082 1
63 29 205.10697937 1
63 29 205.121734619 1
63 29 205.535232544 1
63 29 207.368240356 1
63 29 210.781478882 1
63 29 213.658035278 1
63 29 215.546813965 1
63 29 217.712203979 1
63 29 218.762695312 1
63 29 221.789581299 1
63 29 224.739639282 1
63 29 224.804443359 1
63 29 224.81602478 1
63 29 225.365524292 1
63 29 228.432052612 1
63 29 228.876998901 1
63 29 228.917144775 1
63 29 235.368499756 1
63 29 236.126037598 1
63 29 239.190979004 1
63 29 240.332992554 1
63 29 247.39050293 1
63 29 251.101211548 1
63 29 251.432052612 1
63 29 254.194335938 1
63 29 255.952468872 1
63 29 256.127288818 1
63 29 259.6824646 1
63 29 259.777496338 1
63 29 260.897766113 1
63 29 264.377746582 1
63 29 265.90322876 1
63 29 273.372314453 1
63 29 279.118652344 1
63 29 281.286193848 1
63 29 283.20413208 1
63 29 284.866546631 1
63 29 285.904663086 1
63 29 285.990905762 1
63 29 287.17489624 1
63 29 292.308013916 1
63 29 293.342132568 1
63 29 294.427185059 1
63 29 295.243041992 1
63 29 295.578613281 1
63 29 296.492706299 1
63 29 308.330078125 1
63 29 313.730529785 1
63 29 314.38092041 1
63 29 320.008911133 1
63 29 320.1121521 1
63 29 320.559509277 1
63 29 330.611328125 1
63 29 337.498901367 1
63 29 343.761322021 1
63 29 352.878692627 1
63 29 353.848999023 1
63 29 358.268157959 1
63 29 360.186523438 1
63 29 370.423828125 1
63 29 372.206481934 1
63 29 373.193939209 1
63 29 374.459991455 1
63 29 376.772705078 1
63 29 379.546081543 1
63 29 380.155853271 1
63 29 390.595245361 1
63 29 390.931060791 1
63 29 391.038665771 1
63 29 392.130249023 1
63 29 401.039154053 1
63 29 412.43637085 1
63 29 416.490966797 1
63 29 428.187042236 1
63 29 432.853607178 1
63 29 433.677429199 1
63 29 440.864929199 1
63 29 446.440704346 1
63 29 453.795928955 1
63 29 454.210632324 1
63 29 455.382659912 1
63 29 456.154510498 1
63 29 499.572052002 1
63 29 506.655639648 1
63 29 509.599456787 1
63 29 512.313842773 1
63 29 516.600646973 1
63 29 517.310546875 1
63 29 524.79876709 1
63 29 527.774658203 1
63 29 538.490966797 1
63 29 553.495910645 1
63 29 555.555847168 1
63 29 593.886291504 1
63 29 596.204589844 1
63 29 611.277099609 1
63 29 617.801452637 1
63 29 625.284423828 1
63 29 632.222229004 1
63 29 655.925476074 1
63 29 668.966552734 1
63 29 675.692199707 1
63 29 682.564086914 1
63 29 787.684143066 1
63 29 787.877990723 1
63 29 833.562561035 1
63 29 865.705505371 1
63 29 897.596008301 1
63 29 973.603881836 1
63 29 987.930541992 1
63 29 1043.00744629 1
63 29 1298.1875 1
63 29 1436.27502441 1
63 29 1898.42480469 1
63 29 1948.53051758 1
63 31 98.9514923096 1
63 31 100.701927185 1
63 31 103.450721741 1
63 31 106.07485199 1
63 31 106.208770752 1
63 31 106.453941345 1
63 31 108.056503296 1
63 31 110.829910278 1
63 31 110.907333374 1
63 31 114.755073547 1
63 31 118.355018616 1
63 31 125.018798828 1
63 31 127.031974792 1
63 31 127.087966919 1
63 31 129.433166504 1
63 31 130.666229248 1
63 31 131.905471802 1
63 31 132.408157349 1
63 31 133.348190308 1
63 31 134.506362915 1
63 31 134.859085083 1
63 31 135.131729126 1
63 31 135.46383667 1
63 31 136.475082397 1
63 31 136.887008667 1
63 31 137.233383179 1
63 31 137.71963501 1
63 31 138.507797241 1
63 31 138.519897461 1
63 31 139.544403076 1
63 31 140.479660034 1
63 31 141.27432251 1
63 31 142.284606934 1
63 31 143.525039673 1
63 31 144.485977173 1
63 31 145.64515686 1
63 31 146.461303711 1
63 31 146.800140381 1
63 31 147.540664673 1
63 31 147.940734863 1
63 31 148.754638672 1
63 31 150.88961792 1
63 31 151.245681763 1
63 31 151.544906616 1
63 31 153.898162842 1
63 31 155.252624512 1
63 31 155.849578857 1
63 31 156.29397583 1
63 31 157.211868286 1
63 31 157.509490967 1
63 31 157.937683105 1
63 31 158.076538086 1
63 31 158.87991333 1
63 31 158.883148193 1
63 31 159.349853516 1
63 31 159.918060303 1
63 31 160.084625244 1
63 31 161.286422729 1
63 31 166.624526978 1
63 31 167.172851562 1
63 31 170.736221313 1
63 31 171.515731812 1
63 31 183.512542725 1
63 31 184.051422119 1
63 31 185.932525635 1
63 31 185.966598511 1
63 31 187.875259399 1
63 31 190.261032104 1
63 31 190.393508911 1
63 31 191.477798462 1
63 31 194.246292114 1
63 31 195.888626099 1
63 31 196.716217041 1
63 31 198.550628662 1
63 31 198.973510742 1
63 31 199.730804443 1
63 31 203.492645264 1
63 31 203.610778809 1
63 31 204.970550537 1
63 31 206.474441528 1
63 31 208.875518799 1
63 31 209.122817993 1
63 31 209.351272583 1
63 31 210.119659424 1
63 31 210.504119873 1
63 31 211.42868042 1
63 31 211.755966187 1
63 31 212.298355103 1
63 31 213.218978882 1
63 31 214.975204468 1
63 31 215.195800781 1
63 31 220.310241699 1
63 31 221.398529053 1
63 31 221.548416138 1
63 31 223.210571289 1
63 31 227.00479126 1
63 31 227.916427612 1
63 31 228.355010986 1
63 31 228.786361694 1
63 31 233.421463013 1
63 31 238.085327148 1
63 31 242.760025024 1
63 31 247.259613037 1
63 31 247.726287842 1
63 31 251.244491577 1
63 31 252.533233643 1
63 31 258.144683838 1
63 31 258.259490967 1
63 31 263.188659668 1
63 31 264.04788208 1
63 31 264.06237793 1
63 31 266.154998779 1
63 31 273.320922852 1
63 31 276.660522461 1
63 31 278.232543945 1
63 31 283.582000732 1
63 31 283.715240479 1
63 31 285.628326416 1
63 31 286.746276855 1
63 31 289.132781982 1
63 31 291.683654785 1
63 31 292.889434814 1
63 31 292.965270996 1
63 31 297.183197021 1
63 31 301.9609375 1
63 31 302.682891846 1
63 31 303.35269165 1
63 31 307.563537598 1
63 31 308.621582031 1
63 31 308.885040283 1
63 31 309.463745117 1
63 31 312.449615479 1
63 31 321.965576172 1
63 31 326.67666626 1
63 31 339.775970459 1
63 31 343.353302002 1
63 31 347.425201416 1
63 31 364.28704834 1
63 31 371.019622803 1
63 31 379.989135742 1
63 31 397.076538086 1
63 31 399.94418335 1
63 31 401.05947876 1
63 31 403.342712402 1
63 31 417.484771729 1
63 31 420.998321533 1
63 31 421.323181152 1
63 31 424.328186035 1
63 31 426.061340332 1
63 31 432.35244751 1
63 31 440.498840332 1
63 31 445.261871338 1
63 31 459.630249023 1
63 31 461.346710205 1
63 31 475.202819824 1
63 31 476.510742188 1
63 31 481.051086426 1
63 31 491.221496582 1
63 31 504.311767578 1
63 31 512.116088867 1
63 31 526.616516113 1
63 31 566.154418945 1
63 31 570.004943848 1
63 31 571.501281738 1
63 31 581.297180176 1
63 31 625.884399414 1
63 31 630.057556152 1
63 31 659.554626465 1
63 31 667.891601562 1
63 31 678.134643555 1
63 31 685.507019043 1
63 31 686.325378418 1
63 31 697.444030762 1
63 31 712.242553711 1
63 31 747.321044922 1
63 31 815.623535156 1
63 31 833.407287598 1
63 31 869.171813965 1
63 31 918.847595215 1
63 31 929.181640625 1
63 31 1013.89685059 1
63 31 1137.93237305 1
63 31 1149.81506348 1
63 31 1231.72692871 1
63 32 196.695739746 1
63 32 208.221740723 1
63 32 209.760147095 1
63 32 210.259460449 1
63 32 215.323898315 1
63 32 215.34262085 1
63 32 226.668533325 1
63 32 227.167648315 1
63 32 227.197006226 1
63 32 231.034866333 1
63 32 233.580429077 1
63 32 235.032058716 1
63 32 238.970169067 1
63 32 240.41027832 1
63 32 243.057250977 1
63 32 246.728683472 1
63 32 250.452346802 1
63 32 252.303878784 1
63 32 252.66418457 1
63 32 254.706726074 1
63 32 259.440979004 1
63 32 270.811828613 1
63 32 295.055541992 1
63 32 296.888763428 1
63 32 302.641418457 1
63 32 310.109832764 1
63 32 313.135559082 1
63 32 314.147796631 1
63 32 320.786956787 1
63 32 322.321960449 1
63 32 324.086090088 1
63 32 342.626312256 1
63 32 346.422271729 1
63 32 349.899383545 1
63 32 364.652374268 1
63 32 367.533477783 1
63 32 367.708404541 1
63 32 390.014801025 1
63 32 394.676544189 1
63 32 401.459716797 1
63 32 404.513641357 1
63 32 408.385925293 1
63 32 423.897644043 1
63 32 427.684112549 1
63 32 450.317352295 1
63 32 457.159851074 1
63 32 464.928283691 1
63 32 466.501373291 1
63 32 516.92779541 1
63 32 542.34185791 1
63 32 543.132873535 1
63 32 544.072631836 1
63 32 561.405395508 1
63 32 587.126281738 1
63 32 610.850524902 1
63 32 630.756713867 1
63 32 633.523193359 1
63 32 661.652832031 1
63 32 667.666931152 1
63 32 695.571289062 1
63 32 736.600646973 1
63 32 807.866271973 1
63 32 869.189880371 1
63 32 870.395263672 1
63 32 896.68145752 1
63 32 961.555725098 1
63 32 1235.59533691 1
63 32 1955.85754395 1
63 33 377.554138184 1
63 33 396.026855469 1
63 33 400.313964844 1
63 33 432.532897949 1
63 33 473.646179199 1
63 33 501.232727051 1
63 33 506.602203369 1
63 33 525.266296387 1
63 33 543.437011719 1
63 33 577.580932617 1
63 33 647.367675781 1
63 33 726.191040039 1
63 33 779.411621094 1
63 33 786.160705566 1
63 33 867.264221191 1
63 34 470.899688721 1
63 34 594.39642334 1
63 34 628.007263184 1
63 34 784.13092041 1
63 34 930.661376953 1
64 19 1748.00109863 1
64 22 1360.81005859 1
64 23 1903.68786621 1
64 24 1330.2166748 1
64 25 968.590026855 1
64 26 934.17565918 1
64 26 937.597167969 1
64 27 966.491088867 1
64 27 982.63104248 1
64 27 1247.9197998 1
64 27 1448.34362793 1
64 28 848.602966309 1
64 28 892.233764648 1
64 28 915.105529785 1
64 28 1337.83874512 1
64 28 1468.1652832 1
64 29 677.168029785 1
64 29 745.515930176 1
64 29 851.282165527 1
64 29 940.290893555 1
64 29 1054.81469727 1
64 30 645.547668457 1
64 30 881.918823242 1
64 30 947.264526367 1
64 30 1036.35266113 1
64 30 1121.72949219 1
64 30 1298.76000977 1
64 30 1367.17895508 1
64 30 1380.56835938 1
64 30 2130.66186523 1
64 31 655.460632324 1
64 31 720.893066406 1
64 31 731.465454102 1
64 31 797.094299316 1
64 31 799.137268066 1
64 31 821.403442383 1
64 31 1213.56018066 1
64 31 1586.25756836 1
64 32 798.947998047 1
64 32 941.692077637 1
64 32 1317.77075195 1
64 33 723.997375488 1
64 33 971.407409668 1
69 28 1324.68811035 1
69 28 2246.94116211 1
69 30 2070.93115234 1
69 32 1940.19152832 1
70 18 3593.7253418 1
70 22 1347.45898438 1
70 24 863.593505859 1
70 25 1077.60656738 1
70 25 1138.75634766 1
70 25 1477.57946777 1
70 25 2238.28735352 1
70 26 744.731506348 1
70 26 977.508300781 1
70 26 997.641540527 1
70 26 1097.62280273 1
70 26 1697.86584473 1
70 26 2743.68798828 1
70 27 724.688171387 1
70 27 809.110107422 1
70 27 818.920654297 1
70 27 829.954589844 1
70 27 969.85357666 1
70 27 1139.92907715 1
70 27 1505.00219727 1
70 27 1630.35803223 1
70 28 704.487915039 1
70 28 708.838317871 1
70 28 742.927307129 1
70 28 810.329284668 1
70 28 813.794250488 1
70 28 819.457885742 1
70 28 837.516967773 1
70 28 871.261352539 1
70 29 777.111328125 1
70 29 875.497131348 1
70 29 1030.83312988 1
70 29 1315.33740234 1
70 29 1326.72631836 1
70 29 1378.41394043 1
70 29 2195.3684082 1
70 30 675.973388672 1
70 30 725.365600586 1
70 30 734.275634766 1
70 30 808.60559082 1
70 30 861.235473633 1
70 30 949.792297363 1
70 30 1087.49304199 1
70 30 1162.22900391 1
70 30 1227.78625488 1
70 31 948.081298828 1
70 31 1036.98962402 1
70 31 1126.75830078 1
70 32 1448.97680664 1
71 21 1950.54931641 1
71 22 1136.77648926 1
71 24 1728.57421875 1
71 25 1337.72924805 1
71 25 1376.3182373 1
71 26 761.692810059 1
71 26 818.870117188 1
71 26 880.826843262 1
71 26 903.422058105 1
71 26 1862.34484863 1
71 27 718.997558594 1
71 27 730.651184082 1
71 27 764.113220215 1
71 27 791.840515137 1
71 27 948.9140625 1
71 27 974.852355957 1
71 27 975.557739258 1
71 27 1174.62207031 1
71 27 1757.77587891 1
71 28 646.155273438 1
71 28 683.569152832 1
71 28 698.819335938 1
71 28 713.995483398 1
71 28 737.330993652 1
71 28 776.356140137 1
71 28 830.160949707 1
71 28 914.675415039 1
71 28 1202.77160645 1
71 28 1261.58886719 1
71 28 1309.68859863 1
71 28 1399.72937012 1
71 28 1718.43493652 1
71 29 684.36517334 1
71 29 765.354675293 1
71 29 765.708496094 1
71 29 834.250854492 1
71 29 907.601318359 1
71 29 1106.7878418 1
71 29 1196.45690918 1
71 29 1403.57543945 1
71 30 708.788696289 1
71 30 952.941650391 1
71 30 998.082092285 1
71 30 1325.28137207 1
71 31 815.723815918 1
71 31 900.470397949 1
71 32 1023.90301514 1
71 32 1141.18481445 1
72 28 1468.83410645 1
72 30 2106.73095703 1
72 31 1356.44580078 1
72 32 1647.98718262 1
72 33 1931.26171875 1
78 29 1961.82275391 1
78 29 2816.55004883 1
