string dom time hits
43 30 2568.09082031 1
44 26 1697.55432129 1
45 24 1998.91125488 1
45 25 1247.17773438 1
45 27 1464.67248535 1
53 26 1563.81311035 1
53 29 1858.78051758 1
53 30 1565.67138672 1
54 20 2667.71069336 1
54 23 1344.07580566 1
54 24 1071.34667969 1
54 24 1100.88037109 1
54 24 1304.03271484 1
54 24 1737.86560059 1
54 25 1049.54211426 1
54 25 1155.16162109 1
54 25 1261.79003906 1
54 25 2487.94140625 1
54 26 878.633666992 1
54 26 1191.37280273 1
54 26 1221.81335449 1
54 26 1270.45178223 1
54 27 752.156494141 1
54 27 800.873901367 1
54 27 966.292724609 1
54 27 1177.6229248 1
54 27 1293.77575684 1
54 27 1427.43225098 1
54 27 1459.81188965 1
54 28 736.24822998 1
54 28 752.593139648 1
54 28 759.881713867 1
54 28 780.244873047 1
54 28 782.276428223 1
54 28 878.487182617 1
54 28 934.525878906 1
54 28 934.959960938 1
54 28 1052.98535156 1
54 28 1211.22631836 1
54 28 1262.45776367 1
54 29 713.690002441 1
54 29 747.46875 1
54 29 750.522583008 1
54 29 768.850952148 1
54 29 843.330749512 1
54 29 926.944946289 1
54 29 1060.90478516 1
54 29 1087.62109375 1
54 29 1173.86853027 1
54 29 1466.13415527 1
54 29 1985.71777344 1
54 30 701.182617188 1
54 30 846.597045898 1
54 30 882.057434082 1
54 30 888.930725098 1
54 30 930.19732666 1
54 30 948.75201416 1
54 31 794.061462402 1
54 31 811.243896484 1
54 31 1035.02453613 1
54 31 1209.33691406 1
54 32 1218.32470703 1
54 32 1326.64526367 1
54 32 3411.42895508 1
55 22 1701.13195801 1
55 22 1709.73913574 1
55 23 1005.1126709 1
55 24 1054.6373291 1
55 24 1573.0012207 1
55 24 1656.84265137 1
55 25 964.779296875 1
55 25 2679.3894043 1
55 25 2894.92504883 1
55 26 850.81640625 1
55 26 907.97845459 1
55 26 986.064025879 1
55 26 1436.27075195 1
55 27 826.115966797 1
55 27 895.168762207 1
55 27 913.865966797 1
55 27 921.245666504 1
55 27 942.444030762 1
55 27 996.487060547 1
55 27 1302.84667969 1
55 27 1592.33789062 1
55 27 1691.53808594 1
55 27 1720.27416992 1
55 28 757.642211914 1
55 28 797.647094727 1
55 28 932.500427246 1
55 28 954.452087402 1
55 28 965.754699707 1
55 28 1017.58544922 1
55 28 1256.23095703 1
55 28 1299.59277344 1
55 28 1404.10351562 1
55 28 1451.30688477 1
55 28 1732.42834473 1
55 29 710.634887695 1
55 29 725.156005859 1
55 29 731.831420898 1
55 29 740.272094727 1
55 29 740.881347656 1
55 29 745.551635742 1
55 29 782.267333984 1
55 29 786.860046387 1
55 29 788.337280273 1
55 29 885.347351074 1
55 29 1085.81311035 1
55 29 1171.02404785 1
55 30 801.651123047 1
55 30 886.147399902 1
55 30 918.950805664 1
55 30 1007.77032471 1
55 30 1024.77807617 1
55 30 1026.13537598 1
55 30 1048.87451172 1
55 30 1235.70471191 1
55 30 1557.72436523 1
55 31 761.140686035 1
55 32 842.02935791 1
55 33 898.285095215 1
55 33 1080.70910645 1
56 22 1682.30615234 1
56 26 1449.21386719 1
56 30 2327.40649414 1
56 31 1528.6965332 1
62 21 1322.32641602 1
62 23 1091.73535156 1
62 24 1463.62097168 1
62 25 892.096252441 1
62 25 906.647827148 1
62 25 1565.96862793 1
62 26 848.024719238 1
62 26 937.688354492 1
62 26 969.378417969 1
62 26 1158.43603516 1
62 26 1171.64648438 1
62 27 768.397399902 1
62 27 774.051269531 1
62 27 854.667663574 1
62 27 922.647827148 1
62 27 943.573547363 1
62 27 972.438232422 1
62 27 1021.07995605 1
62 27 1100.91906738 1
62 27 1101.6809082 1
62 27 1124.60302734 1
62 27 1127.77111816 1
62 27 1175.19909668 1
62 27 1186.86425781 1
62 27 1375.27331543 1
62 27 2018.53076172 1
62 28 797.954956055 1
62 28 821.158630371 1
62 28 873.860595703 1
62 28 973.57232666 1
62 28 976.803039551 1
62 28 977.35333252 1
62 28 1026.35302734 1
62 28 1045.56018066 1
62 28 1110.37976074 1
62 28 1149.89929199 1
62 28 1325.03649902 1
62 28 1353.02954102 1
62 28 1675.65368652 1
62 29 825.823913574 1
62 29 876.700256348 1
62 29 922.696594238 1
62 29 936.422119141 1
62 29 1053.65600586 1
62 29 1067.41723633 1
62 29 1165.41650391 1
62 29 1345.84375 1
62 29 1762.53479004 1
62 29 1842.92138672 1
62 30 691.951965332 1
62 30 743.542053223 1
62 30 779.094665527 1
62 30 861.070556641 1
62 30 1437.27990723 1
62 30 1489.30578613 1
62 30 1533.01843262 1
62 32 1390.6015625 1
62 32 1406.1953125 1
63 18 1485.12475586 1
63 20 2263.76806641 1
63 21 1177.24414062 1
63 21 1263.35095215 1
63 21 1517.31884766 1
63 21 2116.67822266 1
63 21 2174.17431641 1
63 22 781.061340332 1
63 22 939.404724121 1
63 22 1225.671875 1
63 22 1370.3951416 1
63 22 1668.38769531 1
63 23 779.520263672 1
63 23 815.500244141 1
63 23 940.428405762 1
63 23 965.81829834 1
63 23 1046.71813965 1
63 23 1118.67211914 1
63 23 1177.91418457 1
63 23 2727.2265625 1
63 24 546.151306152 1
63 24 546.985900879 1
63 24 650.90625 1
63 24 659.046508789 1
63 24 674.618530273 1
63 24 732.987854004 1
63 24 736.664794922 1
63 24 847.402099609 1
63 24 906.953308105 1
63 24 926.231445312 1
63 24 996.044189453 1
63 24 1036.66162109 1
63 24 1037.99719238 1
63 24 1058.08850098 1
63 24 1116.86132812 1
63 24 1281.61364746 1
63 24 1306.71716309 1
63 24 1729.64233398 1
63 25 445.284606934 1
63 25 455.46963501 1
63 25 495.4480896 1
63 25 502.796783447 1
63 25 512.833557129 1
63 25 514.937561035 1
63 25 517.010864258 1
63 25 520.663269043 1
63 25 529.502929688 1
63 25 542.762573242 1
63 25 547.412414551 1
63 25 549.810241699 1
63 25 550.461120605 1
63 25 551.785217285 1
63 25 557.815612793 1
63 25 563.462524414 1
63 25 564.263305664 1
63 25 578.436645508 1
63 25 608.983276367 1
63 25 611.338317871 1
63 25 632.049316406 1
63 25 642.220703125 1
63 25 652.784973145 1
63 25 656.474914551 1
63 25 681.836791992 1
63 25 698.915222168 1
63 25 704.995239258 1
63 25 708.633178711 1
63 25 729.844726562 1
63 25 754.797973633 1
63 25 763.741516113 1
63 25 782.544128418 1
63 25 786.303894043 1
63 25 800.658752441 1
63 25 830.751281738 1
63 25 866.861938477 1
63 25 881.04901123 1
63 25 882.522338867 1
63 25 907.723937988 1
63 25 954.811035156 1
63 25 1010.69628906 1
63 26 350.800354004 1
63 26 354.768432617 1
63 26 370.76083374 1
63 26 374.730712891 1
63 26 388.030181885 1
63 26 392.246520996 1
63 26 398.031951904 1
63 26 402.534912109 1
63 26 402.55859375 1
63 26 404.782867432 1
63 26 406.060821533 1
63 26 409.038269043 1
63 26 409.660736084 1
63 26 409.706878662 1
63 26 411.028564453 1
63 26 420.274414062 1
63 26 420.946258545 1
63 26 421.209442139 1
63 26 426.181915283 1
63 26 430.242462158 1
63 26 431.859405518 1
63 26 433.518341064 1
63 26 433.929046631 1
63 26 436.501464844 1
63 26 437.405639648 1
63 26 446.055480957 1
63 26 446.548065186 1
63 26 446.894165039 1
63 26 448.724822998 1
63 26 450.368988037 1
63 26 452.243377686 1
63 26 463.268249512 1
63 26 464.084686279 1
63 26 464.515350342 1
63 26 464.683990479 1
63 26 468.181915283 1
63 26 471.31060791 1
63 26 474.535186768 1
63 26 477.723449707 1
63 26 478.933776855 1
63 26 480.048797607 1
63 26 492.676513672 1
63 26 493.027435303 1
63 26 494.758026123 1
63 26 495.791442871 1
63 26 495.827056885 1
63 26 503.376495361 1
63 26 511.582794189 1
63 26 512.687866211 1
63 26 515.030700684 1
63 26 517.091247559 1
63 26 521.971252441 1
63 26 523.569030762 1
63 26 527.983032227 1
63 26 528.666809082 1
63 26 531.625976562 1
63 26 533.096984863 1
63 26 544.600952148 1
63 26 545.110839844 1
63 26 548.868835449 1
63 26 550.417663574 1
63 26 553.601135254 1
63 26 555.516479492 1
63 26 576.797973633 1
63 26 585.704040527 1
63 26 586.387207031 1
63 26 588.20892334 1
63 26 592.763244629 1
63 26 593.020385742 1
63 26 595.659362793 1
63 26 611.186706543 1
63 26 611.860778809 1
63 26 612.874023438 1
63 26 616.429077148 1
63 26 628.026672363 1
63 26 631.433044434 1
63 26 633.491271973 1
63 26 653.316345215 1
63 26 660.245056152 1
63 26 663.05682373 1
63 26 674.189208984 1
63 26 680.132446289 1
63 26 681.480895996 1
63 26 692.931030273 1
63 26 697.616271973 1
63 26 700.572875977 1
63 26 726.239318848 1
63 26 729.791809082 1
63 26 730.538024902 1
63 26 753.044067383 1
63 26 756.404174805 1
63 26 786.708190918 1
63 26 814.122924805 1
63 26 820.129638672 1
63 26 823.977233887 1
63 26 850.067749023 1
63 26 854.722473145 1
63 26 870.223937988 1
63 26 872.964172363 1
63 26 896.395446777 1
63 26 910.525390625 1
63 26 923.707214355 1
63 26 957.899597168 1
63 26 1016.31420898 1
63 26 1016.48077393 1
63 26 1019.35137939 1
63 26 1151.87316895 1
63 26 1771.90856934 1
63 27 261.402496338 1
63 27 263.554260254 1
63 27 264.306427002 1
63 27 266.608215332 1
63 27 267.403747559 1
63 27 267.573944092 1
63 27 270.519897461 1
63 27 272.066925049 1
63 27 272.842071533 1
63 27 273.861419678 1
63 27 274.368591309 1
63 27 275.53125 1
63 27 277.220611572 1
63 27 277.760070801 1
63 27 279.224853516 1
63 27 279.343505859 1
63 27 279.899993896 1
63 27 283.473022461 1
63 27 283.473449707 1
63 27 285.3828125 1
63 27 285.471405029 1
63 27 286.178070068 1
63 27 286.179840088 1
63 27 288.8855896 1
63 27 289.8671875 1
63 27 290.07043457 1
63 27 291.020599365 1
63 27 291.559967041 1
63 27 291.579620361 1
63 27 291.588378906 1
63 27 292.150512695 1
63 27 293.779724121 1
63 27 293.860046387 1
63 27 294.302764893 1
63 27 297.160125732 1
63 27 297.83694458 1
63 27 299.608520508 1
63 27 300.06741333 1
63 27 301.555877686 1
63 27 301.766937256 1
63 27 302.368408203 1
63 27 303.398101807 1
63 27 303.793518066 1
63 27 304.066864014 1
63 27 304.363647461 1
63 27 305.652160645 1
63 27 306.273223877 1
63 27 307.92098999 1
63 27 309.957519531 1
63 27 310.151977539 1
63 27 311.295379639 1
63 27 311.433441162 1
63 27 312.837188721 1
63 27 313.109161377 1
63 27 313.35333252 1
63 27 314.181243896 1
63 27 315.739898682 1
63 27 317.150695801 1
63 27 317.479492188 1
63 27 317.54006958 1
63 27 317.734130859 1
63 27 317.759124756 1
63 27 317.812011719 1
63 27 318.831878662 1
63 27 319.370330811 1
63 27 319.97064209 1
63 27 321.352081299 1
63 27 321.445068359 1
63 27 321.918426514 1
63 27 323.694122314 1
63 27 324.082794189 1
63 27 324.452575684 1
63 27 324.880065918 1
63 27 324.880615234 1
63 27 326.120910645 1
63 27 326.457672119 1
63 27 326.744720459 1
63 27 326.783691406 1
63 27 327.188964844 1
63 27 327.9815979 1
63 27 328.498687744 1
63 27 328.647521973 1
63 27 329.137237549 1
63 27 330.561187744 1
63 27 334.324005127 1
63 27 335.66998291 1
63 27 336.502990723 1
63 27 338.180328369 1
63 27 338.457275391 1
63 27 339.121826172 1
63 27 339.334228516 1
63 27 340.695159912 1
63 27 340.820404053 1
63 27 340.985931396 1
63 27 341.002929688 1
63 27 342.446777344 1
63 27 342.63180542 1
63 27 345.20401001 1
63 27 345.355285645 1
63 27 345.833862305 1
63 27 346.229644775 1
63 27 347.215637207 1
63 27 347.276428223 1
63 27 347.960876465 1
63 27 349.794586182 1
63 27 349.856536865 1
63 27 350.231414795 1
63 27 353.46875 1
63 27 355.542541504 1
63 27 356.581176758 1
63 27 356.856567383 1
63 27 357.652435303 1
63 27 357.717987061 1
63 27 361.441436768 1
63 27 362.282684326 1
63 27 362.41897583 1
63 27 362.864898682 1
63 27 363.388977051 1
63 27 367.270233154 1
63 27 369.636932373 1
63 27 371.019165039 1
63 27 371.052093506 1
63 27 371.326019287 1
63 27 373.984283447 1
63 27 375.068054199 1
63 27 375.246826172 1
63 27 375.786468506 1
63 27 377.375640869 1
63 27 378.394012451 1
63 27 378.548370361 1
63 27 380.392700195 1
63 27 382.065338135 1
63 27 382.457763672 1
63 27 385.831573486 1
63 27 386.217712402 1
63 27 387.658660889 1
63 27 388.221313477 1
63 27 389.577972412 1
63 27 391.984527588 1
63 27 393.606842041 1
63 27 398.24105835 1
63 27 400.972686768 1
63 27 401.256164551 1
63 27 403.933959961 1
63 27 404.983856201 1
63 27 407.763977051 1
63 27 407.910980225 1
63 27 409.576293945 1
63 27 410.600891113 1
63 27 413.211090088 1
63 27 413.576660156 1
63 27 414.369140625 1
63 27 415.174530029 1
63 27 415.493713379 1
63 27 415.60357666 1
63 27 416.371337891 1
63 27 418.474060059 1
63 27 424.642547607 1
63 27 424.803619385 1
63 27 424.968780518 1
63 27 426.432952881 1
63 27 427.784820557 1
63 27 428.150970459 1
63 27 428.490020752 1
63 27 428.759613037 1
63 27 431.230926514 1
63 27 432.693359375 1
63 27 435.803405762 1
63 27 440.45513916 1
63 27 441.552825928 1
63 27 442.41986084 1
63 27 442.521697998 1
63 27 447.213928223 1
63 27 447.451446533 1
63 27 450.490081787 1
63 27 455.471374512 1
63 27 463.781188965 1
63 27 467.250305176 1
63 27 473.540008545 1
63 27 477.299499512 1
63 27 478.06628418 1
63 27 479.541778564 1
63 27 483.238098145 1
63 27 483.854064941 1
63 27 485.562530518 1
63 27 488.619720459 1
63 27 488.933868408 1
63 27 490.158538818 1
63 27 491.105621338 1
63 27 498.200256348 1
63 27 500.630218506 1
63 27 503.401855469 1
63 27 507.486907959 1
63 27 508.624725342 1
63 27 515.945922852 1
63 27 528.558959961 1
63 27 560.256835938 1
63 27 569.817382812 1
63 27 571.597229004 1
63 27 577.566101074 1
63 27 582.692626953 1
63 27 601.055786133 1
63 27 603.702758789 1
63 27 608.6171875 1
63 27 613.17791748 1
63 27 623.020080566 1
63 27 645.915039062 1
63 27 670.420715332 1
63 27 672.275146484 1
63 27 677.262695312 1
63 27 684.898986816 1
63 27 695.062927246 1
63 27 697.72253418 1
63 27 719.682250977 1
63 27 721.812561035 1
63 27 728.506713867 1
63 27 748.529174805 1
63 27 751.336730957 1
63 27 794.152282715 1
63 27 816.212890625 1
63 27 825.299865723 1
63 27 843.240356445 1
63 27 848.593078613 1
63 27 855.438110352 1
63 27 858.361633301 1
63 27 870.827209473 1
63 27 880.449157715 1
63 27 895.091918945 1
63 27 928.511047363 1
63 27 931.916748047 1
63 27 989.000427246 1
63 27 992.842712402 1
63 27 1018.14935303 1
63 27 1023.03387451 1
63 27 1113.13378906 1
63 27 1225.9777832 1
63 27 1358.73937988 1
63 28 160.333724976 1
63 28 161.804275513 1
63 28 171.053756714 1
63 28 173.587539673 1
63 28 174.27041626 1
63 28 174.975006104 1
63 28 176.026626587 1
63 28 176.743835449 1
63 28 177.249847412 1
63 28 178.570114136 1
63 28 179.129730225 1
63 28 179.35836792 1
63 28 179.908920288 1
63 28 180.234954834 1
63 28 180.852493286 1
63 28 181.479049683 1
63 28 182.194412231 1
63 28 182.538192749 1
63 28 183.024353027 1
63 28 185.010894775 1
63 28 185.163528442 1
63 28 185.170410156 1
63 28 185.773101807 1
63 28 186.520996094 1
63 28 186.949356079 1
63 28 187.109115601 1
63 28 187.221694946 1
63 28 187.343475342 1
63 28 190.532943726 1
63 28 191.107376099 1
63 28 191.195144653 1
63 28 191.274963379 1
63 28 192.077896118 1
63 28 193.28276062 1
63 28 193.607421875 1
63 28 193.861831665 1
63 28 194.25479126 1
63 28 194.428497314 1
63 28 194.652023315 1
63 28 195.185516357 1
63 28 195.530349731 1
63 28 196.507904053 1
63 28 197.92918396 1
63 28 198.496612549 1
63 28 198.585021973 1
63 28 198.936859131 1
63 28 199.738250732 1
63 28 200.539657593 1
63 28 201.603881836 1
63 28 201.632476807 1
63 28 201.85269165 1
63 28 202.582946777 1
63 28 204.014190674 1
63 28 204.300750732 1
63 28 204.399627686 1
63 28 204.634414673 1
63 28 205.298141479 1
63 28 205.507720947 1
63 28 205.789672852 1
63 28 205.989852905 1
63 28 206.206497192 1
63 28 206.55921936 1
63 28 206.958328247 1
63 28 207.24382019 1
63 28 207.270294189 1
63 28 207.45892334 1
63 28 207.579803467 1
63 28 208.897033691 1
63 28 209.779602051 1
63 28 209.982177734 1
63 28 210.372802734 1
63 28 210.393371582 1
63 28 211.256347656 1
63 28 211.916534424 1
63 28 212.093139648 1
63 28 212.117950439 1
63 28 212.330383301 1
63 28 213.184555054 1
63 28 213.305923462 1
63 28 213.391036987 1
63 28 214.478179932 1
63 28 214.656555176 1
63 28 214.935195923 1
63 28 216.136169434 1
63 28 216.150192261 1
63 28 216.631500244 1
63 28 217.147796631 1
63 28 217.465698242 1
63 28 217.592437744 1
63 28 217.932220459 1
63 28 217.970184326 1
63 28 217.985046387 1
63 28 218.105926514 1
63 28 218.514846802 1
63 28 218.575393677 1
63 28 219.047851562 1
63 28 219.122039795 1
63 28 219.307128906 1
63 28 219.340332031 1
63 28 219.454177856 1
63 28 219.509277344 1
63 28 219.528091431 1
63 28 219.748703003 1
63 28 219.803787231 1
63 28 220.460769653 1
63 28 220.812759399 1
63 28 221.534576416 1
63 28 221.861709595 1
63 28 222.020645142 1
63 28 222.158157349 1
63 28 222.357681274 1
63 28 222.367538452 1
63 28 222.532272339 1
63 28 222.636978149 1
63 28 222.781082153 1
63 28 223.264862061 1
63 28 223.504043579 1
63 28 223.875762939 1
63 28 223.891235352 1
63 28 223.897033691 1
63 28 223.976425171 1
63 28 224.302246094 1
63 28 224.359573364 1
63 28 224.393386841 1
63 28 224.430770874 1
63 28 224.46661377 1
63 28 224.974731445 1
63 28 225.237670898 1
63 28 225.250091553 1
63 28 225.824172974 1
63 28 226.590515137 1
63 28 226.641693115 1
63 28 226.929290771 1
63 28 227.378356934 1
63 28 227.628173828 1
63 28 227.640426636 1
63 28 228.192687988 1
63 28 228.528945923 1
63 28 228.88861084 1
63 28 228.901397705 1
63 28 228.969818115 1
63 28 228.983306885 1
63 28 229.161529541 1
63 28 229.305725098 1
63 28 229.56312561 1
63 28 229.896682739 1
63 28 230.143539429 1
63 28 230.72769165 1
63 28 231.075820923 1
63 28 231.376678467 1
63 28 231.715545654 1
63 28 232.135131836 1
63 28 233.035003662 1
63 28 233.35585022 1
63 28 233.756866455 1
63 28 234.157562256 1
63 28 234.893005371 1
63 28 235.798416138 1
63 28 236.11227417 1
63 28 236.182281494 1
63 28 236.311660767 1
63 28 236.673492432 1
63 28 236.742706299 1
63 28 236.867980957 1
63 28 237.269683838 1
63 28 237.470077515 1
63 28 238.185592651 1
63 28 238.436004639 1
63 28 238.629730225 1
63 28 238.74230957 1
63 28 238.791885376 1
63 28 238.931854248 1
63 28 239.508407593 1
63 28 239.513000488 1
63 28 240.043075562 1
63 28 240.277862549 1
63 28 240.323867798 1
63 28 240.427276611 1
63 28 240.463134766 1
63 28 240.936309814 1
63 28 241.17364502 1
63 28 241.521713257 1
63 28 241.888916016 1
63 28 242.263336182 1
63 28 242.280914307 1
63 28 242.398086548 1
63 28 242.67149353 1
63 28 242.804321289 1
63 28 243.106414795 1
63 28 243.395690918 1
63 28 244.363372803 1
63 28 244.791610718 1
63 28 245.945495605 1
63 28 246.049804688 1
63 28 246.068313599 1
63 28 246.295883179 1
63 28 246.385681152 1
63 28 246.705841064 1
63 28 246.849212646 1
63 28 247.313949585 1
63 28 247.950027466 1
63 28 248.49446106 1
63 28 248.511260986 1
63 28 248.755126953 1
63 28 249.135025024 1
63 28 249.349822998 1
63 28 249.357803345 1
63 28 249.672698975 1
63 28 249.69732666 1
63 28 250.693908691 1
63 28 250.995727539 1
63 28 251.293289185 1
63 28 251.451461792 1
63 28 251.462631226 1
63 28 251.532272339 1
63 28 251.854217529 1
63 28 252.632507324 1
63 28 252.643386841 1
63 28 253.043304443 1
63 28 253.1612854 1
63 28 253.201019287 1
63 28 253.35887146 1
63 28 253.658569336 1
63 28 253.872741699 1
63 28 254.022903442 1
63 28 254.02571106 1
63 28 254.153274536 1
63 28 254.886413574 1
63 28 255.08656311 1
63 28 255.103561401 1
63 28 255.577697754 1
63 28 256.912719727 1
63 28 260.064422607 1
63 28 260.384307861 1
63 28 260.6902771 1
63 28 260.697631836 1
63 28 260.781494141 1
63 28 262.628967285 1
63 28 263.574035645 1
63 28 264.125183105 1
63 28 264.653533936 1
63 28 265.019561768 1
63 28 265.219177246 1
63 28 265.683166504 1
63 28 265.793579102 1
63 28 266.414916992 1
63 28 266.917266846 1
63 28 267.666442871 1
63 28 269.421020508 1
63 28 269.615478516 1
63 28 269.709838867 1
63 28 269.744171143 1
63 28 270.579620361 1
63 28 270.754364014 1
63 28 270.774810791 1
63 28 270.978118896 1
63 28 271.356384277 1
63 28 274.165039062 1
63 28 274.764221191 1
63 28 275.062042236 1
63 28 276.036315918 1
63 28 276.686157227 1
63 28 277.10043335 1
63 28 277.610992432 1
63 28 277.874267578 1
63 28 277.92098999 1
63 28 278.083312988 1
63 28 278.453216553 1
63 28 278.522705078 1
63 28 278.574279785 1
63 28 279.483856201 1
63 28 279.504699707 1
63 28 280.752441406 1
63 28 282.353637695 1
63 28 282.673156738 1
63 28 283.467254639 1
63 28 283.62197876 1
63 28 283.924346924 1
63 28 285.952362061 1
63 28 286.001617432 1
63 28 286.358581543 1
63 28 287.362304688 1
63 28 287.513549805 1
63 28 288.356719971 1
63 28 289.690307617 1
63 28 289.853363037 1
63 28 291.143249512 1
63 28 292.017425537 1
63 28 293.912322998 1
63 28 294.833282471 1
63 28 296.29586792 1
63 28 296.443939209 1
63 28 296.983642578 1
63 28 297.709716797 1
63 28 298.819549561 1
63 28 298.849121094 1
63 28 299.618530273 1
63 28 300.39465332 1
63 28 301.011108398 1
63 28 301.914672852 1
63 28 302.241973877 1
63 28 302.309753418 1
63 28 303.875579834 1
63 28 304.676025391 1
63 28 305.163879395 1
63 28 307.093261719 1
63 28 307.175262451 1
63 28 307.748016357 1
63 28 309.523223877 1
63 28 309.989074707 1
63 28 310.116424561 1
63 28 310.416778564 1
63 28 313.249023438 1
63 28 313.399139404 1
63 28 315.01272583 1
63 28 315.558105469 1
63 28 316.24609375 1
63 28 318.325286865 1
63 28 320.001464844 1
63 28 320.253845215 1
63 28 321.753295898 1
63 28 322.133056641 1
63 28 324.43536377 1
63 28 325.382720947 1
63 28 330.390533447 1
63 28 330.408599854 1
63 28 330.926147461 1
63 28 332.06036377 1
63 28 335.241027832 1
63 28 336.372619629 1
63 28 336.501922607 1
63 28 336.546539307 1
63 28 337.181213379 1
63 28 337.749023438 1
63 28 339.129180908 1
63 28 339.132568359 1
63 28 339.472015381 1
63 28 339.666656494 1
63 28 339.918365479 1
63 28 342.540496826 1
63 28 343.233398438 1
63 28 344.876922607 1
63 28 348.695495605 1
63 28 348.918914795 1
63 28 349.874053955 1
63 28 351.107116699 1
63 28 353.076324463 1
63 28 354.363708496 1
63 28 355.044952393 1
63 28 355.370361328 1
63 28 355.701782227 1
63 28 356.921661377 1
63 28 357.960205078 1
63 28 360.135345459 1
63 28 360.39074707 1
63 28 360.666442871 1
63 28 361.690917969 1
63 28 362.172210693 1
63 28 362.730957031 1
63 28 363.512542725 1
63 28 364.33972168 1
63 28 364.728088379 1
63 28 365.15927124 1
63 28 368.597412109 1
63 28 369.613342285 1
63 28 372.260070801 1
63 28 379.359375 1
63 28 379.952880859 1
63 28 381.718475342 1
63 28 383.86529541 1
63 28 385.140563965 1
63 28 388.123596191 1
63 28 390.990447998 1
63 28 391.150756836 1
63 28 392.737854004 1
63 28 394.19039917 1
63 28 397.273712158 1
63 28 397.458343506 1
63 28 398.258911133 1
63 28 398.350952148 1
63 28 398.829223633 1
63 28 401.430725098 1
63 28 402.849029541 1
63 28 404.280822754 1
63 28 409.134613037 1
63 28 416.753601074 1
63 28 417.18862915 1
63 28 425.547424316 1
63 28 427.248291016 1
63 28 429.990509033 1
63 28 433.235595703 1
63 28 433.873046875 1
63 28 446.511871338 1
63 28 446.632873535 1
63 28 447.825622559 1
63 28 451.161590576 1
63 28 454.762390137 1
63 28 466.926849365 1
63 28 467.807861328 1
63 28 469.068023682 1
63 28 474.904418945 1
63 28 477.574035645 1
63 28 479.210876465 1
63 28 490.362518311 1
63 28 499.529022217 1
63 28 501.251251221 1
63 28 502.946472168 1
63 28 504.600158691 1
63 28 511.565979004 1
63 28 521.597717285 1
63 28 524.612915039 1
63 28 525.877807617 1
63 28 536.928161621 1
63 28 538.420898438 1
63 28 538.704162598 1
63 28 545.086853027 1
63 28 556.008056641 1
63 28 560.825744629 1
63 28 574.603271484 1
63 28 576.366333008 1
63 28 593.686706543 1
63 28 599.717285156 1
63 28 603.049865723 1
63 28 603.385864258 1
63 28 608.298828125 1
63 28 609.161560059 1
63 28 613.135742188 1
63 28 615.614929199 1
63 28 621.713867188 1
63 28 626.034301758 1
63 28 626.077392578 1
63 28 627.408508301 1
63 28 631.738037109 1
63 28 633.546386719 1
63 28 636.026611328 1
63 28 640.317443848 1
63 28 665.327209473 1
63 28 670.761169434 1
63 28 681.348205566 1
63 28 697.904174805 1
63 28 711.32043457 1
63 28 715.313598633 1
63 28 720.322753906 1
63 28 723.695800781 1
63 28 726.157592773 1
63 28 748.544250488 1
63 28 770.026794434 1
63 28 835.522277832 1
63 28 858.851989746 1
63 28 863.00189209 1
63 28 876.545654297 1
63 28 899.482116699 1
63 28 945.482666016 1
63 28 949.750915527 1
63 28 998.893920898 1
63 28 1035.28198242 1
63 28 1089.14257812 1
63 28 1188.55432129 1
63 28 1235.828125 1
63 28 1275.82775879 1
63 28 1279.03381348 1
63 28 1440.11535645 1
63 29 80.9368667603 1
63 29 82.3979644775 1
63 29 82.5110168457 1
63 29 83.796257019 1
63 29 85.3282470703 1
63 29 85.763343811 1
63 29 85.916557312 1
63 29 86.4251403809 1
63 29 86.9304656982 1
63 29 86.9957733154 1
63 29 87.4889831543 1
63 29 87.9058990479 1
63 29 87.9839706421 1
63 29 88.3977661133 1
63 29 88.8556671143 1
63 29 89.4854354858 1
63 29 89.5953216553 1
63 29 89.7334136963 1
63 29 89.8393478394 1
63 29 89.9828033447 1
63 29 90.3882675171 1
63 29 90.5594863892 1
63 29 90.7149505615 1
63 29 90.9176635742 1
63 29 90.9394760132 1
63 29 90.9876480103 1
63 29 91.0468673706 1
63 29 91.1760787964 1
63 29 91.5649414062 1
63 29 91.6516494751 1
63 29 91.6764068604 1
63 29 91.6959762573 1
63 29 91.8210906982 1
63 29 91.950553894 1
63 29 92.0552520752 1
63 29 92.2746276855 1
63 29 92.3087615967 1
63 29 92.3620223999 1
63 29 92.6206436157 1
63 29 92.6946487427 1
63 29 92.7760467529 1
63 29 92.9408416748 1
63 29 92.9614868164 1
63 29 93.029510498 1
63 29 93.0725708008 1
63 29 93.2581863403 1
63 29 93.3129043579 1
63 29 93.669342041 1
63 29 93.7466430664 1
63 29 93.8344497681 1
63 29 93.9182815552 1
63 29 93.9650497437 1
63 29 94.0198364258 1
63 29 94.3876724243 1
63 29 94.4195098877 1
63 29 94.7207717896 1
63 29 94.8518447876 1
63 29 94.9936218262 1
63 29 95.2599716187 1
63 29 95.2776870728 1
63 29 95.2958297729 1
63 29 95.4939498901 1
63 29 95.986946106 1
63 29 96.0710601807 1
63 29 96.0874176025 1
63 29 96.1549682617 1
63 29 96.172996521 1
63 29 96.3076629639 1
63 29 96.3968200684 1
63 29 96.4498291016 1
63 29 96.5346374512 1
63 29 96.5501556396 1
63 29 96.5871887207 1
63 29 96.8461074829 1
63 29 96.8484725952 1
63 29 97.1846542358 1
63 29 97.2323379517 1
63 29 97.2763137817 1
63 29 97.4039764404 1
63 29 97.4115371704 1
63 29 97.4907531738 1
63 29 97.5777816772 1
63 29 97.639831543 1
63 29 98.4310302734 1
63 29 98.5537338257 1
63 29 98.6441421509 1
63 29 98.8715438843 1
63 29 99.0351257324 1
63 29 99.3456573486 1
63 29 99.3502578735 1
63 29 99.4114837646 1
63 29 99.5518798828 1
63 29 99.6800765991 1
63 29 99.7627105713 1
63 29 99.7682342529 1
63 29 100.107849121 1
63 29 100.1171875 1
63 29 100.182189941 1
63 29 100.219161987 1
63 29 100.480041504 1
63 29 100.481765747 1
63 29 100.588310242 1
63 29 100.643630981 1
63 29 100.682128906 1
63 29 100.788825989 1
63 29 100.817657471 1
63 29 100.821563721 1
63 29 101.122062683 1
63 29 101.191207886 1
63 29 101.193283081 1
63 29 101.354873657 1
63 29 101.508537292 1
63 29 101.5362854 1
63 29 101.545433044 1
63 29 101.558738708 1
63 29 101.654212952 1
63 29 101.739814758 1
63 29 101.778556824 1
63 29 101.880638123 1
63 29 102.125740051 1
63 29 102.296646118 1
63 29 102.333770752 1
63 29 102.414405823 1
63 29 102.554473877 1
63 29 102.604110718 1
63 29 102.658630371 1
63 29 102.809379578 1
63 29 102.814346313 1
63 29 102.818206787 1
63 29 102.980751038 1
63 29 103.141967773 1
63 29 103.218132019 1
63 29 103.502067566 1
63 29 103.527572632 1
63 29 103.539413452 1
63 29 103.551071167 1
63 29 103.584854126 1
63 29 103.59928894 1
63 29 103.633987427 1
63 29 103.669250488 1
63 29 103.994689941 1
63 29 104.084121704 1
63 29 104.09236145 1
63 29 104.123924255 1
63 29 104.221893311 1
63 29 104.239387512 1
63 29 104.313369751 1
63 29 104.547744751 1
63 29 104.618766785 1
63 29 104.727760315 1
63 29 104.802558899 1
63 29 104.807426453 1
63 29 104.982711792 1
63 29 105.147239685 1
63 29 105.192268372 1
63 29 105.236801147 1
63 29 105.293045044 1
63 29 105.313575745 1
63 29 105.415641785 1
63 29 105.461936951 1
63 29 105.599617004 1
63 29 105.68447876 1
63 29 105.867584229 1
63 29 105.940681458 1
63 29 105.989624023 1
63 29 106.271438599 1
63 29 106.582298279 1
63 29 106.687026978 1
63 29 106.703559875 1
63 29 106.739822388 1
63 29 106.740333557 1
63 29 107.002006531 1
63 29 107.01815033 1
63 29 107.386299133 1
63 29 107.484161377 1
63 29 107.519187927 1
63 29 107.727935791 1
63 29 107.754714966 1
63 29 108.054954529 1
63 29 108.136482239 1
63 29 108.196533203 1
63 29 108.768363953 1
63 29 108.889038086 1
63 29 108.920578003 1
63 29 108.933120728 1
63 29 109.054321289 1
63 29 109.222770691 1
63 29 109.358474731 1
63 29 109.545341492 1
63 29 109.571403503 1
63 29 109.604354858 1
63 29 109.61605835 1
63 29 109.690101624 1
63 29 109.774253845 1
63 29 109.932830811 1
63 29 110.016387939 1
63 29 110.056564331 1
63 29 110.137329102 1
63 29 110.348510742 1
63 29 110.464889526 1
63 29 110.522773743 1
63 29 110.538825989 1
63 29 110.574424744 1
63 29 110.605567932 1
63 29 110.65574646 1
63 29 110.759513855 1
63 29 110.830215454 1
63 29 110.883728027 1
63 29 111.049057007 1
63 29 111.110542297 1
63 29 111.451156616 1
63 29 111.545944214 1
63 29 111.586585999 1
63 29 111.591407776 1
63 29 111.660232544 1
63 29 111.793830872 1
63 29 111.941604614 1
63 29 111.983467102 1
63 29 112.024131775 1
63 29 112.039009094 1
63 29 112.089866638 1
63 29 112.104148865 1
63 29 112.218635559 1
63 29 112.237258911 1
63 29 112.270942688 1
63 29 112.276451111 1
63 29 112.323783875 1
63 29 112.41229248 1
63 29 112.493118286 1
63 29 112.528938293 1
63 29 112.579467773 1
63 29 112.834579468 1
63 29 112.867652893 1
63 29 112.953071594 1
63 29 113.079452515 1
63 29 113.342376709 1
63 29 113.535018921 1
63 29 113.681762695 1
63 29 113.689689636 1
63 29 113.756454468 1
63 29 113.835792542 1
63 29 113.861282349 1
63 29 113.939476013 1
63 29 114.002891541 1
63 29 114.064811707 1
63 29 114.103607178 1
63 29 114.146934509 1
63 29 114.256782532 1
63 29 114.726966858 1
63 29 114.804519653 1
63 29 114.894546509 1
63 29 114.901756287 1
63 29 114.953643799 1
63 29 115.01537323 1
63 29 115.028770447 1
63 29 115.164047241 1
63 29 115.176376343 1
63 29 115.180000305 1
63 29 115.260139465 1
63 29 115.289321899 1
63 29 115.295951843 1
63 29 115.340560913 1
63 29 115.485969543 1
63 29 115.519050598 1
63 29 115.628189087 1
63 29 115.697784424 1
63 29 115.9141922 1
63 29 115.963180542 1
63 29 115.976982117 1
63 29 116.146087646 1
63 29 116.246810913 1
63 29 116.300956726 1
63 29 116.348632812 1
63 29 116.353652954 1
63 29 116.418647766 1
63 29 116.756271362 1
63 29 116.803894043 1
63 29 116.831344604 1
63 29 116.867843628 1
63 29 116.906654358 1
63 29 116.917419434 1
63 29 117.246788025 1
63 29 117.537483215 1
63 29 117.609931946 1
63 29 117.668754578 1
63 29 117.714401245 1
63 29 117.873054504 1
63 29 117.963859558 1
63 29 118.110092163 1
63 29 118.128753662 1
63 29 118.381370544 1
63 29 118.470870972 1
63 29 118.529663086 1
63 29 118.591308594 1
63 29 118.59412384 1
63 29 118.607650757 1
63 29 118.704666138 1
63 29 118.754058838 1
63 29 118.789474487 1
63 29 118.899688721 1
63 29 118.9349823 1
63 29 119.115310669 1
63 29 119.131233215 1
63 29 119.710708618 1
63 29 119.799079895 1
63 29 119.841003418 1
63 29 119.879692078 1
63 29 119.893135071 1
63 29 120.088752747 1
63 29 120.143127441 1
63 29 120.228988647 1
63 29 120.464897156 1
63 29 120.497825623 1
63 29 120.527954102 1
63 29 120.594429016 1
63 29 120.771728516 1
63 29 120.779647827 1
63 29 120.79750824 1
63 29 120.870285034 1
63 29 120.871429443 1
63 29 120.885017395 1
63 29 121.01285553 1
63 29 121.098236084 1
63 29 121.25353241 1
63 29 121.317169189 1
63 29 121.330787659 1
63 29 121.415756226 1
63 29 121.422035217 1
63 29 121.49822998 1
63 29 121.669029236 1
63 29 121.744117737 1
63 29 121.788475037 1
63 29 122.082580566 1
63 29 122.179512024 1
63 29 122.210594177 1
63 29 122.251022339 1
63 29 122.355079651 1
63 29 122.424041748 1
63 29 122.470115662 1
63 29 122.491027832 1
63 29 122.525787354 1
63 29 122.551689148 1
63 29 122.631118774 1
63 29 122.695587158 1
63 29 122.803756714 1
63 29 122.837013245 1
63 29 122.984024048 1
63 29 123.260887146 1
63 29 123.263923645 1
63 29 123.314926147 1
63 29 123.425376892 1
63 29 123.47000885 1
63 29 123.639755249 1
63 29 123.696388245 1
63 29 123.773300171 1
63 29 123.807449341 1
63 29 123.828742981 1
63 29 123.8777771 1
63 29 124.014755249 1
63 29 124.060249329 1
63 29 124.073188782 1
63 29 124.237304688 1
63 29 124.271392822 1
63 29 124.296714783 1
63 29 124.399368286 1
63 29 124.441650391 1
63 29 124.465774536 1
63 29 124.590858459 1
63 29 124.619560242 1
63 29 124.632789612 1
63 29 124.648895264 1
63 29 124.712966919 1
63 29 124.724273682 1
63 29 124.831016541 1
63 29 124.8540802 1
63 29 124.978218079 1
63 29 125.169540405 1
63 29 125.249298096 1
63 29 125.250549316 1
63 29 125.395797729 1
63 29 125.412582397 1
63 29 125.469200134 1
63 29 125.469772339 1
63 29 125.576805115 1
63 29 125.704986572 1
63 29 125.808647156 1
63 29 125.892440796 1
63 29 125.956329346 1
63 29 125.95690918 1
63 29 126.061546326 1
63 29 126.111610413 1
63 29 126.167121887 1
63 29 126.197311401 1
63 29 126.302268982 1
63 29 126.306884766 1
63 29 126.40057373 1
63 29 126.612831116 1
63 29 126.630561829 1
63 29 126.675979614 1
63 29 126.712654114 1
63 29 126.72870636 1
63 29 126.790588379 1
63 29 126.936714172 1
63 29 127.017349243 1
63 29 127.14390564 1
63 29 127.225067139 1
63 29 127.307876587 1
63 29 127.536048889 1
63 29 127.580322266 1
63 29 127.760848999 1
63 29 127.780021667 1
63 29 127.836524963 1
63 29 127.883773804 1
63 29 127.901397705 1
63 29 128.068527222 1
63 29 128.15473938 1
63 29 128.167633057 1
63 29 128.168807983 1
63 29 128.440353394 1
63 29 128.448303223 1
63 29 128.486022949 1
63 29 128.501113892 1
63 29 128.585861206 1
63 29 128.602996826 1
63 29 128.702468872 1
63 29 128.854873657 1
63 29 128.878814697 1
63 29 128.922790527 1
63 29 129.067901611 1
63 29 129.068145752 1
63 29 129.196640015 1
63 29 129.278762817 1
63 29 129.351654053 1
63 29 129.390151978 1
63 29 129.469970703 1
63 29 129.574310303 1
63 29 129.769332886 1
63 29 129.945449829 1
63 29 130.043914795 1
63 29 130.065750122 1
63 29 130.088485718 1
63 29 130.184585571 1
63 29 130.220184326 1
63 29 130.241363525 1
63 29 130.318145752 1
63 29 130.358764648 1
63 29 130.389938354 1
63 29 130.497451782 1
63 29 130.542678833 1
63 29 130.597961426 1
63 29 130.616104126 1
63 29 130.7162323 1
63 29 130.737518311 1
63 29 130.862991333 1
63 29 130.880889893 1
63 29 130.890594482 1
63 29 130.965362549 1
63 29 131.024093628 1
63 29 131.163955688 1
63 29 131.261001587 1
63 29 131.363204956 1
63 29 131.456924438 1
63 29 131.523498535 1
63 29 131.527877808 1
63 29 131.535598755 1
63 29 131.546981812 1
63 29 131.565795898 1
63 29 131.730392456 1
63 29 131.879379272 1
63 29 131.895507812 1
63 29 132.080215454 1
63 29 132.096206665 1
63 29 132.141708374 1
63 29 132.192611694 1
63 29 132.207015991 1
63 29 132.237869263 1
63 29 132.297729492 1
63 29 132.310058594 1
63 29 132.388656616 1
63 29 132.435760498 1
63 29 132.503112793 1
63 29 132.51159668 1
63 29 132.514373779 1
63 29 132.605804443 1
63 29 132.668548584 1
63 29 132.682052612 1
63 29 132.814315796 1
63 29 132.949829102 1
63 29 133.055160522 1
63 29 133.118927002 1
63 29 133.12878418 1
63 29 133.255493164 1
63 29 133.27381897 1
63 29 133.276855469 1
63 29 133.361328125 1
63 29 133.365570068 1
63 29 133.672058105 1
63 29 133.681472778 1
63 29 133.710372925 1
63 29 133.715255737 1
63 29 133.745834351 1
63 29 133.849655151 1
63 29 133.903442383 1
63 29 133.93687439 1
63 29 134.067352295 1
63 29 134.098297119 1
63 29 134.186294556 1
63 29 134.197052002 1
63 29 134.238098145 1
63 29 134.383590698 1
63 29 134.48399353 1
63 29 134.502288818 1
63 29 134.56968689 1
63 29 134.638519287 1
63 29 134.662979126 1
63 29 134.706344604 1
63 29 134.721862793 1
63 29 134.815979004 1
63 29 134.858840942 1
63 29 134.97227478 1
63 29 135.016220093 1
63 29 135.017807007 1
63 29 135.055648804 1
63 29 135.129119873 1
63 29 135.169158936 1
63 29 135.204269409 1
63 29 135.217132568 1
63 29 135.240478516 1
63 29 135.242950439 1
63 29 135.576263428 1
63 29 135.59022522 1
63 29 135.702804565 1
63 29 135.793991089 1
63 29 135.83291626 1
63 29 135.964935303 1
63 29 136.056869507 1
63 29 136.175308228 1
63 29 136.223724365 1
63 29 136.239837646 1
63 29 136.318847656 1
63 29 136.346099854 1
63 29 136.381744385 1
63 29 136.439529419 1
63 29 136.67276001 1
63 29 136.759460449 1
63 29 136.770629883 1
63 29 136.884643555 1
63 29 137.128433228 1
63 29 137.214477539 1
63 29 137.297973633 1
63 29 137.34475708 1
63 29 137.345596313 1
63 29 137.511550903 1
63 29 137.523498535 1
63 29 137.852996826 1
63 29 137.928909302 1
63 29 138.03276062 1
63 29 138.056350708 1
63 29 138.092224121 1
63 29 138.149902344 1
63 29 138.183044434 1
63 29 138.293792725 1
63 29 138.328659058 1
63 29 138.377639771 1
63 29 138.423599243 1
63 29 138.440490723 1
63 29 138.50819397 1
63 29 138.659912109 1
63 29 138.711364746 1
63 29 138.788146973 1
63 29 138.817337036 1
63 29 138.823348999 1
63 29 138.926757812 1
63 29 139.057312012 1
63 29 139.137710571 1
63 29 139.172241211 1
63 29 139.18762207 1
63 29 139.204879761 1
63 29 139.367630005 1
63 29 139.37197876 1
63 29 139.440048218 1
63 29 139.592193604 1
63 29 139.729858398 1
63 29 139.75440979 1
63 29 139.835830688 1
63 29 139.850265503 1
63 29 139.854751587 1
63 29 139.894073486 1
63 29 139.900222778 1
63 29 139.919891357 1
63 29 139.990615845 1
63 29 140.052474976 1
63 29 140.070770264 1
63 29 140.192214966 1
63 29 140.298339844 1
63 29 140.370315552 1
63 29 140.424804688 1
63 29 140.47605896 1
63 29 140.668914795 1
63 29 140.774978638 1
63 29 140.804046631 1
63 29 140.917068481 1
63 29 141.160812378 1
63 29 141.198638916 1
63 29 141.202178955 1
63 29 141.359268188 1
63 29 141.569473267 1
63 29 141.682785034 1
63 29 141.741409302 1
63 29 141.822479248 1
63 29 141.845687866 1
63 29 141.885406494 1
63 29 142.006469727 1
63 29 142.060760498 1
63 29 142.110671997 1
63 29 142.455108643 1
63 29 142.570358276 1
63 29 142.716430664 1
63 29 142.851257324 1
63 29 142.898544312 1
63 29 142.988342285 1
63 29 142.990188599 1
63 29 143.077453613 1
63 29 143.110702515 1
63 29 143.389968872 1
63 29 143.461715698 1
63 29 143.524002075 1
63 29 143.556808472 1
63 29 143.638076782 1
63 29 143.67590332 1
63 29 143.811203003 1
63 29 144.066589355 1
63 29 144.083816528 1
63 29 144.202133179 1
63 29 144.293319702 1
63 29 144.308425903 1
63 29 144.331604004 1
63 29 144.353607178 1
63 29 144.450927734 1
63 29 144.506774902 1
63 29 144.597976685 1
63 29 144.624282837 1
63 29 144.734573364 1
63 29 144.736099243 1
63 29 144.746536255 1
63 29 144.750015259 1
63 29 144.77633667 1
63 29 144.786880493 1
63 29 144.846466064 1
63 29 145.001312256 1
63 29 145.033325195 1
63 29 145.036514282 1
63 29 145.055358887 1
63 29 145.099273682 1
63 29 145.111404419 1
63 29 145.126113892 1
63 29 145.173294067 1
63 29 145.230789185 1
63 29 145.276748657 1
63 29 145.355438232 1
63 29 145.425598145 1
63 29 145.608276367 1
63 29 145.631698608 1
63 29 145.677505493 1
63 29 145.69644165 1
63 29 145.726669312 1
63 29 145.83404541 1
63 29 145.863540649 1
63 29 145.893508911 1
63 29 146.014526367 1
63 29 146.104309082 1
63 29 146.117019653 1
63 29 146.132110596 1
63 29 146.212417603 1
63 29 146.368408203 1
63 29 146.460891724 1
63 29 146.710906982 1
63 29 146.777145386 1
63 29 146.785324097 1
63 29 146.79296875 1
63 29 146.801040649 1
63 29 146.901702881 1
63 29 147.010040283 1
63 29 147.200805664 1
63 29 147.278121948 1
63 29 147.320861816 1
63 29 147.416152954 1
63 29 147.696533203 1
63 29 147.736282349 1
63 29 147.918136597 1
63 29 148.082809448 1
63 29 148.345275879 1
63 29 148.368911743 1
63 29 148.414642334 1
63 29 148.486740112 1
63 29 148.493835449 1
63 29 148.524368286 1
63 29 148.530212402 1
63 29 148.533004761 1
63 29 148.5365448 1
63 29 148.578536987 1
63 29 148.585388184 1
63 29 148.755569458 1
63 29 148.784423828 1
63 29 148.813781738 1
63 29 148.97277832 1
63 29 149.022598267 1
63 29 149.051376343 1
63 29 149.061187744 1
63 29 149.145278931 1
63 29 149.265335083 1
63 29 149.355545044 1
63 29 149.389587402 1
63 29 149.451690674 1
63 29 149.486526489 1
63 29 149.501861572 1
63 29 149.521118164 1
63 29 149.610626221 1
63 29 149.661193848 1
63 29 149.669250488 1
63 29 149.716125488 1
63 29 149.943603516 1
63 29 149.989959717 1
63 29 150.00743103 1
63 29 150.073181152 1
63 29 150.09576416 1
63 29 150.101501465 1
63 29 150.139556885 1
63 29 150.198577881 1
63 29 150.224472046 1
63 29 150.27305603 1
63 29 150.279586792 1
63 29 150.310852051 1
63 29 150.334075928 1
63 29 150.402755737 1
63 29 150.404449463 1
63 29 150.522827148 1
63 29 150.525970459 1
63 29 150.554824829 1
63 29 150.560256958 1
63 29 150.586593628 1
63 29 150.602798462 1
63 29 150.741333008 1
63 29 150.921981812 1
63 29 151.105056763 1
63 29 151.114349365 1
63 29 151.217224121 1
63 29 151.237579346 1
63 29 151.238601685 1
63 29 151.242034912 1
63 29 151.252563477 1
63 29 151.334625244 1
63 29 151.360183716 1
63 29 151.427947998 1
63 29 151.501358032 1
63 29 151.567184448 1
63 29 151.574417114 1
63 29 151.627563477 1
63 29 151.664916992 1
63 29 151.731369019 1
63 29 151.738845825 1
63 29 151.780731201 1
63 29 151.977416992 1
63 29 152.0052948 1
63 29 152.028686523 1
63 29 152.047927856 1
63 29 152.176651001 1
63 29 152.206924438 1
63 29 152.25730896 1
63 29 152.463668823 1
63 29 152.488739014 1
63 29 152.505142212 1
63 29 152.587738037 1
63 29 152.606140137 1
63 29 152.631072998 1
63 29 152.667388916 1
63 29 152.720108032 1
63 29 152.730895996 1
63 29 152.735366821 1
63 29 152.853118896 1
63 29 152.92086792 1
63 29 153.206756592 1
63 29 153.302520752 1
63 29 153.350570679 1
63 29 153.353759766 1
63 29 153.362167358 1
63 29 153.393127441 1
63 29 153.431671143 1
63 29 153.441665649 1
63 29 153.478988647 1
63 29 153.510635376 1
63 29 153.570571899 1
63 29 153.575881958 1
63 29 153.612045288 1
63 29 153.719802856 1
63 29 153.778778076 1
63 29 153.85295105 1
63 29 153.930343628 1
63 29 153.982894897 1
63 29 154.289215088 1
63 29 154.327316284 1
63 29 154.343170166 1
63 29 154.352157593 1
63 29 154.498138428 1
63 29 154.609588623 1
63 29 154.620330811 1
63 29 154.774398804 1
63 29 154.782989502 1
63 29 154.942199707 1
63 29 154.956588745 1
63 29 155.040618896 1
63 29 155.049057007 1
63 29 155.091186523 1
63 29 155.27897644 1
63 29 155.315536499 1
63 29 155.333435059 1
63 29 155.355987549 1
63 29 155.38520813 1
63 29 155.5831604 1
63 29 155.604644775 1
63 29 155.633605957 1
63 29 155.884552002 1
63 29 155.914306641 1
63 29 155.998855591 1
63 29 156.064849854 1
63 29 156.170730591 1
63 29 156.177642822 1
63 29 156.228713989 1
63 29 156.385543823 1
63 29 156.422653198 1
63 29 156.549942017 1
63 29 156.555953979 1
63 29 156.598648071 1
63 29 156.612808228 1
63 29 156.686340332 1
63 29 156.694046021 1
63 29 156.718048096 1
63 29 156.776092529 1
63 29 156.854324341 1
63 29 156.932174683 1
63 29 156.962158203 1
63 29 156.969329834 1
63 29 156.98109436 1
63 29 157.031707764 1
63 29 157.076171875 1
63 29 157.122055054 1
63 29 157.219985962 1
63 29 157.343917847 1
63 29 157.344497681 1
63 29 157.346740723 1
63 29 157.3878479 1
63 29 157.451721191 1
63 29 157.477676392 1
63 29 157.543029785 1
63 29 157.548110962 1
63 29 157.704086304 1
63 29 157.706542969 1
63 29 157.793777466 1
63 29 157.864654541 1
63 29 157.943634033 1
63 29 158.031463623 1
63 29 158.099243164 1
63 29 158.121887207 1
63 29 158.145904541 1
63 29 158.214569092 1
63 29 158.385147095 1
63 29 158.413772583 1
63 29 158.433959961 1
63 29 158.605926514 1
63 29 158.764083862 1
63 29 158.768630981 1
63 29 158.780212402 1
63 29 158.791107178 1
63 29 159.092300415 1
63 29 159.100219727 1
63 29 159.124954224 1
63 29 159.24659729 1
63 29 159.255249023 1
63 29 159.331756592 1
63 29 159.377792358 1
63 29 159.410812378 1
63 29 159.633255005 1
63 29 159.777893066 1
63 29 160.190765381 1
63 29 160.220153809 1
63 29 160.317596436 1
63 29 160.672058105 1
63 29 160.731079102 1
63 29 160.760375977 1
63 29 160.842315674 1
63 29 160.900177002 1
63 29 160.988113403 1
63 29 161.12286377 1
63 29 161.165374756 1
63 29 161.239227295 1
63 29 161.263473511 1
63 29 161.425338745 1
63 29 161.440353394 1
63 29 161.458023071 1
63 29 161.617111206 1
63 29 161.739303589 1
63 29 161.782592773 1
63 29 161.81098938 1
63 29 161.813323975 1
63 29 161.816452026 1
63 29 161.835861206 1
63 29 161.842163086 1
63 29 161.910736084 1
63 29 161.912231445 1
63 29 162.057723999 1
63 29 162.071136475 1
63 29 162.304626465 1
63 29 162.406387329 1
63 29 162.413543701 1
63 29 162.441818237 1
63 29 162.457000732 1
63 29 162.993301392 1
63 29 163.17477417 1
63 29 163.234710693 1
63 29 163.254486084 1
63 29 163.265487671 1
63 29 163.283966064 1
63 29 163.465423584 1
63 29 163.689163208 1
63 29 163.864257812 1
63 29 164.131149292 1
63 29 164.194137573 1
63 29 164.25958252 1
63 29 164.285202026 1
63 29 164.880111694 1
63 29 165.402832031 1
63 29 165.498580933 1
63 29 165.614761353 1
63 29 165.807891846 1
63 29 165.944656372 1
63 29 166.017028809 1
63 29 166.025695801 1
63 29 166.26184082 1
63 29 166.265426636 1
63 29 166.303405762 1
63 29 166.495574951 1
63 29 166.73034668 1
63 29 166.748809814 1
63 29 166.778488159 1
63 29 166.821716309 1
63 29 167.180145264 1
63 29 167.461227417 1
63 29 167.533508301 1
63 29 167.682922363 1
63 29 167.840270996 1
63 29 167.862228394 1
63 29 167.949264526 1
63 29 168.084884644 1
63 29 168.252365112 1
63 29 168.558563232 1
63 29 168.790252686 1
63 29 169.061401367 1
63 29 169.351608276 1
63 29 169.587509155 1
63 29 169.614364624 1
63 29 169.643310547 1
63 29 169.717208862 1
63 29 170.056793213 1
63 29 170.080123901 1
63 29 170.154403687 1
63 29 170.279968262 1
63 29 170.345779419 1
63 29 170.587478638 1
63 29 170.632827759 1
63 29 171.225372314 1
63 29 171.549530029 1
63 29 171.71105957 1
63 29 171.748077393 1
63 29 171.809768677 1
63 29 171.855331421 1
63 29 172.196395874 1
63 29 172.229598999 1
63 29 172.262191772 1
63 29 172.53666687 1
63 29 172.737823486 1
63 29 172.827087402 1
63 29 172.884902954 1
63 29 173.370376587 1
63 29 173.432449341 1
63 29 173.728256226 1
63 29 173.73916626 1
63 29 174.053787231 1
63 29 174.1378479 1
63 29 174.321136475 1
63 29 174.544296265 1
63 29 174.783691406 1
63 29 174.885192871 1
63 29 174.916305542 1
63 29 175.034484863 1
63 29 175.660614014 1
63 29 175.816589355 1
63 29 175.946456909 1
63 29 175.948028564 1
63 29 176.107894897 1
63 29 176.179077148 1
63 29 176.180847168 1
63 29 177.194458008 1
63 29 177.753585815 1
63 29 178.014282227 1
63 29 178.141052246 1
63 29 178.251449585 1
63 29 178.309387207 1
63 29 178.568710327 1
63 29 178.75378418 1
63 29 179.104202271 1
63 29 179.487716675 1
63 29 179.521560669 1
63 29 179.731414795 1
63 29 179.741287231 1
63 29 179.924575806 1
63 29 180.464950562 1
63 29 180.762405396 1
63 29 180.820556641 1
63 29 181.489547729 1
63 29 181.769821167 1
63 29 181.834777832 1
63 29 181.870849609 1
63 29 181.907226562 1
63 29 181.925354004 1
63 29 182.114608765 1
63 29 182.119445801 1
63 29 182.740859985 1
63 29 182.757415771 1
63 29 182.92175293 1
63 29 182.930847168 1
63 29 182.974136353 1
63 29 183.146255493 1
63 29 183.293563843 1
63 29 183.830749512 1
63 29 184.082305908 1
63 29 184.538696289 1
63 29 184.628204346 1
63 29 185.103317261 1
63 29 185.374542236 1
63 29 185.452392578 1
63 29 185.655349731 1
63 29 185.775558472 1
63 29 185.834228516 1
63 29 186.686248779 1
63 29 186.911727905 1
63 29 187.292602539 1
63 29 187.397293091 1
63 29 188.034561157 1
63 29 188.886749268 1
63 29 189.10446167 1
63 29 189.519546509 1
63 29 189.857330322 1
63 29 190.540481567 1
63 29 190.749542236 1
63 29 191.046112061 1
63 29 191.430053711 1
63 29 191.615570068 1
63 29 191.981262207 1
63 29 192.29750061 1
63 29 192.533676147 1
63 29 192.692718506 1
63 29 192.729827881 1
63 29 192.855407715 1
63 29 193.032440186 1
63 29 193.181884766 1
63 29 193.642654419 1
63 29 193.707977295 1
63 29 193.827285767 1
63 29 194.269287109 1
63 29 194.645065308 1
63 29 195.053604126 1
63 29 196.289016724 1
63 29 196.528045654 1
63 29 196.548141479 1
63 29 196.887710571 1
63 29 197.764175415 1
63 29 197.9740448 1
63 29 197.992218018 1
63 29 198.093399048 1
63 29 198.166870117 1
63 29 198.800003052 1
63 29 198.843780518 1
63 29 200.043869019 1
63 29 200.050552368 1
63 29 200.086898804 1
63 29 200.511001587 1
63 29 200.590530396 1
63 29 202.305740356 1
63 29 202.775283813 1
63 29 202.870895386 1
63 29 202.973999023 1
63 29 203.075241089 1
63 29 204.702270508 1
63 29 205.428405762 1
63 29 206.347137451 1
63 29 206.761428833 1
63 29 206.930374146 1
63 29 206.9712677 1
63 29 207.139099121 1
63 29 207.49382019 1
63 29 207.873123169 1
63 29 208.643692017 1
63 29 209.130889893 1
63 29 209.475250244 1
63 29 210.157485962 1
63 29 210.397766113 1
63 29 211.042770386 1
63 29 211.872283936 1
63 29 212.444763184 1
63 29 212.752914429 1
63 29 213.021072388 1
63 29 213.139465332 1
63 29 213.245910645 1
63 29 214.979446411 1
63 29 215.513290405 1
63 29 215.89704895 1
63 29 216.350418091 1
63 29 216.388565063 1
63 29 217.446090698 1
63 29 218.011016846 1
63 29 218.389862061 1
63 29 218.629348755 1
63 29 218.854232788 1
63 29 219.055114746 1
63 29 219.311630249 1
63 29 219.388214111 1
63 29 219.583694458 1
63 29 220.054672241 1
63 29 220.718063354 1
63 29 222.036300659 1
63 29 222.418136597 1
63 29 223.700744629 1
63 29 224.474014282 1
63 29 224.605651855 1
63 29 226.325698853 1
63 29 226.779708862 1
63 29 227.219192505 1
63 29 227.513656616 1
63 29 227.889953613 1
63 29 228.555908203 1
63 29 228.838516235 1
63 29 229.014358521 1
63 29 229.133132935 1
63 29 229.900466919 1
63 29 230.887832642 1
63 29 233.495147705 1
63 29 234.194824219 1
63 29 235.778396606 1
63 29 236.173919678 1
63 29 237.596511841 1
63 29 237.805725098 1
63 29 238.450576782 1
63 29 238.547943115 1
63 29 242.42741394 1
63 29 243.199645996 1
63 29 243.411209106 1
63 29 244.051712036 1
63 29 246.631454468 1
63 29 248.988388062 1
63 29 249.800262451 1
63 29 251.416213989 1
63 29 251.696334839 1
63 29 252.129669189 1
63 29 256.913665771 1
63 29 257.576019287 1
63 29 258.790374756 1
63 29 258.942749023 1
63 29 259.087554932 1
63 29 261.895324707 1
63 29 262.105133057 1
63 29 264.412567139 1
63 29 266.544494629 1
63 29 269.31451416 1
63 29 270.743347168 1
63 29 270.905822754 1
63 29 271.638336182 1
63 29 271.889862061 1
63 29 271.932434082 1
63 29 272.827178955 1
63 29 278.920898438 1
63 29 280.062072754 1
63 29 280.429351807 1
63 29 280.853546143 1
63 29 282.477722168 1
63 29 283.092926025 1
63 29 283.17364502 1
63 29 284.441833496 1
63 29 284.704284668 1
63 29 284.857147217 1
63 29 286.724334717 1
63 29 288.04510498 1
63 29 289.996063232 1
63 29 292.005462646 1
63 29 292.125823975 1
63 29 292.161315918 1
63 29 294.070281982 1
63 29 295.465057373 1
63 29 297.154815674 1
63 29 297.459075928 1
63 29 299.493469238 1
63 29 299.750518799 1
63 29 299.761932373 1
63 29 302.864257812 1
63 29 302.867736816 1
63 29 304.806854248 1
63 29 307.57901001 1
63 29 310.173614502 1
63 29 310.83416748 1
63 29 313.227416992 1
63 29 313.423797607 1
63 29 315.743835449 1
63 29 316.057922363 1
63 29 316.440093994 1
63 29 317.967773438 1
63 29 326.060668945 1
63 29 326.448547363 1
63 29 327.951782227 1
63 29 329.879638672 1
63 29 332.681732178 1
63 29 336.347625732 1
63 29 337.937957764 1
63 29 339.219726562 1
63 29 340.201293945 1
63 29 340.604919434 1
63 29 346.011474609 1
63 29 346.695251465 1
63 29 348.469360352 1
63 29 349.107421875 1
63 29 349.993469238 1
63 29 350.864135742 1
63 29 352.673461914 1
63 29 353.978515625 1
63 29 358.913391113 1
63 29 360.036071777 1
63 29 361.359893799 1
63 29 365.092102051 1
63 29 368.954589844 1
63 29 369.745880127 1
63 29 372.352172852 1
63 29 377.306671143 1
63 29 378.58303833 1
63 29 383.806610107 1
63 29 392.840087891 1
63 29 393.404846191 1
63 29 408.200531006 1
63 29 410.475158691 1
63 29 411.693389893 1
63 29 413.661804199 1
63 29 413.744781494 1
63 29 415.110351562 1
63 29 421.667938232 1
63 29 422.145080566 1
63 29 435.632202148 1
63 29 436.009643555 1
63 29 436.840118408 1
63 29 437.339385986 1
63 29 437.583557129 1
63 29 438.284118652 1
63 29 445.256500244 1
63 29 445.274719238 1
63 29 445.646057129 1
63 29 450.792236328 1
63 29 452.585784912 1
63 29 459.156738281 1
63 29 459.744750977 1
63 29 463.637969971 1
63 29 467.811950684 1
63 29 469.49810791 1
63 29 470.594329834 1
63 29 472.791748047 1
63 29 475.714691162 1
63 29 476.170440674 1
63 29 479.509399414 1
63 29 479.530273438 1
63 29 481.190734863 1
63 29 483.069213867 1
63 29 489.086364746 1
63 29 495.129241943 1
63 29 497.449188232 1
63 29 503.945831299 1
63 29 504.093811035 1
63 29 504.377532959 1
63 29 506.524963379 1
63 29 508.442108154 1
63 29 508.791625977 1
63 29 509.169616699 1
63 29 511.396148682 1
63 29 517.254333496 1
63 29 519.265686035 1
63 29 522.123779297 1
63 29 522.95489502 1
63 29 524.582397461 1
63 29 525.027587891 1
63 29 531.062438965 1
63 29 533.763305664 1
63 29 533.894592285 1
63 29 534.483703613 1
63 29 537.459289551 1
63 29 541.699523926 1
63 29 570.55682373 1
63 29 571.156677246 1
63 29 575.366516113 1
63 29 579.347717285 1
63 29 579.833007812 1
63 29 587.143676758 1
63 29 591.57244873 1
63 29 595.94140625 1
63 29 605.454162598 1
63 29 606.409301758 1
63 29 610.019348145 1
63 29 612.975585938 1
63 29 613.531433105 1
63 29 617.531921387 1
63 29 632.352722168 1
63 29 643.03125 1
63 29 673.878356934 1
63 29 685.360412598 1
63 29 698.580932617 1
63 29 710.066711426 1
63 29 711.707580566 1
63 29 724.369506836 1
63 29 725.465942383 1
63 29 746.028564453 1
63 29 761.21887207 1
63 29 763.850646973 1
63 29 771.915527344 1
63 29 788.705810547 1
63 29 800.599121094 1
63 29 805.696655273 1
63 29 837.543395996 1
63 29 897.936706543 1
63 29 902.465515137 1
63 29 915.743835449 1
63 29 963.073303223 1
63 29 965.689453125 1
63 29 1020.2678833 1
63 29 1118.10412598 1
63 29 1138.1229248 1
63 29 1297.00134277 1
63 29 1565.2220459 1
63 29 1668.98498535 1
63 29 1766.65856934 1
63 29 2481.60986328 1
63 31 92.9039916992 1
63 31 94.2264633179 1
63 31 96.4249267578 1
63 31 96.8855056763 1
63 31 97.8650970459 1
63 31 98.388923645 1
63 31 98.9221572876 1
63 31 98.9876861572 1
63 31 100.169143677 1
63 31 100.914024353 1
63 31 100.926841736 1
63 31 101.069313049 1
63 31 101.160118103 1
63 31 102.793624878 1
63 31 103.148246765 1
63 31 103.787223816 1
63 31 104.439575195 1
63 31 104.753952026 1
63 31 105.958755493 1
63 31 107.022789001 1
63 31 107.531021118 1
63 31 107.623382568 1
63 31 107.79486084 1
63 31 107.986045837 1
63 31 108.140098572 1
63 31 108.212684631 1
63 31 109.064292908 1
63 31 109.083374023 1
63 31 109.384864807 1
63 31 109.565956116 1
63 31 110.22794342 1
63 31 110.276657104 1
63 31 110.431396484 1
63 31 111.333526611 1
63 31 111.722801208 1
63 31 111.830497742 1
63 31 112.371261597 1
63 31 112.619499207 1
63 31 112.819145203 1
63 31 113.262634277 1
63 31 113.380744934 1
63 31 113.68788147 1
63 31 113.811019897 1
63 31 113.967140198 1
63 31 115.360061646 1
63 31 115.67980957 1
63 31 116.449180603 1
63 31 116.63319397 1
63 31 116.642852783 1
63 31 116.704078674 1
63 31 116.750709534 1
63 31 117.552085876 1
63 31 117.607002258 1
63 31 117.964523315 1
63 31 118.428955078 1
63 31 118.542556763 1
63 31 118.595092773 1
63 31 118.827407837 1
63 31 118.936157227 1
63 31 119.00818634 1
63 31 119.123390198 1
63 31 119.386711121 1
63 31 119.627731323 1
63 31 119.714645386 1
63 31 119.78351593 1
63 31 119.925598145 1
63 31 120.039924622 1
63 31 120.94316864 1
63 31 121.180961609 1
63 31 122.312637329 1
63 31 122.448196411 1
63 31 122.724098206 1
63 31 123.568130493 1
63 31 123.760978699 1
63 31 123.815002441 1
63 31 123.92440033 1
63 31 124.507270813 1
63 31 124.930519104 1
63 31 125.032852173 1
63 31 125.094436646 1
63 31 125.350601196 1
63 31 125.439872742 1
63 31 125.992134094 1
63 31 126.097587585 1
63 31 126.351142883 1
63 31 127.131813049 1
63 31 127.45766449 1
63 31 127.92881012 1
63 31 128.005355835 1
63 31 128.261108398 1
63 31 128.624328613 1
63 31 128.917449951 1
63 31 129.097549438 1
63 31 129.288284302 1
63 31 129.603668213 1
63 31 129.838516235 1
63 31 130.782440186 1
63 31 130.868087769 1
63 31 131.2603302 1
63 31 131.337646484 1
63 31 131.844894409 1
63 31 132.143295288 1
63 31 132.164733887 1
63 31 133.088989258 1
63 31 133.099441528 1
63 31 133.213516235 1
63 31 133.476028442 1
63 31 133.642715454 1
63 31 134.114990234 1
63 31 134.658111572 1
63 31 134.663116455 1
63 31 135.713989258 1
63 31 135.959762573 1
63 31 136.046157837 1
63 31 136.160385132 1
63 31 136.385604858 1
63 31 136.97026062 1
63 31 137.424880981 1
63 31 137.520584106 1
63 31 137.573684692 1
63 31 137.684265137 1
63 31 137.88079834 1
63 31 138.303482056 1
63 31 138.342910767 1
63 31 138.913711548 1
63 31 139.424835205 1
63 31 139.489944458 1
63 31 139.929412842 1
63 31 140.024765015 1
63 31 140.059875488 1
63 31 140.225830078 1
63 31 140.330886841 1
63 31 140.349105835 1
63 31 140.420440674 1
63 31 140.468048096 1
63 31 140.503189087 1
63 31 140.542282104 1
63 31 140.641860962 1
63 31 140.734909058 1
63 31 141.238357544 1
63 31 141.275817871 1
63 31 141.287658691 1
63 31 141.648406982 1
63 31 141.667144775 1
63 31 142.149780273 1
63 31 142.734298706 1
63 31 142.808197021 1
63 31 142.910324097 1
63 31 142.91607666 1
63 31 143.233261108 1
63 31 143.838317871 1
63 31 143.859207153 1
63 31 144.071548462 1
63 31 144.18939209 1
63 31 144.269485474 1
63 31 144.498901367 1
63 31 144.507736206 1
63 31 144.524642944 1
63 31 144.880523682 1
63 31 144.899749756 1
63 31 145.288528442 1
63 31 145.343704224 1
63 31 145.437225342 1
63 31 145.81867981 1
63 31 146.382873535 1
63 31 146.498718262 1
63 31 146.884002686 1
63 31 147.133926392 1
63 31 147.148727417 1
63 31 147.219085693 1
63 31 147.291427612 1
63 31 147.310287476 1
63 31 147.692764282 1
63 31 147.781646729 1
63 31 147.844360352 1
63 31 147.892181396 1
63 31 147.982345581 1
63 31 148.406051636 1
63 31 148.408935547 1
63 31 148.513122559 1
63 31 148.722000122 1
63 31 149.204528809 1
63 31 149.369033813 1
63 31 149.405227661 1
63 31 149.811920166 1
63 31 149.837051392 1
63 31 150.482452393 1
63 31 150.645675659 1
63 31 150.888366699 1
63 31 151.090515137 1
63 31 151.378387451 1
63 31 151.38961792 1
63 31 151.539596558 1
63 31 151.588378906 1
63 31 151.818283081 1
63 31 152.253433228 1
63 31 152.608230591 1
63 31 152.709915161 1
63 31 152.863708496 1
63 31 153.285293579 1
63 31 153.443786621 1
63 31 154.070205688 1
63 31 154.281936646 1
63 31 154.875946045 1
63 31 155.32182312 1
63 31 155.424987793 1
63 31 155.455947876 1
63 31 156.044204712 1
63 31 156.256210327 1
63 31 156.270858765 1
63 31 156.468673706 1
63 31 156.70413208 1
63 31 156.726974487 1
63 31 156.841339111 1
63 31 157.425369263 1
63 31 157.476776123 1
63 31 157.743362427 1
63 31 158.159988403 1
63 31 158.420669556 1
63 31 158.443481445 1
63 31 158.631225586 1
63 31 158.799407959 1
63 31 158.929901123 1
63 31 159.04019165 1
63 31 159.574645996 1
63 31 159.636383057 1
63 31 159.73298645 1
63 31 159.749206543 1
63 31 159.751251221 1
63 31 160.418365479 1
63 31 160.539031982 1
63 31 160.622589111 1
63 31 161.274505615 1
63 31 161.337417603 1
63 31 161.64491272 1
63 31 161.785934448 1
63 31 161.903701782 1
63 31 162.098129272 1
63 31 162.440750122 1
63 31 162.493347168 1
63 31 162.8853302 1
63 31 163.081283569 1
63 31 163.323135376 1
63 31 164.938949585 1
63 31 165.018203735 1
63 31 165.242950439 1
63 31 165.472244263 1
63 31 165.5675354 1
63 31 165.72038269 1
63 31 165.775283813 1
63 31 165.801361084 1
63 31 166.683074951 1
63 31 166.90196228 1
63 31 167.045608521 1
63 31 167.489227295 1
63 31 167.610931396 1
63 31 167.7215271 1
63 31 167.801727295 1
63 31 167.855621338 1
63 31 167.877227783 1
63 31 167.896484375 1
63 31 168.066085815 1
63 31 168.326583862 1
63 31 168.551727295 1
63 31 168.833374023 1
63 31 169.005065918 1
63 31 169.304107666 1
63 31 169.406494141 1
63 31 169.48046875 1
63 31 169.602737427 1
63 31 169.736602783 1
63 31 169.751251221 1
63 31 170.355865479 1
63 31 170.462860107 1
63 31 171.163391113 1
63 31 171.348297119 1
63 31 171.419906616 1
63 31 171.432266235 1
63 31 171.838729858 1
63 31 172.326248169 1
63 31 172.37310791 1
63 31 172.385452271 1
63 31 172.481811523 1
63 31 172.639892578 1
63 31 172.965362549 1
63 31 173.003677368 1
63 31 173.417755127 1
63 31 173.482727051 1
63 31 173.508682251 1
63 31 173.646560669 1
63 31 173.871566772 1
63 31 173.926544189 1
63 31 174.076812744 1
63 31 174.078643799 1
63 31 174.844055176 1
63 31 174.88923645 1
63 31 175.029663086 1
63 31 175.264480591 1
63 31 175.654754639 1
63 31 175.783309937 1
63 31 176.431488037 1
63 31 176.565429688 1
63 31 176.896286011 1
63 31 177.195358276 1
63 31 177.289154053 1
63 31 177.411651611 1
63 31 177.445983887 1
63 31 177.638122559 1
63 31 178.401077271 1
63 31 178.544906616 1
63 31 178.936645508 1
63 31 179.114715576 1
63 31 179.118331909 1
63 31 179.198455811 1
63 31 179.381164551 1
63 31 179.396392822 1
63 31 179.532592773 1
63 31 179.581069946 1
63 31 179.961669922 1
63 31 180.295196533 1
63 31 180.31262207 1
63 31 180.341339111 1
63 31 180.387908936 1
63 31 180.682281494 1
63 31 180.726394653 1
63 31 180.85307312 1
63 31 180.858184814 1
63 31 180.89553833 1
63 31 180.961212158 1
63 31 181.401641846 1
63 31 181.457138062 1
63 31 181.500839233 1
63 31 181.67427063 1
63 31 181.947647095 1
63 31 182.434814453 1
63 31 182.674591064 1
63 31 182.711349487 1
63 31 182.938018799 1
63 31 183.554397583 1
63 31 183.606231689 1
63 31 183.764221191 1
63 31 183.923568726 1
63 31 183.979278564 1
63 31 184.405487061 1
63 31 184.492614746 1
63 31 185.113449097 1
63 31 185.269195557 1
63 31 185.563705444 1
63 31 185.603729248 1
63 31 185.673477173 1
63 31 186.104217529 1
63 31 186.136123657 1
63 31 186.136810303 1
63 31 186.391540527 1
63 31 186.561325073 1
63 31 186.69367981 1
63 31 187.120315552 1
63 31 187.196609497 1
63 31 188.545684814 1
63 31 188.546295166 1
63 31 188.742462158 1
63 31 188.753692627 1
63 31 189.365814209 1
63 31 189.575973511 1
63 31 189.656509399 1
63 31 190.184463501 1
63 31 190.496032715 1
63 31 191.156845093 1
63 31 191.213241577 1
63 31 191.568466187 1
63 31 191.807098389 1
63 31 192.211837769 1
63 31 192.399261475 1
63 31 192.622634888 1
63 31 192.970428467 1
63 31 193.023147583 1
63 31 193.21484375 1
63 31 193.269241333 1
63 31 193.91217041 1
63 31 194.225021362 1
63 31 194.395690918 1
63 31 194.451721191 1
63 31 195.412002563 1
63 31 195.748962402 1
63 31 195.920669556 1
63 31 195.956207275 1
63 31 196.014846802 1
63 31 196.349655151 1
63 31 196.499298096 1
63 31 196.589691162 1
63 31 196.777404785 1
63 31 196.988357544 1
63 31 197.100616455 1
63 31 197.30166626 1
63 31 197.520782471 1
63 31 197.951019287 1
63 31 198.172180176 1
63 31 198.657592773 1
63 31 198.96395874 1
63 31 199.076644897 1
63 31 199.382461548 1
63 31 199.510070801 1
63 31 200.019210815 1
63 31 200.044128418 1
63 31 200.184585571 1
63 31 200.252105713 1
63 31 200.892105103 1
63 31 200.976257324 1
63 31 201.408508301 1
63 31 201.944641113 1
63 31 202.097381592 1
63 31 202.234390259 1
63 31 202.363220215 1
63 31 202.930557251 1
63 31 203.442977905 1
63 31 203.479644775 1
63 31 203.617919922 1
63 31 203.631408691 1
63 31 204.165039062 1
63 31 204.851409912 1
63 31 205.07963562 1
63 31 205.138305664 1
63 31 205.456039429 1
63 31 205.48348999 1
63 31 205.632232666 1
63 31 205.921188354 1
63 31 206.13053894 1
63 31 206.695999146 1
63 31 207.008850098 1
63 31 207.037277222 1
63 31 207.691696167 1
63 31 208.543609619 1
63 31 208.720214844 1
63 31 209.36668396 1
63 31 212.498275757 1
63 31 212.833572388 1
63 31 213.577362061 1
63 31 214.237091064 1
63 31 215.634399414 1
63 31 217.032211304 1
63 31 217.127655029 1
63 31 217.893661499 1
63 31 218.188735962 1
63 31 218.507675171 1
63 31 218.51171875 1
63 31 219.090393066 1
63 31 219.659927368 1
63 31 219.792190552 1
63 31 219.809234619 1
63 31 221.124984741 1
63 31 221.43963623 1
63 31 222.2552948 1
63 31 222.489135742 1
63 31 222.896850586 1
63 31 223.404800415 1
63 31 223.640045166 1
63 31 224.259811401 1
63 31 224.497589111 1
63 31 226.5834198 1
63 31 227.419448853 1
63 31 227.421020508 1
63 31 228.930603027 1
63 31 229.396743774 1
63 31 229.596099854 1
63 31 229.6353302 1
63 31 229.883514404 1
63 31 231.412994385 1
63 31 231.773803711 1
63 31 232.009872437 1
63 31 232.066268921 1
63 31 232.804367065 1
63 31 232.807891846 1
63 31 233.784698486 1
63 31 234.008773804 1
63 31 234.647109985 1
63 31 234.826095581 1
63 31 235.507278442 1
63 31 235.969512939 1
63 31 237.476852417 1
63 31 237.550918579 1
63 31 238.270690918 1
63 31 238.65071106 1
63 31 239.359542847 1
63 31 239.945800781 1
63 31 240.196685791 1
63 31 240.277130127 1
63 31 241.780670166 1
63 31 242.218780518 1
63 31 242.781723022 1
63 31 243.088592529 1
63 31 243.322479248 1
63 31 243.532623291 1
63 31 243.684448242 1
63 31 243.979370117 1
63 31 244.167434692 1
63 31 244.859451294 1
63 31 245.261734009 1
63 31 245.499099731 1
63 31 245.582214355 1
63 31 245.643157959 1
63 31 245.983795166 1
63 31 249.249343872 1
63 31 249.690856934 1
63 31 251.10887146 1
63 31 252.468704224 1
63 31 252.524078369 1
63 31 252.549377441 1
63 31 254.916946411 1
63 31 255.05406189 1
63 31 255.911605835 1
63 31 256.659332275 1
63 31 256.805114746 1
63 31 257.393310547 1
63 31 258.281799316 1
63 31 259.762207031 1
63 31 259.874633789 1
63 31 260.134246826 1
63 31 260.224243164 1
63 31 260.738922119 1
63 31 261.288970947 1
63 31 263.071655273 1
63 31 264.266571045 1
63 31 265.643371582 1
63 31 266.022949219 1
63 31 266.604217529 1
63 31 269.940551758 1
63 31 270.635925293 1
63 31 270.642333984 1
63 31 271.11831665 1
63 31 271.326690674 1
63 31 271.424163818 1
63 31 271.654968262 1
63 31 272.196685791 1
63 31 274.78503418 1
63 31 275.664978027 1
63 31 276.923583984 1
63 31 277.171203613 1
63 31 277.201690674 1
63 31 279.230834961 1
63 31 281.824310303 1
63 31 282.731964111 1
63 31 283.572967529 1
63 31 284.052490234 1
63 31 285.979919434 1
63 31 290.559509277 1
63 31 291.862487793 1
63 31 293.927856445 1
63 31 295.620758057 1
63 31 296.757141113 1
63 31 297.081176758 1
63 31 298.100280762 1
63 31 298.364624023 1
63 31 298.529602051 1
63 31 298.676330566 1
63 31 299.165740967 1
63 31 299.207611084 1
63 31 300.637298584 1
63 31 302.218383789 1
63 31 303.284240723 1
63 31 304.287750244 1
63 31 305.491333008 1
63 31 308.905822754 1
63 31 310.879699707 1
63 31 311.907043457 1
63 31 312.380310059 1
63 31 316.566253662 1
63 31 317.061523438 1
63 31 317.490234375 1
63 31 317.569885254 1
63 31 323.331665039 1
63 31 324.082702637 1
63 31 325.230773926 1
63 31 325.264801025 1
63 31 325.607727051 1
63 31 325.995666504 1
63 31 326.132751465 1
63 31 326.463928223 1
63 31 326.955657959 1
63 31 327.393798828 1
63 31 327.669250488 1
63 31 327.708190918 1
63 31 327.714141846 1
63 31 329.949829102 1
63 31 331.542877197 1
63 31 332.12020874 1
63 31 335.316864014 1
63 31 336.174987793 1
63 31 339.630218506 1
63 31 339.657928467 1
63 31 340.858459473 1
63 31 342.167877197 1
63 31 343.004394531 1
63 31 343.488708496 1
63 31 346.492462158 1
63 31 347.325653076 1
63 31 348.147613525 1
63 31 348.865783691 1
63 31 350.463500977 1
63 31 354.888763428 1
63 31 355.162445068 1
63 31 355.723022461 1
63 31 356.025054932 1
63 31 356.206298828 1
63 31 356.47442627 1
63 31 359.424957275 1
63 31 360.369049072 1
63 31 361.345825195 1
63 31 362.96774292 1
63 31 365.387359619 1
63 31 366.676330566 1
63 31 368.275268555 1
63 31 369.365600586 1
63 31 370.339569092 1
63 31 385.362487793 1
63 31 386.481140137 1
63 31 386.875671387 1
63 31 387.665985107 1
63 31 388.108398438 1
63 31 388.528320312 1
63 31 389.325805664 1
63 31 389.553161621 1
63 31 389.691680908 1
63 31 390.853302002 1
63 31 396.342651367 1
63 31 401.437561035 1
63 31 409.702728271 1
63 31 412.195281982 1
63 31 414.832611084 1
63 31 415.94329834 1
63 31 416.558441162 1
63 31 417.570037842 1
63 31 418.215270996 1
63 31 422.786956787 1
63 31 425.837402344 1
63 31 431.936859131 1
63 31 433.064331055 1
63 31 436.239135742 1
63 31 436.906982422 1
63 31 438.103942871 1
63 31 440.115447998 1
63 31 442.201171875 1
63 31 443.842559814 1
63 31 444.843048096 1
63 31 449.838531494 1
63 31 450.74911499 1
63 31 453.360534668 1
63 31 472.927368164 1
63 31 473.431121826 1
63 31 481.388519287 1
63 31 486.684631348 1
63 31 487.527862549 1
63 31 493.733734131 1
63 31 496.223144531 1
63 31 497.30279541 1
63 31 505.880157471 1
63 31 509.033203125 1
63 31 513.399719238 1
63 31 514.706787109 1
63 31 524.692993164 1
63 31 530.075927734 1
63 31 530.668151855 1
63 31 536.543273926 1
63 31 536.937805176 1
63 31 550.468505859 1
63 31 554.333740234 1
63 31 567.508789062 1
63 31 568.287475586 1
63 31 572.457946777 1
63 31 573.065979004 1
63 31 580.096740723 1
63 31 581.818237305 1
63 31 585.415710449 1
63 31 586.860534668 1
63 31 598.59942627 1
63 31 612.95703125 1
63 31 622.446350098 1
63 31 624.418029785 1
63 31 625.324462891 1
63 31 631.534423828 1
63 31 641.401306152 1
63 31 651.175292969 1
63 31 665.531677246 1
63 31 686.471862793 1
63 31 689.553466797 1
63 31 695.226379395 1
63 31 704.872619629 1
63 31 711.470703125 1
63 31 711.706481934 1
63 31 719.191101074 1
63 31 746.261413574 1
63 31 782.03918457 1
63 31 800.386535645 1
63 31 815.931945801 1
63 31 854.607910156 1
63 31 904.70703125 1
63 31 935.226928711 1
63 31 1029.59509277 1
63 31 1049.92028809 1
63 31 1216.58752441 1
63 31 1243.0604248 1
63 31 1388.63781738 1
63 32 196.128570557 1
63 32 197.620498657 1
63 32 198.868667603 1
63 32 199.139923096 1
63 32 200.86668396 1
63 32 203.996002197 1
63 32 205.014709473 1
63 32 206.065490723 1
63 32 206.519012451 1
63 32 209.662643433 1
63 32 210.474502563 1
63 32 211.229248047 1
63 32 214.172149658 1
63 32 215.637283325 1
63 32 217.691879272 1
63 32 218.934326172 1
63 32 219.103271484 1
63 32 220.880142212 1
63 32 221.057495117 1
63 32 225.399871826 1
63 32 225.927780151 1
63 32 227.906021118 1
63 32 228.74168396 1
63 32 229.173324585 1
63 32 230.624359131 1
63 32 232.621231079 1
63 32 233.563217163 1
63 32 233.593231201 1
63 32 234.051528931 1
63 32 234.300643921 1
63 32 235.016479492 1
63 32 235.037765503 1
63 32 235.394729614 1
63 32 236.974838257 1
63 32 238.265258789 1
63 32 239.522247314 1
63 32 240.464782715 1
63 32 241.128387451 1
63 32 241.268096924 1
63 32 241.759399414 1
63 32 241.947616577 1
63 32 242.584487915 1
63 32 242.750793457 1
63 32 242.822418213 1
63 32 243.812026978 1
63 32 244.3387146 1
63 32 245.196350098 1
63 32 245.346984863 1
63 32 246.373138428 1
63 32 247.708938599 1
63 32 247.754486084 1
63 32 248.000686646 1
63 32 248.432922363 1
63 32 248.845535278 1
63 32 250.173614502 1
63 32 251.156570435 1
63 32 251.238235474 1
63 32 251.992752075 1
63 32 252.950408936 1
63 32 253.405075073 1
63 32 254.935974121 1
63 32 256.170471191 1
63 32 256.750823975 1
63 32 257.162261963 1
63 32 259.030609131 1
63 32 259.163665771 1
63 32 263.208190918 1
63 32 264.618225098 1
63 32 265.457702637 1
63 32 265.595001221 1
63 32 267.817565918 1
63 32 268.671508789 1
63 32 268.905609131 1
63 32 269.232971191 1
63 32 271.079284668 1
63 32 272.611724854 1
63 32 274.884552002 1
63 32 275.021484375 1
63 32 275.158905029 1
63 32 275.909515381 1
63 32 276.376556396 1
63 32 278.409973145 1
63 32 279.919525146 1
63 32 280.634521484 1
63 32 283.290679932 1
63 32 284.837219238 1
63 32 284.860290527 1
63 32 285.467987061 1
63 32 290.297668457 1
63 32 291.698913574 1
63 32 292.42855835 1
63 32 292.735290527 1
63 32 292.942016602 1
63 32 293.964660645 1
63 32 297.162780762 1
63 32 298.377410889 1
63 32 301.018188477 1
63 32 303.119689941 1
63 32 309.577331543 1
63 32 311.830474854 1
63 32 313.719360352 1
63 32 315.540313721 1
63 32 315.750152588 1
63 32 317.044006348 1
63 32 317.449890137 1
63 32 317.503143311 1
63 32 317.671905518 1
63 32 321.071472168 1
63 32 324.519592285 1
63 32 324.865112305 1
63 32 325.141387939 1
63 32 325.557312012 1
63 32 329.634399414 1
63 32 330.381072998 1
63 32 330.750701904 1
63 32 330.912322998 1
63 32 331.794616699 1
63 32 333.888671875 1
63 32 334.372741699 1
63 32 335.849304199 1
63 32 337.508087158 1
63 32 337.587036133 1
63 32 339.946807861 1
63 32 341.951599121 1
63 32 342.218475342 1
63 32 342.831207275 1
63 32 343.223114014 1
63 32 349.060272217 1
63 32 349.181182861 1
63 32 352.319915771 1
63 32 352.997680664 1
63 32 354.682983398 1
63 32 355.207763672 1
63 32 357.998260498 1
63 32 358.012298584 1
63 32 360.91394043 1
63 32 364.315948486 1
63 32 368.366699219 1
63 32 368.587493896 1
63 32 369.859649658 1
63 32 373.320770264 1
63 32 376.864532471 1
63 32 381.525146484 1
63 32 382.837005615 1
63 32 388.21975708 1
63 32 394.356018066 1
63 32 394.454742432 1
63 32 396.254486084 1
63 32 398.505065918 1
63 32 400.84564209 1
63 32 404.020446777 1
63 32 404.599182129 1
63 32 405.212127686 1
63 32 407.903594971 1
63 32 410.529541016 1
63 32 411.757019043 1
63 32 414.985229492 1
63 32 415.904388428 1
63 32 418.216186523 1
63 32 423.412628174 1
63 32 428.629516602 1
63 32 433.8644104 1
63 32 438.574432373 1
63 32 439.422973633 1
63 32 439.600189209 1
63 32 445.182830811 1
63 32 448.241638184 1
63 32 448.245483398 1
63 32 448.8046875 1
63 32 455.500976562 1
63 32 458.051727295 1
63 32 465.310302734 1
63 32 467.781219482 1
63 32 470.335388184 1
63 32 470.606170654 1
63 32 471.732177734 1
63 32 472.963348389 1
63 32 473.148651123 1
63 32 480.325592041 1
63 32 480.350769043 1
63 32 485.92880249 1
63 32 501.546447754 1
63 32 503.872619629 1
63 32 509.567321777 1
63 32 521.655578613 1
63 32 527.483947754 1
63 32 527.565551758 1
63 32 528.565246582 1
63 32 529.033691406 1
63 32 531.042541504 1
63 32 548.008789062 1
63 32 549.092529297 1
63 32 562.869995117 1
63 32 564.022583008 1
63 32 566.390808105 1
63 32 574.722473145 1
63 32 605.952636719 1
63 32 608.769897461 1
63 32 621.013977051 1
63 32 634.485412598 1
63 32 669.031677246 1
63 32 672.248901367 1
63 32 740.655944824 1
63 32 793.148254395 1
63 32 802.777038574 1
63 32 858.752624512 1
63 32 906.092346191 1
63 32 932.692810059 1
63 32 978.472045898 1
63 32 1004.40997314 1
63 32 1025.94848633 1
63 32 1329.53149414 1
63 33 337.43182373 1
63 33 337.692718506 1
63 33 338.250976562 1
63 33 344.248352051 1
63 33 344.564483643 1
63 33 356.284210205 1
63 33 368.238250732 1
63 33 370.228790283 1
63 33 405.664978027 1
63 33 420.631652832 1
63 33 425.672912598 1
63 33 426.852539062 1
63 33 442.11505127 1
63 33 445.360809326 1
63 33 447.601715088 1
63 33 466.477264404 1
63 33 472.645385742 1
63 33 481.387145996 1
63 33 489.146087646 1
63 33 490.993377686 1
63 33 496.44430542 1
63 33 501.825592041 1
63 33 504.495178223 1
63 33 512.040039062 1
63 33 518.583618164 1
63 33 526.994445801 1
63 33 539.239135742 1
63 33 543.62890625 1
63 33 701.758728027 1
63 33 714.902954102 1
63 33 721.61340332 1
63 33 739.369384766 1
63 33 830.033874512 1
63 33 885.927612305 1
63 33 972.160095215 1
63 33 993.723144531 1
63 33 1067.9395752 1
63 34 473.970458984 1
63 34 619.275390625 1
63 34 686.771850586 1
63 34 701.500183105 1
63 34 846.071289062 1
63 34 866.970092773 1
63 35 710.928466797 1
64 21 1714.01477051 1
64 25 1391.66894531 1
64 26 909.260437012 1
64 26 1014.26818848 1
64 26 1151.96142578 1
64 26 1376.3145752 1
64 27 1283.67480469 1
64 28 806.723510742 1
64 28 808.221008301 1
64 28 910.650878906 1
64 28 1038.45251465 1
64 28 1113.33483887 1
64 28 1264.60375977 1
64 28 1384.66491699 1
64 28 1538.17407227 1
64 28 3174.11157227 1
64 29 790.66986084 1
64 29 816.794128418 1
64 29 926.46887207 1
64 29 933.846008301 1
64 29 2012.99377441 1
64 29 2476.27758789 1
64 30 674.949768066 1
64 30 692.686584473 1
64 30 697.119384766 1
64 30 724.541748047 1
64 30 758.606689453 1
64 30 808.683288574 1
64 30 810.274414062 1
64 30 826.567871094 1
64 30 958.909301758 1
64 30 1003.51287842 1
64 30 1231.15039062 1
64 30 1328.80224609 1
64 30 1359.0793457 1
64 31 727.371948242 1
64 31 745.084655762 1
64 31 768.99395752 1
64 31 782.127502441 1
64 31 832.102661133 1
64 31 869.543884277 1
64 31 878.800964355 1
64 31 950.664978027 1
64 31 958.322387695 1
64 31 1089.92626953 1
64 31 1137.42687988 1
64 32 899.582275391 1
64 32 961.554321289 1
64 32 997.58416748 1
64 32 1781.21142578 1
64 32 1825.5682373 1
64 33 869.085754395 1
64 33 1156.54956055 1
64 36 1410.72766113 1
65 32 2480.73583984 1
70 22 1342.20397949 1
70 24 1068.01733398 1
70 24 1147.12194824 1
70 24 2409.82177734 1
70 25 900.094360352 1
70 25 992.119384766 1
70 25 1162.98095703 1
70 25 1526.57519531 1
70 26 830.680847168 1
70 26 1114.24353027 1
70 26 1193.38464355 1
70 26 1313.10473633 1
70 26 1511.7947998 1
70 27 789.829101562 1
70 27 802.382629395 1
70 27 1000.38482666 1
70 27 1096.10339355 1
70 27 1237.93273926 1
70 27 1355.27624512 1
70 27 2174.2734375 1
70 28 718.322937012 1
70 28 773.19921875 1
70 28 825.805053711 1
70 28 864.551818848 1
70 28 878.706787109 1
70 28 1277.09667969 1
70 28 1406.3458252 1
70 28 1522.51867676 1
70 28 2066.29711914 1
70 29 701.265380859 1
70 29 824.020751953 1
70 29 838.588195801 1
70 29 996.715148926 1
70 29 1297.95959473 1
70 29 1957.91174316 1
70 29 1980.92224121 1
70 29 2002.58288574 1
70 30 815.70489502 1
70 30 844.70135498 1
70 30 1019.12518311 1
70 30 1076.53771973 1
70 30 2219.31835938 1
70 31 983.687927246 1
70 31 1117.16748047 1
70 32 986.346862793 1
70 32 1096.33459473 1
70 32 1619.02001953 1
70 32 1667.10388184 1
71 21 1433.15649414 1
71 23 2052.70336914 1
71 24 1586.92321777 1
71 25 978.278747559 1
71 25 1118.90209961 1
71 25 1367.0793457 1
71 26 724.124328613 1
71 26 831.673950195 1
71 26 924.135803223 1
71 26 954.37713623 1
71 26 969.901000977 1
71 26 971.148986816 1
71 26 999.380065918 1
71 26 1060.92236328 1
71 26 1098.39111328 1
71 26 1109.91491699 1
71 26 1115.24768066 1
71 26 1217.43664551 1
71 26 1220.83227539 1
71 26 1324.31201172 1
71 27 767.6875 1
71 27 964.776245117 1
71 27 1100.07275391 1
71 27 1370.21118164 1
71 27 1459.79833984 1
71 27 1514.18347168 1
71 27 1814.11291504 1
71 28 742.515197754 1
71 28 863.288757324 1
71 28 876.21282959 1
71 28 877.337036133 1
71 28 883.15826416 1
71 28 903.593200684 1
71 28 1060.18945312 1
71 28 1073.72937012 1
71 28 1099.60949707 1
71 28 1298.31152344 1
71 28 1336.13586426 1
71 29 698.758239746 1
71 29 726.961975098 1
71 29 757.919494629 1
71 29 825.152038574 1
71 29 847.346008301 1
71 29 879.249206543 1
71 29 1053.02905273 1
71 29 1068.99621582 1
71 29 1082.7265625 1
71 29 1084.10131836 1
71 29 1098.92993164 1
71 29 1117.73657227 1
71 29 1163.71142578 1
71 29 1173.859375 1
71 29 1210.51489258 1
71 29 1293.94482422 1
71 29 1308.51208496 1
71 29 1858.39428711 1
71 29 2658.95947266 1
71 30 734.042541504 1
71 30 929.736328125 1
71 30 963.39239502 1
71 30 978.919616699 1
71 30 1099.90063477 1
71 30 1144.11352539 1
71 31 764.719848633 1
71 31 1679.6784668 1
76 29 3002.23046875 1
