string dom time hits
45 23 1867.96850586 1
45 28 1405.68554688 1
45 28 2457.51367188 1
53 27 1266.3157959 1
53 28 1299.48901367 1
53 30 1455.16772461 1
54 21 1904.11328125 1
54 21 2137.1484375 1
54 23 3162.7487793 1
54 24 848.620117188 1
54 24 1143.70141602 1
54 25 947.041381836 1
54 25 1442.18408203 1
54 26 795.035888672 1
54 27 970.75970459 1
54 27 982.288574219 1
54 27 1026.0411377 1
54 27 1217.0045166 1
54 27 1230.56726074 1
54 27 1249.78027344 1
54 27 1431.7388916 1
54 27 1897.50280762 1
54 27 1929.71557617 1
54 28 785.37677002 1
54 28 797.82623291 1
54 28 859.096862793 1
54 28 887.948791504 1
54 28 1440.59106445 1
54 28 1505.72924805 1
54 29 710.022888184 1
54 29 788.723693848 1
54 29 803.852905273 1
54 29 820.208679199 1
54 29 847.713684082 1
54 29 963.856384277 1
54 29 974.686767578 1
54 29 997.809570312 1
54 29 1287.68347168 1
54 29 1290.28649902 1
54 30 811.120605469 1
54 30 1151.74951172 1
54 30 1220.50378418 1
54 30 1263.90405273 1
54 31 683.762268066 1
54 31 736.030456543 1
54 31 758.602478027 1
54 31 923.125 1
54 31 954.281188965 1
54 31 1546.34570312 1
54 33 1357.18212891 1
54 33 1648.49047852 1
54 34 1716.16003418 1
55 22 1639.30114746 1
55 24 1389.96948242 1
55 24 1415.44030762 1
55 25 826.646850586 1
55 25 882.003662109 1
55 25 1088.74487305 1
55 25 1175.12023926 1
55 26 951.414489746 1
55 26 992.21081543 1
55 26 1345.02905273 1
55 27 782.372558594 1
55 27 893.374511719 1
55 27 952.345153809 1
55 27 996.072509766 1
55 27 1087.14599609 1
55 27 1136.48999023 1
55 27 1374.47802734 1
55 28 713.042236328 1
55 28 803.709899902 1
55 28 834.457092285 1
55 28 845.208496094 1
55 28 919.314819336 1
55 28 1232.9029541 1
55 29 735.066223145 1
55 29 769.384460449 1
55 29 802.643676758 1
55 29 836.948974609 1
55 29 842.427429199 1
55 29 869.830993652 1
55 29 912.796813965 1
55 29 958.261901855 1
55 29 1029.10375977 1
55 29 1084.76721191 1
55 29 1181.52758789 1
55 29 1204.67919922 1
55 29 1968.84606934 1
55 30 988.966491699 1
55 30 1652.85498047 1
55 31 722.512390137 1
55 31 815.25378418 1
55 31 820.057922363 1
55 31 1674.85119629 1
55 32 1026.25878906 1
55 32 1269.60351562 1
56 26 1821.63256836 1
56 28 1914.75439453 1
56 29 1558.59777832 1
56 29 1708.00866699 1
56 29 2280.02441406 1
56 30 1598.75842285 1
56 30 1648.86962891 1
61 28 1348.64697266 1
62 15 2070.03222656 1
62 20 1539.20605469 1
62 21 1260.80859375 1
62 24 1700.33972168 1
62 25 940.704772949 1
62 25 977.496154785 1
62 25 1039.66796875 1
62 25 1427.7845459 1
62 25 1792.25097656 1
62 26 866.613342285 1
62 26 1091.05407715 1
62 26 1261.8659668 1
62 26 2513.28222656 1
62 27 776.651733398 1
62 27 874.520935059 1
62 27 899.347595215 1
62 27 1004.93035889 1
62 27 1022.16644287 1
62 27 1044.84265137 1
62 27 1101.30297852 1
62 27 1166.46557617 1
62 27 1219.74780273 1
62 27 1425.35302734 1
62 27 1455.95300293 1
62 27 1676.49316406 1
62 27 1847.24780273 1
62 28 647.361450195 1
62 28 708.105712891 1
62 28 708.683288574 1
62 28 718.607666016 1
62 28 734.416870117 1
62 28 736.466308594 1
62 28 756.836730957 1
62 28 757.451660156 1
62 28 772.337158203 1
62 28 811.288146973 1
62 28 836.710144043 1
62 28 892.044616699 1
62 28 950.057006836 1
62 28 1025.23547363 1
62 28 1243.02355957 1
62 28 1554.51550293 1
62 29 631.005371094 1
62 29 682.777282715 1
62 29 686.218444824 1
62 29 702.648803711 1
62 29 760.308898926 1
62 29 784.428833008 1
62 29 802.419433594 1
62 29 819.26171875 1
62 29 835.233703613 1
62 29 1180.32470703 1
62 29 1188.9173584 1
62 29 1346.72241211 1
62 30 760.779174805 1
62 30 896.625854492 1
62 30 1000.55841064 1
62 30 1033.43798828 1
62 30 1346.15466309 1
62 30 1560.07202148 1
62 31 1141.07141113 1
62 31 1821.27905273 1
62 31 2251.32958984 1
62 32 910.029724121 1
62 32 988.530395508 1
63 19 1712.47570801 1
63 20 1744.13452148 1
63 20 1772.08630371 1
63 21 1150.1229248 1
63 21 1478.14697266 1
63 22 1095.36804199 1
63 22 1208.6661377 1
63 22 1316.96057129 1
63 22 1628.33276367 1
63 22 2133.54980469 1
63 23 604.302185059 1
63 23 708.869506836 1
63 23 721.564453125 1
63 23 764.125549316 1
63 23 768.61920166 1
63 23 780.921203613 1
63 23 792.793884277 1
63 23 793.633911133 1
63 23 930.252807617 1
63 23 1043.39086914 1
63 23 1149.08276367 1
63 24 553.740478516 1
63 24 559.69744873 1
63 24 587.821166992 1
63 24 588.768798828 1
63 24 595.994812012 1
63 24 599.492858887 1
63 24 609.018920898 1
63 24 610.907714844 1
63 24 651.149902344 1
63 24 660.188232422 1
63 24 675.709106445 1
63 24 723.774230957 1
63 24 748.172607422 1
63 24 752.048583984 1
63 24 804.961364746 1
63 24 844.654846191 1
63 24 894.559692383 1
63 24 929.920959473 1
63 24 1173.87487793 1
63 24 1193.21350098 1
63 24 1238.17773438 1
63 25 424.529144287 1
63 25 438.005737305 1
63 25 438.31072998 1
63 25 446.335876465 1
63 25 462.28503418 1
63 25 467.760528564 1
63 25 486.74319458 1
63 25 492.560546875 1
63 25 495.97543335 1
63 25 497.85168457 1
63 25 498.520202637 1
63 25 499.138153076 1
63 25 511.138153076 1
63 25 526.053283691 1
63 25 536.867126465 1
63 25 541.739379883 1
63 25 542.605041504 1
63 25 543.088867188 1
63 25 553.786987305 1
63 25 556.782043457 1
63 25 557.286376953 1
63 25 572.221984863 1
63 25 595.374816895 1
63 25 626.471374512 1
63 25 634.86907959 1
63 25 638.860412598 1
63 25 645.721252441 1
63 25 655.408508301 1
63 25 681.055297852 1
63 25 730.180908203 1
63 25 730.993286133 1
63 25 790.684509277 1
63 25 829.695495605 1
63 25 854.963317871 1
63 25 864.701538086 1
63 25 870.865600586 1
63 25 878.12701416 1
63 25 910.290649414 1
63 25 1037.5201416 1
63 25 1861.60266113 1
63 26 337.449859619 1
63 26 342.668182373 1
63 26 344.768981934 1
63 26 344.849761963 1
63 26 346.292541504 1
63 26 348.89276123 1
63 26 350.67098999 1
63 26 351.18850708 1
63 26 351.906921387 1
63 26 355.198638916 1
63 26 355.367279053 1
63 26 355.578399658 1
63 26 356.444366455 1
63 26 356.881347656 1
63 26 357.246337891 1
63 26 359.085723877 1
63 26 360.34765625 1
63 26 360.480255127 1
63 26 361.110778809 1
63 26 361.17401123 1
63 26 361.887878418 1
63 26 363.990142822 1
63 26 365.085540771 1
63 26 365.907409668 1
63 26 367.726776123 1
63 26 368.096038818 1
63 26 368.453643799 1
63 26 368.869659424 1
63 26 369.807830811 1
63 26 370.408294678 1
63 26 371.962249756 1
63 26 372.481140137 1
63 26 373.290649414 1
63 26 373.297912598 1
63 26 373.686920166 1
63 26 373.751556396 1
63 26 374.43927002 1
63 26 375.785583496 1
63 26 379.302337646 1
63 26 380.710021973 1
63 26 380.712310791 1
63 26 381.913421631 1
63 26 384.206634521 1
63 26 386.261932373 1
63 26 386.479187012 1
63 26 387.299316406 1
63 26 387.708648682 1
63 26 391.249481201 1
63 26 391.303039551 1
63 26 394.835021973 1
63 26 395.178863525 1
63 26 395.709259033 1
63 26 397.020324707 1
63 26 398.906524658 1
63 26 399.686096191 1
63 26 407.328491211 1
63 26 415.078643799 1
63 26 416.416473389 1
63 26 418.713500977 1
63 26 422.090362549 1
63 26 425.6796875 1
63 26 429.603027344 1
63 26 429.734283447 1
63 26 434.620910645 1
63 26 434.886566162 1
63 26 436.985076904 1
63 26 437.167327881 1
63 26 438.812683105 1
63 26 446.044891357 1
63 26 446.891479492 1
63 26 450.895690918 1
63 26 451.368377686 1
63 26 451.562042236 1
63 26 452.667999268 1
63 26 453.609466553 1
63 26 454.852386475 1
63 26 455.602172852 1
63 26 476.681396484 1
63 26 477.225860596 1
63 26 482.683685303 1
63 26 483.110900879 1
63 26 483.39276123 1
63 26 491.362854004 1
63 26 494.469299316 1
63 26 494.843261719 1
63 26 495.682220459 1
63 26 501.597717285 1
63 26 511.714935303 1
63 26 511.726287842 1
63 26 533.755126953 1
63 26 538.998657227 1
63 26 542.198181152 1
63 26 542.289672852 1
63 26 545.45880127 1
63 26 550.053955078 1
63 26 561.836853027 1
63 26 576.371582031 1
63 26 580.968505859 1
63 26 584.513916016 1
63 26 584.629577637 1
63 26 592.716369629 1
63 26 596.036987305 1
63 26 596.542419434 1
63 26 608.989929199 1
63 26 609.432189941 1
63 26 631.362304688 1
63 26 632.43347168 1
63 26 636.126708984 1
63 26 647.863586426 1
63 26 656.567565918 1
63 26 661.748657227 1
63 26 662.240600586 1
63 26 667.93182373 1
63 26 682.34185791 1
63 26 731.637878418 1
63 26 744.036804199 1
63 26 798.00390625 1
63 26 810.151977539 1
63 26 825.818847656 1
63 26 889.385131836 1
63 26 904.624572754 1
63 26 905.72644043 1
63 26 922.70526123 1
63 26 984.906005859 1
63 26 988.731201172 1
63 26 1110.51464844 1
63 26 1234.92565918 1
63 26 1251.640625 1
63 27 244.089935303 1
63 27 247.77671814 1
63 27 247.97744751 1
63 27 248.844833374 1
63 27 249.374313354 1
63 27 249.485671997 1
63 27 249.96975708 1
63 27 249.996917725 1
63 27 250.409469604 1
63 27 250.735351562 1
63 27 251.290481567 1
63 27 251.798843384 1
63 27 252.607131958 1
63 27 253.468307495 1
63 27 253.621551514 1
63 27 253.950622559 1
63 27 254.071121216 1
63 27 254.429260254 1
63 27 254.878997803 1
63 27 254.969161987 1
63 27 255.455307007 1
63 27 256.242736816 1
63 27 256.829528809 1
63 27 256.954711914 1
63 27 256.982696533 1
63 27 258.242645264 1
63 27 258.755462646 1
63 27 259.2527771 1
63 27 259.442047119 1
63 27 259.515899658 1
63 27 260.535461426 1
63 27 260.881561279 1
63 27 261.719268799 1
63 27 261.739227295 1
63 27 262.347167969 1
63 27 262.415161133 1
63 27 262.691741943 1
63 27 262.851928711 1
63 27 263.182403564 1
63 27 263.346801758 1
63 27 263.402801514 1
63 27 263.999176025 1
63 27 264.167785645 1
63 27 264.776855469 1
63 27 264.969116211 1
63 27 265.348236084 1
63 27 265.376190186 1
63 27 265.411529541 1
63 27 265.51550293 1
63 27 265.596435547 1
63 27 266.02166748 1
63 27 266.023803711 1
63 27 266.075866699 1
63 27 266.149780273 1
63 27 266.341491699 1
63 27 266.370758057 1
63 27 266.75 1
63 27 267.110565186 1
63 27 267.455810547 1
63 27 267.594604492 1
63 27 268.023742676 1
63 27 268.245300293 1
63 27 268.333770752 1
63 27 268.669464111 1
63 27 268.992797852 1
63 27 269.255126953 1
63 27 269.270721436 1
63 27 269.718109131 1
63 27 270.491882324 1
63 27 270.782653809 1
63 27 271.084442139 1
63 27 271.437011719 1
63 27 271.483764648 1
63 27 271.530731201 1
63 27 271.594543457 1
63 27 271.837463379 1
63 27 271.9894104 1
63 27 272.145629883 1
63 27 272.234405518 1
63 27 272.854003906 1
63 27 272.905609131 1
63 27 273.428344727 1
63 27 273.474945068 1
63 27 273.509674072 1
63 27 273.803649902 1
63 27 274.329772949 1
63 27 274.426605225 1
63 27 274.705566406 1
63 27 274.826782227 1
63 27 275.339874268 1
63 27 275.642242432 1
63 27 275.647857666 1
63 27 275.686920166 1
63 27 275.764190674 1
63 27 276.196166992 1
63 27 276.240631104 1
63 27 276.393432617 1
63 27 276.459320068 1
63 27 276.740356445 1
63 27 277.141540527 1
63 27 277.487854004 1
63 27 277.666900635 1
63 27 277.693756104 1
63 27 278.015777588 1
63 27 278.091308594 1
63 27 278.463104248 1
63 27 278.882324219 1
63 27 279.191070557 1
63 27 279.812591553 1
63 27 279.95526123 1
63 27 280.159759521 1
63 27 280.855438232 1
63 27 280.947296143 1
63 27 281.553436279 1
63 27 281.682403564 1
63 27 281.777954102 1
63 27 282.701477051 1
63 27 282.792358398 1
63 27 283.730041504 1
63 27 283.834594727 1
63 27 284.554138184 1
63 27 285.190216064 1
63 27 285.394042969 1
63 27 286.042602539 1
63 27 286.424621582 1
63 27 286.777587891 1
63 27 287.97164917 1
63 27 288.213104248 1
63 27 288.314605713 1
63 27 288.44644165 1
63 27 288.546264648 1
63 27 288.835845947 1
63 27 289.206115723 1
63 27 290.742248535 1
63 27 290.743438721 1
63 27 291.465606689 1
63 27 291.829345703 1
63 27 292.194000244 1
63 27 292.69229126 1
63 27 293.731567383 1
63 27 295.251373291 1
63 27 295.327148438 1
63 27 295.514282227 1
63 27 295.827819824 1
63 27 296.836517334 1
63 27 296.89151001 1
63 27 297.685577393 1
63 27 298.350585938 1
63 27 298.867248535 1
63 27 298.918060303 1
63 27 300.163726807 1
63 27 301.057525635 1
63 27 303.612640381 1
63 27 303.705932617 1
63 27 304.085083008 1
63 27 305.205200195 1
63 27 306.626159668 1
63 27 306.981964111 1
63 27 309.755187988 1
63 27 310.317169189 1
63 27 310.765838623 1
63 27 310.868743896 1
63 27 311.802429199 1
63 27 312.757843018 1
63 27 312.852722168 1
63 27 313.092956543 1
63 27 314.143798828 1
63 27 314.503417969 1
63 27 315.996826172 1
63 27 316.444580078 1
63 27 318.260528564 1
63 27 318.612030029 1
63 27 318.890411377 1
63 27 318.946594238 1
63 27 319.267211914 1
63 27 319.546936035 1
63 27 320.21685791 1
63 27 320.589019775 1
63 27 320.589385986 1
63 27 321.538696289 1
63 27 322.148925781 1
63 27 323.243652344 1
63 27 324.624267578 1
63 27 325.834197998 1
63 27 328.225463867 1
63 27 328.638214111 1
63 27 330.169616699 1
63 27 330.527709961 1
63 27 333.471923828 1
63 27 336.06652832 1
63 27 336.549682617 1
63 27 338.467803955 1
63 27 338.662200928 1
63 27 338.682769775 1
63 27 339.827178955 1
63 27 340.191345215 1
63 27 340.380737305 1
63 27 341.230895996 1
63 27 341.450622559 1
63 27 346.52532959 1
63 27 346.805114746 1
63 27 350.926361084 1
63 27 351.211853027 1
63 27 351.880523682 1
63 27 355.638305664 1
63 27 358.535949707 1
63 27 359.306365967 1
63 27 360.748718262 1
63 27 361.925079346 1
63 27 362.191314697 1
63 27 362.523773193 1
63 27 367.728424072 1
63 27 368.230743408 1
63 27 369.529998779 1
63 27 370.557739258 1
63 27 370.598083496 1
63 27 372.305877686 1
63 27 373.266571045 1
63 27 373.715240479 1
63 27 373.868225098 1
63 27 374.55847168 1
63 27 374.745910645 1
63 27 379.024627686 1
63 27 379.035369873 1
63 27 379.528106689 1
63 27 381.316558838 1
63 27 387.222839355 1
63 27 387.819793701 1
63 27 388.912353516 1
63 27 390.289337158 1
63 27 393.730834961 1
63 27 399.61541748 1
63 27 403.492095947 1
63 27 421.786132812 1
63 27 422.960632324 1
63 27 432.861053467 1
63 27 433.585266113 1
63 27 433.977355957 1
63 27 434.352874756 1
63 27 434.528625488 1
63 27 439.052459717 1
63 27 451.267852783 1
63 27 455.418151855 1
63 27 458.629699707 1
63 27 459.192443848 1
63 27 460.839904785 1
63 27 464.163513184 1
63 27 464.751037598 1
63 27 469.971282959 1
63 27 476.22845459 1
63 27 476.778625488 1
63 27 484.058868408 1
63 27 490.59954834 1
63 27 506.477294922 1
63 27 514.737182617 1
63 27 515.826843262 1
63 27 519.117370605 1
63 27 523.372253418 1
63 27 536.031494141 1
63 27 537.306030273 1
63 27 548.96875 1
63 27 550.208312988 1
63 27 552.005615234 1
63 27 552.925720215 1
63 27 555.481018066 1
63 27 574.557006836 1
63 27 576.685302734 1
63 27 577.909240723 1
63 27 583.648864746 1
63 27 608.81048584 1
63 27 612.600830078 1
63 27 612.667480469 1
63 27 615.00189209 1
63 27 621.952331543 1
63 27 627.086669922 1
63 27 630.122741699 1
63 27 632.143127441 1
63 27 635.055847168 1
63 27 641.74206543 1
63 27 643.139038086 1
63 27 647.809204102 1
63 27 659.442810059 1
63 27 661.349304199 1
63 27 686.85949707 1
63 27 699.908813477 1
63 27 718.639404297 1
63 27 766.177124023 1
63 27 806.033935547 1
63 27 1135.37463379 1
63 27 1157.8963623 1
63 27 1177.94665527 1
63 27 1249.95861816 1
63 27 1307.44848633 1
63 27 1452.23620605 1
63 28 160.803192139 1
63 28 160.877212524 1
63 28 161.144683838 1
63 28 162.514846802 1
63 28 164.176589966 1
63 28 164.583312988 1
63 28 164.592025757 1
63 28 164.607009888 1
63 28 164.706481934 1
63 28 165.418762207 1
63 28 166.18031311 1
63 28 166.308837891 1
63 28 166.338287354 1
63 28 166.380233765 1
63 28 166.589508057 1
63 28 166.715835571 1
63 28 166.718612671 1
63 28 166.80430603 1
63 28 167.209411621 1
63 28 167.412185669 1
63 28 167.570831299 1
63 28 167.713348389 1
63 28 167.816726685 1
63 28 167.885848999 1
63 28 167.918380737 1
63 28 167.97203064 1
63 28 167.989715576 1
63 28 168.081085205 1
63 28 168.889038086 1
63 28 169.280563354 1
63 28 169.326400757 1
63 28 169.329666138 1
63 28 169.673477173 1
63 28 169.708053589 1
63 28 169.72795105 1
63 28 169.74446106 1
63 28 169.755599976 1
63 28 169.867523193 1
63 28 169.935180664 1
63 28 169.941497803 1
63 28 170.181213379 1
63 28 170.417221069 1
63 28 170.497497559 1
63 28 170.527755737 1
63 28 170.797042847 1
63 28 170.856292725 1
63 28 170.898376465 1
63 28 170.932952881 1
63 28 171.081619263 1
63 28 171.20098877 1
63 28 171.233795166 1
63 28 171.310897827 1
63 28 171.317703247 1
63 28 171.460830688 1
63 28 171.494842529 1
63 28 171.510482788 1
63 28 171.690765381 1
63 28 171.71055603 1
63 28 171.718643188 1
63 28 171.719345093 1
63 28 171.757659912 1
63 28 171.764358521 1
63 28 171.836044312 1
63 28 172.021621704 1
63 28 172.175094604 1
63 28 172.176376343 1
63 28 172.342773438 1
63 28 172.565475464 1
63 28 172.735122681 1
63 28 172.771713257 1
63 28 172.81098938 1
63 28 172.85848999 1
63 28 172.882019043 1
63 28 173.082092285 1
63 28 173.16569519 1
63 28 173.166091919 1
63 28 173.282119751 1
63 28 173.290405273 1
63 28 173.486312866 1
63 28 173.62159729 1
63 28 173.63633728 1
63 28 173.701385498 1
63 28 173.766464233 1
63 28 173.816879272 1
63 28 174.100189209 1
63 28 174.143630981 1
63 28 174.261489868 1
63 28 174.351760864 1
63 28 174.431427002 1
63 28 174.44152832 1
63 28 174.472625732 1
63 28 174.776779175 1
63 28 174.887451172 1
63 28 174.940994263 1
63 28 174.951934814 1
63 28 174.973510742 1
63 28 174.983383179 1
63 28 175.108291626 1
63 28 175.181945801 1
63 28 175.263870239 1
63 28 175.300140381 1
63 28 175.346862793 1
63 28 175.36416626 1
63 28 175.537353516 1
63 28 175.551940918 1
63 28 175.604248047 1
63 28 175.67565918 1
63 28 176.116790771 1
63 28 176.144195557 1
63 28 176.226119995 1
63 28 176.314178467 1
63 28 176.435775757 1
63 28 176.49458313 1
63 28 176.503890991 1
63 28 176.630859375 1
63 28 176.695358276 1
63 28 177.025131226 1
63 28 177.051269531 1
63 28 177.121002197 1
63 28 177.236557007 1
63 28 177.366210938 1
63 28 177.384597778 1
63 28 177.405593872 1
63 28 177.426986694 1
63 28 177.496566772 1
63 28 177.53692627 1
63 28 177.667510986 1
63 28 177.695419312 1
63 28 177.955047607 1
63 28 177.974227905 1
63 28 178.019302368 1
63 28 178.201629639 1
63 28 178.219009399 1
63 28 178.270553589 1
63 28 178.299453735 1
63 28 178.312683105 1
63 28 178.316650391 1
63 28 178.394638062 1
63 28 178.52041626 1
63 28 178.647872925 1
63 28 178.721923828 1
63 28 178.772628784 1
63 28 178.800354004 1
63 28 178.813491821 1
63 28 178.819442749 1
63 28 178.864471436 1
63 28 178.936889648 1
63 28 179.044372559 1
63 28 179.250518799 1
63 28 179.275802612 1
63 28 179.320510864 1
63 28 179.32359314 1
63 28 179.372177124 1
63 28 179.421478271 1
63 28 179.476577759 1
63 28 179.516998291 1
63 28 179.813232422 1
63 28 179.992034912 1
63 28 180.055648804 1
63 28 180.065597534 1
63 28 180.088470459 1
63 28 180.266738892 1
63 28 180.655670166 1
63 28 180.698654175 1
63 28 180.724945068 1
63 28 180.729812622 1
63 28 180.779129028 1
63 28 180.928222656 1
63 28 181.100158691 1
63 28 181.105453491 1
63 28 181.192550659 1
63 28 181.213134766 1
63 28 181.465133667 1
63 28 181.588699341 1
63 28 181.716171265 1
63 28 181.730941772 1
63 28 181.825271606 1
63 28 181.883728027 1
63 28 181.89553833 1
63 28 181.909606934 1
63 28 181.937805176 1
63 28 181.946090698 1
63 28 181.988220215 1
63 28 182.027862549 1
63 28 182.142745972 1
63 28 182.147735596 1
63 28 182.188156128 1
63 28 182.194488525 1
63 28 182.206878662 1
63 28 182.453521729 1
63 28 182.455734253 1
63 28 182.467926025 1
63 28 182.565414429 1
63 28 182.574890137 1
63 28 182.707824707 1
63 28 182.820968628 1
63 28 182.84538269 1
63 28 182.872085571 1
63 28 183.063354492 1
63 28 183.224761963 1
63 28 183.227325439 1
63 28 183.261062622 1
63 28 183.482299805 1
63 28 183.509887695 1
63 28 183.513076782 1
63 28 183.529876709 1
63 28 183.584365845 1
63 28 183.650588989 1
63 28 183.677520752 1
63 28 183.79234314 1
63 28 183.821685791 1
63 28 183.852554321 1
63 28 183.966567993 1
63 28 183.993392944 1
63 28 184.026351929 1
63 28 184.040176392 1
63 28 184.235519409 1
63 28 184.448165894 1
63 28 184.654037476 1
63 28 184.662765503 1
63 28 184.692565918 1
63 28 184.766769409 1
63 28 184.814315796 1
63 28 184.860809326 1
63 28 184.888259888 1
63 28 184.961914062 1
63 28 185.001342773 1
63 28 185.426971436 1
63 28 185.435302734 1
63 28 185.493453979 1
63 28 185.514831543 1
63 28 185.520446777 1
63 28 185.67666626 1
63 28 185.812210083 1
63 28 186.08984375 1
63 28 186.244781494 1
63 28 186.33706665 1
63 28 186.341552734 1
63 28 186.471466064 1
63 28 186.546813965 1
63 28 186.631484985 1
63 28 186.756088257 1
63 28 186.756744385 1
63 28 187.095840454 1
63 28 187.357650757 1
63 28 187.439300537 1
63 28 187.542373657 1
63 28 187.554382324 1
63 28 187.621231079 1
63 28 187.626724243 1
63 28 187.703826904 1
63 28 187.751571655 1
63 28 187.799514771 1
63 28 187.896026611 1
63 28 188.177474976 1
63 28 188.308853149 1
63 28 188.607162476 1
63 28 188.732406616 1
63 28 189.309173584 1
63 28 189.745941162 1
63 28 189.844238281 1
63 28 190.068023682 1
63 28 190.233581543 1
63 28 190.256332397 1
63 28 190.320266724 1
63 28 190.432220459 1
63 28 190.465332031 1
63 28 190.474273682 1
63 28 190.488647461 1
63 28 190.510742188 1
63 28 191.243850708 1
63 28 191.284194946 1
63 28 191.285232544 1
63 28 191.342788696 1
63 28 191.417709351 1
63 28 191.469894409 1
63 28 191.493865967 1
63 28 191.495056152 1
63 28 191.499679565 1
63 28 191.520324707 1
63 28 191.552536011 1
63 28 191.566467285 1
63 28 191.82510376 1
63 28 191.920135498 1
63 28 191.946762085 1
63 28 192.031143188 1
63 28 192.113067627 1
63 28 192.16607666 1
63 28 192.557250977 1
63 28 192.577316284 1
63 28 192.75177002 1
63 28 192.755187988 1
63 28 193.24798584 1
63 28 193.397781372 1
63 28 193.398223877 1
63 28 193.626586914 1
63 28 193.648605347 1
63 28 193.720947266 1
63 28 193.730361938 1
63 28 193.871078491 1
63 28 194.09715271 1
63 28 194.133758545 1
63 28 194.143173218 1
63 28 194.309066772 1
63 28 194.383377075 1
63 28 194.39982605 1
63 28 194.534118652 1
63 28 194.674285889 1
63 28 194.839736938 1
63 28 194.884963989 1
63 28 195.256622314 1
63 28 195.394775391 1
63 28 195.394866943 1
63 28 195.423690796 1
63 28 195.502883911 1
63 28 195.59866333 1
63 28 195.695571899 1
63 28 195.867630005 1
63 28 195.925979614 1
63 28 195.95362854 1
63 28 195.989425659 1
63 28 196.002105713 1
63 28 196.318023682 1
63 28 196.375808716 1
63 28 196.429000854 1
63 28 196.608718872 1
63 28 196.680160522 1
63 28 196.809936523 1
63 28 196.851898193 1
63 28 196.911758423 1
63 28 197.270401001 1
63 28 197.360076904 1
63 28 197.711151123 1
63 28 197.983139038 1
63 28 198.158981323 1
63 28 198.293579102 1
63 28 198.471405029 1
63 28 198.571228027 1
63 28 198.572158813 1
63 28 198.615997314 1
63 28 198.664916992 1
63 28 198.681045532 1
63 28 198.812179565 1
63 28 199.096878052 1
63 28 199.316253662 1
63 28 199.320602417 1
63 28 199.413009644 1
63 28 199.448120117 1
63 28 199.923217773 1
63 28 200.032470703 1
63 28 200.216156006 1
63 28 200.246368408 1
63 28 200.382156372 1
63 28 200.771575928 1
63 28 201.093566895 1
63 28 201.140563965 1
63 28 201.310745239 1
63 28 201.694442749 1
63 28 202.179260254 1
63 28 202.414306641 1
63 28 202.797790527 1
63 28 202.797836304 1
63 28 202.961700439 1
63 28 202.968109131 1
63 28 203.009750366 1
63 28 203.168014526 1
63 28 203.448272705 1
63 28 203.539428711 1
63 28 203.808746338 1
63 28 204.078979492 1
63 28 204.304611206 1
63 28 204.33102417 1
63 28 204.415252686 1
63 28 204.473327637 1
63 28 204.485244751 1
63 28 204.995285034 1
63 28 205.076263428 1
63 28 205.577377319 1
63 28 205.589736938 1
63 28 205.734436035 1
63 28 205.792556763 1
63 28 206.12663269 1
63 28 206.434387207 1
63 28 206.656585693 1
63 28 206.677078247 1
63 28 206.755004883 1
63 28 206.772583008 1
63 28 206.897079468 1
63 28 206.914871216 1
63 28 207.553939819 1
63 28 207.802963257 1
63 28 207.883666992 1
63 28 207.887924194 1
63 28 208.272644043 1
63 28 208.579315186 1
63 28 208.831634521 1
63 28 209.679244995 1
63 28 210.361572266 1
63 28 210.720779419 1
63 28 210.962982178 1
63 28 211.086303711 1
63 28 211.161422729 1
63 28 211.164428711 1
63 28 211.246200562 1
63 28 211.451705933 1
63 28 211.553161621 1
63 28 211.66796875 1
63 28 211.718399048 1
63 28 211.718917847 1
63 28 212.389129639 1
63 28 212.58380127 1
63 28 213.366073608 1
63 28 213.523269653 1
63 28 214.37828064 1
63 28 214.703369141 1
63 28 214.850296021 1
63 28 214.888717651 1
63 28 215.257247925 1
63 28 215.841766357 1
63 28 215.952178955 1
63 28 216.715316772 1
63 28 217.091003418 1
63 28 217.603469849 1
63 28 217.89364624 1
63 28 218.018463135 1
63 28 218.517669678 1
63 28 219.25982666 1
63 28 219.317337036 1
63 28 220.285293579 1
63 28 220.577911377 1
63 28 220.585021973 1
63 28 221.498352051 1
63 28 221.748291016 1
63 28 222.041687012 1
63 28 222.063354492 1
63 28 222.486679077 1
63 28 222.806884766 1
63 28 222.891830444 1
63 28 223.400085449 1
63 28 223.688018799 1
63 28 223.815460205 1
63 28 224.095825195 1
63 28 224.233703613 1
63 28 224.436737061 1
63 28 224.604217529 1
63 28 225.670547485 1
63 28 225.704467773 1
63 28 226.885406494 1
63 28 226.990341187 1
63 28 228.331207275 1
63 28 228.592681885 1
63 28 228.606124878 1
63 28 228.954330444 1
63 28 229.448348999 1
63 28 231.248245239 1
63 28 231.707809448 1
63 28 232.909561157 1
63 28 233.410354614 1
63 28 233.972045898 1
63 28 234.803756714 1
63 28 234.818710327 1
63 28 235.652557373 1
63 28 235.850067139 1
63 28 235.91595459 1
63 28 236.37197876 1
63 28 236.381546021 1
63 28 236.492843628 1
63 28 236.605880737 1
63 28 236.686935425 1
63 28 237.001983643 1
63 28 237.122283936 1
63 28 237.12828064 1
63 28 237.210647583 1
63 28 237.436279297 1
63 28 237.598495483 1
63 28 237.846374512 1
63 28 237.951202393 1
63 28 238.015151978 1
63 28 239.726791382 1
63 28 239.886367798 1
63 28 240.658447266 1
63 28 241.237747192 1
63 28 242.103042603 1
63 28 242.248062134 1
63 28 243.395248413 1
63 28 244.107376099 1
63 28 244.730163574 1
63 28 245.624038696 1
63 28 245.651092529 1
63 28 246.482421875 1
63 28 246.657287598 1
63 28 247.88420105 1
63 28 249.180831909 1
63 28 249.567642212 1
63 28 249.917510986 1
63 28 250.258331299 1
63 28 252.09753418 1
63 28 252.821456909 1
63 28 253.406005859 1
63 28 253.648406982 1
63 28 253.95854187 1
63 28 255.763275146 1
63 28 255.78314209 1
63 28 255.83001709 1
63 28 257.808959961 1
63 28 258.031951904 1
63 28 260.477020264 1
63 28 261.041046143 1
63 28 261.450744629 1
63 28 262.591247559 1
63 28 262.91986084 1
63 28 263.367401123 1
63 28 263.543640137 1
63 28 265.462982178 1
63 28 266.259735107 1
63 28 266.434661865 1
63 28 266.876831055 1
63 28 268.357940674 1
63 28 270.104400635 1
63 28 270.143371582 1
63 28 270.403930664 1
63 28 271.433197021 1
63 28 271.789794922 1
63 28 272.247497559 1
63 28 272.540557861 1
63 28 272.804443359 1
63 28 272.892578125 1
63 28 277.08770752 1
63 28 277.102050781 1
63 28 278.197296143 1
63 28 280.623901367 1
63 28 281.695373535 1
63 28 283.487823486 1
63 28 284.253234863 1
63 28 285.162078857 1
63 28 288.554870605 1
63 28 291.253479004 1
63 28 292.707427979 1
63 28 293.710021973 1
63 28 294.734313965 1
63 28 297.401184082 1
63 28 297.958648682 1
63 28 298.656677246 1
63 28 300.101135254 1
63 28 300.779846191 1
63 28 301.940734863 1
63 28 302.385681152 1
63 28 302.852264404 1
63 28 311.910339355 1
63 28 312.337554932 1
63 28 314.344177246 1
63 28 329.649627686 1
63 28 332.179077148 1
63 28 336.365936279 1
63 28 344.233001709 1
63 28 346.705169678 1
63 28 347.090545654 1
63 28 351.071655273 1
63 28 356.491760254 1
63 28 361.136962891 1
63 28 361.189788818 1
63 28 372.732025146 1
63 28 374.271179199 1
63 28 376.325897217 1
63 28 377.132202148 1
63 28 379.429931641 1
63 28 389.151885986 1
63 28 393.663574219 1
63 28 420.58013916 1
63 28 424.778198242 1
63 28 426.288360596 1
63 28 434.537750244 1
63 28 438.884063721 1
63 28 439.220306396 1
63 28 449.865081787 1
63 28 455.334106445 1
63 28 455.846679688 1
63 28 460.055908203 1
63 28 460.11038208 1
63 28 474.846618652 1
63 28 478.361633301 1
63 28 497.628997803 1
63 28 498.255371094 1
63 28 517.653015137 1
63 28 522.194519043 1
63 28 523.228210449 1
63 28 532.469055176 1
63 28 534.864807129 1
63 28 555.067199707 1
63 28 556.728027344 1
63 28 567.293273926 1
63 28 578.670776367 1
63 28 582.9375 1
63 28 590.757019043 1
63 28 592.77911377 1
63 28 608.927001953 1
63 28 610.429321289 1
63 28 613.589050293 1
63 28 619.999938965 1
63 28 640.58380127 1
63 28 651.177368164 1
63 28 690.687255859 1
63 28 697.468139648 1
63 28 705.403442383 1
63 28 728.972351074 1
63 28 745.112792969 1
63 28 749.354553223 1
63 28 755.592834473 1
63 28 826.227416992 1
63 28 879.798156738 1
63 28 883.375549316 1
63 28 885.080505371 1
63 28 887.366149902 1
63 28 896.696777344 1
63 28 897.59765625 1
63 28 902.411682129 1
63 28 992.31842041 1
63 28 1038.24975586 1
63 28 1209.60949707 1
63 28 1234.8458252 1
63 28 1252.19567871 1
63 28 1366.49121094 1
63 28 1844.97485352 1
63 29 79.5374832153 1
63 29 79.9976577759 1
63 29 80.3286132812 1
63 29 80.6320953369 1
63 29 81.3910751343 1
63 29 81.5444107056 1
63 29 81.5698471069 1
63 29 81.7379226685 1
63 29 81.8637390137 1
63 29 81.995765686 1
63 29 82.0469589233 1
63 29 82.267616272 1
63 29 82.2828292847 1
63 29 82.3645172119 1
63 29 82.4618606567 1
63 29 82.5409317017 1
63 29 82.6105270386 1
63 29 82.6685409546 1
63 29 82.8219909668 1
63 29 82.8656311035 1
63 29 82.9681167603 1
63 29 82.9920349121 1
63 29 82.9936294556 1
63 29 83.0708236694 1
63 29 83.1006011963 1
63 29 83.2694015503 1
63 29 83.3156890869 1
63 29 83.3456573486 1
63 29 83.354888916 1
63 29 83.3960189819 1
63 29 83.4080505371 1
63 29 83.4549636841 1
63 29 83.5957489014 1
63 29 83.7024688721 1
63 29 83.7139434814 1
63 29 83.7677078247 1
63 29 83.7829589844 1
63 29 83.8725967407 1
63 29 83.8898544312 1
63 29 83.8967208862 1
63 29 83.9270477295 1
63 29 83.9923095703 1
63 29 84.0364151001 1
63 29 84.0715179443 1
63 29 84.1586456299 1
63 29 84.1884078979 1
63 29 84.2429504395 1
63 29 84.2455444336 1
63 29 84.2655029297 1
63 29 84.3325195312 1
63 29 84.3479919434 1
63 29 84.3872375488 1
63 29 84.4852371216 1
63 29 84.4911193848 1
63 29 84.5159683228 1
63 29 84.5447616577 1
63 29 84.6078262329 1
63 29 84.6355209351 1
63 29 84.7378616333 1
63 29 84.8172683716 1
63 29 84.8247909546 1
63 29 84.8362960815 1
63 29 84.8469848633 1
63 29 84.9261932373 1
63 29 84.9364089966 1
63 29 84.9937744141 1
63 29 85.0263290405 1
63 29 85.0465545654 1
63 29 85.0903167725 1
63 29 85.205909729 1
63 29 85.2195663452 1
63 29 85.313659668 1
63 29 85.3622741699 1
63 29 85.3719100952 1
63 29 85.3881225586 1
63 29 85.3969345093 1
63 29 85.4558563232 1
63 29 85.5087432861 1
63 29 85.5224914551 1
63 29 85.5712509155 1
63 29 85.5779037476 1
63 29 85.6284866333 1
63 29 85.644744873 1
63 29 85.6511764526 1
63 29 85.6521148682 1
63 29 85.6736373901 1
63 29 85.7154388428 1
63 29 85.7225189209 1
63 29 85.7436447144 1
63 29 85.8629608154 1
63 29 85.8709335327 1
63 29 85.9086074829 1
63 29 85.9130706787 1
63 29 85.921005249 1
63 29 85.9735183716 1
63 29 85.9954452515 1
63 29 86.0192871094 1
63 29 86.0351791382 1
63 29 86.1052627563 1
63 29 86.1128005981 1
63 29 86.1961135864 1
63 29 86.200378418 1
63 29 86.266960144 1
63 29 86.2694549561 1
63 29 86.2762374878 1
63 29 86.2981719971 1
63 29 86.3104705811 1
63 29 86.3960113525 1
63 29 86.4482879639 1
63 29 86.457572937 1
63 29 86.473487854 1
63 29 86.4793624878 1
63 29 86.4890365601 1
63 29 86.5259017944 1
63 29 86.5779190063 1
63 29 86.6223526001 1
63 29 86.6358947754 1
63 29 86.6380310059 1
63 29 86.6444778442 1
63 29 86.6738586426 1
63 29 86.6840820312 1
63 29 86.7196731567 1
63 29 86.7535400391 1
63 29 86.7872238159 1
63 29 86.7947616577 1
63 29 86.8332443237 1
63 29 86.8345489502 1
63 29 86.8709564209 1
63 29 86.8871078491 1
63 29 86.9013137817 1
63 29 86.9127960205 1
63 29 86.9364700317 1
63 29 86.9453201294 1
63 29 86.959022522 1
63 29 86.989364624 1
63 29 87.0202331543 1
63 29 87.0344314575 1
63 29 87.039932251 1
63 29 87.0442352295 1
63 29 87.0680007935 1
63 29 87.1722335815 1
63 29 87.1803207397 1
63 29 87.1877365112 1
63 29 87.1986160278 1
63 29 87.2004318237 1
63 29 87.2271118164 1
63 29 87.3031768799 1
63 29 87.3162612915 1
63 29 87.3251571655 1
63 29 87.4412384033 1
63 29 87.4660186768 1
63 29 87.4664154053 1
63 29 87.4906234741 1
63 29 87.5002975464 1
63 29 87.5295639038 1
63 29 87.5660095215 1
63 29 87.5790557861 1
63 29 87.5877304077 1
63 29 87.5984802246 1
63 29 87.6338500977 1
63 29 87.6374511719 1
63 29 87.6870193481 1
63 29 87.7009124756 1
63 29 87.7451553345 1
63 29 87.7598190308 1
63 29 87.7836227417 1
63 29 87.7930755615 1
63 29 87.8021850586 1
63 29 87.8151779175 1
63 29 87.8237915039 1
63 29 87.8305664062 1
63 29 87.844833374 1
63 29 87.8544921875 1
63 29 87.8832778931 1
63 29 87.899520874 1
63 29 87.9243011475 1
63 29 87.9254302979 1
63 29 87.9781494141 1
63 29 88.004776001 1
63 29 88.050239563 1
63 29 88.0845794678 1
63 29 88.0980911255 1
63 29 88.1020050049 1
63 29 88.1159210205 1
63 29 88.1333389282 1
63 29 88.1455001831 1
63 29 88.1749572754 1
63 29 88.1918945312 1
63 29 88.2325210571 1
63 29 88.3277587891 1
63 29 88.3656005859 1
63 29 88.3873443604 1
63 29 88.4368591309 1
63 29 88.4412918091 1
63 29 88.4752044678 1
63 29 88.4978485107 1
63 29 88.5540084839 1
63 29 88.5564956665 1
63 29 88.5728149414 1
63 29 88.6171646118 1
63 29 88.6497039795 1
63 29 88.649848938 1
63 29 88.6888198853 1
63 29 88.6944885254 1
63 29 88.70262146 1
63 29 88.7048568726 1
63 29 88.7065887451 1
63 29 88.7844924927 1
63 29 88.8075408936 1
63 29 88.809967041 1
63 29 88.8324203491 1
63 29 88.8625717163 1
63 29 88.8764266968 1
63 29 88.9425354004 1
63 29 88.9523086548 1
63 29 88.9533157349 1
63 29 89.0107727051 1
63 29 89.0946502686 1
63 29 89.1080856323 1
63 29 89.1255264282 1
63 29 89.1414642334 1
63 29 89.1437683105 1
63 29 89.1797485352 1
63 29 89.1940383911 1
63 29 89.2018737793 1
63 29 89.238243103 1
63 29 89.2509536743 1
63 29 89.2597122192 1
63 29 89.2849655151 1
63 29 89.2975311279 1
63 29 89.2993850708 1
63 29 89.3244552612 1
63 29 89.3274536133 1
63 29 89.3525009155 1
63 29 89.3623275757 1
63 29 89.3841552734 1
63 29 89.4204483032 1
63 29 89.4204559326 1
63 29 89.4257354736 1
63 29 89.4265365601 1
63 29 89.4298171997 1
63 29 89.429977417 1
63 29 89.4456939697 1
63 29 89.4630508423 1
63 29 89.4631347656 1
63 29 89.4652709961 1
63 29 89.5082626343 1
63 29 89.559211731 1
63 29 89.5622329712 1
63 29 89.5716323853 1
63 29 89.5732421875 1
63 29 89.6150131226 1
63 29 89.6175994873 1
63 29 89.6317062378 1
63 29 89.6580123901 1
63 29 89.6724472046 1
63 29 89.6922302246 1
63 29 89.7026824951 1
63 29 89.7151794434 1
63 29 89.725982666 1
63 29 89.7295608521 1
63 29 89.7495346069 1
63 29 89.7501831055 1
63 29 89.7617797852 1
63 29 89.8290481567 1
63 29 89.8735275269 1
63 29 89.8926010132 1
63 29 89.9003295898 1
63 29 89.9156570435 1
63 29 89.922958374 1
63 29 89.9264297485 1
63 29 89.9332122803 1
63 29 89.9358673096 1
63 29 89.9673919678 1
63 29 90.021987915 1
63 29 90.038772583 1
63 29 90.0407485962 1
63 29 90.124420166 1
63 29 90.1251602173 1
63 29 90.139831543 1
63 29 90.1519851685 1
63 29 90.1639099121 1
63 29 90.192237854 1
63 29 90.1948928833 1
63 29 90.2017211914 1
63 29 90.2110748291 1
63 29 90.2198486328 1
63 29 90.2215576172 1
63 29 90.2306060791 1
63 29 90.2390441895 1
63 29 90.2677001953 1
63 29 90.2738037109 1
63 29 90.3007659912 1
63 29 90.3048934937 1
63 29 90.3298797607 1
63 29 90.3451385498 1
63 29 90.367225647 1
63 29 90.3686599731 1
63 29 90.4054946899 1
63 29 90.4487228394 1
63 29 90.4626922607 1
63 29 90.4664306641 1
63 29 90.467590332 1
63 29 90.4956436157 1
63 29 90.5035705566 1
63 29 90.5188903809 1
63 29 90.5324172974 1
63 29 90.5371017456 1
63 29 90.5495376587 1
63 29 90.5599899292 1
63 29 90.5887527466 1
63 29 90.6012191772 1
63 29 90.6113357544 1
63 29 90.6285552979 1
63 29 90.6776657104 1
63 29 90.6913146973 1
63 29 90.69556427 1
63 29 90.6983795166 1
63 29 90.7402877808 1
63 29 90.755645752 1
63 29 90.7559051514 1
63 29 90.8048477173 1
63 29 90.8076019287 1
63 29 90.8827362061 1
63 29 90.8851394653 1
63 29 90.9047012329 1
63 29 90.9080123901 1
63 29 90.9147186279 1
63 29 90.9158401489 1
63 29 90.9293212891 1
63 29 90.9615783691 1
63 29 90.9830169678 1
63 29 90.9985198975 1
63 29 91.04347229 1
63 29 91.0812072754 1
63 29 91.0843200684 1
63 29 91.0937652588 1
63 29 91.0944061279 1
63 29 91.0947647095 1
63 29 91.1013412476 1
63 29 91.1094207764 1
63 29 91.1353225708 1
63 29 91.1762313843 1
63 29 91.1837921143 1
63 29 91.1924514771 1
63 29 91.193321228 1
63 29 91.1939315796 1
63 29 91.2005081177 1
63 29 91.208480835 1
63 29 91.2199935913 1
63 29 91.2489242554 1
63 29 91.26537323 1
63 29 91.278717041 1
63 29 91.2992019653 1
63 29 91.3167953491 1
63 29 91.3285293579 1
63 29 91.3396224976 1
63 29 91.3485412598 1
63 29 91.3510360718 1
63 29 91.3671569824 1
63 29 91.3731918335 1
63 29 91.390586853 1
63 29 91.3992233276 1
63 29 91.4179763794 1
63 29 91.4346313477 1
63 29 91.4812164307 1
63 29 91.4838790894 1
63 29 91.5297775269 1
63 29 91.5419235229 1
63 29 91.5491256714 1
63 29 91.5532531738 1
63 29 91.5750198364 1
63 29 91.5946960449 1
63 29 91.5977783203 1
63 29 91.6341781616 1
63 29 91.658744812 1
63 29 91.6725692749 1
63 29 91.6998214722 1
63 29 91.7055664062 1
63 29 91.7084884644 1
63 29 91.7098236084 1
63 29 91.7159881592 1
63 29 91.7183456421 1
63 29 91.7193450928 1
63 29 91.7196807861 1
63 29 91.8240432739 1
63 29 91.8294372559 1
63 29 91.8337020874 1
63 29 91.8340454102 1
63 29 91.8577880859 1
63 29 91.8625564575 1
63 29 91.9049682617 1
63 29 91.9270858765 1
63 29 91.9361877441 1
63 29 91.9438018799 1
63 29 91.954498291 1
63 29 91.9745254517 1
63 29 92.0134506226 1
63 29 92.0184936523 1
63 29 92.0235290527 1
63 29 92.0273361206 1
63 29 92.058921814 1
63 29 92.0849304199 1
63 29 92.0919876099 1
63 29 92.1053619385 1
63 29 92.1296234131 1
63 29 92.1707077026 1
63 29 92.1810760498 1
63 29 92.1917114258 1
63 29 92.1917266846 1
63 29 92.1989822388 1
63 29 92.243812561 1
63 29 92.2533340454 1
63 29 92.2690811157 1
63 29 92.2716674805 1
63 29 92.2979202271 1
63 29 92.300819397 1
63 29 92.31590271 1
63 29 92.3432006836 1
63 29 92.3441009521 1
63 29 92.3456726074 1
63 29 92.3499526978 1
63 29 92.35962677 1
63 29 92.3914031982 1
63 29 92.4113082886 1
63 29 92.4553451538 1
63 29 92.4604949951 1
63 29 92.476020813 1
63 29 92.4761276245 1
63 29 92.4885482788 1
63 29 92.514831543 1
63 29 92.5223999023 1
63 29 92.5384979248 1
63 29 92.5463256836 1
63 29 92.5598373413 1
63 29 92.5767745972 1
63 29 92.6046905518 1
63 29 92.6120452881 1
63 29 92.6149749756 1
63 29 92.615196228 1
63 29 92.629447937 1
63 29 92.6298980713 1
63 29 92.6317062378 1
63 29 92.6425170898 1
63 29 92.6650314331 1
63 29 92.6678466797 1
63 29 92.7020339966 1
63 29 92.7054824829 1
63 29 92.711730957 1
63 29 92.7258377075 1
63 29 92.7503662109 1
63 29 92.7714157104 1
63 29 92.8060760498 1
63 29 92.819442749 1
63 29 92.8215408325 1
63 29 92.9146957397 1
63 29 92.9172897339 1
63 29 92.9336013794 1
63 29 92.939781189 1
63 29 92.9553070068 1
63 29 92.9674682617 1
63 29 92.9683380127 1
63 29 92.9697341919 1
63 29 92.9907836914 1
63 29 93.0094833374 1
63 29 93.0680007935 1
63 29 93.1015548706 1
63 29 93.1030960083 1
63 29 93.1118850708 1
63 29 93.1256942749 1
63 29 93.1294021606 1
63 29 93.1317901611 1
63 29 93.1595535278 1
63 29 93.1705551147 1
63 29 93.1840362549 1
63 29 93.1923904419 1
63 29 93.1990356445 1
63 29 93.2022094727 1
63 29 93.2034072876 1
63 29 93.2089538574 1
63 29 93.2509231567 1
63 29 93.2526550293 1
63 29 93.2535552979 1
63 29 93.2603759766 1
63 29 93.3484725952 1
63 29 93.3694381714 1
63 29 93.4876556396 1
63 29 93.4939575195 1
63 29 93.5043869019 1
63 29 93.5060119629 1
63 29 93.5289840698 1
63 29 93.5312805176 1
63 29 93.5451202393 1
63 29 93.5566101074 1
63 29 93.5593185425 1
63 29 93.5646133423 1
63 29 93.5866622925 1
63 29 93.5949249268 1
63 29 93.59765625 1
63 29 93.6077651978 1
63 29 93.6084442139 1
63 29 93.6282958984 1
63 29 93.635093689 1
63 29 93.675743103 1
63 29 93.6791992188 1
63 29 93.6947784424 1
63 29 93.702293396 1
63 29 93.7091827393 1
63 29 93.7150421143 1
63 29 93.7188644409 1
63 29 93.7457275391 1
63 29 93.7476119995 1
63 29 93.7494430542 1
63 29 93.7598648071 1
63 29 93.774848938 1
63 29 93.7778701782 1
63 29 93.8151626587 1
63 29 93.8249664307 1
63 29 93.8403396606 1
63 29 93.8487319946 1
63 29 93.8547821045 1
63 29 93.8792648315 1
63 29 93.8906097412 1
63 29 93.9030838013 1
63 29 93.9236907959 1
63 29 93.931137085 1
63 29 93.9313354492 1
63 29 93.9387969971 1
63 29 93.9438400269 1
63 29 93.9451141357 1
63 29 93.9552307129 1
63 29 93.9580459595 1
63 29 93.970489502 1
63 29 93.9746856689 1
63 29 93.9767379761 1
63 29 93.9863357544 1
63 29 93.9964294434 1
63 29 94.0004501343 1
63 29 94.0058822632 1
63 29 94.0093536377 1
63 29 94.0264587402 1
63 29 94.031791687 1
63 29 94.0610656738 1
63 29 94.0712356567 1
63 29 94.0810852051 1
63 29 94.0939407349 1
63 29 94.1189727783 1
63 29 94.1778411865 1
63 29 94.1805648804 1
63 29 94.1969070435 1
63 29 94.2198181152 1
63 29 94.225692749 1
63 29 94.2295150757 1
63 29 94.2309646606 1
63 29 94.2326889038 1
63 29 94.2340393066 1
63 29 94.2558898926 1
63 29 94.2599716187 1
63 29 94.2612838745 1
63 29 94.2685546875 1
63 29 94.2791824341 1
63 29 94.2837524414 1
63 29 94.2905960083 1
63 29 94.3132324219 1
63 29 94.3460693359 1
63 29 94.3484573364 1
63 29 94.3498916626 1
63 29 94.3585891724 1
63 29 94.3695755005 1
63 29 94.4017715454 1
63 29 94.4351119995 1
63 29 94.4377212524 1
63 29 94.4566040039 1
63 29 94.4677352905 1
63 29 94.4695587158 1
63 29 94.4783401489 1
63 29 94.4809188843 1
63 29 94.4825363159 1
63 29 94.5028152466 1
63 29 94.5031204224 1
63 29 94.5289916992 1
63 29 94.5383605957 1
63 29 94.5532073975 1
63 29 94.5907287598 1
63 29 94.5943756104 1
63 29 94.6050567627 1
63 29 94.641998291 1
63 29 94.64793396 1
63 29 94.6517486572 1
63 29 94.6569824219 1
63 29 94.6698455811 1
63 29 94.6972732544 1
63 29 94.7001342773 1
63 29 94.7097015381 1
63 29 94.7233123779 1
63 29 94.7296905518 1
63 29 94.7588577271 1
63 29 94.7727661133 1
63 29 94.7754592896 1
63 29 94.7834777832 1
63 29 94.7997360229 1
63 29 94.801902771 1
63 29 94.8149719238 1
63 29 94.8312835693 1
63 29 94.8328094482 1
63 29 94.8339996338 1
63 29 94.8369140625 1
63 29 94.8387145996 1
63 29 94.8588638306 1
63 29 94.8686752319 1
63 29 94.8875274658 1
63 29 94.9257583618 1
63 29 94.9286804199 1
63 29 94.9322357178 1
63 29 94.9601898193 1
63 29 94.9624557495 1
63 29 94.9672546387 1
63 29 94.9679870605 1
63 29 94.9722137451 1
63 29 94.9984893799 1
63 29 95.0190505981 1
63 29 95.0367889404 1
63 29 95.0618972778 1
63 29 95.0660476685 1
63 29 95.0695800781 1
63 29 95.0789413452 1
63 29 95.087562561 1
63 29 95.0928039551 1
63 29 95.0950469971 1
63 29 95.1333465576 1
63 29 95.1362304688 1
63 29 95.1529312134 1
63 29 95.1561050415 1
63 29 95.1676712036 1
63 29 95.1735534668 1
63 29 95.1744155884 1
63 29 95.1764373779 1
63 29 95.1765518188 1
63 29 95.2245635986 1
63 29 95.2250823975 1
63 29 95.243560791 1
63 29 95.2478790283 1
63 29 95.2763824463 1
63 29 95.2813491821 1
63 29 95.2907333374 1
63 29 95.3102111816 1
63 29 95.3131637573 1
63 29 95.3380432129 1
63 29 95.3441009521 1
63 29 95.3565750122 1
63 29 95.3682556152 1
63 29 95.3824157715 1
63 29 95.3915023804 1
63 29 95.4108047485 1
63 29 95.4145202637 1
63 29 95.4145431519 1
63 29 95.4388122559 1
63 29 95.4694137573 1
63 29 95.4838943481 1
63 29 95.4930114746 1
63 29 95.5337905884 1
63 29 95.547744751 1
63 29 95.5690765381 1
63 29 95.5726242065 1
63 29 95.5763320923 1
63 29 95.6250915527 1
63 29 95.6251831055 1
63 29 95.6307983398 1
63 29 95.6501159668 1
63 29 95.6735610962 1
63 29 95.6822891235 1
63 29 95.6940994263 1
63 29 95.7001190186 1
63 29 95.704750061 1
63 29 95.7077560425 1
63 29 95.715713501 1
63 29 95.7167358398 1
63 29 95.7351226807 1
63 29 95.7587127686 1
63 29 95.8111801147 1
63 29 95.8261871338 1
63 29 95.8385314941 1
63 29 95.8615722656 1
63 29 95.8631134033 1
63 29 95.8718185425 1
63 29 95.8781051636 1
63 29 95.8860015869 1
63 29 95.8948287964 1
63 29 95.9090957642 1
63 29 95.9134902954 1
63 29 95.9471282959 1
63 29 95.947883606 1
63 29 95.969543457 1
63 29 95.9757080078 1
63 29 95.9861984253 1
63 29 96.0025863647 1
63 29 96.0060806274 1
63 29 96.0188217163 1
63 29 96.021697998 1
63 29 96.0296020508 1
63 29 96.0391387939 1
63 29 96.0485153198 1
63 29 96.0514526367 1
63 29 96.052116394 1
63 29 96.0555648804 1
63 29 96.068901062 1
63 29 96.1123580933 1
63 29 96.1462249756 1
63 29 96.1536560059 1
63 29 96.1546707153 1
63 29 96.1607284546 1
63 29 96.1911392212 1
63 29 96.1937484741 1
63 29 96.2044219971 1
63 29 96.2167510986 1
63 29 96.2394485474 1
63 29 96.2443847656 1
63 29 96.2456588745 1
63 29 96.2631378174 1
63 29 96.2659912109 1
63 29 96.2663574219 1
63 29 96.2672195435 1
63 29 96.2679214478 1
63 29 96.270111084 1
63 29 96.2858657837 1
63 29 96.2952194214 1
63 29 96.3291091919 1
63 29 96.336730957 1
63 29 96.3498306274 1
63 29 96.3707046509 1
63 29 96.3711547852 1
63 29 96.381980896 1
63 29 96.3929519653 1
63 29 96.4209136963 1
63 29 96.4293060303 1
63 29 96.4362106323 1
63 29 96.44896698 1
63 29 96.4517822266 1
63 29 96.4662322998 1
63 29 96.4714736938 1
63 29 96.4804611206 1
63 29 96.4844665527 1
63 29 96.4938201904 1
63 29 96.5361785889 1
63 29 96.5400390625 1
63 29 96.5406188965 1
63 29 96.54296875 1
63 29 96.5829696655 1
63 29 96.6476211548 1
63 29 96.6625289917 1
63 29 96.6662979126 1
63 29 96.6985778809 1
63 29 96.7033691406 1
63 29 96.7322311401 1
63 29 96.7483444214 1
63 29 96.7520675659 1
63 29 96.756980896 1
63 29 96.7574462891 1
63 29 96.797454834 1
63 29 96.8201522827 1
63 29 96.8348846436 1
63 29 96.8586730957 1
63 29 96.8622207642 1
63 29 96.9056015015 1
63 29 96.9071884155 1
63 29 96.9172363281 1
63 29 96.9195022583 1
63 29 96.9237670898 1
63 29 96.9379653931 1
63 29 96.9384460449 1
63 29 96.9532165527 1
63 29 96.9824752808 1
63 29 96.9936523438 1
63 29 97.0123443604 1
63 29 97.0144882202 1
63 29 97.0354003906 1
63 29 97.0455245972 1
63 29 97.0455856323 1
63 29 97.0496673584 1
63 29 97.0561523438 1
63 29 97.0796966553 1
63 29 97.1586837769 1
63 29 97.1663970947 1
63 29 97.1927490234 1
63 29 97.2264862061 1
63 29 97.231086731 1
63 29 97.2525405884 1
63 29 97.2589035034 1
63 29 97.2606582642 1
63 29 97.2694168091 1
63 29 97.3214263916 1
63 29 97.32837677 1
63 29 97.3529052734 1
63 29 97.3842391968 1
63 29 97.3862304688 1
63 29 97.415145874 1
63 29 97.4362564087 1
63 29 97.4637908936 1
63 29 97.4722747803 1
63 29 97.4866867065 1
63 29 97.4867248535 1
63 29 97.52003479 1
63 29 97.5218658447 1
63 29 97.5409851074 1
63 29 97.5591659546 1
63 29 97.5717086792 1
63 29 97.5808029175 1
63 29 97.600769043 1
63 29 97.6523208618 1
63 29 97.6559448242 1
63 29 97.7154464722 1
63 29 97.7235946655 1
63 29 97.7291641235 1
63 29 97.7604522705 1
63 29 97.7627944946 1
63 29 97.7867889404 1
63 29 97.8098754883 1
63 29 97.8211212158 1
63 29 97.8344421387 1
63 29 97.852722168 1
63 29 97.8667221069 1
63 29 97.8829498291 1
63 29 97.9277114868 1
63 29 97.9445343018 1
63 29 97.9591064453 1
63 29 97.9632720947 1
63 29 97.9735717773 1
63 29 98.0035934448 1
63 29 98.0087661743 1
63 29 98.0128250122 1
63 29 98.0765838623 1
63 29 98.1311035156 1
63 29 98.152557373 1
63 29 98.1944351196 1
63 29 98.2134017944 1
63 29 98.2329483032 1
63 29 98.2342529297 1
63 29 98.2381896973 1
63 29 98.2410202026 1
63 29 98.3004684448 1
63 29 98.3156509399 1
63 29 98.3216094971 1
63 29 98.3234939575 1
63 29 98.3619003296 1
63 29 98.3706283569 1
63 29 98.3760223389 1
63 29 98.377571106 1
63 29 98.3913955688 1
63 29 98.3983917236 1
63 29 98.4074783325 1
63 29 98.4639511108 1
63 29 98.474571228 1
63 29 98.4769058228 1
63 29 98.4777832031 1
63 29 98.4789733887 1
63 29 98.5202484131 1
63 29 98.5261993408 1
63 29 98.5807571411 1
63 29 98.6012496948 1
63 29 98.6239471436 1
63 29 98.6777801514 1
63 29 98.6810684204 1
63 29 98.6942520142 1
63 29 98.7099304199 1
63 29 98.7234649658 1
63 29 98.7729644775 1
63 29 98.7993392944 1
63 29 98.812286377 1
63 29 98.8418045044 1
63 29 98.8671951294 1
63 29 98.9040527344 1
63 29 98.9576034546 1
63 29 98.9590377808 1
63 29 98.9644851685 1
63 29 99.004196167 1
63 29 99.0217971802 1
63 29 99.0568237305 1
63 29 99.0919799805 1
63 29 99.1148452759 1
63 29 99.1395339966 1
63 29 99.1495285034 1
63 29 99.1642150879 1
63 29 99.1721115112 1
63 29 99.1783828735 1
63 29 99.1844024658 1
63 29 99.2069625854 1
63 29 99.2444076538 1
63 29 99.2581176758 1
63 29 99.2645568848 1
63 29 99.2724151611 1
63 29 99.2931137085 1
63 29 99.3959960938 1
63 29 99.3984222412 1
63 29 99.4008483887 1
63 29 99.4034881592 1
63 29 99.41822052 1
63 29 99.4381713867 1
63 29 99.4609146118 1
63 29 99.4640808105 1
63 29 99.4975204468 1
63 29 99.5077514648 1
63 29 99.5141525269 1
63 29 99.5730361938 1
63 29 99.6133956909 1
63 29 99.6238098145 1
63 29 99.6352462769 1
63 29 99.6650543213 1
63 29 99.6692276001 1
63 29 99.6870498657 1
63 29 99.7029418945 1
63 29 99.7033843994 1
63 29 99.7056427002 1
63 29 99.711555481 1
63 29 99.7617263794 1
63 29 99.7777633667 1
63 29 99.7989425659 1
63 29 99.8565979004 1
63 29 99.8615951538 1
63 29 99.928527832 1
63 29 99.9443588257 1
63 29 99.9447479248 1
63 29 99.9648132324 1
63 29 99.965675354 1
63 29 99.9948425293 1
63 29 100.017997742 1
63 29 100.036750793 1
63 29 100.042869568 1
63 29 100.063362122 1
63 29 100.070152283 1
63 29 100.076957703 1
63 29 100.091255188 1
63 29 100.16947937 1
63 29 100.196151733 1
63 29 100.205688477 1
63 29 100.251365662 1
63 29 100.264396667 1
63 29 100.283065796 1
63 29 100.299003601 1
63 29 100.307830811 1
63 29 100.311386108 1
63 29 100.335220337 1
63 29 100.369560242 1
63 29 100.378707886 1
63 29 100.385040283 1
63 29 100.399276733 1
63 29 100.405715942 1
63 29 100.481376648 1
63 29 100.495651245 1
63 29 100.497894287 1
63 29 100.513679504 1
63 29 100.530693054 1
63 29 100.556526184 1
63 29 100.673805237 1
63 29 100.779426575 1
63 29 100.785644531 1
63 29 100.794464111 1
63 29 100.798347473 1
63 29 100.806182861 1
63 29 100.848678589 1
63 29 100.856460571 1
63 29 100.862800598 1
63 29 100.870658875 1
63 29 100.880088806 1
63 29 100.933189392 1
63 29 100.944831848 1
63 29 100.976165771 1
63 29 100.996749878 1
63 29 101.053619385 1
63 29 101.055198669 1
63 29 101.057258606 1
63 29 101.058609009 1
63 29 101.075073242 1
63 29 101.075820923 1
63 29 101.093833923 1
63 29 101.093986511 1
63 29 101.097511292 1
63 29 101.103179932 1
63 29 101.105232239 1
63 29 101.115028381 1
63 29 101.151374817 1
63 29 101.155838013 1
63 29 101.15738678 1
63 29 101.180740356 1
63 29 101.230117798 1
63 29 101.257827759 1
63 29 101.259429932 1
63 29 101.320205688 1
63 29 101.3358078 1
63 29 101.356140137 1
63 29 101.393615723 1
63 29 101.402908325 1
63 29 101.407936096 1
63 29 101.415718079 1
63 29 101.421134949 1
63 29 101.422897339 1
63 29 101.425491333 1
63 29 101.43863678 1
63 29 101.439567566 1
63 29 101.446685791 1
63 29 101.463249207 1
63 29 101.466293335 1
63 29 101.486610413 1
63 29 101.489387512 1
63 29 101.500205994 1
63 29 101.508491516 1
63 29 101.539924622 1
63 29 101.542785645 1
63 29 101.588111877 1
63 29 101.598243713 1
63 29 101.599624634 1
63 29 101.635879517 1
63 29 101.645362854 1
63 29 101.66254425 1
63 29 101.668128967 1
63 29 101.671829224 1
63 29 101.740180969 1
63 29 101.745002747 1
63 29 101.747161865 1
63 29 101.753997803 1
63 29 101.761032104 1
63 29 101.777832031 1
63 29 101.778373718 1
63 29 101.781974792 1
63 29 101.782608032 1
63 29 101.82396698 1
63 29 101.838493347 1
63 29 101.838821411 1
63 29 101.860862732 1
63 29 101.884010315 1
63 29 101.908630371 1
63 29 101.909889221 1
63 29 101.927780151 1
63 29 101.969673157 1
63 29 101.973854065 1
63 29 102.013687134 1
63 29 102.013961792 1
63 29 102.030731201 1
63 29 102.075088501 1
63 29 102.105140686 1
63 29 102.148597717 1
63 29 102.193977356 1
63 29 102.217178345 1
63 29 102.235809326 1
63 29 102.282737732 1
63 29 102.287811279 1
63 29 102.308921814 1
63 29 102.332389832 1
63 29 102.347579956 1
63 29 102.362709045 1
63 29 102.367683411 1
63 29 102.369338989 1
63 29 102.370262146 1
63 29 102.370368958 1
63 29 102.382423401 1
63 29 102.396072388 1
63 29 102.40801239 1
63 29 102.417350769 1
63 29 102.432113647 1
63 29 102.437469482 1
63 29 102.496482849 1
63 29 102.531364441 1
63 29 102.535453796 1
63 29 102.541435242 1
63 29 102.600723267 1
63 29 102.632919312 1
63 29 102.640830994 1
63 29 102.649108887 1
63 29 102.649986267 1
63 29 102.691879272 1
63 29 102.692871094 1
63 29 102.7135849 1
63 29 102.779655457 1
63 29 102.830284119 1
63 29 102.855079651 1
63 29 102.899002075 1
63 29 102.90222168 1
63 29 102.918922424 1
63 29 102.929656982 1
63 29 102.980636597 1
63 29 102.984329224 1
63 29 103.051803589 1
63 29 103.066589355 1
63 29 103.114715576 1
63 29 103.130432129 1
63 29 103.207221985 1
63 29 103.230102539 1
63 29 103.240653992 1
63 29 103.245155334 1
63 29 103.26210022 1
63 29 103.281341553 1
63 29 103.285758972 1
63 29 103.287948608 1
63 29 103.302223206 1
63 29 103.326469421 1
63 29 103.405166626 1
63 29 103.408363342 1
63 29 103.425720215 1
63 29 103.443603516 1
63 29 103.496116638 1
63 29 103.504417419 1
63 29 103.50957489 1
63 29 103.518501282 1
63 29 103.519760132 1
63 29 103.538703918 1
63 29 103.540206909 1
63 29 103.545661926 1
63 29 103.547920227 1
63 29 103.568511963 1
63 29 103.617118835 1
63 29 103.652130127 1
63 29 103.6614151 1
63 29 103.668403625 1
63 29 103.679138184 1
63 29 103.687095642 1
63 29 103.735366821 1
63 29 103.784713745 1
63 29 103.790328979 1
63 29 103.818885803 1
63 29 103.846221924 1
63 29 103.875526428 1
63 29 103.966926575 1
63 29 103.980979919 1
63 29 104.006858826 1
63 29 104.042053223 1
63 29 104.063262939 1
63 29 104.083992004 1
63 29 104.100250244 1
63 29 104.123680115 1
63 29 104.144836426 1
63 29 104.148971558 1
63 29 104.150802612 1
63 29 104.220741272 1
63 29 104.297210693 1
63 29 104.343093872 1
63 29 104.364707947 1
63 29 104.370918274 1
63 29 104.376434326 1
63 29 104.386871338 1
63 29 104.501106262 1
63 29 104.50201416 1
63 29 104.506195068 1
63 29 104.603858948 1
63 29 104.619750977 1
63 29 104.632202148 1
63 29 104.695846558 1
63 29 104.703895569 1
63 29 104.711341858 1
63 29 104.715194702 1
63 29 104.795532227 1
63 29 104.835754395 1
63 29 104.951454163 1
63 29 104.960372925 1
63 29 104.981567383 1
63 29 105.054115295 1
63 29 105.059028625 1
63 29 105.067314148 1
63 29 105.082015991 1
63 29 105.150993347 1
63 29 105.159080505 1
63 29 105.159629822 1
63 29 105.164848328 1
63 29 105.172966003 1
63 29 105.237419128 1
63 29 105.303001404 1
63 29 105.331459045 1
63 29 105.331764221 1
63 29 105.37638092 1
63 29 105.445678711 1
63 29 105.449508667 1
63 29 105.474021912 1
63 29 105.484672546 1
63 29 105.501060486 1
63 29 105.647331238 1
63 29 105.653266907 1
63 29 105.657028198 1
63 29 105.678970337 1
63 29 105.71244812 1
63 29 105.727180481 1
63 29 105.757080078 1
63 29 105.785713196 1
63 29 105.849807739 1
63 29 105.860183716 1
63 29 105.892547607 1
63 29 105.898628235 1
63 29 105.911170959 1
63 29 105.917808533 1
63 29 105.944786072 1
63 29 106.015304565 1
63 29 106.018859863 1
63 29 106.083175659 1
63 29 106.090827942 1
63 29 106.096122742 1
63 29 106.097221375 1
63 29 106.132072449 1
63 29 106.144638062 1
63 29 106.160949707 1
63 29 106.163314819 1
63 29 106.170799255 1
63 29 106.175338745 1
63 29 106.198440552 1
63 29 106.213233948 1
63 29 106.241897583 1
63 29 106.248527527 1
63 29 106.267326355 1
63 29 106.44329071 1
63 29 106.502082825 1
63 29 106.503097534 1
63 29 106.508911133 1
63 29 106.511940002 1
63 29 106.513160706 1
63 29 106.517448425 1
63 29 106.716079712 1
63 29 106.723312378 1
63 29 106.734458923 1
63 29 106.743911743 1
63 29 106.769241333 1
63 29 106.787857056 1
63 29 106.795227051 1
63 29 106.805679321 1
63 29 106.840393066 1
63 29 106.857879639 1
63 29 106.860595703 1
63 29 106.870170593 1
63 29 106.883621216 1
63 29 106.906166077 1
63 29 106.918403625 1
63 29 106.967567444 1
63 29 107.02015686 1
63 29 107.026496887 1
63 29 107.028556824 1
63 29 107.144317627 1
63 29 107.161811829 1
63 29 107.182357788 1
63 29 107.18598175 1
63 29 107.200157166 1
63 29 107.211112976 1
63 29 107.240341187 1
63 29 107.262489319 1
63 29 107.263046265 1
63 29 107.37437439 1
63 29 107.39050293 1
63 29 107.394195557 1
63 29 107.395294189 1
63 29 107.474243164 1
63 29 107.482902527 1
63 29 107.503005981 1
63 29 107.51448822 1
63 29 107.545928955 1
63 29 107.547691345 1
63 29 107.58065033 1
63 29 107.637168884 1
63 29 107.666099548 1
63 29 107.674507141 1
63 29 107.706977844 1
63 29 107.769287109 1
63 29 107.80090332 1
63 29 107.80922699 1
63 29 107.821723938 1
63 29 107.842323303 1
63 29 107.874389648 1
63 29 107.905158997 1
63 29 107.920944214 1
63 29 107.991905212 1
63 29 107.994041443 1
63 29 108.042015076 1
63 29 108.126174927 1
63 29 108.139770508 1
63 29 108.163169861 1
63 29 108.169082642 1
63 29 108.204727173 1
63 29 108.267044067 1
63 29 108.276641846 1
63 29 108.287246704 1
63 29 108.323310852 1
63 29 108.332618713 1
63 29 108.379455566 1
63 29 108.412818909 1
63 29 108.475097656 1
63 29 108.520698547 1
63 29 108.562423706 1
63 29 108.571273804 1
63 29 108.642303467 1
63 29 108.64919281 1
63 29 108.676322937 1
63 29 108.697860718 1
63 29 108.748825073 1
63 29 108.85496521 1
63 29 108.876121521 1
63 29 108.891876221 1
63 29 109.001014709 1
63 29 109.020050049 1
63 29 109.034606934 1
63 29 109.036216736 1
63 29 109.135902405 1
63 29 109.219367981 1
63 29 109.269668579 1
63 29 109.294021606 1
63 29 109.320785522 1
63 29 109.323043823 1
63 29 109.331932068 1
63 29 109.381813049 1
63 29 109.418792725 1
63 29 109.484725952 1
63 29 109.525123596 1
63 29 109.550415039 1
63 29 109.562385559 1
63 29 109.573150635 1
63 29 109.580055237 1
63 29 109.596664429 1
63 29 109.694587708 1
63 29 109.695304871 1
63 29 109.714614868 1
63 29 109.74105072 1
63 29 109.797744751 1
63 29 109.816352844 1
63 29 109.892181396 1
63 29 109.932006836 1
63 29 109.962638855 1
63 29 109.986854553 1
63 29 110.034919739 1
63 29 110.075820923 1
63 29 110.092018127 1
63 29 110.095703125 1
63 29 110.098716736 1
63 29 110.139144897 1
63 29 110.172012329 1
63 29 110.204452515 1
63 29 110.287261963 1
63 29 110.305496216 1
63 29 110.387420654 1
63 29 110.530822754 1
63 29 110.540145874 1
63 29 110.618515015 1
63 29 110.623603821 1
63 29 110.682991028 1
63 29 110.702056885 1
63 29 110.713523865 1
63 29 110.741729736 1
63 29 110.773620605 1
63 29 110.867774963 1
63 29 110.952796936 1
63 29 110.994522095 1
63 29 111.000450134 1
63 29 111.051078796 1
63 29 111.059333801 1
63 29 111.164772034 1
63 29 111.248466492 1
63 29 111.297592163 1
63 29 111.303947449 1
63 29 111.337051392 1
63 29 111.39666748 1
63 29 111.434318542 1
63 29 111.520614624 1
63 29 111.548568726 1
63 29 111.564437866 1
63 29 111.571762085 1
63 29 111.629806519 1
63 29 111.806983948 1
63 29 111.859519958 1
63 29 111.920700073 1
63 29 111.939109802 1
63 29 111.941497803 1
63 29 111.991493225 1
63 29 112.043739319 1
63 29 112.051216125 1
63 29 112.072387695 1
63 29 112.163948059 1
63 29 112.193824768 1
63 29 112.237625122 1
63 29 112.345497131 1
63 29 112.360404968 1
63 29 112.543487549 1
63 29 112.590484619 1
63 29 112.713134766 1
63 29 112.733398438 1
63 29 112.774993896 1
63 29 112.831321716 1
63 29 112.867843628 1
63 29 112.885437012 1
63 29 112.886802673 1
63 29 112.967079163 1
63 29 112.996925354 1
63 29 113.031600952 1
63 29 113.186256409 1
63 29 113.278610229 1
63 29 113.284950256 1
63 29 113.558189392 1
63 29 113.625221252 1
63 29 113.643218994 1
63 29 113.65813446 1
63 29 113.667457581 1
63 29 113.851074219 1
63 29 113.872673035 1
63 29 113.939064026 1
63 29 113.966552734 1
63 29 113.992622375 1
63 29 113.995910645 1
63 29 114.001815796 1
63 29 114.009963989 1
63 29 114.214691162 1
63 29 114.381988525 1
63 29 114.384643555 1
63 29 114.430801392 1
63 29 114.470214844 1
63 29 114.532775879 1
63 29 114.551132202 1
63 29 114.600700378 1
63 29 114.632629395 1
63 29 114.646179199 1
63 29 114.652236938 1
63 29 114.688224792 1
63 29 114.807830811 1
63 29 114.866539001 1
63 29 114.875679016 1
63 29 114.953262329 1
63 29 114.979011536 1
63 29 114.996704102 1
63 29 115.036819458 1
63 29 115.12739563 1
63 29 115.257225037 1
63 29 115.281417847 1
63 29 115.303947449 1
63 29 115.420349121 1
63 29 115.422851562 1
63 29 115.519355774 1
63 29 115.56414032 1
63 29 115.570983887 1
63 29 115.703102112 1
63 29 116.007194519 1
63 29 116.02419281 1
63 29 116.076347351 1
63 29 116.111633301 1
63 29 116.129875183 1
63 29 116.221176147 1
63 29 116.260238647 1
63 29 116.36063385 1
63 29 116.465545654 1
63 29 116.472618103 1
63 29 116.584358215 1
63 29 116.627723694 1
63 29 116.70690155 1
63 29 116.721763611 1
63 29 116.736351013 1
63 29 116.743347168 1
63 29 116.769210815 1
63 29 116.780067444 1
63 29 116.830444336 1
63 29 116.855735779 1
63 29 116.861824036 1
63 29 117.013519287 1
63 29 117.076408386 1
63 29 117.099708557 1
63 29 117.195198059 1
63 29 117.250434875 1
63 29 117.308349609 1
63 29 117.596672058 1
63 29 117.650779724 1
63 29 117.808189392 1
63 29 117.84942627 1
63 29 118.015335083 1
63 29 118.112785339 1
63 29 118.138046265 1
63 29 118.187522888 1
63 29 118.255805969 1
63 29 118.392097473 1
63 29 118.477920532 1
63 29 118.484077454 1
63 29 118.538063049 1
63 29 118.661193848 1
63 29 118.703063965 1
63 29 118.71812439 1
63 29 118.767784119 1
63 29 118.835998535 1
63 29 118.95010376 1
63 29 119.086219788 1
63 29 119.128494263 1
63 29 119.133926392 1
63 29 119.144264221 1
63 29 119.179214478 1
63 29 119.239059448 1
63 29 119.5859375 1
63 29 119.594589233 1
63 29 119.60534668 1
63 29 119.642189026 1
63 29 119.687553406 1
63 29 119.771682739 1
63 29 119.874427795 1
63 29 119.932525635 1
63 29 120.081039429 1
63 29 120.304214478 1
63 29 120.406906128 1
63 29 120.416191101 1
63 29 120.444992065 1
63 29 120.653869629 1
63 29 120.660217285 1
63 29 120.904998779 1
63 29 121.117263794 1
63 29 121.382987976 1
63 29 121.588363647 1
63 29 121.606163025 1
63 29 121.73500824 1
63 29 121.735679626 1
63 29 122.00189209 1
63 29 122.049797058 1
63 29 122.069564819 1
63 29 122.108436584 1
63 29 122.206596375 1
63 29 122.212768555 1
63 29 122.293640137 1
63 29 122.358230591 1
63 29 122.362617493 1
63 29 122.388832092 1
63 29 122.391014099 1
63 29 122.544174194 1
63 29 122.593070984 1
63 29 122.634162903 1
63 29 122.728012085 1
63 29 122.815910339 1
63 29 122.921730042 1
63 29 122.932991028 1
63 29 123.105056763 1
63 29 123.248222351 1
63 29 123.367927551 1
63 29 123.434715271 1
63 29 123.486984253 1
63 29 123.566085815 1
63 29 123.880386353 1
63 29 124.159355164 1
63 29 124.21030426 1
63 29 124.312271118 1
63 29 124.470664978 1
63 29 124.638198853 1
63 29 124.657730103 1
63 29 124.852005005 1
63 29 124.866081238 1
63 29 124.945701599 1
63 29 124.946456909 1
63 29 125.55116272 1
63 29 125.708068848 1
63 29 126.142410278 1
63 29 126.299026489 1
63 29 126.479003906 1
63 29 126.548339844 1
63 29 126.698257446 1
63 29 126.743164062 1
63 29 127.183486938 1
63 29 127.219558716 1
63 29 127.335716248 1
63 29 127.461654663 1
63 29 127.480079651 1
63 29 127.521858215 1
63 29 127.731536865 1
63 29 127.739067078 1
63 29 127.80040741 1
63 29 127.93964386 1
63 29 128.01600647 1
63 29 128.099487305 1
63 29 128.190414429 1
63 29 128.217971802 1
63 29 128.365890503 1
63 29 128.435745239 1
63 29 128.516326904 1
63 29 128.677108765 1
63 29 128.724502563 1
63 29 128.742950439 1
63 29 128.913467407 1
63 29 128.933395386 1
63 29 129.004272461 1
63 29 129.111404419 1
63 29 129.402999878 1
63 29 129.450332642 1
63 29 129.477218628 1
63 29 129.545578003 1
63 29 129.565628052 1
63 29 129.648696899 1
63 29 129.746459961 1
63 29 129.846557617 1
63 29 129.900482178 1
63 29 129.975540161 1
63 29 130.059371948 1
63 29 130.349853516 1
63 29 130.362564087 1
63 29 130.681411743 1
63 29 130.83140564 1
63 29 130.975646973 1
63 29 131.116714478 1
63 29 131.439071655 1
63 29 131.674209595 1
63 29 132.086624146 1
63 29 132.166000366 1
63 29 132.188842773 1
63 29 132.337051392 1
63 29 132.617904663 1
63 29 133.224304199 1
63 29 133.230651855 1
63 29 133.503723145 1
63 29 134.224685669 1
63 29 134.438293457 1
63 29 134.781051636 1
63 29 134.956100464 1
63 29 135.308258057 1
63 29 135.456817627 1
63 29 136.126998901 1
63 29 136.236968994 1
63 29 136.378219604 1
63 29 136.528640747 1
63 29 136.627380371 1
63 29 136.848953247 1
63 29 137.087280273 1
63 29 137.393661499 1
63 29 137.410934448 1
63 29 137.984390259 1
63 29 138.156402588 1
63 29 138.316879272 1
63 29 138.327926636 1
63 29 138.364151001 1
63 29 138.661605835 1
63 29 138.943710327 1
63 29 138.977828979 1
63 29 139.206756592 1
63 29 139.696365356 1
63 29 139.891662598 1
63 29 140.045578003 1
63 29 140.150115967 1
63 29 140.346450806 1
63 29 140.577819824 1
63 29 140.7787323 1
63 29 140.786148071 1
63 29 140.823150635 1
63 29 141.123031616 1
63 29 141.225921631 1
63 29 141.531951904 1
63 29 141.604507446 1
63 29 141.843719482 1
63 29 142.673187256 1
63 29 142.70451355 1
63 29 142.752120972 1
63 29 142.858261108 1
63 29 143.476577759 1
63 29 144.480865479 1
63 29 144.565826416 1
63 29 144.585617065 1
63 29 144.819885254 1
63 29 145.085723877 1
63 29 146.285720825 1
63 29 146.406204224 1
63 29 146.516036987 1
63 29 146.592941284 1
63 29 146.836410522 1
63 29 146.940185547 1
63 29 146.998184204 1
63 29 147.046432495 1
63 29 147.439407349 1
63 29 147.491928101 1
63 29 147.869384766 1
63 29 147.951065063 1
63 29 148.217514038 1
63 29 148.340957642 1
63 29 148.391326904 1
63 29 149.078125 1
63 29 149.422302246 1
63 29 149.490814209 1
63 29 149.517501831 1
63 29 149.745056152 1
63 29 149.934127808 1
63 29 150.294311523 1
63 29 150.417617798 1
63 29 150.865219116 1
63 29 151.226928711 1
63 29 151.709136963 1
63 29 152.236022949 1
63 29 152.269866943 1
63 29 152.610168457 1
63 29 152.691558838 1
63 29 152.987045288 1
63 29 153.080734253 1
63 29 153.122344971 1
63 29 153.125198364 1
63 29 153.869659424 1
63 29 153.955612183 1
63 29 154.541305542 1
63 29 154.660919189 1
63 29 155.072052002 1
63 29 155.548202515 1
63 29 156.934371948 1
63 29 157.190917969 1
63 29 157.938232422 1
63 29 159.159866333 1
63 29 159.242111206 1
63 29 159.443389893 1
63 29 159.702377319 1
63 29 159.788772583 1
63 29 160.328659058 1
63 29 160.682540894 1
63 29 160.758911133 1
63 29 160.861404419 1
63 29 161.146453857 1
63 29 161.411804199 1
63 29 161.570800781 1
63 29 162.22253418 1
63 29 162.383789062 1
63 29 162.777557373 1
63 29 163.11138916 1
63 29 164.201141357 1
63 29 164.302841187 1
63 29 164.467941284 1
63 29 165.074310303 1
63 29 165.451751709 1
63 29 165.91104126 1
63 29 165.925048828 1
63 29 165.931274414 1
63 29 166.143432617 1
63 29 166.813369751 1
63 29 167.060180664 1
63 29 167.672042847 1
63 29 169.066162109 1
63 29 169.093963623 1
63 29 169.112335205 1
63 29 169.217010498 1
63 29 169.515899658 1
63 29 169.622894287 1
63 29 170.151367188 1
63 29 170.642440796 1
63 29 171.66166687 1
63 29 172.153198242 1
63 29 172.439483643 1
63 29 172.499938965 1
63 29 172.707214355 1
63 29 172.823287964 1
63 29 173.08493042 1
63 29 173.374465942 1
63 29 174.887298584 1
63 29 175.797790527 1
63 29 176.363372803 1
63 29 177.45539856 1
63 29 177.769348145 1
63 29 177.832015991 1
63 29 178.229690552 1
63 29 178.44303894 1
63 29 179.076507568 1
63 29 179.406646729 1
63 29 179.464279175 1
63 29 180.266235352 1
63 29 180.385818481 1
63 29 180.437820435 1
63 29 182.027648926 1
63 29 182.310073853 1
63 29 183.146270752 1
63 29 184.420974731 1
63 29 184.942123413 1
63 29 185.303710938 1
63 29 185.345870972 1
63 29 185.737884521 1
63 29 185.789108276 1
63 29 186.171127319 1
63 29 186.717407227 1
63 29 187.414505005 1
63 29 187.882659912 1
63 29 189.032241821 1
63 29 189.83821106 1
63 29 190.937438965 1
63 29 191.587005615 1
63 29 191.666015625 1
63 29 191.892028809 1
63 29 193.08404541 1
63 29 193.521286011 1
63 29 193.764038086 1
63 29 194.423492432 1
63 29 195.22454834 1
63 29 195.741241455 1
63 29 197.41242981 1
63 29 198.478744507 1
63 29 198.707855225 1
63 29 199.686813354 1
63 29 201.515686035 1
63 29 201.541564941 1
63 29 201.576293945 1
63 29 201.64642334 1
63 29 202.016723633 1
63 29 202.151565552 1
63 29 202.311203003 1
63 29 202.372909546 1
63 29 202.971084595 1
63 29 203.154846191 1
63 29 203.377670288 1
63 29 203.520858765 1
63 29 203.713012695 1
63 29 203.809967041 1
63 29 204.154830933 1
63 29 204.867126465 1
63 29 208.592437744 1
63 29 209.818832397 1
63 29 211.586593628 1
63 29 212.20262146 1
63 29 214.190994263 1
63 29 216.575531006 1
63 29 217.779098511 1
63 29 218.041641235 1
63 29 218.38923645 1
63 29 220.348709106 1
63 29 220.671447754 1
63 29 220.746826172 1
63 29 221.7993927 1
63 29 222.024932861 1
63 29 224.145950317 1
63 29 224.904388428 1
63 29 226.023071289 1
63 29 226.360671997 1
63 29 227.365951538 1
63 29 228.1040802 1
63 29 230.059158325 1
63 29 231.092849731 1
63 29 232.287307739 1
63 29 233.132980347 1
63 29 235.395874023 1
63 29 235.499252319 1
63 29 236.6065979 1
63 29 239.802612305 1
63 29 240.757125854 1
63 29 240.854614258 1
63 29 241.836578369 1
63 29 242.366287231 1
63 29 244.902908325 1
63 29 245.714645386 1
63 29 248.841949463 1
63 29 249.224960327 1
63 29 251.439529419 1
63 29 255.712310791 1
63 29 255.875976562 1
63 29 256.540496826 1
63 29 257.721588135 1
63 29 257.817260742 1
63 29 259.693359375 1
63 29 263.513977051 1
63 29 266.040252686 1
63 29 268.570678711 1
63 29 271.976104736 1
63 29 276.693359375 1
63 29 279.968200684 1
63 29 283.797027588 1
63 29 286.530883789 1
63 29 287.086425781 1
63 29 290.428955078 1
63 29 293.423309326 1
63 29 299.627441406 1
63 29 300.216308594 1
63 29 301.399627686 1
63 29 303.196075439 1
63 29 308.643615723 1
63 29 308.808685303 1
63 29 309.272491455 1
63 29 313.54888916 1
63 29 314.756835938 1
63 29 318.707580566 1
63 29 322.944885254 1
63 29 323.567169189 1
63 29 331.376068115 1
63 29 331.557769775 1
63 29 332.74697876 1
63 29 337.440460205 1
63 29 339.055755615 1
63 29 339.516784668 1
63 29 342.129241943 1
63 29 342.23135376 1
63 29 342.834838867 1
63 29 343.267303467 1
63 29 344.800537109 1
63 29 345.11807251 1
63 29 349.466033936 1
63 29 356.6434021 1
63 29 358.073577881 1
63 29 358.346801758 1
63 29 362.367614746 1
63 29 371.446685791 1
63 29 373.121368408 1
63 29 376.018127441 1
63 29 377.016479492 1
63 29 382.896057129 1
63 29 391.166748047 1
63 29 399.657928467 1
63 29 403.473083496 1
63 29 418.321166992 1
63 29 450.087249756 1
63 29 452.201538086 1
63 29 470.632507324 1
63 29 481.247711182 1
63 29 489.021942139 1
63 29 494.099975586 1
63 29 495.291992188 1
63 29 518.011779785 1
63 29 519.066589355 1
63 29 519.222900391 1
63 29 527.378479004 1
63 29 534.470031738 1
63 29 543.189880371 1
63 29 574.76348877 1
63 29 584.003662109 1
63 29 591.427001953 1
63 29 614.467407227 1
63 29 619.656677246 1
63 29 624.796875 1
63 29 633.502380371 1
63 29 641.309570312 1
63 29 645.488586426 1
63 29 646.16027832 1
63 29 647.467468262 1
63 29 657.329162598 1
63 29 666.42791748 1
63 29 674.518310547 1
63 29 682.531494141 1
63 29 700.002563477 1
63 29 754.69342041 1
63 29 793.917785645 1
63 29 797.132263184 1
63 29 814.840759277 1
63 29 834.266662598 1
63 29 853.354370117 1
63 29 941.224853516 1
63 29 963.93939209 1
63 29 978.813354492 1
63 29 989.216247559 1
63 29 1044.33410645 1
63 29 1045.77807617 1
63 29 1056.85681152 1
63 29 1166.85266113 1
63 29 1190.08630371 1
63 29 1253.71533203 1
63 29 1434.27050781 1
63 29 1961.25976562 1
63 31 94.8049163818 1
63 31 95.1348876953 1
63 31 98.6937637329 1
63 31 103.914352417 1
63 31 106.231796265 1
63 31 106.460365295 1
63 31 108.295417786 1
63 31 114.365310669 1
63 31 116.26033783 1
63 31 117.063621521 1
63 31 117.605766296 1
63 31 118.236923218 1
63 31 118.988189697 1
63 31 121.140853882 1
63 31 121.30115509 1
63 31 122.672920227 1
63 31 125.498748779 1
63 31 129.373123169 1
63 31 129.61390686 1
63 31 129.777984619 1
63 31 130.196517944 1
63 31 132.337371826 1
63 31 132.636322021 1
63 31 132.790161133 1
63 31 133.354003906 1
63 31 136.534729004 1
63 31 136.786209106 1
63 31 138.99647522 1
63 31 139.045715332 1
63 31 140.695220947 1
63 31 142.188522339 1
63 31 142.244354248 1
63 31 142.752807617 1
63 31 142.986282349 1
63 31 143.285736084 1
63 31 144.616714478 1
63 31 145.392425537 1
63 31 145.513336182 1
63 31 145.895294189 1
63 31 146.761764526 1
63 31 147.828994751 1
63 31 147.829727173 1
63 31 150.167434692 1
63 31 151.248672485 1
63 31 152.020385742 1
63 31 152.577255249 1
63 31 154.486450195 1
63 31 164.158096313 1
63 31 165.384887695 1
63 31 165.791625977 1
63 31 166.521697998 1
63 31 166.567245483 1
63 31 168.770172119 1
63 31 169.319381714 1
63 31 170.806488037 1
63 31 171.607498169 1
63 31 172.720977783 1
63 31 173.885055542 1
63 31 174.712600708 1
63 31 174.724136353 1
63 31 175.203292847 1
63 31 176.214904785 1
63 31 177.394470215 1
63 31 178.470993042 1
63 31 179.914230347 1
63 31 180.42010498 1
63 31 180.836135864 1
63 31 181.73449707 1
63 31 182.854660034 1
63 31 184.218505859 1
63 31 187.22895813 1
63 31 187.895477295 1
63 31 188.626144409 1
63 31 189.051361084 1
63 31 190.469482422 1
63 31 192.063247681 1
63 31 192.238815308 1
63 31 195.256118774 1
63 31 196.303100586 1
63 31 196.441726685 1
63 31 197.347640991 1
63 31 197.954101562 1
63 31 198.115112305 1
63 31 200.016830444 1
63 31 200.530380249 1
63 31 202.361068726 1
63 31 202.546630859 1
63 31 208.18838501 1
63 31 209.521636963 1
63 31 210.846862793 1
63 31 211.628112793 1
63 31 215.251464844 1
63 31 215.383468628 1
63 31 215.671646118 1
63 31 215.70690918 1
63 31 215.790222168 1
63 31 218.491531372 1
63 31 219.447174072 1
63 31 219.959091187 1
63 31 220.026794434 1
63 31 220.324432373 1
63 31 220.857803345 1
63 31 228.440689087 1
63 31 235.359054565 1
63 31 235.695922852 1
63 31 236.57875061 1
63 31 236.905075073 1
63 31 247.388046265 1
63 31 247.435119629 1
63 31 248.106842041 1
63 31 249.995941162 1
63 31 255.315246582 1
63 31 255.445968628 1
63 31 259.223815918 1
63 31 259.494506836 1
63 31 262.320098877 1
63 31 262.661834717 1
63 31 266.429901123 1
63 31 274.92489624 1
63 31 278.070831299 1
63 31 280.064544678 1
63 31 280.075531006 1
63 31 280.848236084 1
63 31 280.931976318 1
63 31 284.0987854 1
63 31 287.797302246 1
63 31 288.402252197 1
63 31 289.539428711 1
63 31 294.102020264 1
63 31 294.14855957 1
63 31 299.410186768 1
63 31 300.132202148 1
63 31 300.797393799 1
63 31 310.102508545 1
63 31 312.171691895 1
63 31 314.016693115 1
63 31 316.649841309 1
63 31 322.260528564 1
63 31 326.870117188 1
63 31 330.581604004 1
63 31 333.032531738 1
63 31 333.875732422 1
63 31 338.843780518 1
63 31 343.025360107 1
63 31 348.799926758 1
63 31 351.0675354 1
63 31 363.134429932 1
63 31 363.232177734 1
63 31 372.226318359 1
63 31 374.203613281 1
63 31 378.566040039 1
63 31 383.61416626 1
63 31 384.123779297 1
63 31 384.383422852 1
63 31 388.530883789 1
63 31 395.1796875 1
63 31 397.715911865 1
63 31 399.894683838 1
63 31 400.206634521 1
63 31 409.67767334 1
63 31 413.966339111 1
63 31 419.900482178 1
63 31 424.596923828 1
63 31 431.26965332 1
63 31 434.19342041 1
63 31 442.254943848 1
63 31 447.00491333 1
63 31 452.283569336 1
63 31 464.793640137 1
63 31 477.115203857 1
63 31 481.133758545 1
63 31 484.085998535 1
63 31 514.725708008 1
63 31 518.891784668 1
63 31 528.866333008 1
63 31 563.359558105 1
63 31 564.521179199 1
63 31 565.933898926 1
63 31 566.237976074 1
63 31 570.325012207 1
63 31 579.497131348 1
63 31 591.903625488 1
63 31 606.970153809 1
63 31 630.034851074 1
63 31 657.881164551 1
63 31 660.406799316 1
63 31 684.690612793 1
63 31 688.656494141 1
63 31 706.562133789 1
63 31 720.1875 1
63 31 926.658813477 1
63 31 1032.1295166 1
63 31 1080.95178223 1
63 31 1119.81982422 1
63 31 1244.83618164 1
63 32 177.201934814 1
63 32 191.987014771 1
63 32 217.584503174 1
63 32 229.552581787 1
63 32 239.592956543 1
63 32 241.124084473 1
63 32 248.500427246 1
63 32 248.585540771 1
63 32 248.931442261 1
63 32 253.237640381 1
63 32 257.491271973 1
63 32 259.760406494 1
63 32 261.783843994 1
63 32 264.607757568 1
63 32 266.52822876 1
63 32 272.018768311 1
63 32 284.807861328 1
63 32 289.402923584 1
63 32 298.129638672 1
63 32 301.87600708 1
63 32 302.611785889 1
63 32 306.815246582 1
63 32 314.524047852 1
63 32 322.129577637 1
63 32 325.585632324 1
63 32 328.701385498 1
63 32 334.327636719 1
63 32 341.863525391 1
63 32 343.355834961 1
63 32 354.962310791 1
63 32 365.505187988 1
63 32 378.319854736 1
63 32 387.206970215 1
63 32 427.381317139 1
63 32 429.797088623 1
63 32 440.302093506 1
63 32 457.53616333 1
63 32 461.825714111 1
63 32 491.24206543 1
63 32 499.195800781 1
63 32 501.155517578 1
63 32 504.703155518 1
63 32 505.965545654 1
63 32 523.954040527 1
63 32 527.289733887 1
63 32 576.042419434 1
63 32 592.489807129 1
63 32 597.425231934 1
63 32 598.411010742 1
63 32 614.743164062 1
63 32 666.797363281 1
63 32 669.24987793 1
63 32 690.019958496 1
63 32 736.568603516 1
63 32 956.474609375 1
63 32 1858.32263184 1
63 33 362.6824646 1
63 33 375.044342041 1
63 33 391.894683838 1
63 33 416.165374756 1
63 33 444.801452637 1
63 33 460.247558594 1
63 33 548.631591797 1
63 33 555.422058105 1
63 33 603.79095459 1
63 33 937.864868164 1
63 33 1161.17382812 1
63 33 1372.36132812 1
63 34 427.217590332 1
63 34 482.347259521 1
64 23 1576.48291016 1
64 24 1678.4798584 1
64 25 1538.97497559 1
64 26 1396.27587891 1
64 26 1434.84814453 1
64 27 802.338806152 1
64 27 826.663879395 1
64 27 1310.63037109 1
64 28 934.345397949 1
64 28 954.53125 1
64 28 1060.7388916 1
64 28 1093.18579102 1
64 28 1233.76550293 1
64 28 1501.69006348 1
64 29 627.514892578 1
64 29 726.212219238 1
64 29 759.384094238 1
64 29 792.973754883 1
64 29 871.92767334 1
64 29 897.425842285 1
64 29 1207.04956055 1
64 29 1289.36022949 1
64 29 1505.16125488 1
64 29 1525.62658691 1
64 30 744.999084473 1
64 30 802.323059082 1
64 30 1116.1463623 1
64 30 1270.74389648 1
64 31 890.793823242 1
64 31 1031.88916016 1
64 31 1176.95422363 1
64 32 756.442016602 1
64 32 882.75958252 1
64 32 999.25970459 1
64 32 1003.57843018 1
64 32 1019.36413574 1
64 32 1579.00708008 1
64 33 1129.59545898 1
64 33 1815.75671387 1
69 30 1415.94213867 1
70 20 1407.24682617 1
70 22 1532.48657227 1
70 23 1311.56738281 1
70 25 1371.33459473 1
70 25 1962.91003418 1
70 26 881.753234863 1
70 26 995.572875977 1
70 26 1118.22546387 1
70 26 2674.06762695 1
70 27 716.992980957 1
70 27 733.431335449 1
70 27 823.18572998 1
70 27 828.033752441 1
70 27 1002.15917969 1
70 27 1068.5123291 1
70 27 1209.00061035 1
70 27 1364.12756348 1
70 28 642.066162109 1
70 28 655.592651367 1
70 28 675.558166504 1
70 28 684.839599609 1
70 28 716.425476074 1
70 28 727.56060791 1
70 28 744.196105957 1
70 28 855.842895508 1
70 28 1027.40185547 1
70 28 1113.02087402 1
70 28 1645.16967773 1
70 29 823.926757812 1
70 29 854.963806152 1
70 29 865.460449219 1
70 29 897.705871582 1
70 29 923.746704102 1
70 29 1039.74853516 1
70 29 1116.84106445 1
70 29 1191.07067871 1
70 29 1305.36462402 1
70 29 1468.59606934 1
70 30 737.92388916 1
70 30 763.357910156 1
70 30 968.473083496 1
70 30 1046.49279785 1
70 31 787.307739258 1
70 31 1046.55700684 1
70 31 1471.77197266 1
70 31 1797.74621582 1
70 32 1288.95568848 1
70 33 1253.95703125 1
71 23 1070.22106934 1
71 25 875.393615723 1
71 25 1254.87243652 1
71 26 732.642211914 1
71 26 922.088378906 1
71 26 1035.63305664 1
71 26 1053.91442871 1
71 27 675.706359863 1
71 27 741.33001709 1
71 27 770.538513184 1
71 27 941.068115234 1
71 27 949.551757812 1
71 28 804.11138916 1
71 28 917.320129395 1
71 28 941.965087891 1
71 28 1330.66467285 1
71 28 1384.48632812 1
71 29 672.979431152 1
71 29 688.711303711 1
71 29 699.540039062 1
71 29 778.761169434 1
71 29 1285.51086426 1
71 29 1857.73791504 1
71 29 3354.59790039 1
71 30 647.204711914 1
71 30 704.422424316 1
71 30 793.511108398 1
71 30 958.902099609 1
71 30 1021.97601318 1
71 31 724.836120605 1
71 32 786.978942871 1
73 28 2408.30371094 1
77 30 2439.43066406 1
77 31 1363.02075195 1
82 10 4908.89355469 1
86 1 2774.90136719 1
