effective_scattering_length hole_ice_radius_in_dom_radii agreement duration
0.65 0.8 55.8021084995 434.0
0.65 0.9 53.3621540142 432.0
0.65 1.0 49.9101890399 459.0
0.65 1.1 63.5518788877 455.0
0.65 1.2 78.4490046237 524.0
0.65 1.3 101.954078734 521.0
0.65 1.4 101.728143162 832.0
0.65 1.5 105.530948929 801.0
0.65 1.6 107.942810038 802.0
0.65 1.7 140.825352486 926.0
0.6 0.8 53.3101336617 476.0
0.6 0.9 60.462287069 470.0
0.6 1.0 51.9700141767 479.0
0.6 1.1 82.2002458536 468.0
0.6 1.2 86.2785017275 523.0
0.6 1.3 78.4206496199 524.0
0.6 1.4 110.709835234 689.0
0.6 1.5 123.21008436 750.0
0.6 1.6 113.017529712 709.0
0.6 1.7 127.118280449 710.0
0.75 0.8 56.5176970184 539.0
0.75 0.9 41.5322931472 546.0
0.75 1.0 58.1612173313 477.0
0.75 1.1 61.6056618012 456.0
0.75 1.2 58.5888453741 475.0
0.75 1.3 67.2761243144 450.0
0.75 1.4 84.4393447202 658.0
0.75 1.5 90.4958156106 664.0
0.75 1.6 85.0647485992 554.0
0.75 1.7 104.440289527 575.0
0.7 0.8 54.267623576 585.0
0.7 0.9 53.6472081615 600.0
0.7 1.0 66.0097909101 443.0
0.7 1.1 59.3820594195 460.0
0.7 1.2 73.6767699336 464.0
0.7 1.3 84.1346868868 454.0
0.7 1.4 82.5494402671 410.0
0.7 1.5 69.0994611538 413.0
0.7 1.6 113.461420687 410.0
0.7 1.7 131.407371773 428.0
0.85 0.8 57.4941924327 693.0
0.85 0.9 42.104010934 649.0
0.85 1.0 53.1973942578 501.0
0.85 1.1 66.8851474715 503.0
0.85 1.2 61.7137834722 493.0
0.85 1.3 54.9291528788 501.0
0.85 1.4 82.1739973982 543.0
0.85 1.5 78.3768897165 545.0
0.85 1.6 96.2287484714 544.0
0.85 1.7 92.8378191247 544.0
0.8 0.8 53.3837842607 424.0
0.8 0.9 50.4802116607 429.0
0.8 1.0 57.2861064635 441.0
0.8 1.1 59.6043249077 439.0
0.8 1.2 85.8602660567 526.0
0.8 1.3 86.6616936588 526.0
0.8 1.4 93.0142671087 409.0
0.8 1.5 94.3423718101 411.0
0.8 1.6 89.9857457955 417.0
0.8 1.7 94.3295343267 407.0
0.95 0.8 68.4793299823 520.0
0.95 0.9 48.1439883731 802.0
0.95 1.0 45.447420191 311.0
0.95 1.1 52.9024462246 553.0
0.95 1.2 59.0136825483 576.0
0.95 1.3 60.8939633195 592.0
0.95 1.4 69.1021298091 501.0
0.95 1.5 89.3348507967 544.0
0.95 1.6 93.3150598944 455.0
0.95 1.7 93.2539507724 511.0
0.9 0.8 66.9188768433 521.0
0.9 0.9 61.8519914713 532.0
0.9 1.0 71.706350085 549.0
0.9 1.1 53.4377791284 551.0
0.9 1.2 75.6124541796 434.0
0.9 1.3 68.7633138782 440.0
0.9 1.4 112.299892535 432.0
0.9 1.5 89.845042783 427.0
0.9 1.6 75.5325363059 305.0
0.9 1.7 96.1583257988 517.0
1.05 0.8 60.7439955969 762.0
1.05 0.9 55.5204462587 550.0
1.05 1.0 48.4195403675 614.0
1.05 1.1 61.9290483398 606.0
1.05 1.2 57.3714297934 820.0
1.05 1.3 61.0590549612 516.0
1.05 1.4 69.7959866188 475.0
1.05 1.5 74.2711179838 716.0
1.05 1.6 108.695769048 708.0
1.05 1.7 78.3632960846 476.0
1.0 0.8 60.5259966199 509.0
1.0 0.9 41.4681484554 509.0
1.0 1.0 43.8422214283 516.0
1.0 1.1 54.286747495 489.0
1.0 1.2 51.0261462404 456.0
1.0 1.3 78.1048724555 449.0
1.0 1.4 65.4931129428 462.0
1.0 1.5 77.2787373627 579.0
1.0 1.6 78.0882013426 571.0
1.0 1.7 94.6011084457 451.0
1.15 0.8 53.3431202543 517.0
1.15 0.9 50.7079113631 567.0
1.15 1.0 54.2463165531 516.0
1.15 1.1 64.9779997769 526.0
1.15 1.2 46.7362174048 522.0
1.15 1.3 65.5053437344 524.0
1.15 1.4 66.9728018136 513.0
1.15 1.5 76.9758003983 565.0
1.15 1.6 73.7419440174 512.0
1.15 1.7 87.1023934244 542.0
1.1 0.8 59.304771645 467.0
1.1 0.9 52.1023176203 485.0
1.1 1.0 55.2827868879 597.0
1.1 1.1 50.4977186507 605.0
1.1 1.2 54.0761026063 490.0
1.1 1.3 74.1084169603 572.0
1.1 1.4 55.1225110966 601.0
1.1 1.5 67.0960475124 600.0
1.1 1.6 73.9185002703 576.0
1.1 1.7 79.087242352 513.0
1.25 0.8 56.8403791049 644.0
1.25 0.9 75.2459627304 318.0
1.25 1.0 46.5490575306 685.0
1.25 1.1 43.8223690016 649.0
1.25 1.2 79.7538469323 642.0
1.25 1.3 50.025634346 662.0
1.25 1.4 57.8671757756 730.0
1.25 1.5 65.2058147465 762.0
1.25 1.6 75.7074690163 739.0
1.25 1.7 63.1337422512 837.0
1.2 0.8 67.2339936403 556.0
1.2 0.9 41.3765415374 555.0
1.2 1.0 42.017085534 552.0
1.2 1.1 59.7215028965 556.0
1.2 1.2 54.6046173674 564.0
1.2 1.3 62.4066416156 559.0
1.2 1.4 71.5981641455 568.0
1.2 1.5 74.1917577099 636.0
1.2 1.6 63.9857309687 638.0
1.2 1.7 73.1021927649 723.0
1.35 0.8 72.5734324963 470.0
1.35 0.9 44.1081285199 494.0
1.35 1.0 51.7904820749 471.0
1.35 1.1 53.7775157487 517.0
1.35 1.2 61.0056648674 315.0
1.35 1.3 43.8784929291 494.0
1.35 1.4 60.263820587 498.0
1.35 1.5 77.9458329931 502.0
1.35 1.6 73.2430496151 500.0
1.35 1.7 71.1381030359 497.0
1.3 0.8 62.0080352745 868.0
1.3 0.9 55.3994806523 877.0
1.3 1.0 51.9817834628 825.0
1.3 1.1 41.7679018541 883.0
1.3 1.2 47.2793336848 448.0
1.3 1.3 58.9350236107 448.0
1.3 1.4 70.0357359827 464.0
1.3 1.5 69.1852046878 444.0
1.3 1.6 90.1336349458 467.0
1.3 1.7 79.64078873 877.0
1.45 0.8 56.2040730046 517.0
1.45 0.9 44.6262841897 516.0
1.45 1.0 36.2053933981 512.0
1.45 1.1 44.3862346506 512.0
1.45 1.2 45.6729205121 516.0
1.45 1.3 47.2334452517 517.0
1.45 1.4 57.5203667129 519.0
1.45 1.5 72.9016620351 513.0
1.45 1.6 77.9053863404 535.0
1.45 1.7 78.8009039976 563.0
1.4 0.8 66.8138715009 507.0
1.4 0.9 48.3430320401 496.0
1.4 1.0 39.4040965622 518.0
1.4 1.1 58.5328931388 499.0
1.4 1.2 62.041100043 486.0
1.4 1.3 59.5854550888 509.0
1.4 1.4 46.7507466656 516.0
1.4 1.5 68.1625434839 484.0
1.4 1.6 54.7368842163 570.0
1.4 1.7 67.2813691271 547.0
1.55 0.8 66.4185441617 545.0
1.55 0.9 58.1136545076 556.0
1.55 1.0 50.2066039248 554.0
1.55 1.1 42.2702460567 589.0
1.55 1.2 43.6307844286 554.0
1.55 1.3 49.0533651421 580.0
1.55 1.4 46.0980472692 676.0
1.55 1.5 65.1168087034 899.0
1.55 1.6 72.3527129223 803.0
1.55 1.7 61.285295784 811.0
1.5 0.8 70.3758243802 521.0
1.5 0.9 52.6776641373 570.0
1.5 1.0 44.6389281788 619.0
1.5 1.1 47.2528324903 547.0
1.5 1.2 52.3844474085 529.0
1.5 1.3 54.9888867371 637.0
1.5 1.4 54.8931358722 574.0
1.5 1.5 75.2778248086 554.0
1.5 1.6 65.129209277 557.0
1.5 1.7 74.8625147199 569.0
1.65 0.8 63.7383992315 450.0
1.65 0.9 59.1585577374 443.0
1.65 1.0 46.7093428772 526.0
1.65 1.1 46.0986664249 483.0
1.65 1.2 46.7054534377 531.0
1.65 1.3 58.0436120152 552.0
1.65 1.4 50.9991485002 861.0
1.65 1.5 58.1709889747 556.0
1.65 1.6 79.5042497085 822.0
1.65 1.7 60.3880831358 450.0
1.6 0.8 71.4986992022 685.0
1.6 0.9 48.3553606518 618.0
1.6 1.0 57.9267002489 317.0
1.6 1.1 61.9571651997 873.0
1.6 1.2 56.4821369081 672.0
1.6 1.3 51.3176597078 641.0
1.6 1.4 53.163439141 680.0
1.6 1.5 69.2063015793 684.0
1.6 1.6 58.3172811801 703.0
1.6 1.7 81.723786126 453.0
1.75 0.8 55.1528978553 532.0
1.75 0.9 59.006107114 538.0
1.75 1.0 50.2276759233 540.0
1.75 1.1 56.2516211462 550.0
1.75 1.2 53.1880866427 517.0
1.75 1.3 53.1391453158 518.0
1.75 1.4 53.9990865531 516.0
1.75 1.5 54.710064706 516.0
1.75 1.6 64.3722579588 517.0
1.75 1.7 70.0720214552 514.0
1.7 0.8 64.0010895318 465.0
1.7 0.9 53.9504057202 476.0
1.7 1.0 49.7451143264 506.0
1.7 1.1 57.0452737627 507.0
1.7 1.2 54.3462451357 541.0
1.7 1.3 58.5457428851 809.0
1.7 1.4 48.4059117179 515.0
1.7 1.5 54.0327950172 546.0
1.7 1.6 72.3959032068 529.0
1.7 1.7 60.4726176082 568.0
1.85 0.8 69.3424051908 609.0
1.85 0.9 50.380908727 579.0
1.85 1.0 53.8286721876 610.0
1.85 1.1 72.0994045761 603.0
1.85 1.2 45.3453909612 564.0
1.85 1.3 51.6433272995 568.0
1.85 1.4 61.6290160295 565.0
1.85 1.5 46.3923170178 640.0
1.85 1.6 67.9903744816 906.0
1.85 1.7 68.4951757114 561.0
1.8 0.8 54.0642033889 556.0
1.8 0.9 55.1469893805 526.0
1.8 1.0 57.4679255285 525.0
1.8 1.1 43.9557234894 740.0
1.8 1.2 43.8624730512 539.0
1.8 1.3 57.5581061506 548.0
1.8 1.4 59.5297693962 307.0
1.8 1.5 52.1509903859 547.0
1.8 1.6 60.2271568901 561.0
1.8 1.7 72.5309366702 829.0
1.95 0.8 60.5816136967 445.0
1.95 0.9 54.2795888288 455.0
1.95 1.0 55.7768656073 463.0
1.95 1.1 62.1104332385 700.0
1.95 1.2 51.5953883315 710.0
1.95 1.3 51.3824273317 556.0
1.95 1.4 50.7249415158 317.0
1.95 1.5 53.2760815774 649.0
1.95 1.6 54.6447463596 523.0
1.95 1.7 61.9368712742 516.0
1.9 0.8 70.4241767876 581.0
1.9 0.9 49.5238304862 576.0
1.9 1.0 42.3941264775 925.0
1.9 1.1 60.929121516 621.0
1.9 1.2 39.5968115048 743.0
1.9 1.3 45.6428794951 613.0
1.9 1.4 49.0104764711 877.0
1.9 1.5 57.65884976 741.0
1.9 1.6 65.2525608999 454.0
1.9 1.7 82.8900889559 948.0
2.05 0.8 59.0923072746 536.0
2.05 0.9 53.8778525131 705.0
2.05 1.0 68.2813209252 948.0
2.05 1.1 52.9400369573 469.0
2.05 1.2 40.7204777791 471.0
2.05 1.3 46.384235754 978.0
2.05 1.4 53.009691295 518.0
2.05 1.5 56.3919629698 695.0
2.05 1.6 50.4684799542 538.0
2.05 1.7 67.890512661 471.0
2.0 0.8 65.5773834103 574.0
2.0 0.9 51.2497208076 525.0
2.0 1.0 65.2644645582 635.0
2.0 1.1 57.2132900719 548.0
2.0 1.2 56.9979757007 522.0
2.0 1.3 60.847175168 527.0
2.0 1.4 52.3772861533 625.0
2.0 1.5 59.7343057447 526.0
2.0 1.6 69.8727572529 644.0
2.0 1.7 67.8560741781 508.0
2.15 0.8 71.4013304511 902.0
2.15 0.9 63.3505063696 616.0
2.15 1.0 52.7444959309 620.0
2.15 1.1 57.0965048304 530.0
2.15 1.2 56.6784925865 526.0
2.15 1.3 51.3887893781 503.0
2.15 1.4 64.9252199216 909.0
2.15 1.5 58.0291448276 709.0
2.15 1.6 58.0267311223 551.0
2.15 1.7 82.0406974439 325.0
2.1 0.8 55.1907981887 457.0
2.1 0.9 55.0039924276 525.0
2.1 1.0 58.8405876163 516.0
2.1 1.1 56.5836919844 518.0
2.1 1.2 48.1813858985 538.0
2.1 1.3 50.5657936372 525.0
2.1 1.4 43.7967882876 537.0
2.1 1.5 61.7729240486 464.0
2.1 1.6 80.1728862915 535.0
2.1 1.7 72.0523444195 534.0
2.2 0.8 71.8768336374 553.0
2.2 0.9 47.0017272671 629.0
2.2 1.0 42.7754954296 595.0
2.2 1.1 53.0211167614 719.0
2.2 1.2 45.3044997786 578.0
2.2 1.3 61.8800070277 718.0
2.2 1.4 54.2324321445 579.0
2.2 1.5 54.2157516314 468.0
2.2 1.6 51.1590716775 477.0
2.2 1.7 58.2941057339 537.0