000 102.0 0.0 1000000.0
008 136.0 0.0 1000000.0
009 131.0 0.0 1000000.0
010 149.0 0.0 1000000.0
011 148.0 0.0 1000000.0
013 155.0 0.0 1000000.0
016 193.0 0.0 1000000.0
022 205.0 0.0 1000000.0
027 233.0 0.0 1000000.0
034 243.0 0.0 1000000.0
045 253.0 0.0 1000000.0
063 289.0 0.0 1000000.0
090 187.0 0.0 1000000.0
117 130.0 0.0 1000000.0
135 88.0 0.0 1000000.0
146 67.0 0.0 1000000.0
153 56.0 0.0 1000000.0
158 47.0 0.0 1000000.0
162 25.0 0.0 1000000.0
164 40.0 0.0 1000000.0
166 38.0 0.0 1000000.0
167 44.0 0.0 1000000.0
169 27.0 0.0 1000000.0
171 39.0 0.0 1000000.0
172 47.0 0.0 1000000.0
180 28.0 0.0 1000000.0
