string dom time hits
44 29 1598.24914551 1
45 23 2317.50390625 1
45 26 1633.96435547 1
46 32 2711.83349609 1
53 28 1147.62475586 1
54 19 1569.4263916 1
54 25 940.156311035 1
54 25 1166.64794922 1
54 25 1927.25891113 1
54 26 1003.28314209 1
54 26 1130.81298828 1
54 26 1375.83300781 1
54 26 1654.60766602 1
54 27 808.258911133 1
54 27 823.995483398 1
54 27 864.611938477 1
54 27 1200.58422852 1
54 27 1887.07385254 1
54 28 635.131896973 1
54 28 664.649902344 1
54 28 716.295654297 1
54 28 744.431335449 1
54 28 782.56817627 1
54 28 783.498352051 1
54 28 857.544494629 1
54 28 900.261535645 1
54 28 1519.00561523 1
54 29 776.774902344 1
54 29 989.438049316 1
54 29 1394.6932373 1
54 29 1647.13769531 1
54 30 664.998901367 1
54 30 670.212890625 1
54 30 720.992736816 1
54 30 1003.81781006 1
54 30 1007.82391357 1
54 30 1067.27587891 1
54 30 2040.05981445 1
54 31 991.750244141 1
54 31 1031.85583496 1
54 32 824.97277832 1
54 32 1585.60266113 1
54 33 812.198913574 1
55 20 1309.78137207 1
55 20 1342.83972168 1
55 21 1369.58740234 1
55 22 1053.92687988 1
55 23 1060.8581543 1
55 23 1104.87585449 1
55 23 1337.44946289 1
55 23 2400.06225586 1
55 26 785.285217285 1
55 26 819.320678711 1
55 26 2399.93725586 1
55 27 710.201843262 1
55 27 780.314025879 1
55 27 816.451782227 1
55 27 826.000732422 1
55 27 830.575378418 1
55 27 948.295410156 1
55 27 1009.37585449 1
55 27 1022.26904297 1
55 27 1257.65710449 1
55 27 1267.87805176 1
55 27 1269.57946777 1
55 27 1422.13952637 1
55 27 1433.50036621 1
55 28 671.60333252 1
55 28 708.118774414 1
55 28 742.683105469 1
55 28 744.874816895 1
55 28 754.156555176 1
55 28 782.921875 1
55 28 860.400390625 1
55 28 919.726501465 1
55 28 1036.61560059 1
55 28 1062.3972168 1
55 28 1116.96374512 1
55 28 1147.1060791 1
55 28 1155.66784668 1
55 28 1323.81201172 1
55 29 807.884399414 1
55 29 897.007446289 1
55 29 1063.04016113 1
55 29 1112.57263184 1
55 29 1199.84558105 1
55 30 795.72442627 1
55 30 1091.26245117 1
55 31 648.039550781 1
55 31 719.250244141 1
55 31 724.448242188 1
55 31 1236.46496582 1
55 31 1309.17077637 1
55 32 990.14465332 1
55 32 1107.11035156 1
55 32 1562.56066895 1
55 33 979.264709473 1
55 33 1064.22424316 1
56 26 1822.29577637 1
56 27 1507.51208496 1
62 22 2795.8449707 1
62 23 1470.29272461 1
62 24 1443.54345703 1
62 24 2258.12475586 1
62 24 3186.32055664 1
62 25 1152.9855957 1
62 25 1775.95617676 1
62 26 762.729553223 1
62 26 768.310241699 1
62 26 804.371276855 1
62 26 807.40625 1
62 26 1177.88500977 1
62 26 1222.47644043 1
62 26 1959.40478516 1
62 26 2426.49243164 1
62 27 735.376647949 1
62 27 791.583679199 1
62 27 815.804992676 1
62 27 873.230773926 1
62 27 915.364929199 1
62 27 1040.17175293 1
62 27 1044.73095703 1
62 27 1083.09619141 1
62 27 1114.70837402 1
62 27 1121.19616699 1
62 27 1348.0012207 1
62 28 744.482910156 1
62 28 784.597045898 1
62 28 814.347900391 1
62 28 863.723266602 1
62 28 894.566650391 1
62 28 897.877929688 1
62 28 916.577819824 1
62 28 1083.93530273 1
62 28 1667.54711914 1
62 28 2015.77502441 1
62 29 703.837097168 1
62 29 719.517822266 1
62 29 735.521362305 1
62 29 770.554138184 1
62 29 852.425537109 1
62 29 962.161865234 1
62 29 1093.59912109 1
62 29 1107.53527832 1
62 29 1115.70275879 1
62 29 1151.6730957 1
62 29 1210.49304199 1
62 29 1519.52026367 1
62 30 703.265014648 1
62 30 708.622131348 1
62 30 782.024536133 1
62 30 874.041870117 1
62 30 940.355041504 1
62 30 1103.33813477 1
62 30 2025.70800781 1
62 31 797.627502441 1
62 31 1330.19763184 1
62 32 926.534729004 1
62 32 1133.51293945 1
62 34 1651.80310059 1
63 17 1304.89855957 1
63 19 1775.02160645 1
63 21 933.777038574 1
63 21 942.056091309 1
63 21 1238.96179199 1
63 21 1287.20825195 1
63 21 1451.0880127 1
63 22 773.121887207 1
63 22 846.10925293 1
63 22 952.550231934 1
63 22 1105.19042969 1
63 22 1191.84887695 1
63 23 646.215026855 1
63 23 805.689208984 1
63 23 1012.54962158 1
63 23 1362.38439941 1
63 23 1441.43334961 1
63 23 2693.75854492 1
63 24 507.200683594 1
63 24 515.387329102 1
63 24 558.959228516 1
63 24 568.388061523 1
63 24 581.888244629 1
63 24 607.305541992 1
63 24 607.642700195 1
63 24 611.260070801 1
63 24 614.842346191 1
63 24 674.422668457 1
63 24 679.530334473 1
63 24 753.99621582 1
63 24 766.23046875 1
63 24 775.029785156 1
63 24 777.382080078 1
63 24 786.650024414 1
63 24 836.836608887 1
63 24 837.270751953 1
63 24 838.069396973 1
63 24 877.620788574 1
63 24 1022.48498535 1
63 24 1041.38818359 1
63 24 1074.27832031 1
63 24 1079.75415039 1
63 24 1201.76611328 1
63 24 1260.65283203 1
63 24 1356.18615723 1
63 24 1630.45422363 1
63 25 403.734405518 1
63 25 432.327941895 1
63 25 455.408294678 1
63 25 457.099090576 1
63 25 458.66192627 1
63 25 467.664611816 1
63 25 470.83102417 1
63 25 471.861541748 1
63 25 472.630523682 1
63 25 483.392822266 1
63 25 487.853515625 1
63 25 488.132293701 1
63 25 494.043457031 1
63 25 494.748718262 1
63 25 498.147583008 1
63 25 510.830505371 1
63 25 513.144714355 1
63 25 518.708312988 1
63 25 520.882995605 1
63 25 543.655090332 1
63 25 554.72076416 1
63 25 563.239562988 1
63 25 563.380310059 1
63 25 565.767211914 1
63 25 579.473266602 1
63 25 582.37512207 1
63 25 601.056945801 1
63 25 605.485595703 1
63 25 606.828918457 1
63 25 619.329589844 1
63 25 620.694946289 1
63 25 623.572387695 1
63 25 635.32019043 1
63 25 659.512695312 1
63 25 663.878540039 1
63 25 671.900695801 1
63 25 706.127807617 1
63 25 711.827636719 1
63 25 810.660644531 1
63 25 818.621826172 1
63 25 853.526489258 1
63 25 859.903137207 1
63 25 988.378540039 1
63 25 1158.83666992 1
63 25 1387.93652344 1
63 25 1601.1751709 1
63 26 327.078857422 1
63 26 335.82989502 1
63 26 338.975219727 1
63 26 341.569793701 1
63 26 341.912628174 1
63 26 343.558898926 1
63 26 343.80166626 1
63 26 345.103149414 1
63 26 345.136657715 1
63 26 345.84262085 1
63 26 346.161315918 1
63 26 347.487609863 1
63 26 347.962493896 1
63 26 348.211151123 1
63 26 348.855377197 1
63 26 349.456726074 1
63 26 351.289031982 1
63 26 351.375732422 1
63 26 351.376861572 1
63 26 351.389343262 1
63 26 351.673431396 1
63 26 351.965087891 1
63 26 352.534423828 1
63 26 356.057800293 1
63 26 357.748931885 1
63 26 360.052215576 1
63 26 360.257354736 1
63 26 360.42678833 1
63 26 362.730407715 1
63 26 363.101745605 1
63 26 364.65802002 1
63 26 365.401428223 1
63 26 367.258087158 1
63 26 367.845123291 1
63 26 370.275756836 1
63 26 370.653106689 1
63 26 374.445678711 1
63 26 378.123565674 1
63 26 378.795806885 1
63 26 379.477416992 1
63 26 385.091278076 1
63 26 385.683074951 1
63 26 386.922637939 1
63 26 387.033599854 1
63 26 388.424224854 1
63 26 389.253753662 1
63 26 389.432922363 1
63 26 394.176300049 1
63 26 395.327209473 1
63 26 396.931213379 1
63 26 403.641906738 1
63 26 404.542694092 1
63 26 406.345214844 1
63 26 413.416809082 1
63 26 415.448150635 1
63 26 416.600891113 1
63 26 417.811187744 1
63 26 420.190948486 1
63 26 420.451934814 1
63 26 422.653015137 1
63 26 423.033294678 1
63 26 426.318695068 1
63 26 427.768554688 1
63 26 428.929351807 1
63 26 429.084869385 1
63 26 435.52835083 1
63 26 436.780151367 1
63 26 437.690490723 1
63 26 438.043945312 1
63 26 439.2684021 1
63 26 440.784515381 1
63 26 446.609069824 1
63 26 451.745666504 1
63 26 452.228973389 1
63 26 452.985809326 1
63 26 454.88961792 1
63 26 455.893859863 1
63 26 460.484161377 1
63 26 465.195770264 1
63 26 485.826171875 1
63 26 492.401062012 1
63 26 500.855224609 1
63 26 509.457061768 1
63 26 526.454223633 1
63 26 529.389404297 1
63 26 532.248779297 1
63 26 540.511047363 1
63 26 544.558349609 1
63 26 559.665222168 1
63 26 560.748840332 1
63 26 564.756896973 1
63 26 566.497497559 1
63 26 568.542907715 1
63 26 577.795349121 1
63 26 591.628234863 1
63 26 594.262145996 1
63 26 616.932739258 1
63 26 622.848144531 1
63 26 626.882446289 1
63 26 631.713928223 1
63 26 657.514282227 1
63 26 666.149841309 1
63 26 672.40020752 1
63 26 695.602722168 1
63 26 697.085388184 1
63 26 699.861572266 1
63 26 709.688171387 1
63 26 716.35144043 1
63 26 729.156555176 1
63 26 750.492370605 1
63 26 753.457641602 1
63 26 776.379333496 1
63 26 786.108459473 1
63 26 795.846252441 1
63 26 798.005432129 1
63 26 859.768188477 1
63 26 889.276062012 1
63 26 918.035339355 1
63 26 967.507324219 1
63 26 984.73651123 1
63 26 1001.77502441 1
63 26 1013.6895752 1
63 26 1164.59240723 1
63 26 1188.07067871 1
63 26 1261.55493164 1
63 26 1343.2980957 1
63 27 241.90914917 1
63 27 245.250595093 1
63 27 245.550735474 1
63 27 249.037780762 1
63 27 249.427764893 1
63 27 249.453399658 1
63 27 251.042007446 1
63 27 251.243453979 1
63 27 251.280151367 1
63 27 251.713027954 1
63 27 251.766830444 1
63 27 252.363327026 1
63 27 252.780838013 1
63 27 252.845703125 1
63 27 253.158660889 1
63 27 253.959014893 1
63 27 254.023391724 1
63 27 254.216415405 1
63 27 254.578765869 1
63 27 254.653182983 1
63 27 254.820983887 1
63 27 255.139251709 1
63 27 255.626724243 1
63 27 255.672485352 1
63 27 255.806365967 1
63 27 255.969696045 1
63 27 256.150939941 1
63 27 256.429840088 1
63 27 256.613952637 1
63 27 257.051116943 1
63 27 257.490020752 1
63 27 257.707946777 1
63 27 257.889160156 1
63 27 258.100982666 1
63 27 258.347167969 1
63 27 258.513946533 1
63 27 258.568572998 1
63 27 258.569885254 1
63 27 258.797821045 1
63 27 258.840423584 1
63 27 258.96496582 1
63 27 259.694732666 1
63 27 260.342010498 1
63 27 260.378051758 1
63 27 261.421173096 1
63 27 261.467010498 1
63 27 261.546539307 1
63 27 262.612426758 1
63 27 262.938568115 1
63 27 263.06427002 1
63 27 263.322692871 1
63 27 263.476104736 1
63 27 263.84564209 1
63 27 263.859100342 1
63 27 264.068481445 1
63 27 264.285888672 1
63 27 264.499237061 1
63 27 264.941009521 1
63 27 265.004699707 1
63 27 265.1668396 1
63 27 265.214752197 1
63 27 265.246185303 1
63 27 265.841186523 1
63 27 266.837768555 1
63 27 267.094970703 1
63 27 267.41607666 1
63 27 267.585357666 1
63 27 267.779388428 1
63 27 268.334106445 1
63 27 269.29901123 1
63 27 269.86529541 1
63 27 270.158691406 1
63 27 270.189910889 1
63 27 270.213775635 1
63 27 270.489868164 1
63 27 270.553466797 1
63 27 270.601165771 1
63 27 270.679962158 1
63 27 270.726501465 1
63 27 271.24597168 1
63 27 271.368255615 1
63 27 272.142364502 1
63 27 272.211456299 1
63 27 272.340148926 1
63 27 272.749328613 1
63 27 273.80859375 1
63 27 273.903411865 1
63 27 274.018371582 1
63 27 274.13848877 1
63 27 274.184539795 1
63 27 274.23135376 1
63 27 274.930877686 1
63 27 275.332550049 1
63 27 275.635406494 1
63 27 275.954345703 1
63 27 276.015167236 1
63 27 276.067596436 1
63 27 276.213104248 1
63 27 276.276641846 1
63 27 276.338989258 1
63 27 276.550079346 1
63 27 277.736053467 1
63 27 278.064941406 1
63 27 278.19241333 1
63 27 279.295318604 1
63 27 279.805084229 1
63 27 279.835296631 1
63 27 280.087310791 1
63 27 280.512817383 1
63 27 281.481262207 1
63 27 281.491790771 1
63 27 281.984466553 1
63 27 282.408721924 1
63 27 282.498321533 1
63 27 282.644256592 1
63 27 283.154266357 1
63 27 283.207489014 1
63 27 283.332000732 1
63 27 283.705871582 1
63 27 284.164276123 1
63 27 284.450531006 1
63 27 284.493164062 1
63 27 284.501953125 1
63 27 284.587341309 1
63 27 284.642333984 1
63 27 285.232818604 1
63 27 285.67956543 1
63 27 285.871490479 1
63 27 285.952972412 1
63 27 286.096923828 1
63 27 287.106414795 1
63 27 287.15057373 1
63 27 287.761260986 1
63 27 288.583831787 1
63 27 289.937896729 1
63 27 290.214660645 1
63 27 290.503631592 1
63 27 291.167144775 1
63 27 291.20803833 1
63 27 292.843933105 1
63 27 293.131896973 1
63 27 294.441101074 1
63 27 296.157653809 1
63 27 297.120269775 1
63 27 297.656158447 1
63 27 298.033782959 1
63 27 299.026733398 1
63 27 299.732177734 1
63 27 301.220977783 1
63 27 301.380126953 1
63 27 302.039215088 1
63 27 302.313201904 1
63 27 302.462921143 1
63 27 302.890716553 1
63 27 303.306060791 1
63 27 304.070983887 1
63 27 306.494995117 1
63 27 307.899017334 1
63 27 308.82244873 1
63 27 309.547088623 1
63 27 310.343322754 1
63 27 310.597290039 1
63 27 311.084472656 1
63 27 311.528778076 1
63 27 311.875305176 1
63 27 312.092956543 1
63 27 312.996917725 1
63 27 313.144866943 1
63 27 313.560760498 1
63 27 313.693695068 1
63 27 313.980255127 1
63 27 314.787139893 1
63 27 316.264801025 1
63 27 317.032470703 1
63 27 319.009674072 1
63 27 319.849456787 1
63 27 320.479553223 1
63 27 320.658203125 1
63 27 321.439178467 1
63 27 322.055389404 1
63 27 324.146453857 1
63 27 326.619659424 1
63 27 326.933990479 1
63 27 327.534210205 1
63 27 327.882781982 1
63 27 328.893890381 1
63 27 329.508911133 1
63 27 330.239990234 1
63 27 330.999755859 1
63 27 332.245544434 1
63 27 332.248840332 1
63 27 332.502716064 1
63 27 332.607940674 1
63 27 333.888397217 1
63 27 334.61618042 1
63 27 335.956085205 1
63 27 336.816711426 1
63 27 336.987823486 1
63 27 337.099273682 1
63 27 337.439971924 1
63 27 338.671691895 1
63 27 339.250640869 1
63 27 339.8465271 1
63 27 340.174682617 1
63 27 340.341888428 1
63 27 340.90814209 1
63 27 341.201141357 1
63 27 342.464691162 1
63 27 343.986206055 1
63 27 345.171447754 1
63 27 347.943511963 1
63 27 348.191497803 1
63 27 348.422851562 1
63 27 352.959564209 1
63 27 354.852600098 1
63 27 355.933441162 1
63 27 356.149688721 1
63 27 358.9480896 1
63 27 360.725158691 1
63 27 363.893920898 1
63 27 364.478546143 1
63 27 368.804168701 1
63 27 369.086242676 1
63 27 370.594360352 1
63 27 370.920135498 1
63 27 371.96963501 1
63 27 373.285064697 1
63 27 374.667480469 1
63 27 374.94342041 1
63 27 376.138671875 1
63 27 377.332122803 1
63 27 377.891143799 1
63 27 379.288574219 1
63 27 379.301361084 1
63 27 380.727416992 1
63 27 381.469482422 1
63 27 389.082427979 1
63 27 390.818664551 1
63 27 397.359985352 1
63 27 399.649810791 1
63 27 400.423583984 1
63 27 402.209014893 1
63 27 404.508209229 1
63 27 413.308135986 1
63 27 419.918579102 1
63 27 422.652191162 1
63 27 427.565948486 1
63 27 430.718414307 1
63 27 434.236816406 1
63 27 437.739929199 1
63 27 442.504394531 1
63 27 444.088043213 1
63 27 452.233154297 1
63 27 453.667785645 1
63 27 456.544189453 1
63 27 458.21383667 1
63 27 469.963104248 1
63 27 488.180206299 1
63 27 498.753417969 1
63 27 501.948150635 1
63 27 508.604125977 1
63 27 509.702392578 1
63 27 511.899993896 1
63 27 514.027404785 1
63 27 514.146484375 1
63 27 514.281433105 1
63 27 517.846252441 1
63 27 541.756774902 1
63 27 556.883300781 1
63 27 558.843017578 1
63 27 567.827453613 1
63 27 580.192565918 1
63 27 593.991027832 1
63 27 605.119812012 1
63 27 612.237243652 1
63 27 618.661865234 1
63 27 633.488769531 1
63 27 643.949279785 1
63 27 671.55065918 1
63 27 674.198547363 1
63 27 681.297607422 1
63 27 693.151306152 1
63 27 704.15057373 1
63 27 723.51348877 1
63 27 724.903381348 1
63 27 731.978637695 1
63 27 732.265869141 1
63 27 736.866271973 1
63 27 778.399780273 1
63 27 809.651489258 1
63 27 825.207763672 1
63 27 840.313720703 1
63 27 859.047668457 1
63 27 935.559082031 1
63 27 998.404663086 1
63 27 1030.09655762 1
63 27 1176.04553223 1
63 27 1253.51220703 1
63 27 1261.06359863 1
63 27 1464.17919922 1
63 28 161.739959717 1
63 28 163.299240112 1
63 28 163.566589355 1
63 28 163.830841064 1
63 28 164.179428101 1
63 28 164.868545532 1
63 28 164.934280396 1
63 28 165.200912476 1
63 28 165.329208374 1
63 28 165.719726562 1
63 28 165.875427246 1
63 28 165.890289307 1
63 28 166.086303711 1
63 28 166.166656494 1
63 28 166.586929321 1
63 28 166.885269165 1
63 28 167.071914673 1
63 28 167.109115601 1
63 28 167.23866272 1
63 28 167.343276978 1
63 28 167.470687866 1
63 28 167.492492676 1
63 28 168.205215454 1
63 28 168.394454956 1
63 28 168.455276489 1
63 28 168.460983276 1
63 28 168.564758301 1
63 28 168.584564209 1
63 28 168.79598999 1
63 28 169.08581543 1
63 28 169.309875488 1
63 28 169.456893921 1
63 28 169.465896606 1
63 28 169.537475586 1
63 28 169.970245361 1
63 28 169.996749878 1
63 28 170.059295654 1
63 28 170.077774048 1
63 28 170.201477051 1
63 28 170.232498169 1
63 28 170.255187988 1
63 28 170.569290161 1
63 28 170.655105591 1
63 28 170.688812256 1
63 28 170.973449707 1
63 28 171.01071167 1
63 28 171.097549438 1
63 28 171.252883911 1
63 28 171.273590088 1
63 28 171.322967529 1
63 28 171.336990356 1
63 28 171.371765137 1
63 28 171.393478394 1
63 28 171.505233765 1
63 28 171.550918579 1
63 28 171.707672119 1
63 28 172.038818359 1
63 28 172.05519104 1
63 28 172.146896362 1
63 28 172.266464233 1
63 28 172.421691895 1
63 28 172.556442261 1
63 28 172.631958008 1
63 28 172.741775513 1
63 28 172.75932312 1
63 28 172.805053711 1
63 28 172.811340332 1
63 28 172.813568115 1
63 28 172.983886719 1
63 28 173.088867188 1
63 28 173.147872925 1
63 28 173.255828857 1
63 28 173.293426514 1
63 28 173.358612061 1
63 28 173.365081787 1
63 28 173.607666016 1
63 28 173.696716309 1
63 28 173.90536499 1
63 28 173.940765381 1
63 28 174.036575317 1
63 28 174.088790894 1
63 28 174.130859375 1
63 28 174.309753418 1
63 28 174.357757568 1
63 28 174.392501831 1
63 28 174.408004761 1
63 28 174.535308838 1
63 28 174.605163574 1
63 28 174.620452881 1
63 28 174.690078735 1
63 28 174.898147583 1
63 28 174.934738159 1
63 28 175.008804321 1
63 28 175.205474854 1
63 28 175.227020264 1
63 28 175.484191895 1
63 28 175.512435913 1
63 28 175.537750244 1
63 28 175.558395386 1
63 28 175.597625732 1
63 28 175.609146118 1
63 28 175.658813477 1
63 28 175.789779663 1
63 28 175.792068481 1
63 28 175.873977661 1
63 28 176.043197632 1
63 28 176.044082642 1
63 28 176.062057495 1
63 28 176.062576294 1
63 28 176.181488037 1
63 28 176.367126465 1
63 28 176.412963867 1
63 28 176.433166504 1
63 28 176.456756592 1
63 28 176.565551758 1
63 28 176.608856201 1
63 28 176.671585083 1
63 28 176.738372803 1
63 28 176.771209717 1
63 28 176.889144897 1
63 28 176.923873901 1
63 28 176.926773071 1
63 28 177.013870239 1
63 28 177.062026978 1
63 28 177.279388428 1
63 28 177.487915039 1
63 28 177.568756104 1
63 28 177.586166382 1
63 28 177.619796753 1
63 28 177.63444519 1
63 28 177.708328247 1
63 28 177.816696167 1
63 28 177.935897827 1
63 28 178.030441284 1
63 28 178.081100464 1
63 28 178.102523804 1
63 28 178.116516113 1
63 28 178.205703735 1
63 28 178.313140869 1
63 28 178.351013184 1
63 28 178.416030884 1
63 28 178.606704712 1
63 28 178.658203125 1
63 28 178.687225342 1
63 28 178.733978271 1
63 28 178.829345703 1
63 28 178.865112305 1
63 28 178.93838501 1
63 28 179.029342651 1
63 28 179.076675415 1
63 28 179.103866577 1
63 28 179.106613159 1
63 28 179.114013672 1
63 28 179.133728027 1
63 28 179.179397583 1
63 28 179.219924927 1
63 28 179.238037109 1
63 28 179.509277344 1
63 28 179.560317993 1
63 28 179.699874878 1
63 28 179.742599487 1
63 28 179.799179077 1
63 28 179.968292236 1
63 28 179.968505859 1
63 28 179.982116699 1
63 28 179.982345581 1
63 28 180.102737427 1
63 28 180.12512207 1
63 28 180.177078247 1
63 28 180.197692871 1
63 28 180.348114014 1
63 28 180.433609009 1
63 28 180.476333618 1
63 28 180.485549927 1
63 28 180.496688843 1
63 28 180.507141113 1
63 28 180.535552979 1
63 28 180.589828491 1
63 28 180.659179688 1
63 28 180.895599365 1
63 28 180.917022705 1
63 28 180.982757568 1
63 28 181.091751099 1
63 28 181.262283325 1
63 28 181.325302124 1
63 28 181.537521362 1
63 28 181.554107666 1
63 28 181.883392334 1
63 28 181.963790894 1
63 28 182.069030762 1
63 28 182.086578369 1
63 28 182.09085083 1
63 28 182.092987061 1
63 28 182.128768921 1
63 28 182.276565552 1
63 28 182.309814453 1
63 28 182.421646118 1
63 28 182.546508789 1
63 28 182.64793396 1
63 28 182.695877075 1
63 28 182.901657104 1
63 28 183.164169312 1
63 28 183.290924072 1
63 28 183.505966187 1
63 28 183.64743042 1
63 28 183.719940186 1
63 28 183.775039673 1
63 28 183.800689697 1
63 28 183.85458374 1
63 28 183.990112305 1
63 28 184.396484375 1
63 28 184.619934082 1
63 28 184.964324951 1
63 28 184.968673706 1
63 28 185.028823853 1
63 28 185.09703064 1
63 28 185.193222046 1
63 28 185.204879761 1
63 28 185.302215576 1
63 28 185.372741699 1
63 28 185.48789978 1
63 28 185.500427246 1
63 28 185.638275146 1
63 28 185.64616394 1
63 28 185.677505493 1
63 28 185.737579346 1
63 28 185.845306396 1
63 28 186.188446045 1
63 28 186.308914185 1
63 28 186.38772583 1
63 28 186.395172119 1
63 28 186.424133301 1
63 28 186.424499512 1
63 28 186.529006958 1
63 28 186.625 1
63 28 186.698410034 1
63 28 186.754745483 1
63 28 186.788192749 1
63 28 186.899734497 1
63 28 186.936401367 1
63 28 187.062927246 1
63 28 187.078781128 1
63 28 187.108062744 1
63 28 187.108444214 1
63 28 187.160308838 1
63 28 187.196838379 1
63 28 187.300369263 1
63 28 187.534545898 1
63 28 187.536849976 1
63 28 187.611114502 1
63 28 187.7159729 1
63 28 187.732910156 1
63 28 187.779083252 1
63 28 187.79196167 1
63 28 187.938598633 1
63 28 188.000198364 1
63 28 188.265411377 1
63 28 188.454559326 1
63 28 188.631271362 1
63 28 188.685592651 1
63 28 188.814529419 1
63 28 189.006195068 1
63 28 189.118713379 1
63 28 189.214202881 1
63 28 189.250534058 1
63 28 189.279815674 1
63 28 189.634765625 1
63 28 189.917938232 1
63 28 190.154037476 1
63 28 190.231292725 1
63 28 190.359237671 1
63 28 190.39956665 1
63 28 190.42829895 1
63 28 190.459716797 1
63 28 190.53918457 1
63 28 190.598922729 1
63 28 190.781173706 1
63 28 190.962051392 1
63 28 190.977890015 1
63 28 191.213897705 1
63 28 191.23324585 1
63 28 191.316741943 1
63 28 191.410385132 1
63 28 191.413375854 1
63 28 191.664413452 1
63 28 191.77722168 1
63 28 191.811981201 1
63 28 191.989700317 1
63 28 192.086166382 1
63 28 192.308853149 1
63 28 192.447143555 1
63 28 192.448974609 1
63 28 192.459365845 1
63 28 192.606826782 1
63 28 192.648712158 1
63 28 192.689743042 1
63 28 192.906707764 1
63 28 193.12361145 1
63 28 193.147140503 1
63 28 193.323104858 1
63 28 193.453887939 1
63 28 193.501968384 1
63 28 193.647216797 1
63 28 193.698471069 1
63 28 193.919326782 1
63 28 193.989303589 1
63 28 194.570175171 1
63 28 194.728057861 1
63 28 194.785583496 1
63 28 194.809417725 1
63 28 194.82472229 1
63 28 194.988693237 1
63 28 195.203384399 1
63 28 195.35710144 1
63 28 195.370880127 1
63 28 195.58682251 1
63 28 195.613601685 1
63 28 195.776504517 1
63 28 195.838653564 1
63 28 195.993591309 1
63 28 196.134902954 1
63 28 196.140106201 1
63 28 196.289611816 1
63 28 196.400650024 1
63 28 196.526596069 1
63 28 196.576171875 1
63 28 196.594726562 1
63 28 196.642822266 1
63 28 196.820373535 1
63 28 196.822723389 1
63 28 196.950027466 1
63 28 197.026397705 1
63 28 197.391464233 1
63 28 197.39515686 1
63 28 197.430541992 1
63 28 197.633804321 1
63 28 197.638900757 1
63 28 197.763656616 1
63 28 198.310302734 1
63 28 198.749237061 1
63 28 198.816818237 1
63 28 198.89390564 1
63 28 199.551971436 1
63 28 199.588348389 1
63 28 199.627761841 1
63 28 199.785247803 1
63 28 199.87159729 1
63 28 199.940093994 1
63 28 200.201385498 1
63 28 200.420150757 1
63 28 200.551605225 1
63 28 200.562576294 1
63 28 200.666992188 1
63 28 200.867553711 1
63 28 200.972930908 1
63 28 201.191864014 1
63 28 201.262786865 1
63 28 201.414596558 1
63 28 201.53968811 1
63 28 201.562805176 1
63 28 201.738067627 1
63 28 201.822509766 1
63 28 201.979568481 1
63 28 202.071182251 1
63 28 202.222473145 1
63 28 202.559677124 1
63 28 202.670959473 1
63 28 202.766906738 1
63 28 203.066604614 1
63 28 203.177764893 1
63 28 203.258605957 1
63 28 203.410598755 1
63 28 203.457000732 1
63 28 203.457199097 1
63 28 203.521957397 1
63 28 203.564544678 1
63 28 203.685470581 1
63 28 204.281158447 1
63 28 204.586990356 1
63 28 204.656524658 1
63 28 204.737014771 1
63 28 205.003952026 1
63 28 205.05859375 1
63 28 205.1509552 1
63 28 205.200744629 1
63 28 205.247879028 1
63 28 205.563552856 1
63 28 205.726409912 1
63 28 205.936584473 1
63 28 205.945785522 1
63 28 206.059051514 1
63 28 206.166061401 1
63 28 206.189117432 1
63 28 206.284408569 1
63 28 206.736740112 1
63 28 206.875198364 1
63 28 207.950439453 1
63 28 208.04901123 1
63 28 208.385101318 1
63 28 208.535049438 1
63 28 209.279083252 1
63 28 209.285690308 1
63 28 209.463790894 1
63 28 209.785324097 1
63 28 210.749465942 1
63 28 211.361190796 1
63 28 211.616714478 1
63 28 211.830749512 1
63 28 212.224380493 1
63 28 212.685089111 1
63 28 212.767120361 1
63 28 212.787612915 1
63 28 212.862182617 1
63 28 213.03843689 1
63 28 213.121353149 1
63 28 213.171096802 1
63 28 213.690689087 1
63 28 213.74949646 1
63 28 214.17817688 1
63 28 214.377365112 1
63 28 214.481124878 1
63 28 214.843566895 1
63 28 214.858230591 1
63 28 215.532669067 1
63 28 215.666061401 1
63 28 215.856735229 1
63 28 216.481674194 1
63 28 216.560501099 1
63 28 217.162322998 1
63 28 217.560745239 1
63 28 217.583129883 1
63 28 217.847564697 1
63 28 217.949645996 1
63 28 217.964935303 1
63 28 217.973464966 1
63 28 218.183425903 1
63 28 218.80670166 1
63 28 219.793228149 1
63 28 220.602340698 1
63 28 220.954727173 1
63 28 221.173217773 1
63 28 221.673400879 1
63 28 221.713867188 1
63 28 221.763763428 1
63 28 221.79133606 1
63 28 221.999328613 1
63 28 222.035903931 1
63 28 222.120193481 1
63 28 222.189971924 1
63 28 222.29864502 1
63 28 222.678131104 1
63 28 223.0415802 1
63 28 223.36958313 1
63 28 223.688705444 1
63 28 224.095397949 1
63 28 224.301620483 1
63 28 224.397277832 1
63 28 225.968139648 1
63 28 226.300872803 1
63 28 226.508163452 1
63 28 226.896240234 1
63 28 227.658081055 1
63 28 227.683486938 1
63 28 228.848648071 1
63 28 228.929428101 1
63 28 229.327545166 1
63 28 229.54385376 1
63 28 230.398986816 1
63 28 230.630386353 1
63 28 230.88269043 1
63 28 230.968231201 1
63 28 231.020263672 1
63 28 231.276123047 1
63 28 231.574264526 1
63 28 232.299118042 1
63 28 232.317810059 1
63 28 233.034835815 1
63 28 233.294052124 1
63 28 233.331924438 1
63 28 233.676452637 1
63 28 233.766967773 1
63 28 235.045394897 1
63 28 235.110549927 1
63 28 235.210693359 1
63 28 235.496749878 1
63 28 236.57901001 1
63 28 236.636352539 1
63 28 236.934524536 1
63 28 237.459228516 1
63 28 237.875686646 1
63 28 238.147598267 1
63 28 238.685470581 1
63 28 239.014205933 1
63 28 239.238555908 1
63 28 239.26953125 1
63 28 239.276687622 1
63 28 239.361953735 1
63 28 239.438659668 1
63 28 239.53994751 1
63 28 239.598770142 1
63 28 240.247253418 1
63 28 241.06161499 1
63 28 241.418075562 1
63 28 241.779891968 1
63 28 243.595413208 1
63 28 244.256958008 1
63 28 244.418212891 1
63 28 244.839859009 1
63 28 245.511444092 1
63 28 245.898025513 1
63 28 246.532791138 1
63 28 246.85118103 1
63 28 247.061325073 1
63 28 249.534164429 1
63 28 249.618408203 1
63 28 250.320251465 1
63 28 250.824066162 1
63 28 251.18069458 1
63 28 252.888717651 1
63 28 253.445007324 1
63 28 254.10975647 1
63 28 254.333862305 1
63 28 254.550567627 1
63 28 256.039642334 1
63 28 256.393615723 1
63 28 257.162780762 1
63 28 257.398498535 1
63 28 257.421020508 1
63 28 258.264923096 1
63 28 259.758483887 1
63 28 260.422149658 1
63 28 261.70916748 1
63 28 264.953369141 1
63 28 265.518737793 1
63 28 266.540985107 1
63 28 267.296417236 1
63 28 270.363922119 1
63 28 270.374176025 1
63 28 272.121551514 1
63 28 272.419830322 1
63 28 273.780456543 1
63 28 273.812438965 1
63 28 274.173370361 1
63 28 274.697906494 1
63 28 274.744934082 1
63 28 275.510162354 1
63 28 277.102172852 1
63 28 279.491851807 1
63 28 282.560241699 1
63 28 285.76751709 1
63 28 286.865386963 1
63 28 287.887786865 1
63 28 292.640319824 1
63 28 293.650756836 1
63 28 293.883300781 1
63 28 293.977996826 1
63 28 299.15411377 1
63 28 304.288330078 1
63 28 304.471679688 1
63 28 308.095092773 1
63 28 308.236083984 1
63 28 309.325897217 1
63 28 311.107116699 1
63 28 317.159576416 1
63 28 317.72354126 1
63 28 317.927581787 1
63 28 317.958251953 1
63 28 319.477325439 1
63 28 321.178924561 1
63 28 322.946624756 1
63 28 323.642211914 1
63 28 328.007202148 1
63 28 329.84967041 1
63 28 331.926177979 1
63 28 336.274719238 1
63 28 346.700531006 1
63 28 351.088562012 1
63 28 352.429718018 1
63 28 354.598907471 1
63 28 356.545806885 1
63 28 362.52557373 1
63 28 363.573486328 1
63 28 363.768981934 1
63 28 364.994049072 1
63 28 365.421783447 1
63 28 369.234069824 1
63 28 370.431915283 1
63 28 372.326751709 1
63 28 373.988311768 1
63 28 375.104064941 1
63 28 375.845153809 1
63 28 380.171173096 1
63 28 381.4480896 1
63 28 382.823944092 1
63 28 384.193115234 1
63 28 385.030090332 1
63 28 386.786834717 1
63 28 394.717163086 1
63 28 397.793334961 1
63 28 398.612182617 1
63 28 404.434661865 1
63 28 404.62802124 1
63 28 407.116638184 1
63 28 412.813201904 1
63 28 414.333953857 1
63 28 415.274291992 1
63 28 418.21673584 1
63 28 419.182434082 1
63 28 420.606201172 1
63 28 422.654785156 1
63 28 429.323455811 1
63 28 430.014465332 1
63 28 432.0234375 1
63 28 433.912078857 1
63 28 441.296783447 1
63 28 450.085266113 1
63 28 451.344116211 1
63 28 451.877868652 1
63 28 456.143249512 1
63 28 457.398834229 1
63 28 459.537567139 1
63 28 480.137390137 1
63 28 481.882537842 1
63 28 482.458709717 1
63 28 503.684204102 1
63 28 516.277832031 1
63 28 532.922790527 1
63 28 535.191772461 1
63 28 539.887451172 1
63 28 558.14239502 1
63 28 570.267456055 1
63 28 574.111633301 1
63 28 587.652404785 1
63 28 600.59375 1
63 28 608.885070801 1
63 28 626.93927002 1
63 28 644.479431152 1
63 28 646.66583252 1
63 28 649.771179199 1
63 28 661.169006348 1
63 28 669.145874023 1
63 28 680.394287109 1
63 28 690.874023438 1
63 28 700.914123535 1
63 28 711.803100586 1
63 28 743.81237793 1
63 28 760.360900879 1
63 28 764.290344238 1
63 28 774.895874023 1
63 28 839.912414551 1
63 28 884.184753418 1
63 28 889.997680664 1
63 28 898.441650391 1
63 28 909.74041748 1
63 28 910.459228516 1
63 28 947.27935791 1
63 28 973.437194824 1
63 28 978.799743652 1
63 28 1033.41467285 1
63 28 1063.57617188 1
63 28 1214.44042969 1
63 29 80.117149353 1
63 29 80.3143081665 1
63 29 80.9043807983 1
63 29 81.0092468262 1
63 29 81.0436401367 1
63 29 81.6022644043 1
63 29 81.6593551636 1
63 29 81.7149581909 1
63 29 81.8197174072 1
63 29 82.1545410156 1
63 29 82.1713180542 1
63 29 82.1878738403 1
63 29 82.2212905884 1
63 29 82.4030990601 1
63 29 82.4365386963 1
63 29 82.4521179199 1
63 29 82.6560974121 1
63 29 82.9732589722 1
63 29 83.0473251343 1
63 29 83.100769043 1
63 29 83.1643295288 1
63 29 83.1764373779 1
63 29 83.3543014526 1
63 29 83.4619216919 1
63 29 83.5108261108 1
63 29 83.5876922607 1
63 29 83.6287231445 1
63 29 83.7688522339 1
63 29 83.8667984009 1
63 29 84.0467987061 1
63 29 84.0657501221 1
63 29 84.0891723633 1
63 29 84.0961074829 1
63 29 84.2167434692 1
63 29 84.341506958 1
63 29 84.3693618774 1
63 29 84.4129562378 1
63 29 84.4925918579 1
63 29 84.5413970947 1
63 29 84.553894043 1
63 29 84.6105575562 1
63 29 84.7291946411 1
63 29 84.7873840332 1
63 29 84.8110809326 1
63 29 84.841293335 1
63 29 84.8681488037 1
63 29 84.9423522949 1
63 29 85.0715637207 1
63 29 85.1275024414 1
63 29 85.1987762451 1
63 29 85.2101974487 1
63 29 85.2878875732 1
63 29 85.3207626343 1
63 29 85.3349990845 1
63 29 85.3415222168 1
63 29 85.4074554443 1
63 29 85.4622344971 1
63 29 85.48853302 1
63 29 85.4966049194 1
63 29 85.5410842896 1
63 29 85.5937728882 1
63 29 85.5990905762 1
63 29 85.6346206665 1
63 29 85.6683273315 1
63 29 85.7258605957 1
63 29 85.7345275879 1
63 29 85.869758606 1
63 29 85.8784332275 1
63 29 85.88697052 1
63 29 85.8877716064 1
63 29 85.9153289795 1
63 29 85.9239425659 1
63 29 85.9878463745 1
63 29 86.0031890869 1
63 29 86.0202941895 1
63 29 86.057182312 1
63 29 86.1162719727 1
63 29 86.1634597778 1
63 29 86.2405090332 1
63 29 86.2470932007 1
63 29 86.2723083496 1
63 29 86.3530426025 1
63 29 86.3968429565 1
63 29 86.4341278076 1
63 29 86.4390792847 1
63 29 86.4740066528 1
63 29 86.4905700684 1
63 29 86.5065841675 1
63 29 86.5085830688 1
63 29 86.5181045532 1
63 29 86.5814056396 1
63 29 86.6027450562 1
63 29 86.6272583008 1
63 29 86.6299591064 1
63 29 86.6391448975 1
63 29 86.6415100098 1
63 29 86.6519241333 1
63 29 86.6795501709 1
63 29 86.7010803223 1
63 29 86.725440979 1
63 29 86.7292327881 1
63 29 86.7376251221 1
63 29 86.7922134399 1
63 29 86.801399231 1
63 29 86.8034973145 1
63 29 86.8075485229 1
63 29 86.8376693726 1
63 29 86.8795776367 1
63 29 86.8924102783 1
63 29 86.9081420898 1
63 29 86.9283294678 1
63 29 86.9322357178 1
63 29 86.9431838989 1
63 29 86.944190979 1
63 29 86.9500427246 1
63 29 86.9615783691 1
63 29 87.0066375732 1
63 29 87.0275421143 1
63 29 87.0465240479 1
63 29 87.0601882935 1
63 29 87.0779342651 1
63 29 87.0824966431 1
63 29 87.1060256958 1
63 29 87.1139144897 1
63 29 87.1597061157 1
63 29 87.1830444336 1
63 29 87.1922607422 1
63 29 87.1982650757 1
63 29 87.1992340088 1
63 29 87.220123291 1
63 29 87.2276611328 1
63 29 87.2896270752 1
63 29 87.2921829224 1
63 29 87.2988204956 1
63 29 87.3427886963 1
63 29 87.3485870361 1
63 29 87.3951950073 1
63 29 87.3972854614 1
63 29 87.4255142212 1
63 29 87.4386291504 1
63 29 87.4645843506 1
63 29 87.4758834839 1
63 29 87.5003738403 1
63 29 87.5694046021 1
63 29 87.6011047363 1
63 29 87.6014633179 1
63 29 87.60887146 1
63 29 87.6160430908 1
63 29 87.6271133423 1
63 29 87.6377029419 1
63 29 87.6680984497 1
63 29 87.7142562866 1
63 29 87.7314682007 1
63 29 87.7412643433 1
63 29 87.7413101196 1
63 29 87.8489379883 1
63 29 87.8558120728 1
63 29 87.8630599976 1
63 29 87.8891677856 1
63 29 87.9174804688 1
63 29 87.9295272827 1
63 29 87.9818267822 1
63 29 87.9847259521 1
63 29 87.9925384521 1
63 29 88.0058670044 1
63 29 88.0137176514 1
63 29 88.0424194336 1
63 29 88.0756225586 1
63 29 88.0913696289 1
63 29 88.1267242432 1
63 29 88.1860351562 1
63 29 88.2002639771 1
63 29 88.2262802124 1
63 29 88.2557907104 1
63 29 88.334526062 1
63 29 88.3772735596 1
63 29 88.4670791626 1
63 29 88.5054855347 1
63 29 88.5319671631 1
63 29 88.5546722412 1
63 29 88.5659103394 1
63 29 88.5784301758 1
63 29 88.5815353394 1
63 29 88.6013259888 1
63 29 88.6286010742 1
63 29 88.6599960327 1
63 29 88.6748886108 1
63 29 88.6859741211 1
63 29 88.6882705688 1
63 29 88.6968917847 1
63 29 88.728012085 1
63 29 88.7303161621 1
63 29 88.7813186646 1
63 29 88.7823944092 1
63 29 88.7893447876 1
63 29 88.7935638428 1
63 29 88.8053817749 1
63 29 88.8067474365 1
63 29 88.8108901978 1
63 29 88.8142700195 1
63 29 88.8341445923 1
63 29 88.8619155884 1
63 29 88.8731765747 1
63 29 88.8837432861 1
63 29 88.9249954224 1
63 29 88.9383468628 1
63 29 88.9543991089 1
63 29 88.9689941406 1
63 29 88.9861755371 1
63 29 89.0398025513 1
63 29 89.0529632568 1
63 29 89.1174240112 1
63 29 89.1187667847 1
63 29 89.1457443237 1
63 29 89.1658935547 1
63 29 89.178237915 1
63 29 89.1801223755 1
63 29 89.2260665894 1
63 29 89.2384719849 1
63 29 89.3099060059 1
63 29 89.3101882935 1
63 29 89.3115005493 1
63 29 89.3343658447 1
63 29 89.343963623 1
63 29 89.3819503784 1
63 29 89.3837432861 1
63 29 89.3882446289 1
63 29 89.4110031128 1
63 29 89.4283752441 1
63 29 89.4415969849 1
63 29 89.450920105 1
63 29 89.487953186 1
63 29 89.541229248 1
63 29 89.545463562 1
63 29 89.5698165894 1
63 29 89.609664917 1
63 29 89.6115646362 1
63 29 89.6134338379 1
63 29 89.6285400391 1
63 29 89.629447937 1
63 29 89.6366424561 1
63 29 89.6376876831 1
63 29 89.6460266113 1
63 29 89.6562576294 1
63 29 89.6634292603 1
63 29 89.6791763306 1
63 29 89.7194213867 1
63 29 89.7571105957 1
63 29 89.7661972046 1
63 29 89.7814025879 1
63 29 89.7847671509 1
63 29 89.8050537109 1
63 29 89.8055801392 1
63 29 89.8512268066 1
63 29 89.8624801636 1
63 29 89.8745193481 1
63 29 89.8986968994 1
63 29 89.9056091309 1
63 29 89.9205627441 1
63 29 89.936416626 1
63 29 89.9421081543 1
63 29 89.9508361816 1
63 29 89.9527282715 1
63 29 89.9554824829 1
63 29 89.9581604004 1
63 29 89.9601135254 1
63 29 89.9736175537 1
63 29 89.9929046631 1
63 29 90.012260437 1
63 29 90.0332107544 1
63 29 90.0345840454 1
63 29 90.0464096069 1
63 29 90.0644683838 1
63 29 90.1186981201 1
63 29 90.1538085938 1
63 29 90.1642990112 1
63 29 90.1650085449 1
63 29 90.18359375 1
63 29 90.2214508057 1
63 29 90.2281951904 1
63 29 90.2546920776 1
63 29 90.2623062134 1
63 29 90.2775421143 1
63 29 90.2794494629 1
63 29 90.2831192017 1
63 29 90.3020324707 1
63 29 90.3366165161 1
63 29 90.3571243286 1
63 29 90.3587799072 1
63 29 90.385345459 1
63 29 90.4065475464 1
63 29 90.4135131836 1
63 29 90.4144668579 1
63 29 90.4433517456 1
63 29 90.4469528198 1
63 29 90.5009841919 1
63 29 90.5270996094 1
63 29 90.5296936035 1
63 29 90.5434112549 1
63 29 90.5513381958 1
63 29 90.5679702759 1
63 29 90.5699386597 1
63 29 90.6098022461 1
63 29 90.6195526123 1
63 29 90.6274719238 1
63 29 90.6598739624 1
63 29 90.660446167 1
63 29 90.6615524292 1
63 29 90.6676559448 1
63 29 90.6776885986 1
63 29 90.6797409058 1
63 29 90.6817321777 1
63 29 90.7037811279 1
63 29 90.7651901245 1
63 29 90.787689209 1
63 29 90.7930831909 1
63 29 90.7951126099 1
63 29 90.8096694946 1
63 29 90.822265625 1
63 29 90.8506774902 1
63 29 90.8675460815 1
63 29 90.9331665039 1
63 29 90.9332199097 1
63 29 90.9504699707 1
63 29 90.9633178711 1
63 29 90.9778900146 1
63 29 90.9877471924 1
63 29 91.0015182495 1
63 29 91.0135116577 1
63 29 91.0259552002 1
63 29 91.0311889648 1
63 29 91.0461044312 1
63 29 91.0562591553 1
63 29 91.0669174194 1
63 29 91.071723938 1
63 29 91.0843276978 1
63 29 91.09400177 1
63 29 91.0970306396 1
63 29 91.1033096313 1
63 29 91.1135787964 1
63 29 91.1214675903 1
63 29 91.1261901855 1
63 29 91.1422576904 1
63 29 91.1452636719 1
63 29 91.1477813721 1
63 29 91.1483078003 1
63 29 91.1955413818 1
63 29 91.1982040405 1
63 29 91.2105255127 1
63 29 91.2295608521 1
63 29 91.2506027222 1
63 29 91.2663803101 1
63 29 91.2695999146 1
63 29 91.2868347168 1
63 29 91.3023452759 1
63 29 91.3146133423 1
63 29 91.3166275024 1
63 29 91.3341522217 1
63 29 91.3385162354 1
63 29 91.3474197388 1
63 29 91.3539581299 1
63 29 91.3552856445 1
63 29 91.3897857666 1
63 29 91.4023284912 1
63 29 91.4604187012 1
63 29 91.4718399048 1
63 29 91.4725112915 1
63 29 91.4747009277 1
63 29 91.4994812012 1
63 29 91.5124969482 1
63 29 91.5126800537 1
63 29 91.5513687134 1
63 29 91.5579528809 1
63 29 91.5627822876 1
63 29 91.5649490356 1
63 29 91.5720596313 1
63 29 91.5910720825 1
63 29 91.5964736938 1
63 29 91.602142334 1
63 29 91.606262207 1
63 29 91.6071243286 1
63 29 91.6315155029 1
63 29 91.6390304565 1
63 29 91.6481246948 1
63 29 91.6830596924 1
63 29 91.7134094238 1
63 29 91.7231750488 1
63 29 91.7359924316 1
63 29 91.7380142212 1
63 29 91.7511291504 1
63 29 91.7773971558 1
63 29 91.7859344482 1
63 29 91.7970962524 1
63 29 91.8048934937 1
63 29 91.8079223633 1
63 29 91.822883606 1
63 29 91.8378067017 1
63 29 91.8385543823 1
63 29 91.8517608643 1
63 29 91.877822876 1
63 29 91.9155960083 1
63 29 91.94581604 1
63 29 91.9919204712 1
63 29 92.0086898804 1
63 29 92.0142822266 1
63 29 92.063293457 1
63 29 92.0786590576 1
63 29 92.0890045166 1
63 29 92.1042022705 1
63 29 92.1092758179 1
63 29 92.1094360352 1
63 29 92.1424407959 1
63 29 92.1426315308 1
63 29 92.1976623535 1
63 29 92.2295761108 1
63 29 92.2335205078 1
63 29 92.2353744507 1
63 29 92.2372589111 1
63 29 92.2676315308 1
63 29 92.285949707 1
63 29 92.3039093018 1
63 29 92.3097229004 1
63 29 92.3242797852 1
63 29 92.3320007324 1
63 29 92.3679962158 1
63 29 92.3891372681 1
63 29 92.3908843994 1
63 29 92.4054718018 1
63 29 92.4362411499 1
63 29 92.4511642456 1
63 29 92.4602203369 1
63 29 92.4614944458 1
63 29 92.4633483887 1
63 29 92.4936523438 1
63 29 92.5138244629 1
63 29 92.5214385986 1
63 29 92.5424346924 1
63 29 92.5603637695 1
63 29 92.5737991333 1
63 29 92.5764923096 1
63 29 92.5773849487 1
63 29 92.5847625732 1
63 29 92.6069793701 1
63 29 92.6171798706 1
63 29 92.6186218262 1
63 29 92.6610870361 1
63 29 92.6677398682 1
63 29 92.6779022217 1
63 29 92.7062606812 1
63 29 92.712020874 1
63 29 92.7662658691 1
63 29 92.7753753662 1
63 29 92.781211853 1
63 29 92.7952728271 1
63 29 92.7968063354 1
63 29 92.8042373657 1
63 29 92.8158493042 1
63 29 92.8179779053 1
63 29 92.8330078125 1
63 29 92.8404922485 1
63 29 92.8880844116 1
63 29 92.9181213379 1
63 29 92.9365310669 1
63 29 92.9469833374 1
63 29 92.9528503418 1
63 29 92.9633178711 1
63 29 92.9669723511 1
63 29 92.9746780396 1
63 29 92.9828491211 1
63 29 93.0120010376 1
63 29 93.0146942139 1
63 29 93.0673446655 1
63 29 93.0827331543 1
63 29 93.0873336792 1
63 29 93.1114654541 1
63 29 93.1227111816 1
63 29 93.1384277344 1
63 29 93.1404037476 1
63 29 93.1494750977 1
63 29 93.1727752686 1
63 29 93.1747589111 1
63 29 93.1784591675 1
63 29 93.1825561523 1
63 29 93.189163208 1
63 29 93.2050704956 1
63 29 93.2096481323 1
63 29 93.2129364014 1
63 29 93.2192459106 1
63 29 93.2211914062 1
63 29 93.2303466797 1
63 29 93.2421569824 1
63 29 93.2425384521 1
63 29 93.2476348877 1
63 29 93.2592849731 1
63 29 93.2593002319 1
63 29 93.2612762451 1
63 29 93.2797088623 1
63 29 93.2895965576 1
63 29 93.3053283691 1
63 29 93.3092193604 1
63 29 93.3109741211 1
63 29 93.3299331665 1
63 29 93.3388977051 1
63 29 93.3477325439 1
63 29 93.3568572998 1
63 29 93.3815155029 1
63 29 93.398651123 1
63 29 93.4229202271 1
63 29 93.4461517334 1
63 29 93.4622344971 1
63 29 93.4642715454 1
63 29 93.4881134033 1
63 29 93.4956893921 1
63 29 93.515045166 1
63 29 93.5581207275 1
63 29 93.5718231201 1
63 29 93.5772781372 1
63 29 93.5879745483 1
63 29 93.6251525879 1
63 29 93.625869751 1
63 29 93.6432189941 1
63 29 93.6466140747 1
63 29 93.6517486572 1
63 29 93.6683425903 1
63 29 93.6876831055 1
63 29 93.729309082 1
63 29 93.7541275024 1
63 29 93.7689437866 1
63 29 93.7696304321 1
63 29 93.7742767334 1
63 29 93.8339385986 1
63 29 93.839805603 1
63 29 93.8416671753 1
63 29 93.8610687256 1
63 29 93.8678131104 1
63 29 93.8717269897 1
63 29 93.8738174438 1
63 29 93.8785552979 1
63 29 93.8940811157 1
63 29 93.9031829834 1
63 29 93.9309692383 1
63 29 93.9322662354 1
63 29 93.9354553223 1
63 29 93.9466552734 1
63 29 93.9481887817 1
63 29 93.9495239258 1
63 29 93.9648513794 1
63 29 93.9694976807 1
63 29 93.9791717529 1
63 29 93.9831161499 1
63 29 93.9990921021 1
63 29 94.0016784668 1
63 29 94.0088577271 1
63 29 94.0172958374 1
63 29 94.0211410522 1
63 29 94.0215148926 1
63 29 94.0406188965 1
63 29 94.0518722534 1
63 29 94.0634078979 1
63 29 94.10912323 1
63 29 94.1122894287 1
63 29 94.1353530884 1
63 29 94.138633728 1
63 29 94.1412200928 1
63 29 94.1421127319 1
63 29 94.1457977295 1
63 29 94.1461715698 1
63 29 94.1479415894 1
63 29 94.1540298462 1
63 29 94.1589126587 1
63 29 94.1601791382 1
63 29 94.1663131714 1
63 29 94.1688690186 1
63 29 94.1790313721 1
63 29 94.1839294434 1
63 29 94.1969833374 1
63 29 94.1989593506 1
63 29 94.2087097168 1
63 29 94.2135543823 1
63 29 94.2197265625 1
63 29 94.2280807495 1
63 29 94.2462310791 1
63 29 94.2466888428 1
63 29 94.2562713623 1
63 29 94.2751541138 1
63 29 94.3025817871 1
63 29 94.302947998 1
63 29 94.3330383301 1
63 29 94.3343429565 1
63 29 94.3347244263 1
63 29 94.350151062 1
63 29 94.3594894409 1
63 29 94.3644638062 1
63 29 94.3692321777 1
63 29 94.3885726929 1
63 29 94.4055557251 1
63 29 94.4060058594 1
63 29 94.4237594604 1
63 29 94.4415359497 1
63 29 94.4483108521 1
63 29 94.4612503052 1
63 29 94.4612808228 1
63 29 94.4798660278 1
63 29 94.4864349365 1
63 29 94.4909667969 1
63 29 94.5161514282 1
63 29 94.5238876343 1
63 29 94.5947875977 1
63 29 94.6015853882 1
63 29 94.6059417725 1
63 29 94.6149597168 1
63 29 94.6201248169 1
63 29 94.6267166138 1
63 29 94.6611557007 1
63 29 94.6789321899 1
63 29 94.6984176636 1
63 29 94.704284668 1
63 29 94.7554550171 1
63 29 94.7586975098 1
63 29 94.7628860474 1
63 29 94.7629547119 1
63 29 94.7652053833 1
63 29 94.7657699585 1
63 29 94.7794647217 1
63 29 94.7916488647 1
63 29 94.8121109009 1
63 29 94.8327484131 1
63 29 94.8396682739 1
63 29 94.8651504517 1
63 29 94.8913116455 1
63 29 94.8961715698 1
63 29 94.9125747681 1
63 29 94.9169616699 1
63 29 94.9423522949 1
63 29 94.9675140381 1
63 29 94.9713897705 1
63 29 94.9723892212 1
63 29 94.9760055542 1
63 29 94.9783477783 1
63 29 94.9922027588 1
63 29 94.9984970093 1
63 29 95.014541626 1
63 29 95.0318603516 1
63 29 95.0319290161 1
63 29 95.0714111328 1
63 29 95.113609314 1
63 29 95.115447998 1
63 29 95.1354293823 1
63 29 95.1384124756 1
63 29 95.1444473267 1
63 29 95.1592788696 1
63 29 95.1717376709 1
63 29 95.237991333 1
63 29 95.2482376099 1
63 29 95.2486114502 1
63 29 95.25340271 1
63 29 95.2698364258 1
63 29 95.2737579346 1
63 29 95.2953948975 1
63 29 95.3487167358 1
63 29 95.352645874 1
63 29 95.3624572754 1
63 29 95.3648910522 1
63 29 95.3689041138 1
63 29 95.371711731 1
63 29 95.385383606 1
63 29 95.3937149048 1
63 29 95.4108123779 1
63 29 95.4134902954 1
63 29 95.4156494141 1
63 29 95.436958313 1
63 29 95.4397659302 1
63 29 95.4513320923 1
63 29 95.461517334 1
63 29 95.4670028687 1
63 29 95.4819488525 1
63 29 95.4867095947 1
63 29 95.4892349243 1
63 29 95.4996414185 1
63 29 95.5042190552 1
63 29 95.5392150879 1
63 29 95.539855957 1
63 29 95.5416030884 1
63 29 95.5435180664 1
63 29 95.5663909912 1
63 29 95.5972824097 1
63 29 95.6078872681 1
63 29 95.6402893066 1
63 29 95.66847229 1
63 29 95.6719665527 1
63 29 95.6820220947 1
63 29 95.6903915405 1
63 29 95.6957092285 1
63 29 95.7014312744 1
63 29 95.7314605713 1
63 29 95.7408447266 1
63 29 95.7531738281 1
63 29 95.7737503052 1
63 29 95.7771835327 1
63 29 95.7807693481 1
63 29 95.7970275879 1
63 29 95.7977676392 1
63 29 95.8099899292 1
63 29 95.8207168579 1
63 29 95.8247756958 1
63 29 95.8256225586 1
63 29 95.8379745483 1
63 29 95.8482971191 1
63 29 95.8499221802 1
63 29 95.8595809937 1
63 29 95.8815917969 1
63 29 95.9309463501 1
63 29 95.9496383667 1
63 29 95.9558410645 1
63 29 95.9755477905 1
63 29 95.9805450439 1
63 29 95.9809265137 1
63 29 95.9854812622 1
63 29 96.0023880005 1
63 29 96.0185546875 1
63 29 96.0337677002 1
63 29 96.0434570312 1
63 29 96.0449523926 1
63 29 96.0474777222 1
63 29 96.0475845337 1
63 29 96.0512390137 1
63 29 96.0608062744 1
63 29 96.0671234131 1
63 29 96.0790252686 1
63 29 96.1054229736 1
63 29 96.1176071167 1
63 29 96.1670608521 1
63 29 96.1765060425 1
63 29 96.1854324341 1
63 29 96.1975784302 1
63 29 96.2145080566 1
63 29 96.2382049561 1
63 29 96.2413330078 1
63 29 96.2501983643 1
63 29 96.2701187134 1
63 29 96.2785110474 1
63 29 96.325378418 1
63 29 96.3433074951 1
63 29 96.3448791504 1
63 29 96.3771133423 1
63 29 96.4133834839 1
63 29 96.4333724976 1
63 29 96.4379348755 1
63 29 96.464630127 1
63 29 96.4686737061 1
63 29 96.4747695923 1
63 29 96.4849319458 1
63 29 96.4869308472 1
63 29 96.5033111572 1
63 29 96.5095748901 1
63 29 96.5141296387 1
63 29 96.5184249878 1
63 29 96.5208358765 1
63 29 96.5297775269 1
63 29 96.5340270996 1
63 29 96.5391464233 1
63 29 96.5409393311 1
63 29 96.542350769 1
63 29 96.5535583496 1
63 29 96.5555725098 1
63 29 96.5562515259 1
63 29 96.6006546021 1
63 29 96.6036682129 1
63 29 96.6242141724 1
63 29 96.6386566162 1
63 29 96.6467285156 1
63 29 96.6546401978 1
63 29 96.6643676758 1
63 29 96.6660385132 1
63 29 96.6705627441 1
63 29 96.6954345703 1
63 29 96.7015762329 1
63 29 96.7340698242 1
63 29 96.7444000244 1
63 29 96.752166748 1
63 29 96.7559051514 1
63 29 96.7639541626 1
63 29 96.788848877 1
63 29 96.7893295288 1
63 29 96.7907028198 1
63 29 96.803276062 1
63 29 96.8071594238 1
63 29 96.8194732666 1
63 29 96.8324356079 1
63 29 96.8335800171 1
63 29 96.8439025879 1
63 29 96.8498153687 1
63 29 96.8545532227 1
63 29 96.8580551147 1
63 29 96.9133758545 1
63 29 96.9302902222 1
63 29 96.9426651001 1
63 29 96.9469146729 1
63 29 96.9549942017 1
63 29 96.9737930298 1
63 29 97.002281189 1
63 29 97.003692627 1
63 29 97.0146789551 1
63 29 97.0633926392 1
63 29 97.1032333374 1
63 29 97.1243209839 1
63 29 97.1261749268 1
63 29 97.1339874268 1
63 29 97.1832122803 1
63 29 97.1861343384 1
63 29 97.1916275024 1
63 29 97.2106323242 1
63 29 97.2186355591 1
63 29 97.251159668 1
63 29 97.2536468506 1
63 29 97.2643585205 1
63 29 97.2794723511 1
63 29 97.2912521362 1
63 29 97.2946166992 1
63 29 97.3079376221 1
63 29 97.3166656494 1
63 29 97.32472229 1
63 29 97.3475341797 1
63 29 97.3618392944 1
63 29 97.3651046753 1
63 29 97.4135665894 1
63 29 97.4261779785 1
63 29 97.4371337891 1
63 29 97.4381332397 1
63 29 97.438331604 1
63 29 97.455657959 1
63 29 97.4671554565 1
63 29 97.4869766235 1
63 29 97.5519104004 1
63 29 97.5708999634 1
63 29 97.5827255249 1
63 29 97.5845031738 1
63 29 97.5872879028 1
63 29 97.5900039673 1
63 29 97.6002578735 1
63 29 97.6286773682 1
63 29 97.6463241577 1
63 29 97.6481170654 1
63 29 97.6575622559 1
63 29 97.6838684082 1
63 29 97.7065734863 1
63 29 97.7160186768 1
63 29 97.7390289307 1
63 29 97.763671875 1
63 29 97.7733459473 1
63 29 97.7799377441 1
63 29 97.8159255981 1
63 29 97.866645813 1
63 29 97.8993530273 1
63 29 97.9437637329 1
63 29 97.9794845581 1
63 29 97.9803009033 1
63 29 97.9915542603 1
63 29 98.0395431519 1
63 29 98.041519165 1
63 29 98.0490646362 1
63 29 98.0583724976 1
63 29 98.0748748779 1
63 29 98.0906906128 1
63 29 98.0935592651 1
63 29 98.1105270386 1
63 29 98.1298294067 1
63 29 98.1436004639 1
63 29 98.1664199829 1
63 29 98.1699447632 1
63 29 98.1773834229 1
63 29 98.1782073975 1
63 29 98.1991271973 1
63 29 98.19921875 1
63 29 98.2412109375 1
63 29 98.2564926147 1
63 29 98.2614746094 1
63 29 98.2887268066 1
63 29 98.2994842529 1
63 29 98.3041763306 1
63 29 98.3353652954 1
63 29 98.3494567871 1
63 29 98.3495178223 1
63 29 98.3601303101 1
63 29 98.3604736328 1
63 29 98.3670349121 1
63 29 98.3813247681 1
63 29 98.3884658813 1
63 29 98.3896255493 1
63 29 98.3908081055 1
63 29 98.4068450928 1
63 29 98.4222793579 1
63 29 98.4222946167 1
63 29 98.4286575317 1
63 29 98.4346923828 1
63 29 98.4399871826 1
63 29 98.4534378052 1
63 29 98.4538421631 1
63 29 98.4706802368 1
63 29 98.4727783203 1
63 29 98.4934310913 1
63 29 98.5100860596 1
63 29 98.5277252197 1
63 29 98.5326385498 1
63 29 98.5333099365 1
63 29 98.5364074707 1
63 29 98.5381698608 1
63 29 98.5436248779 1
63 29 98.6033935547 1
63 29 98.6067733765 1
63 29 98.6121444702 1
63 29 98.6158981323 1
63 29 98.6166000366 1
63 29 98.630065918 1
63 29 98.6456985474 1
63 29 98.6558761597 1
63 29 98.6733474731 1
63 29 98.7179946899 1
63 29 98.735206604 1
63 29 98.7780685425 1
63 29 98.783203125 1
63 29 98.7913589478 1
63 29 98.7914047241 1
63 29 98.8196258545 1
63 29 98.8706741333 1
63 29 98.9042053223 1
63 29 98.9207687378 1
63 29 98.9613952637 1
63 29 98.9635925293 1
63 29 98.9888458252 1
63 29 99.0139312744 1
63 29 99.0802459717 1
63 29 99.114440918 1
63 29 99.1214370728 1
63 29 99.1592254639 1
63 29 99.1792068481 1
63 29 99.1904449463 1
63 29 99.1931304932 1
63 29 99.2299118042 1
63 29 99.3225708008 1
63 29 99.3372344971 1
63 29 99.3566055298 1
63 29 99.3860168457 1
63 29 99.3956756592 1
63 29 99.4080963135 1
63 29 99.4295349121 1
63 29 99.4484329224 1
63 29 99.4843292236 1
63 29 99.4864273071 1
63 29 99.507774353 1
63 29 99.5194244385 1
63 29 99.5215988159 1
63 29 99.5317993164 1
63 29 99.5411148071 1
63 29 99.5528945923 1
63 29 99.5802230835 1
63 29 99.6013259888 1
63 29 99.6056594849 1
63 29 99.6091690063 1
63 29 99.6142425537 1
63 29 99.6760787964 1
63 29 99.6798629761 1
63 29 99.6988830566 1
63 29 99.7143325806 1
63 29 99.7770080566 1
63 29 99.7899932861 1
63 29 99.7976150513 1
63 29 99.8836517334 1
63 29 99.8875732422 1
63 29 99.9146652222 1
63 29 99.9237670898 1
63 29 99.9290771484 1
63 29 99.9340438843 1
63 29 99.9355697632 1
63 29 99.9479675293 1
63 29 99.9547271729 1
63 29 99.9662246704 1
63 29 99.9669418335 1
63 29 99.967048645 1
63 29 99.9718399048 1
63 29 99.9755630493 1
63 29 99.985168457 1
63 29 99.9874420166 1
63 29 100.00579834 1
63 29 100.016914368 1
63 29 100.023597717 1
63 29 100.036010742 1
63 29 100.061729431 1
63 29 100.086624146 1
63 29 100.098121643 1
63 29 100.099708557 1
63 29 100.103775024 1
63 29 100.127105713 1
63 29 100.152748108 1
63 29 100.159339905 1
63 29 100.163902283 1
63 29 100.190055847 1
63 29 100.193946838 1
63 29 100.197425842 1
63 29 100.202217102 1
63 29 100.204948425 1
63 29 100.211921692 1
63 29 100.217552185 1
63 29 100.220115662 1
63 29 100.264396667 1
63 29 100.287696838 1
63 29 100.314804077 1
63 29 100.350357056 1
63 29 100.424697876 1
63 29 100.470611572 1
63 29 100.479171753 1
63 29 100.494094849 1
63 29 100.554985046 1
63 29 100.563392639 1
63 29 100.564758301 1
63 29 100.590011597 1
63 29 100.604362488 1
63 29 100.610519409 1
63 29 100.626281738 1
63 29 100.713806152 1
63 29 100.715965271 1
63 29 100.721107483 1
63 29 100.722717285 1
63 29 100.731269836 1
63 29 100.7420578 1
63 29 100.768035889 1
63 29 100.768783569 1
63 29 100.774856567 1
63 29 100.821289062 1
63 29 100.821357727 1
63 29 100.825675964 1
63 29 100.839729309 1
63 29 100.855018616 1
63 29 100.905601501 1
63 29 100.925498962 1
63 29 100.948287964 1
63 29 100.949920654 1
63 29 100.956565857 1
63 29 100.981033325 1
63 29 101.050857544 1
63 29 101.085800171 1
63 29 101.110832214 1
63 29 101.112037659 1
63 29 101.117965698 1
63 29 101.118537903 1
63 29 101.133979797 1
63 29 101.135231018 1
63 29 101.1929245 1
63 29 101.205314636 1
63 29 101.208732605 1
63 29 101.209709167 1
63 29 101.235900879 1
63 29 101.245285034 1
63 29 101.32472229 1
63 29 101.337608337 1
63 29 101.364494324 1
63 29 101.378448486 1
63 29 101.398658752 1
63 29 101.426605225 1
63 29 101.42792511 1
63 29 101.466598511 1
63 29 101.488113403 1
63 29 101.488220215 1
63 29 101.506202698 1
63 29 101.538833618 1
63 29 101.556587219 1
63 29 101.565811157 1
63 29 101.581848145 1
63 29 101.601470947 1
63 29 101.604095459 1
63 29 101.614685059 1
63 29 101.633087158 1
63 29 101.636459351 1
63 29 101.657600403 1
63 29 101.659629822 1
63 29 101.710983276 1
63 29 101.722671509 1
63 29 101.78377533 1
63 29 101.79397583 1
63 29 101.817649841 1
63 29 101.840568542 1
63 29 101.849853516 1
63 29 101.867660522 1
63 29 101.897918701 1
63 29 101.9193573 1
63 29 101.92250824 1
63 29 101.956222534 1
63 29 101.974815369 1
63 29 101.999916077 1
63 29 102.030441284 1
63 29 102.030761719 1
63 29 102.036895752 1
63 29 102.050483704 1
63 29 102.055358887 1
63 29 102.064315796 1
63 29 102.08266449 1
63 29 102.101341248 1
63 29 102.13028717 1
63 29 102.168266296 1
63 29 102.213066101 1
63 29 102.255264282 1
63 29 102.289276123 1
63 29 102.295196533 1
63 29 102.312652588 1
63 29 102.318122864 1
63 29 102.337669373 1
63 29 102.343063354 1
63 29 102.369316101 1
63 29 102.395271301 1
63 29 102.408370972 1
63 29 102.410324097 1
63 29 102.430862427 1
63 29 102.463058472 1
63 29 102.472824097 1
63 29 102.524185181 1
63 29 102.551902771 1
63 29 102.572593689 1
63 29 102.573898315 1
63 29 102.592254639 1
63 29 102.612663269 1
63 29 102.646560669 1
63 29 102.649436951 1
63 29 102.704490662 1
63 29 102.749160767 1
63 29 102.755081177 1
63 29 102.772171021 1
63 29 102.796394348 1
63 29 102.812637329 1
63 29 102.858947754 1
63 29 102.896324158 1
63 29 102.945915222 1
63 29 102.975730896 1
63 29 102.98626709 1
63 29 102.988792419 1
63 29 103.042701721 1
63 29 103.057128906 1
63 29 103.064147949 1
63 29 103.066619873 1
63 29 103.088897705 1
63 29 103.115127563 1
63 29 103.159324646 1
63 29 103.202522278 1
63 29 103.209106445 1
63 29 103.213874817 1
63 29 103.240570068 1
63 29 103.261528015 1
63 29 103.288513184 1
63 29 103.289710999 1
63 29 103.29032135 1
63 29 103.336723328 1
63 29 103.350372314 1
63 29 103.397750854 1
63 29 103.429084778 1
63 29 103.463188171 1
63 29 103.466499329 1
63 29 103.479476929 1
63 29 103.492546082 1
63 29 103.529533386 1
63 29 103.551704407 1
63 29 103.573242188 1
63 29 103.583702087 1
63 29 103.691940308 1
63 29 103.705108643 1
63 29 103.715660095 1
63 29 103.729278564 1
63 29 103.836372375 1
63 29 103.858718872 1
63 29 103.861045837 1
63 29 103.872940063 1
63 29 103.886619568 1
63 29 103.923622131 1
63 29 103.925590515 1
63 29 103.931793213 1
63 29 103.932357788 1
63 29 103.992698669 1
63 29 104.015586853 1
63 29 104.022033691 1
63 29 104.050178528 1
63 29 104.060508728 1
63 29 104.064964294 1
63 29 104.135925293 1
63 29 104.187110901 1
63 29 104.211685181 1
63 29 104.254753113 1
63 29 104.274932861 1
63 29 104.310623169 1
63 29 104.314224243 1
63 29 104.317489624 1
63 29 104.359901428 1
63 29 104.369621277 1
63 29 104.392196655 1
63 29 104.426986694 1
63 29 104.466430664 1
63 29 104.480155945 1
63 29 104.506996155 1
63 29 104.532997131 1
63 29 104.566322327 1
63 29 104.589500427 1
63 29 104.589805603 1
63 29 104.648773193 1
63 29 104.653739929 1
63 29 104.664329529 1
63 29 104.67640686 1
63 29 104.739570618 1
63 29 104.740242004 1
63 29 104.793327332 1
63 29 104.864250183 1
63 29 104.883682251 1
63 29 104.894760132 1
63 29 105.07434845 1
63 29 105.078231812 1
63 29 105.089355469 1
63 29 105.090423584 1
63 29 105.095672607 1
63 29 105.129188538 1
63 29 105.165733337 1
63 29 105.311523438 1
63 29 105.338340759 1
63 29 105.338546753 1
63 29 105.358818054 1
63 29 105.401786804 1
63 29 105.407928467 1
63 29 105.427192688 1
63 29 105.432975769 1
63 29 105.437690735 1
63 29 105.450592041 1
63 29 105.590255737 1
63 29 105.627281189 1
63 29 105.638328552 1
63 29 105.645927429 1
63 29 105.676467896 1
63 29 105.682495117 1
63 29 105.734039307 1
63 29 105.754516602 1
63 29 105.775009155 1
63 29 105.838035583 1
63 29 105.848396301 1
63 29 105.888023376 1
63 29 105.918777466 1
63 29 105.997825623 1
63 29 106.012825012 1
63 29 106.055770874 1
63 29 106.068847656 1
63 29 106.076156616 1
63 29 106.21068573 1
63 29 106.308059692 1
63 29 106.345748901 1
63 29 106.360244751 1
63 29 106.470581055 1
63 29 106.518035889 1
63 29 106.532295227 1
63 29 106.540588379 1
63 29 106.703125 1
63 29 106.723258972 1
63 29 106.723899841 1
63 29 106.757240295 1
63 29 106.805969238 1
63 29 106.810173035 1
63 29 106.813331604 1
63 29 106.819755554 1
63 29 106.854217529 1
63 29 106.886314392 1
63 29 106.927131653 1
63 29 106.938529968 1
63 29 106.970588684 1
63 29 106.982566833 1
63 29 107.012664795 1
63 29 107.036071777 1
63 29 107.038696289 1
63 29 107.06539917 1
63 29 107.11782074 1
63 29 107.18927002 1
63 29 107.192123413 1
63 29 107.202003479 1
63 29 107.242477417 1
63 29 107.257476807 1
63 29 107.321655273 1
63 29 107.337913513 1
63 29 107.345046997 1
63 29 107.373657227 1
63 29 107.393592834 1
63 29 107.483604431 1
63 29 107.544036865 1
63 29 107.563285828 1
63 29 107.597343445 1
63 29 107.615539551 1
63 29 107.665382385 1
63 29 107.709327698 1
63 29 107.716896057 1
63 29 107.742370605 1
63 29 107.786582947 1
63 29 107.792312622 1
63 29 107.815719604 1
63 29 107.837684631 1
63 29 107.844825745 1
63 29 107.87348175 1
63 29 107.875404358 1
63 29 107.87828064 1
63 29 107.917648315 1
63 29 107.923950195 1
63 29 107.92665863 1
63 29 107.960472107 1
63 29 107.973327637 1
63 29 107.9793396 1
63 29 107.997795105 1
63 29 108.058563232 1
63 29 108.293434143 1
63 29 108.296386719 1
63 29 108.370193481 1
63 29 108.396484375 1
63 29 108.480056763 1
63 29 108.499023438 1
63 29 108.545890808 1
63 29 108.546012878 1
63 29 108.585075378 1
63 29 108.597267151 1
63 29 108.59979248 1
63 29 108.63684082 1
63 29 108.653465271 1
63 29 108.662002563 1
63 29 108.663772583 1
63 29 108.670333862 1
63 29 108.693367004 1
63 29 108.71043396 1
63 29 108.757080078 1
63 29 108.930023193 1
63 29 108.938301086 1
63 29 109.029373169 1
63 29 109.13041687 1
63 29 109.191101074 1
63 29 109.207794189 1
63 29 109.257232666 1
63 29 109.262504578 1
63 29 109.289207458 1
63 29 109.294471741 1
63 29 109.450279236 1
63 29 109.456382751 1
63 29 109.516296387 1
63 29 109.537788391 1
63 29 109.569526672 1
63 29 109.626548767 1
63 29 109.627204895 1
63 29 109.628349304 1
63 29 109.658699036 1
63 29 109.664215088 1
63 29 109.726745605 1
63 29 109.761581421 1
63 29 109.766777039 1
63 29 109.774169922 1
63 29 109.812522888 1
63 29 109.830787659 1
63 29 109.881317139 1
63 29 110.074867249 1
63 29 110.15171051 1
63 29 110.172332764 1
63 29 110.275276184 1
63 29 110.298492432 1
63 29 110.353691101 1
63 29 110.361724854 1
63 29 110.377113342 1
63 29 110.49508667 1
63 29 110.576881409 1
63 29 110.582290649 1
63 29 110.60736084 1
63 29 110.611724854 1
63 29 110.679191589 1
63 29 110.729827881 1
63 29 110.802833557 1
63 29 110.809562683 1
63 29 110.811988831 1
63 29 110.827484131 1
63 29 110.849487305 1
63 29 110.854064941 1
63 29 110.893768311 1
63 29 110.898361206 1
63 29 110.91242981 1
63 29 110.960441589 1
63 29 110.968658447 1
63 29 111.206016541 1
63 29 111.415641785 1
63 29 111.43926239 1
63 29 111.45224762 1
63 29 111.463027954 1
63 29 111.553009033 1
63 29 111.560508728 1
63 29 111.570152283 1
63 29 111.623062134 1
63 29 111.626800537 1
63 29 111.663856506 1
63 29 111.672576904 1
63 29 111.67414856 1
63 29 111.732719421 1
63 29 111.747421265 1
63 29 111.969970703 1
63 29 111.981712341 1
63 29 111.982009888 1
63 29 112.038452148 1
63 29 112.051483154 1
63 29 112.075447083 1
63 29 112.078323364 1
63 29 112.081001282 1
63 29 112.08190918 1
63 29 112.091720581 1
63 29 112.172523499 1
63 29 112.183708191 1
63 29 112.195991516 1
63 29 112.267974854 1
63 29 112.324111938 1
63 29 112.371543884 1
63 29 112.374313354 1
63 29 112.422157288 1
63 29 112.457740784 1
63 29 112.472740173 1
63 29 112.480644226 1
63 29 112.524681091 1
63 29 112.527160645 1
63 29 112.556304932 1
63 29 112.610275269 1
63 29 112.864273071 1
63 29 112.869735718 1
63 29 112.901634216 1
63 29 112.944374084 1
63 29 112.980873108 1
63 29 113.046569824 1
63 29 113.08959198 1
63 29 113.115531921 1
63 29 113.189857483 1
63 29 113.247718811 1
63 29 113.266517639 1
63 29 113.277503967 1
63 29 113.302261353 1
63 29 113.355613708 1
63 29 113.395713806 1
63 29 113.427284241 1
63 29 113.499595642 1
63 29 113.617591858 1
63 29 113.645172119 1
63 29 113.668228149 1
63 29 113.676994324 1
63 29 113.689430237 1
63 29 113.729995728 1
63 29 113.756576538 1
63 29 113.844047546 1
63 29 113.908103943 1
63 29 113.910552979 1
63 29 113.930099487 1
63 29 113.934448242 1
63 29 113.986038208 1
63 29 113.987930298 1
63 29 114.038925171 1
63 29 114.046813965 1
63 29 114.078414917 1
63 29 114.154602051 1
63 29 114.236152649 1
63 29 114.2684021 1
63 29 114.340118408 1
63 29 114.376739502 1
63 29 114.533920288 1
63 29 114.59046936 1
63 29 114.721496582 1
63 29 114.828849792 1
63 29 114.832221985 1
63 29 115.026382446 1
63 29 115.109062195 1
63 29 115.15209198 1
63 29 115.223625183 1
63 29 115.55493927 1
63 29 115.69355011 1
63 29 115.816322327 1
63 29 115.875938416 1
63 29 115.88041687 1
63 29 115.994628906 1
63 29 116.027832031 1
63 29 116.075447083 1
63 29 116.077804565 1
63 29 116.09425354 1
63 29 116.107620239 1
63 29 116.213920593 1
63 29 116.23021698 1
63 29 116.273277283 1
63 29 116.407417297 1
63 29 116.429473877 1
63 29 116.466674805 1
63 29 116.501152039 1
63 29 116.536476135 1
63 29 116.545059204 1
63 29 116.577438354 1
63 29 116.592224121 1
63 29 116.626586914 1
63 29 116.656387329 1
63 29 116.674667358 1
63 29 116.729919434 1
63 29 116.74294281 1
63 29 116.859451294 1
63 29 116.912467957 1
63 29 116.93913269 1
63 29 117.033973694 1
63 29 117.055397034 1
63 29 117.234657288 1
63 29 117.253555298 1
63 29 117.296356201 1
63 29 117.440040588 1
63 29 117.641151428 1
63 29 117.707221985 1
63 29 118.05632782 1
63 29 118.058265686 1
63 29 118.067108154 1
63 29 118.303947449 1
63 29 118.316886902 1
63 29 118.319168091 1
63 29 118.338592529 1
63 29 118.339607239 1
63 29 118.489479065 1
63 29 118.658782959 1
63 29 118.705955505 1
63 29 118.858184814 1
63 29 118.87902832 1
63 29 119.000946045 1
63 29 119.004325867 1
63 29 119.023765564 1
63 29 119.026245117 1
63 29 119.259918213 1
63 29 119.501991272 1
63 29 119.526397705 1
63 29 119.560745239 1
63 29 119.602844238 1
63 29 119.620498657 1
63 29 119.87335968 1
63 29 119.942642212 1
63 29 120.008506775 1
63 29 120.040489197 1
63 29 120.087120056 1
63 29 120.091667175 1
63 29 120.14440155 1
63 29 120.287590027 1
63 29 120.397201538 1
63 29 120.417541504 1
63 29 120.450759888 1
63 29 120.459541321 1
63 29 120.538780212 1
63 29 120.954490662 1
63 29 121.226425171 1
63 29 121.240959167 1
63 29 121.27457428 1
63 29 121.495536804 1
63 29 121.61781311 1
63 29 121.634155273 1
63 29 121.649795532 1
63 29 121.826095581 1
63 29 121.988578796 1
63 29 122.114517212 1
63 29 122.142677307 1
63 29 122.169898987 1
63 29 122.284317017 1
63 29 122.482254028 1
63 29 122.553840637 1
63 29 122.561149597 1
63 29 122.653869629 1
63 29 122.665924072 1
63 29 122.825889587 1
63 29 122.933738708 1
63 29 122.943336487 1
63 29 122.952522278 1
63 29 123.328010559 1
63 29 123.340538025 1
63 29 123.488578796 1
63 29 123.806228638 1
63 29 123.974052429 1
63 29 124.12903595 1
63 29 124.171257019 1
63 29 124.427696228 1
63 29 124.550071716 1
63 29 124.554954529 1
63 29 124.560760498 1
63 29 124.619598389 1
63 29 124.681556702 1
63 29 124.682174683 1
63 29 124.712348938 1
63 29 125.221099854 1
63 29 125.226837158 1
63 29 125.287261963 1
63 29 125.310714722 1
63 29 125.579650879 1
63 29 125.596710205 1
63 29 125.884750366 1
63 29 126.010765076 1
63 29 126.217948914 1
63 29 126.515846252 1
63 29 126.590560913 1
63 29 126.590896606 1
63 29 126.669158936 1
63 29 126.906509399 1
63 29 127.038452148 1
63 29 127.493972778 1
63 29 127.677841187 1
63 29 127.7787323 1
63 29 127.93939209 1
63 29 128.245162964 1
63 29 128.357757568 1
63 29 128.462524414 1
63 29 128.484359741 1
63 29 128.565994263 1
63 29 128.583068848 1
63 29 128.689025879 1
63 29 128.80430603 1
63 29 128.865020752 1
63 29 128.889373779 1
63 29 129.019317627 1
63 29 129.09703064 1
63 29 129.168670654 1
63 29 129.456237793 1
63 29 129.520523071 1
63 29 129.949539185 1
63 29 129.979537964 1
63 29 130.270828247 1
63 29 130.287734985 1
63 29 130.320175171 1
63 29 130.341171265 1
63 29 130.410675049 1
63 29 130.46975708 1
63 29 130.747772217 1
63 29 130.84236145 1
63 29 131.03276062 1
63 29 131.048675537 1
63 29 132.126785278 1
63 29 132.605957031 1
63 29 132.672790527 1
63 29 133.142272949 1
63 29 133.217407227 1
63 29 133.257659912 1
63 29 133.573989868 1
63 29 133.609634399 1
63 29 133.667327881 1
63 29 133.956756592 1
63 29 134.185577393 1
63 29 134.205245972 1
63 29 134.229705811 1
63 29 134.423675537 1
63 29 134.43359375 1
63 29 134.645248413 1
63 29 134.773361206 1
63 29 135.112594604 1
63 29 135.159240723 1
63 29 135.351791382 1
63 29 135.528121948 1
63 29 135.689605713 1
63 29 135.798706055 1
63 29 135.849502563 1
63 29 135.858062744 1
63 29 136.537261963 1
63 29 136.560623169 1
63 29 136.715499878 1
63 29 136.780059814 1
63 29 136.804000854 1
63 29 137.49357605 1
63 29 138.187026978 1
63 29 138.411849976 1
63 29 138.629119873 1
63 29 138.693572998 1
63 29 138.886077881 1
63 29 138.989135742 1
63 29 139.00541687 1
63 29 139.110488892 1
63 29 139.25604248 1
63 29 139.261322021 1
63 29 139.487762451 1
63 29 139.549438477 1
63 29 139.80368042 1
63 29 139.889816284 1
63 29 139.992996216 1
63 29 140.263244629 1
63 29 140.350280762 1
63 29 140.655059814 1
63 29 141.068588257 1
63 29 141.191009521 1
63 29 141.372177124 1
63 29 141.672241211 1
63 29 142.122451782 1
63 29 143.006851196 1
63 29 143.128234863 1
63 29 143.152359009 1
63 29 143.508377075 1
63 29 143.718460083 1
63 29 143.836685181 1
63 29 143.86050415 1
63 29 144.104736328 1
63 29 144.361404419 1
63 29 144.382598877 1
63 29 145.357879639 1
63 29 146.637863159 1
63 29 146.78692627 1
63 29 147.008117676 1
63 29 147.052322388 1
63 29 147.469223022 1
63 29 147.486022949 1
63 29 147.53213501 1
63 29 147.84135437 1
63 29 147.932327271 1
63 29 147.967514038 1
63 29 148.2525177 1
63 29 148.285339355 1
63 29 148.962814331 1
63 29 149.360839844 1
63 29 149.415115356 1
63 29 149.494812012 1
63 29 149.645004272 1
63 29 149.953155518 1
63 29 149.955856323 1
63 29 149.976272583 1
63 29 150.409378052 1
63 29 150.989364624 1
63 29 151.056655884 1
63 29 151.186141968 1
63 29 152.012527466 1
63 29 152.225952148 1
63 29 152.446929932 1
63 29 152.80758667 1
63 29 153.207336426 1
63 29 153.506347656 1
63 29 154.176132202 1
63 29 154.576721191 1
63 29 154.71295166 1
63 29 154.735458374 1
63 29 155.261428833 1
63 29 155.429031372 1
63 29 155.732208252 1
63 29 156.000564575 1
63 29 156.165512085 1
63 29 156.214050293 1
63 29 157.227981567 1
63 29 157.305725098 1
63 29 157.412612915 1
63 29 157.613235474 1
63 29 157.876174927 1
63 29 157.899688721 1
63 29 158.020889282 1
63 29 158.439910889 1
63 29 158.605392456 1
63 29 158.832397461 1
63 29 158.883407593 1
63 29 159.777252197 1
63 29 160.365737915 1
63 29 160.788345337 1
63 29 160.968032837 1
63 29 161.152038574 1
63 29 161.468612671 1
63 29 161.644866943 1
63 29 161.7762146 1
63 29 161.960189819 1
63 29 162.044174194 1
63 29 162.107543945 1
63 29 162.48500061 1
63 29 162.642120361 1
63 29 163.87991333 1
63 29 165.015426636 1
63 29 165.76133728 1
63 29 165.764770508 1
63 29 166.488998413 1
63 29 166.538848877 1
63 29 166.74156189 1
63 29 167.069793701 1
63 29 167.264190674 1
63 29 167.499740601 1
63 29 167.688171387 1
63 29 167.954681396 1
63 29 168.035568237 1
63 29 168.466644287 1
63 29 168.526824951 1
63 29 168.656723022 1
63 29 168.90322876 1
63 29 170.463653564 1
63 29 170.785766602 1
63 29 171.303970337 1
63 29 173.120742798 1
63 29 173.405853271 1
63 29 174.881729126 1
63 29 175.881240845 1
63 29 176.030029297 1
63 29 177.410247803 1
63 29 178.194519043 1
63 29 179.14024353 1
63 29 179.238174438 1
63 29 179.253555298 1
63 29 180.038162231 1
63 29 180.235565186 1
63 29 182.321243286 1
63 29 183.236450195 1
63 29 184.661376953 1
63 29 184.712097168 1
63 29 184.889862061 1
63 29 186.953063965 1
63 29 187.394119263 1
63 29 187.677810669 1
63 29 188.242645264 1
63 29 188.330596924 1
63 29 188.483688354 1
63 29 188.782608032 1
63 29 190.356246948 1
63 29 191.206192017 1
63 29 192.3487854 1
63 29 192.879974365 1
63 29 193.227416992 1
63 29 194.396453857 1
63 29 194.538024902 1
63 29 194.761138916 1
63 29 196.475769043 1
63 29 196.531997681 1
63 29 196.750549316 1
63 29 196.803848267 1
63 29 197.340789795 1
63 29 197.852462769 1
63 29 198.713272095 1
63 29 199.734741211 1
63 29 201.845489502 1
63 29 202.160614014 1
63 29 207.921340942 1
63 29 208.229385376 1
63 29 209.239120483 1
63 29 209.443222046 1
63 29 211.229766846 1
63 29 211.278961182 1
63 29 211.552947998 1
63 29 213.390197754 1
63 29 214.613296509 1
63 29 215.293579102 1
63 29 221.395965576 1
63 29 221.635894775 1
63 29 224.168243408 1
63 29 224.660827637 1
63 29 226.775100708 1
63 29 227.112518311 1
63 29 229.353424072 1
63 29 229.753982544 1
63 29 230.217681885 1
63 29 230.64251709 1
63 29 233.353866577 1
63 29 236.331100464 1
63 29 237.778884888 1
63 29 239.203018188 1
63 29 239.328399658 1
63 29 240.741195679 1
63 29 240.949401855 1
63 29 242.791717529 1
63 29 245.888504028 1
63 29 246.561904907 1
63 29 247.578216553 1
63 29 248.958343506 1
63 29 250.680801392 1
63 29 253.527679443 1
63 29 253.918945312 1
63 29 254.474365234 1
63 29 255.325073242 1
63 29 256.40423584 1
63 29 256.748260498 1
63 29 257.453735352 1
63 29 258.57434082 1
63 29 259.587890625 1
63 29 260.026702881 1
63 29 261.106170654 1
63 29 261.944549561 1
63 29 262.240753174 1
63 29 262.277374268 1
63 29 262.67288208 1
63 29 264.255126953 1
63 29 271.691955566 1
63 29 273.610137939 1
63 29 274.334228516 1
63 29 276.708343506 1
63 29 279.306854248 1
63 29 282.15133667 1
63 29 282.91116333 1
63 29 290.123748779 1
63 29 290.12487793 1
63 29 291.594512939 1
63 29 292.15411377 1
63 29 304.367675781 1
63 29 305.728424072 1
63 29 309.876831055 1
63 29 310.969848633 1
63 29 316.574157715 1
63 29 319.625366211 1
63 29 326.064178467 1
63 29 326.758850098 1
63 29 329.055175781 1
63 29 334.036254883 1
63 29 334.94241333 1
63 29 346.400787354 1
63 29 349.242889404 1
63 29 349.975982666 1
63 29 353.338409424 1
63 29 354.911102295 1
63 29 368.118927002 1
63 29 370.439697266 1
63 29 376.605438232 1
63 29 382.324371338 1
63 29 384.93762207 1
63 29 388.101348877 1
63 29 397.171813965 1
63 29 397.437133789 1
63 29 398.263916016 1
63 29 401.335784912 1
63 29 403.892364502 1
63 29 404.2394104 1
63 29 420.593139648 1
63 29 423.41885376 1
63 29 430.910186768 1
63 29 434.562316895 1
63 29 434.707427979 1
63 29 435.119171143 1
63 29 445.096923828 1
63 29 472.403717041 1
63 29 497.790252686 1
63 29 505.887420654 1
63 29 509.012176514 1
63 29 519.162780762 1
63 29 543.040039062 1
63 29 543.881408691 1
63 29 548.000366211 1
63 29 564.023864746 1
63 29 567.054443359 1
63 29 583.351318359 1
63 29 583.495605469 1
63 29 593.170715332 1
63 29 593.449768066 1
63 29 607.944152832 1
63 29 609.860290527 1
63 29 654.297912598 1
63 29 660.138183594 1
63 29 662.508117676 1
63 29 670.098999023 1
63 29 699.175964355 1
63 29 727.241088867 1
63 29 736.472106934 1
63 29 736.657104492 1
63 29 740.527526855 1
63 29 746.43548584 1
63 29 756.139587402 1
63 29 762.059020996 1
63 29 766.454162598 1
63 29 856.204467773 1
63 29 908.230957031 1
63 29 985.771606445 1
63 29 995.53326416 1
63 29 1071.06274414 1
63 29 1187.53039551 1
63 29 1242.51208496 1
63 29 1329.04370117 1
63 29 1921.78857422 1
63 31 92.849319458 1
63 31 95.9837265015 1
63 31 96.8959732056 1
63 31 98.4560775757 1
63 31 101.534828186 1
63 31 103.652015686 1
63 31 104.061019897 1
63 31 104.11100769 1
63 31 105.508300781 1
63 31 105.704528809 1
63 31 107.120849609 1
63 31 107.307975769 1
63 31 111.586837769 1
63 31 111.699531555 1
63 31 112.915161133 1
63 31 113.18547821 1
63 31 113.435798645 1
63 31 113.760696411 1
63 31 115.159210205 1
63 31 118.261306763 1
63 31 118.826980591 1
63 31 122.05569458 1
63 31 123.22820282 1
63 31 123.994438171 1
63 31 124.145187378 1
63 31 124.219680786 1
63 31 125.616523743 1
63 31 129.111022949 1
63 31 129.324325562 1
63 31 129.932662964 1
63 31 131.160522461 1
63 31 131.208221436 1
63 31 131.393234253 1
63 31 131.618026733 1
63 31 132.145507812 1
63 31 133.176712036 1
63 31 134.31968689 1
63 31 139.021697998 1
63 31 144.914550781 1
63 31 146.359176636 1
63 31 146.368499756 1
63 31 146.440658569 1
63 31 146.473983765 1
63 31 147.148300171 1
63 31 147.243743896 1
63 31 147.837432861 1
63 31 148.288711548 1
63 31 148.488189697 1
63 31 150.817810059 1
63 31 150.828384399 1
63 31 151.187561035 1
63 31 151.427688599 1
63 31 153.252456665 1
63 31 153.30279541 1
63 31 155.314605713 1
63 31 155.747558594 1
63 31 156.147872925 1
63 31 156.632614136 1
63 31 157.369674683 1
63 31 158.166900635 1
63 31 159.019836426 1
63 31 160.579986572 1
63 31 160.843536377 1
63 31 161.978744507 1
63 31 163.068786621 1
63 31 164.761062622 1
63 31 165.051361084 1
63 31 166.081283569 1
63 31 166.308258057 1
63 31 167.343582153 1
63 31 167.716079712 1
63 31 167.959320068 1
63 31 168.413894653 1
63 31 169.160568237 1
63 31 170.38659668 1
63 31 171.196243286 1
63 31 172.956832886 1
63 31 174.015457153 1
63 31 174.141876221 1
63 31 174.731872559 1
63 31 174.891921997 1
63 31 176.324478149 1
63 31 179.034744263 1
63 31 179.774917603 1
63 31 184.146896362 1
63 31 185.190261841 1
63 31 185.738510132 1
63 31 187.139968872 1
63 31 187.389053345 1
63 31 187.676345825 1
63 31 188.511367798 1
63 31 192.77885437 1
63 31 194.360366821 1
63 31 197.205917358 1
63 31 197.311325073 1
63 31 200.603912354 1
63 31 200.987594604 1
63 31 202.565704346 1
63 31 203.839904785 1
63 31 204.81086731 1
63 31 205.723266602 1
63 31 206.032241821 1
63 31 206.622772217 1
63 31 208.863067627 1
63 31 209.330535889 1
63 31 210.544891357 1
63 31 211.203796387 1
63 31 217.116241455 1
63 31 222.909515381 1
63 31 227.770584106 1
63 31 229.253982544 1
63 31 233.116455078 1
63 31 233.407485962 1
63 31 234.242095947 1
63 31 236.387496948 1
63 31 238.959777832 1
63 31 239.512039185 1
63 31 239.531707764 1
63 31 245.711303711 1
63 31 245.891220093 1
63 31 248.781021118 1
63 31 250.538772583 1
63 31 250.577194214 1
63 31 251.522476196 1
63 31 253.096984863 1
63 31 253.407714844 1
63 31 253.954238892 1
63 31 255.768844604 1
63 31 256.198883057 1
63 31 256.969055176 1
63 31 257.520324707 1
63 31 261.094848633 1
63 31 264.020385742 1
63 31 265.859863281 1
63 31 266.170532227 1
63 31 266.177093506 1
63 31 266.614959717 1
63 31 266.886627197 1
63 31 269.677246094 1
63 31 271.463928223 1
63 31 273.27444458 1
63 31 275.330413818 1
63 31 275.373748779 1
63 31 276.797943115 1
63 31 279.773040771 1
63 31 281.710296631 1
63 31 283.956970215 1
63 31 286.401397705 1
63 31 291.27230835 1
63 31 292.249450684 1
63 31 294.774841309 1
63 31 298.947814941 1
63 31 301.926269531 1
63 31 302.30480957 1
63 31 302.862976074 1
63 31 308.070800781 1
63 31 311.42767334 1
63 31 313.18951416 1
63 31 315.477050781 1
63 31 315.892883301 1
63 31 317.750091553 1
63 31 319.485076904 1
63 31 319.909423828 1
63 31 322.35736084 1
63 31 325.641876221 1
63 31 327.67755127 1
63 31 328.525177002 1
63 31 329.737487793 1
63 31 330.042633057 1
63 31 334.622650146 1
63 31 343.541809082 1
63 31 345.471679688 1
63 31 349.851593018 1
63 31 361.186645508 1
63 31 368.141998291 1
63 31 380.803436279 1
63 31 382.75592041 1
63 31 384.128692627 1
63 31 386.049041748 1
63 31 388.232757568 1
63 31 389.368041992 1
63 31 392.860107422 1
63 31 393.73815918 1
63 31 394.428161621 1
63 31 394.48638916 1
63 31 400.95703125 1
63 31 401.330566406 1
63 31 402.749847412 1
63 31 409.245422363 1
63 31 422.945404053 1
63 31 423.842407227 1
63 31 430.650238037 1
63 31 432.757598877 1
63 31 448.069824219 1
63 31 461.087646484 1
63 31 463.046905518 1
63 31 479.137298584 1
63 31 491.080780029 1
63 31 492.024505615 1
63 31 493.323242188 1
63 31 503.271606445 1
63 31 507.313995361 1
63 31 509.340423584 1
63 31 513.93347168 1
63 31 539.572387695 1
63 31 550.36315918 1
63 31 565.898254395 1
63 31 575.828186035 1
63 31 603.525878906 1
63 31 619.257446289 1
63 31 621.280639648 1
63 31 632.179138184 1
63 31 657.358032227 1
63 31 659.115722656 1
63 31 674.778076172 1
63 31 684.731384277 1
63 31 717.354492188 1
63 31 721.615905762 1
63 31 737.229736328 1
63 31 885.617370605 1
63 31 971.040710449 1
63 31 974.107299805 1
63 31 1023.25982666 1
63 31 1152.87841797 1
63 31 2852.50927734 1
63 32 213.662017822 1
63 32 215.810455322 1
63 32 228.400009155 1
63 32 230.25213623 1
63 32 231.779464722 1
63 32 237.888946533 1
63 32 240.548934937 1
63 32 240.555831909 1
63 32 244.103790283 1
63 32 245.485931396 1
63 32 247.965911865 1
63 32 253.731903076 1
63 32 257.44342041 1
63 32 259.095855713 1
63 32 264.35635376 1
63 32 266.64239502 1
63 32 270.044189453 1
63 32 273.257324219 1
63 32 275.065673828 1
63 32 278.663269043 1
63 32 279.947296143 1
63 32 280.910125732 1
63 32 292.840362549 1
63 32 294.496826172 1
63 32 300.604888916 1
63 32 301.138336182 1
63 32 313.39932251 1
63 32 329.090454102 1
63 32 333.770050049 1
63 32 336.760253906 1
63 32 344.112213135 1
63 32 344.299926758 1
63 32 351.08581543 1
63 32 356.254943848 1
63 32 362.369934082 1
63 32 367.086639404 1
63 32 369.263549805 1
63 32 370.103515625 1
63 32 370.45199585 1
63 32 372.028045654 1
63 32 374.830169678 1
63 32 375.070281982 1
63 32 384.166992188 1
63 32 386.000183105 1
63 32 386.863647461 1
63 32 391.296051025 1
63 32 424.076507568 1
63 32 430.284637451 1
63 32 449.563232422 1
63 32 470.642578125 1
63 32 471.100219727 1
63 32 475.329711914 1
63 32 477.396057129 1
63 32 488.752655029 1
63 32 493.790496826 1
63 32 508.403411865 1
63 32 517.29296875 1
63 32 521.760620117 1
63 32 548.072753906 1
63 32 553.463623047 1
63 32 560.472167969 1
63 32 573.926147461 1
63 32 593.829467773 1
63 32 662.538085938 1
63 32 680.360839844 1
63 32 784.077026367 1
63 32 842.877807617 1
63 32 933.292663574 1
63 32 936.232727051 1
63 32 1045.42028809 1
63 33 394.389434814 1
63 33 435.178070068 1
63 33 482.087738037 1
63 33 484.251068115 1
63 33 515.134277344 1
63 33 566.159851074 1
63 33 603.716369629 1
63 33 774.308898926 1
63 33 782.940917969 1
63 34 583.648986816 1
63 34 734.220336914 1
63 34 794.475036621 1
63 34 909.802368164 1
64 23 1135.18005371 1
64 26 1183.51550293 1
64 27 840.482788086 1
64 27 849.583190918 1
64 27 1053.265625 1
64 28 721.793762207 1
64 28 780.977355957 1
64 28 1376.61877441 1
64 28 2781.09716797 1
64 29 720.204772949 1
64 29 734.64263916 1
64 29 749.768188477 1
64 29 753.344482422 1
64 29 768.964660645 1
64 29 794.090270996 1
64 29 812.145874023 1
64 29 826.727539062 1
64 29 827.654663086 1
64 29 944.130493164 1
64 29 1032.84912109 1
64 29 1185.89550781 1
64 29 1348.37854004 1
64 29 1827.36108398 1
64 30 775.360290527 1
64 30 778.139465332 1
64 30 853.352111816 1
64 30 959.331176758 1
64 30 1618.78674316 1
64 30 1893.13183594 1
64 31 685.167785645 1
64 31 706.55279541 1
64 31 754.914611816 1
64 31 928.293579102 1
64 31 1008.18670654 1
64 31 1126.94274902 1
64 31 1155.71179199 1
64 31 1432.45861816 1
64 32 618.886657715 1
64 32 673.625366211 1
64 32 1097.48742676 1
64 32 1287.49609375 1
64 33 880.912658691 1
64 33 951.387268066 1
64 34 1032.31481934 1
65 29 1959.20983887 1
69 25 2799.19580078 1
69 26 1792.06396484 1
69 27 1625.94030762 1
69 31 1547.38330078 1
70 22 1143.28918457 1
70 23 1441.81298828 1
70 23 1444.45568848 1
70 23 3113.72338867 1
70 24 2331.74365234 1
70 25 929.320129395 1
70 25 1038.25964355 1
70 25 1494.63574219 1
70 25 1744.99316406 1
70 26 699.814453125 1
70 26 735.394592285 1
70 26 879.605712891 1
70 26 919.166137695 1
70 26 939.458984375 1
70 26 996.463134766 1
70 26 1321.82714844 1
70 27 660.408630371 1
70 27 714.229064941 1
70 27 756.065551758 1
70 27 795.884521484 1
70 27 820.443786621 1
70 27 864.103027344 1
70 27 1022.96520996 1
70 27 1208.05078125 1
70 27 1469.98242188 1
70 28 754.194274902 1
70 28 925.196472168 1
70 28 952.145141602 1
70 28 1044.01660156 1
70 28 1183.39685059 1
70 28 1230.84509277 1
70 29 674.813171387 1
70 29 695.843017578 1
70 29 697.193908691 1
70 29 721.617858887 1
70 29 738.689025879 1
70 29 776.023620605 1
70 29 868.678649902 1
70 29 1129.24450684 1
70 29 1208.54284668 1
70 29 1312.0123291 1
70 29 1357.6907959 1
70 30 985.346740723 1
70 30 1045.10253906 1
70 30 1243.60510254 1
70 30 1418.71557617 1
70 31 1699.47290039 1
70 31 2758.14477539 1
70 32 776.520568848 1
71 21 1056.13317871 1
71 21 1502.89379883 1
71 23 1293.11315918 1
71 24 1157.55126953 1
71 25 870.321777344 1
71 25 1027.53015137 1
71 26 805.659790039 1
71 26 931.286254883 1
71 26 1678.56799316 1
71 26 1720.29541016 1
71 27 672.13067627 1
71 27 1158.22192383 1
71 27 1441.82348633 1
71 28 654.538391113 1
71 28 661.533203125 1
71 28 686.122009277 1
71 28 687.4765625 1
71 28 776.088378906 1
71 28 834.307373047 1
71 28 917.257629395 1
71 29 648.511962891 1
71 29 724.780273438 1
71 29 887.142700195 1
71 29 935.087280273 1
71 29 1277.47277832 1
71 30 643.091247559 1
71 30 655.402954102 1
71 30 712.55847168 1
71 30 728.271057129 1
71 30 995.168762207 1
71 30 1125.89160156 1
71 30 1165.72937012 1
71 30 1281.33557129 1
71 30 1314.73352051 1
71 30 1649.68676758 1
71 31 1032.75915527 1
71 32 909.846435547 1
76 30 1645.3347168 1
77 27 1242.01708984 1
78 24 2345.203125 1
