000 342.0 0.0 1000000.0
008 335.0 0.0 1000000.0
009 344.0 0.0 1000000.0
010 334.0 0.0 1000000.0
011 347.0 0.0 1000000.0
013 330.0 0.0 1000000.0
016 342.0 0.0 1000000.0
022 334.0 0.0 1000000.0
027 341.0 0.0 1000000.0
034 322.0 0.0 1000000.0
045 271.0 0.0 1000000.0
063 252.0 0.0 1000000.0
090 163.0 0.0 1000000.0
117 73.0 0.0 1000000.0
135 44.0 0.0 1000000.0
146 41.0 0.0 1000000.0
153 19.0 0.0 1000000.0
158 25.0 0.0 1000000.0
162 15.0 0.0 1000000.0
164 17.0 0.0 1000000.0
166 20.0 0.0 1000000.0
167 14.0 0.0 1000000.0
169 15.0 0.0 1000000.0
171 19.0 0.0 1000000.0
172 15.0 0.0 1000000.0
180 14.0 0.0 1000000.0
