000 3332.0 0.0 10000000.0
008 2798.0 0.0 10000000.0
009 2700.0 0.0 10000000.0
010 2717.0 0.0 10000000.0
011 2832.0 0.0 10000000.0
013 2668.0 0.0 10000000.0
016 2691.0 0.0 10000000.0
022 2609.0 0.0 10000000.0
027 2631.0 0.0 10000000.0
034 2548.0 0.0 10000000.0
045 2351.0 0.0 10000000.0
063 2080.0 0.0 10000000.0
090 1625.0 0.0 10000000.0
117 855.0 0.0 10000000.0
135 549.0 0.0 10000000.0
146 396.0 0.0 10000000.0
153 309.0 0.0 10000000.0
158 251.0 0.0 10000000.0
162 241.0 0.0 10000000.0
164 205.0 0.0 10000000.0
166 211.0 0.0 10000000.0
167 215.0 0.0 10000000.0
169 196.0 0.0 10000000.0
171 207.0 0.0 10000000.0
172 167.0 0.0 10000000.0
180 164.0 0.0 10000000.0
