string dom time hits
44 27 1905.17199707 1
45 28 1388.62390137 1
45 28 1882.83532715 1
53 20 2336.87109375 1
53 21 2157.49462891 1
53 26 1615.3572998 1
53 28 1791.16088867 1
54 18 1938.13623047 1
54 21 1415.8182373 1
54 23 1043.71972656 1
54 24 1056.32678223 1
54 24 1784.63037109 1
54 25 1531.42114258 1
54 26 722.766540527 1
54 26 960.269287109 1
54 26 1041.91662598 1
54 27 743.347106934 1
54 27 762.145996094 1
54 27 854.907470703 1
54 27 876.194396973 1
54 27 906.268371582 1
54 27 2049.37280273 1
54 28 645.432067871 1
54 28 660.051696777 1
54 28 769.775390625 1
54 28 918.148132324 1
54 28 996.392211914 1
54 28 1129.26306152 1
54 28 1138.72766113 1
54 28 1304.29284668 1
54 29 624.735656738 1
54 29 635.788452148 1
54 29 716.875 1
54 29 769.451538086 1
54 29 786.479309082 1
54 29 825.159851074 1
54 29 925.392089844 1
54 29 957.742675781 1
54 29 1062.28625488 1
54 29 1120.63476562 1
54 29 1240.1862793 1
54 29 1297.5970459 1
54 30 643.649108887 1
54 30 715.853210449 1
54 30 742.30871582 1
54 30 834.81640625 1
54 30 1067.97705078 1
54 30 1605.51782227 1
54 31 801.623413086 1
54 34 1784.50183105 1
55 22 1029.17993164 1
55 22 1305.21679688 1
55 22 1497.81640625 1
55 25 734.552368164 1
55 26 851.39050293 1
55 26 967.196960449 1
55 26 1489.81518555 1
55 26 1495.48449707 1
55 26 1583.22705078 1
55 26 1600.13378906 1
55 26 1913.48986816 1
55 27 725.816894531 1
55 27 820.411437988 1
55 27 844.226745605 1
55 27 1091.97937012 1
55 27 1670.15454102 1
55 27 1765.41601562 1
55 27 1815.4642334 1
55 28 693.750671387 1
55 28 694.068359375 1
55 28 765.82208252 1
55 28 766.371276855 1
55 28 868.398071289 1
55 28 953.348083496 1
55 28 1053.23962402 1
55 28 1135.78564453 1
55 28 1284.99987793 1
55 28 1492.89562988 1
55 28 1639.31652832 1
55 29 604.177246094 1
55 29 636.022460938 1
55 29 765.467224121 1
55 29 844.776123047 1
55 29 920.614379883 1
55 29 975.863586426 1
55 29 983.780639648 1
55 30 683.774169922 1
55 30 961.115783691 1
55 30 972.856384277 1
55 30 1218.76867676 1
55 31 800.022521973 1
55 31 943.500244141 1
55 31 1190.29394531 1
55 32 784.001831055 1
56 28 2155.52832031 1
56 29 2346.39233398 1
62 18 2189.44848633 1
62 19 2668.54638672 1
62 22 2022.26928711 1
62 24 945.684387207 1
62 24 1026.29162598 1
62 24 1279.45495605 1
62 25 772.501953125 1
62 26 781.348754883 1
62 26 838.173095703 1
62 26 931.646850586 1
62 26 987.402038574 1
62 26 1031.3125 1
62 26 1093.9185791 1
62 26 1137.87609863 1
62 27 768.758239746 1
62 27 782.156311035 1
62 27 818.107727051 1
62 27 819.612915039 1
62 27 917.323425293 1
62 27 926.937927246 1
62 27 1070.30285645 1
62 27 1076.41027832 1
62 27 1151.6619873 1
62 27 1194.48364258 1
62 27 1727.53637695 1
62 28 698.57800293 1
62 28 730.977844238 1
62 28 734.202392578 1
62 28 736.445373535 1
62 28 757.246154785 1
62 28 779.367858887 1
62 28 803.675720215 1
62 28 820.105712891 1
62 28 846.872375488 1
62 28 920.252746582 1
62 28 1097.9597168 1
62 28 1181.59619141 1
62 28 1241.53723145 1
62 28 2045.0480957 1
62 29 711.315490723 1
62 29 738.274414062 1
62 29 797.681091309 1
62 29 902.994628906 1
62 29 1057.21875 1
62 29 1103.67175293 1
62 29 1135.75085449 1
62 29 1155.5032959 1
62 29 1482.78198242 1
62 29 1689.67541504 1
62 30 676.82800293 1
62 30 758.344055176 1
62 30 763.924987793 1
62 30 798.705627441 1
62 30 991.625061035 1
62 30 1110.85522461 1
62 30 1581.52929688 1
62 31 712.336791992 1
62 31 810.034057617 1
62 31 892.372253418 1
62 31 1216.7130127 1
62 31 1847.86022949 1
62 32 837.664001465 1
62 32 1131.42297363 1
62 32 1333.91943359 1
63 21 905.106750488 1
63 21 1070.27111816 1
63 21 1223.65966797 1
63 21 1257.00073242 1
63 21 1269.30505371 1
63 22 749.565307617 1
63 22 777.071228027 1
63 22 888.39239502 1
63 22 1021.65283203 1
63 22 1033.39904785 1
63 23 623.412475586 1
63 23 639.853515625 1
63 23 707.784057617 1
63 23 838.216491699 1
63 23 1026.90014648 1
63 23 1044.38000488 1
63 23 1082.06689453 1
63 23 1276.14489746 1
63 24 503.432891846 1
63 24 536.968933105 1
63 24 560.538146973 1
63 24 601.87487793 1
63 24 604.576599121 1
63 24 608.030700684 1
63 24 634.453430176 1
63 24 638.1796875 1
63 24 638.453674316 1
63 24 657.12109375 1
63 24 673.515197754 1
63 24 743.60144043 1
63 24 757.041137695 1
63 24 814.962524414 1
63 24 827.041015625 1
63 24 916.210876465 1
63 24 974.668029785 1
63 24 990.211242676 1
63 24 1028.078125 1
63 24 1058.72009277 1
63 24 1082.44885254 1
63 24 1159.90307617 1
63 24 1245.9901123 1
63 24 1447.25158691 1
63 25 431.228179932 1
63 25 437.589599609 1
63 25 439.907806396 1
63 25 444.975402832 1
63 25 447.052368164 1
63 25 461.657958984 1
63 25 481.072570801 1
63 25 484.774139404 1
63 25 491.524780273 1
63 25 493.791229248 1
63 25 503.341369629 1
63 25 514.13293457 1
63 25 518.039855957 1
63 25 518.659790039 1
63 25 520.375854492 1
63 25 526.880187988 1
63 25 527.709411621 1
63 25 538.629577637 1
63 25 552.609008789 1
63 25 555.366088867 1
63 25 563.64630127 1
63 25 567.948669434 1
63 25 568.079223633 1
63 25 569.081481934 1
63 25 574.927185059 1
63 25 581.059265137 1
63 25 622.215026855 1
63 25 626.071228027 1
63 25 627.158691406 1
63 25 627.20880127 1
63 25 629.555419922 1
63 25 634.848388672 1
63 25 638.125244141 1
63 25 665.32232666 1
63 25 667.95880127 1
63 25 701.958557129 1
63 25 705.127075195 1
63 25 719.220703125 1
63 25 725.274047852 1
63 25 732.726257324 1
63 25 735.408996582 1
63 25 737.061706543 1
63 25 765.099914551 1
63 25 792.343933105 1
63 25 870.254272461 1
63 25 894.630249023 1
63 25 901.262023926 1
63 25 974.629699707 1
63 25 1047.81396484 1
63 25 1081.24755859 1
63 25 1301.15942383 1
63 25 1776.38000488 1
63 26 332.872375488 1
63 26 334.474182129 1
63 26 340.630157471 1
63 26 343.417266846 1
63 26 344.336975098 1
63 26 345.913665771 1
63 26 346.525299072 1
63 26 347.134735107 1
63 26 347.331329346 1
63 26 351.15536499 1
63 26 351.886108398 1
63 26 352.936676025 1
63 26 353.36605835 1
63 26 354.739685059 1
63 26 355.803466797 1
63 26 356.573272705 1
63 26 358.995544434 1
63 26 359.472747803 1
63 26 362.114868164 1
63 26 363.171691895 1
63 26 364.279174805 1
63 26 365.526611328 1
63 26 365.946472168 1
63 26 366.440246582 1
63 26 368.183563232 1
63 26 368.917266846 1
63 26 370.352325439 1
63 26 370.53616333 1
63 26 372.79788208 1
63 26 373.705780029 1
63 26 374.690582275 1
63 26 375.027770996 1
63 26 375.548492432 1
63 26 375.756866455 1
63 26 376.367553711 1
63 26 378.050994873 1
63 26 378.059844971 1
63 26 378.848358154 1
63 26 380.303710938 1
63 26 380.652984619 1
63 26 381.254730225 1
63 26 381.339202881 1
63 26 382.109588623 1
63 26 384.766571045 1
63 26 385.345031738 1
63 26 385.475128174 1
63 26 386.184112549 1
63 26 386.90423584 1
63 26 387.705627441 1
63 26 388.11416626 1
63 26 388.214172363 1
63 26 388.499969482 1
63 26 393.187438965 1
63 26 398.327514648 1
63 26 398.711608887 1
63 26 399.425567627 1
63 26 399.971496582 1
63 26 400.85244751 1
63 26 401.168945312 1
63 26 404.002929688 1
63 26 406.738220215 1
63 26 409.39276123 1
63 26 410.840087891 1
63 26 411.665893555 1
63 26 412.573364258 1
63 26 413.38381958 1
63 26 414.170623779 1
63 26 415.417663574 1
63 26 416.488098145 1
63 26 416.671020508 1
63 26 416.896179199 1
63 26 420.0 1
63 26 421.31729126 1
63 26 422.372375488 1
63 26 424.349243164 1
63 26 426.076599121 1
63 26 430.536804199 1
63 26 433.232727051 1
63 26 436.504302979 1
63 26 445.562011719 1
63 26 446.915252686 1
63 26 455.302276611 1
63 26 463.659210205 1
63 26 471.236328125 1
63 26 476.193969727 1
63 26 476.36026001 1
63 26 476.822601318 1
63 26 480.038879395 1
63 26 483.130889893 1
63 26 483.414123535 1
63 26 484.580078125 1
63 26 485.37890625 1
63 26 491.603271484 1
63 26 503.349853516 1
63 26 503.672943115 1
63 26 504.176849365 1
63 26 505.706085205 1
63 26 516.407531738 1
63 26 523.834411621 1
63 26 524.453613281 1
63 26 534.8984375 1
63 26 538.824523926 1
63 26 539.013305664 1
63 26 549.028869629 1
63 26 549.602355957 1
63 26 560.951904297 1
63 26 560.965942383 1
63 26 570.803466797 1
63 26 584.314941406 1
63 26 588.408569336 1
63 26 592.602783203 1
63 26 595.616333008 1
63 26 601.936340332 1
63 26 693.821044922 1
63 26 712.976501465 1
63 26 713.132751465 1
63 26 728.268066406 1
63 26 738.540588379 1
63 26 749.253540039 1
63 26 760.450622559 1
63 26 809.891723633 1
63 26 832.663146973 1
63 26 833.922546387 1
63 26 865.108947754 1
63 26 882.752075195 1
63 26 899.5078125 1
63 26 967.653869629 1
63 26 1020.11773682 1
63 26 1050.83239746 1
63 26 1081.23803711 1
63 26 1122.8347168 1
63 26 1202.78955078 1
63 26 1574.83728027 1
63 26 1924.87670898 1
63 27 237.037185669 1
63 27 238.727661133 1
63 27 238.894058228 1
63 27 238.940887451 1
63 27 243.824020386 1
63 27 244.046966553 1
63 27 244.786300659 1
63 27 247.570266724 1
63 27 248.727523804 1
63 27 250.228485107 1
63 27 251.611999512 1
63 27 251.766708374 1
63 27 252.283905029 1
63 27 252.773010254 1
63 27 253.075149536 1
63 27 253.185287476 1
63 27 253.197097778 1
63 27 253.313293457 1
63 27 253.413330078 1
63 27 253.692276001 1
63 27 254.478363037 1
63 27 254.510406494 1
63 27 254.537078857 1
63 27 254.698974609 1
63 27 254.857162476 1
63 27 254.932418823 1
63 27 255.039260864 1
63 27 255.217376709 1
63 27 255.262695312 1
63 27 255.285644531 1
63 27 256.387115479 1
63 27 256.853912354 1
63 27 256.937835693 1
63 27 257.107116699 1
63 27 257.141540527 1
63 27 258.42868042 1
63 27 258.50012207 1
63 27 258.773345947 1
63 27 258.972900391 1
63 27 259.415588379 1
63 27 259.603820801 1
63 27 259.667266846 1
63 27 259.726898193 1
63 27 259.930725098 1
63 27 260.010070801 1
63 27 260.270599365 1
63 27 260.345916748 1
63 27 260.468811035 1
63 27 260.533050537 1
63 27 261.664459229 1
63 27 262.524719238 1
63 27 262.638793945 1
63 27 262.71987915 1
63 27 262.852081299 1
63 27 263.049224854 1
63 27 263.232391357 1
63 27 263.739562988 1
63 27 263.93270874 1
63 27 264.029602051 1
63 27 264.029632568 1
63 27 264.035217285 1
63 27 264.897399902 1
63 27 265.038299561 1
63 27 265.179382324 1
63 27 265.442352295 1
63 27 265.558807373 1
63 27 266.235839844 1
63 27 266.300445557 1
63 27 266.38571167 1
63 27 266.708404541 1
63 27 266.965087891 1
63 27 267.111114502 1
63 27 267.382019043 1
63 27 267.612304688 1
63 27 267.671661377 1
63 27 267.832305908 1
63 27 268.147033691 1
63 27 268.274719238 1
63 27 268.863616943 1
63 27 269.263824463 1
63 27 269.536590576 1
63 27 270.348266602 1
63 27 270.352813721 1
63 27 270.637451172 1
63 27 270.807037354 1
63 27 272.182678223 1
63 27 272.579833984 1
63 27 272.649169922 1
63 27 272.792785645 1
63 27 273.198547363 1
63 27 273.36517334 1
63 27 273.411376953 1
63 27 273.791595459 1
63 27 274.872619629 1
63 27 275.134399414 1
63 27 275.417816162 1
63 27 275.431610107 1
63 27 275.629882812 1
63 27 275.80480957 1
63 27 276.105560303 1
63 27 276.402526855 1
63 27 276.485137939 1
63 27 276.485321045 1
63 27 276.646148682 1
63 27 276.979431152 1
63 27 277.490905762 1
63 27 277.591064453 1
63 27 278.19644165 1
63 27 278.393615723 1
63 27 278.620361328 1
63 27 278.69039917 1
63 27 279.553314209 1
63 27 279.586517334 1
63 27 279.659729004 1
63 27 280.426330566 1
63 27 280.763092041 1
63 27 280.954864502 1
63 27 281.184082031 1
63 27 281.358642578 1
63 27 281.741912842 1
63 27 281.858184814 1
63 27 282.24041748 1
63 27 282.366546631 1
63 27 282.604705811 1
63 27 282.830200195 1
63 27 283.004730225 1
63 27 283.628448486 1
63 27 283.841827393 1
63 27 284.273406982 1
63 27 284.695495605 1
63 27 285.815551758 1
63 27 286.085144043 1
63 27 286.400634766 1
63 27 287.399230957 1
63 27 287.72857666 1
63 27 288.034393311 1
63 27 288.881988525 1
63 27 288.891357422 1
63 27 289.06048584 1
63 27 289.119354248 1
63 27 289.384460449 1
63 27 289.439361572 1
63 27 289.558288574 1
63 27 289.63482666 1
63 27 290.157623291 1
63 27 290.163391113 1
63 27 290.878265381 1
63 27 290.893249512 1
63 27 292.599945068 1
63 27 292.649597168 1
63 27 292.738311768 1
63 27 292.818481445 1
63 27 293.96081543 1
63 27 294.00604248 1
63 27 294.12210083 1
63 27 294.385498047 1
63 27 294.398742676 1
63 27 294.448547363 1
63 27 295.0909729 1
63 27 296.299865723 1
63 27 296.332733154 1
63 27 296.585662842 1
63 27 296.634338379 1
63 27 298.437744141 1
63 27 301.099243164 1
63 27 301.180328369 1
63 27 301.249481201 1
63 27 301.32623291 1
63 27 301.457855225 1
63 27 301.796600342 1
63 27 302.879302979 1
63 27 303.511627197 1
63 27 304.166381836 1
63 27 304.561431885 1
63 27 306.101104736 1
63 27 306.232513428 1
63 27 306.733123779 1
63 27 306.887573242 1
63 27 307.213226318 1
63 27 308.447998047 1
63 27 309.351135254 1
63 27 309.537689209 1
63 27 309.986236572 1
63 27 310.2215271 1
63 27 310.940002441 1
63 27 310.994506836 1
63 27 311.456451416 1
63 27 314.063201904 1
63 27 314.297149658 1
63 27 314.669799805 1
63 27 314.811676025 1
63 27 315.004638672 1
63 27 316.178924561 1
63 27 317.107086182 1
63 27 317.124786377 1
63 27 318.479736328 1
63 27 321.217803955 1
63 27 321.291290283 1
63 27 321.292755127 1
63 27 321.525146484 1
63 27 322.68460083 1
63 27 323.865692139 1
63 27 324.545471191 1
63 27 324.711761475 1
63 27 325.936279297 1
63 27 326.205535889 1
63 27 327.571929932 1
63 27 328.488189697 1
63 27 328.756866455 1
63 27 328.9609375 1
63 27 329.69921875 1
63 27 329.967712402 1
63 27 330.362091064 1
63 27 331.810119629 1
63 27 332.225952148 1
63 27 332.284606934 1
63 27 333.739624023 1
63 27 333.870788574 1
63 27 334.426971436 1
63 27 334.623199463 1
63 27 337.445159912 1
63 27 338.744750977 1
63 27 338.85446167 1
63 27 343.698883057 1
63 27 343.723114014 1
63 27 346.904937744 1
63 27 353.769073486 1
63 27 354.510406494 1
63 27 354.796966553 1
63 27 356.344970703 1
63 27 358.530059814 1
63 27 362.062469482 1
63 27 362.178283691 1
63 27 365.878631592 1
63 27 367.462615967 1
63 27 368.412078857 1
63 27 368.60269165 1
63 27 368.857025146 1
63 27 370.304260254 1
63 27 372.874969482 1
63 27 373.590911865 1
63 27 382.313140869 1
63 27 382.54119873 1
63 27 382.697631836 1
63 27 382.794158936 1
63 27 384.227539062 1
63 27 390.686309814 1
63 27 391.216308594 1
63 27 391.348083496 1
63 27 391.881530762 1
63 27 392.206695557 1
63 27 396.067871094 1
63 27 399.940185547 1
63 27 405.217773438 1
63 27 406.604888916 1
63 27 409.175048828 1
63 27 413.391113281 1
63 27 414.921234131 1
63 27 420.533447266 1
63 27 421.294891357 1
63 27 427.366546631 1
63 27 428.143615723 1
63 27 429.883728027 1
63 27 434.310852051 1
63 27 434.59274292 1
63 27 435.475952148 1
63 27 443.363067627 1
63 27 459.815460205 1
63 27 468.068756104 1
63 27 477.41027832 1
63 27 485.442718506 1
63 27 492.388580322 1
63 27 493.575622559 1
63 27 497.516937256 1
63 27 505.081420898 1
63 27 508.414245605 1
63 27 515.118164062 1
63 27 519.446716309 1
63 27 521.11505127 1
63 27 523.79498291 1
63 27 541.520202637 1
63 27 541.754699707 1
63 27 544.217712402 1
63 27 560.826660156 1
63 27 561.167785645 1
63 27 570.513183594 1
63 27 576.676879883 1
63 27 585.61340332 1
63 27 590.795654297 1
63 27 607.760192871 1
63 27 616.033447266 1
63 27 617.516357422 1
63 27 623.16796875 1
63 27 637.800964355 1
63 27 652.456359863 1
63 27 661.050109863 1
63 27 676.091125488 1
63 27 682.969665527 1
63 27 694.091491699 1
63 27 695.32244873 1
63 27 699.235168457 1
63 27 722.7265625 1
63 27 723.464416504 1
63 27 731.174377441 1
63 27 733.743347168 1
63 27 735.320556641 1
63 27 769.292907715 1
63 27 839.268798828 1
63 27 851.770263672 1
63 27 852.067016602 1
63 27 868.358276367 1
63 27 912.396911621 1
63 27 915.453552246 1
63 27 934.72277832 1
63 27 994.790893555 1
63 27 1298.24768066 1
63 27 1408.15600586 1
63 27 1432.41577148 1
63 27 1535.71191406 1
63 27 1548.5802002 1
63 28 161.486938477 1
63 28 161.783416748 1
63 28 161.798706055 1
63 28 162.132904053 1
63 28 162.572647095 1
63 28 162.713394165 1
63 28 163.600418091 1
63 28 163.858688354 1
63 28 164.269104004 1
63 28 164.615356445 1
63 28 164.969543457 1
63 28 165.177841187 1
63 28 165.192306519 1
63 28 165.247055054 1
63 28 165.285949707 1
63 28 165.364257812 1
63 28 165.530212402 1
63 28 165.668746948 1
63 28 165.861618042 1
63 28 166.348373413 1
63 28 166.353927612 1
63 28 166.447357178 1
63 28 166.721557617 1
63 28 166.774703979 1
63 28 166.853775024 1
63 28 167.088775635 1
63 28 167.122070312 1
63 28 167.221359253 1
63 28 167.337921143 1
63 28 167.388076782 1
63 28 167.550308228 1
63 28 167.577804565 1
63 28 167.646392822 1
63 28 167.848693848 1
63 28 167.8646698 1
63 28 167.879989624 1
63 28 167.900299072 1
63 28 168.164810181 1
63 28 168.189559937 1
63 28 168.193771362 1
63 28 168.250488281 1
63 28 168.39793396 1
63 28 168.545761108 1
63 28 168.565612793 1
63 28 168.566741943 1
63 28 168.571838379 1
63 28 168.588851929 1
63 28 168.636962891 1
63 28 168.837020874 1
63 28 168.895248413 1
63 28 168.980651855 1
63 28 169.011642456 1
63 28 169.041427612 1
63 28 169.083267212 1
63 28 169.179443359 1
63 28 169.412124634 1
63 28 169.437194824 1
63 28 169.628234863 1
63 28 169.722640991 1
63 28 169.811676025 1
63 28 169.834182739 1
63 28 169.837615967 1
63 28 169.908889771 1
63 28 170.022186279 1
63 28 170.085144043 1
63 28 170.090545654 1
63 28 170.205337524 1
63 28 170.240631104 1
63 28 170.354949951 1
63 28 170.650878906 1
63 28 170.698272705 1
63 28 170.825592041 1
63 28 170.83694458 1
63 28 170.999801636 1
63 28 171.028900146 1
63 28 171.040481567 1
63 28 171.087417603 1
63 28 171.114944458 1
63 28 171.177444458 1
63 28 171.316650391 1
63 28 171.345932007 1
63 28 171.460189819 1
63 28 171.587677002 1
63 28 171.596237183 1
63 28 171.647750854 1
63 28 171.661529541 1
63 28 171.712966919 1
63 28 171.719390869 1
63 28 171.752441406 1
63 28 171.807006836 1
63 28 171.936645508 1
63 28 171.977157593 1
63 28 171.988128662 1
63 28 172.006637573 1
63 28 172.075973511 1
63 28 172.088302612 1
63 28 172.233596802 1
63 28 172.239562988 1
63 28 172.350067139 1
63 28 172.606674194 1
63 28 172.615722656 1
63 28 172.641326904 1
63 28 172.700042725 1
63 28 172.745513916 1
63 28 172.80380249 1
63 28 172.879394531 1
63 28 172.891464233 1
63 28 172.984909058 1
63 28 172.992980957 1
63 28 173.15171814 1
63 28 173.458007812 1
63 28 173.460708618 1
63 28 173.621124268 1
63 28 173.653991699 1
63 28 173.658599854 1
63 28 173.712310791 1
63 28 173.803451538 1
63 28 173.819503784 1
63 28 173.951828003 1
63 28 173.964248657 1
63 28 173.971450806 1
63 28 174.059997559 1
63 28 174.393157959 1
63 28 174.443664551 1
63 28 174.455993652 1
63 28 174.471481323 1
63 28 174.602127075 1
63 28 174.779953003 1
63 28 174.794006348 1
63 28 174.801300049 1
63 28 174.829391479 1
63 28 174.839294434 1
63 28 175.0493927 1
63 28 175.059326172 1
63 28 175.164413452 1
63 28 175.176467896 1
63 28 175.177856445 1
63 28 175.311538696 1
63 28 175.450454712 1
63 28 175.508682251 1
63 28 175.523162842 1
63 28 175.531921387 1
63 28 175.551895142 1
63 28 175.636688232 1
63 28 175.681335449 1
63 28 175.805953979 1
63 28 175.879089355 1
63 28 175.879379272 1
63 28 175.880432129 1
63 28 175.89666748 1
63 28 175.972091675 1
63 28 176.054534912 1
63 28 176.135040283 1
63 28 176.146957397 1
63 28 176.237731934 1
63 28 176.280532837 1
63 28 176.425170898 1
63 28 176.542984009 1
63 28 176.662353516 1
63 28 176.838623047 1
63 28 176.844848633 1
63 28 176.881576538 1
63 28 176.91494751 1
63 28 176.984207153 1
63 28 177.013961792 1
63 28 177.02166748 1
63 28 177.046661377 1
63 28 177.068984985 1
63 28 177.190597534 1
63 28 177.274932861 1
63 28 177.316299438 1
63 28 177.469787598 1
63 28 177.658874512 1
63 28 177.791275024 1
63 28 177.811645508 1
63 28 177.818634033 1
63 28 177.821090698 1
63 28 177.932220459 1
63 28 177.935256958 1
63 28 177.960906982 1
63 28 177.971603394 1
63 28 178.052001953 1
63 28 178.079299927 1
63 28 178.173294067 1
63 28 178.186325073 1
63 28 178.193328857 1
63 28 178.205047607 1
63 28 178.262527466 1
63 28 178.395828247 1
63 28 178.41494751 1
63 28 178.433151245 1
63 28 178.510574341 1
63 28 178.518936157 1
63 28 178.529388428 1
63 28 178.536254883 1
63 28 178.59765625 1
63 28 178.690490723 1
63 28 178.703781128 1
63 28 178.704528809 1
63 28 178.768218994 1
63 28 178.818649292 1
63 28 178.84375 1
63 28 178.971191406 1
63 28 179.024154663 1
63 28 179.066802979 1
63 28 179.118682861 1
63 28 179.119918823 1
63 28 179.134552002 1
63 28 179.167480469 1
63 28 179.2396698 1
63 28 179.252975464 1
63 28 179.267379761 1
63 28 179.315551758 1
63 28 179.324905396 1
63 28 179.382446289 1
63 28 179.418777466 1
63 28 179.434860229 1
63 28 179.451156616 1
63 28 179.596618652 1
63 28 179.601928711 1
63 28 179.663131714 1
63 28 179.673294067 1
63 28 179.677749634 1
63 28 179.70451355 1
63 28 179.709686279 1
63 28 179.733520508 1
63 28 179.824203491 1
63 28 180.018249512 1
63 28 180.024124146 1
63 28 180.220977783 1
63 28 180.274291992 1
63 28 180.28767395 1
63 28 180.316177368 1
63 28 180.339263916 1
63 28 180.422607422 1
63 28 180.424026489 1
63 28 180.4868927 1
63 28 180.628311157 1
63 28 180.726470947 1
63 28 180.861877441 1
63 28 180.866424561 1
63 28 180.900268555 1
63 28 180.923904419 1
63 28 180.956787109 1
63 28 181.009887695 1
63 28 181.086135864 1
63 28 181.1509552 1
63 28 181.18057251 1
63 28 181.226303101 1
63 28 181.304641724 1
63 28 181.307434082 1
63 28 181.434127808 1
63 28 181.478317261 1
63 28 181.585647583 1
63 28 181.590988159 1
63 28 181.647949219 1
63 28 181.769485474 1
63 28 181.88885498 1
63 28 181.889694214 1
63 28 181.891174316 1
63 28 181.943756104 1
63 28 182.042190552 1
63 28 182.053985596 1
63 28 182.057556152 1
63 28 182.165847778 1
63 28 182.296203613 1
63 28 182.450454712 1
63 28 182.463745117 1
63 28 182.735900879 1
63 28 182.740615845 1
63 28 182.761703491 1
63 28 182.786315918 1
63 28 182.881622314 1
63 28 182.893188477 1
63 28 182.939025879 1
63 28 182.965087891 1
63 28 182.971008301 1
63 28 183.009490967 1
63 28 183.119277954 1
63 28 183.131637573 1
63 28 183.164291382 1
63 28 183.203338623 1
63 28 183.225265503 1
63 28 183.229919434 1
63 28 183.278182983 1
63 28 183.306594849 1
63 28 183.371231079 1
63 28 183.387084961 1
63 28 183.391708374 1
63 28 183.450012207 1
63 28 183.451522827 1
63 28 183.504714966 1
63 28 183.52482605 1
63 28 183.589172363 1
63 28 183.624969482 1
63 28 183.643249512 1
63 28 183.725875854 1
63 28 183.734024048 1
63 28 183.957138062 1
63 28 184.07321167 1
63 28 184.139511108 1
63 28 184.24949646 1
63 28 184.268859863 1
63 28 184.3359375 1
63 28 184.424728394 1
63 28 184.500473022 1
63 28 184.566238403 1
63 28 184.617218018 1
63 28 184.716140747 1
63 28 184.822845459 1
63 28 184.923919678 1
63 28 185.060791016 1
63 28 185.061080933 1
63 28 185.066238403 1
63 28 185.098846436 1
63 28 185.172088623 1
63 28 185.179626465 1
63 28 185.321929932 1
63 28 185.463745117 1
63 28 185.478057861 1
63 28 185.551483154 1
63 28 185.834182739 1
63 28 186.002685547 1
63 28 186.075805664 1
63 28 186.130706787 1
63 28 186.130935669 1
63 28 186.174026489 1
63 28 186.27053833 1
63 28 186.449630737 1
63 28 186.651733398 1
63 28 186.72203064 1
63 28 186.738677979 1
63 28 186.741165161 1
63 28 186.791473389 1
63 28 187.03024292 1
63 28 187.078704834 1
63 28 187.084213257 1
63 28 187.088500977 1
63 28 187.114089966 1
63 28 187.333694458 1
63 28 187.36920166 1
63 28 187.418670654 1
63 28 187.539550781 1
63 28 187.600021362 1
63 28 187.697418213 1
63 28 187.698989868 1
63 28 187.719924927 1
63 28 187.884887695 1
63 28 187.955825806 1
63 28 188.088989258 1
63 28 188.097518921 1
63 28 188.175506592 1
63 28 188.284347534 1
63 28 188.464675903 1
63 28 188.587081909 1
63 28 188.626647949 1
63 28 188.678878784 1
63 28 188.710723877 1
63 28 188.762268066 1
63 28 188.828933716 1
63 28 188.89302063 1
63 28 188.895477295 1
63 28 188.931442261 1
63 28 188.972869873 1
63 28 189.017425537 1
63 28 189.17388916 1
63 28 189.328567505 1
63 28 189.452835083 1
63 28 189.519287109 1
63 28 189.778839111 1
63 28 189.942932129 1
63 28 190.272598267 1
63 28 190.283370972 1
63 28 190.401229858 1
63 28 190.576324463 1
63 28 190.807861328 1
63 28 190.812545776 1
63 28 190.839492798 1
63 28 190.861999512 1
63 28 190.94052124 1
63 28 190.953994751 1
63 28 191.007141113 1
63 28 191.05015564 1
63 28 191.272613525 1
63 28 191.294448853 1
63 28 191.337692261 1
63 28 191.411911011 1
63 28 191.568832397 1
63 28 191.586807251 1
63 28 191.667236328 1
63 28 191.770690918 1
63 28 191.813934326 1
63 28 191.821243286 1
63 28 192.045089722 1
63 28 192.128829956 1
63 28 192.188369751 1
63 28 192.325057983 1
63 28 192.355606079 1
63 28 192.39024353 1
63 28 192.51348877 1
63 28 192.532012939 1
63 28 192.689727783 1
63 28 192.766799927 1
63 28 193.242233276 1
63 28 193.491195679 1
63 28 193.522506714 1
63 28 193.673904419 1
63 28 193.685577393 1
63 28 193.782699585 1
63 28 193.829620361 1
63 28 193.831039429 1
63 28 194.395690918 1
63 28 194.409103394 1
63 28 194.556060791 1
63 28 194.65814209 1
63 28 194.660049438 1
63 28 194.663375854 1
63 28 194.875366211 1
63 28 194.878387451 1
63 28 194.881607056 1
63 28 195.052352905 1
63 28 195.070098877 1
63 28 195.228439331 1
63 28 195.25402832 1
63 28 195.265716553 1
63 28 195.727706909 1
63 28 196.081192017 1
63 28 196.164764404 1
63 28 196.475814819 1
63 28 196.500442505 1
63 28 196.503631592 1
63 28 196.567382812 1
63 28 197.199386597 1
63 28 197.249282837 1
63 28 197.352706909 1
63 28 197.575042725 1
63 28 197.579086304 1
63 28 197.724517822 1
63 28 197.800033569 1
63 28 197.880905151 1
63 28 197.898757935 1
63 28 198.035888672 1
63 28 198.062942505 1
63 28 198.260925293 1
63 28 198.395553589 1
63 28 198.449829102 1
63 28 198.470092773 1
63 28 198.975875854 1
63 28 199.329101562 1
63 28 199.615234375 1
63 28 199.731292725 1
63 28 199.908706665 1
63 28 199.95149231 1
63 28 200.029983521 1
63 28 200.43019104 1
63 28 200.790878296 1
63 28 200.830673218 1
63 28 200.905349731 1
63 28 201.056503296 1
63 28 201.165176392 1
63 28 201.205352783 1
63 28 201.42376709 1
63 28 201.606719971 1
63 28 201.737136841 1
63 28 201.78074646 1
63 28 201.892150879 1
63 28 202.068496704 1
63 28 202.10269165 1
63 28 202.156112671 1
63 28 202.270553589 1
63 28 202.464172363 1
63 28 202.694717407 1
63 28 202.808135986 1
63 28 202.924087524 1
63 28 203.176361084 1
63 28 203.496032715 1
63 28 203.814743042 1
63 28 204.128936768 1
63 28 204.256271362 1
63 28 204.327850342 1
63 28 204.346557617 1
63 28 204.410430908 1
63 28 204.781036377 1
63 28 204.86366272 1
63 28 204.9012146 1
63 28 204.957336426 1
63 28 205.119766235 1
63 28 205.321716309 1
63 28 205.358413696 1
63 28 205.68447876 1
63 28 206.080688477 1
63 28 206.096603394 1
63 28 206.125930786 1
63 28 206.208953857 1
63 28 206.706726074 1
63 28 206.717803955 1
63 28 206.776931763 1
63 28 207.180297852 1
63 28 207.248123169 1
63 28 207.506057739 1
63 28 207.859970093 1
63 28 207.930984497 1
63 28 208.251800537 1
63 28 208.308685303 1
63 28 208.805099487 1
63 28 208.962860107 1
63 28 209.222900391 1
63 28 209.757232666 1
63 28 209.930603027 1
63 28 210.476547241 1
63 28 210.730056763 1
63 28 210.794128418 1
63 28 210.949066162 1
63 28 211.034805298 1
63 28 211.493789673 1
63 28 211.733230591 1
63 28 211.741439819 1
63 28 212.156265259 1
63 28 212.214004517 1
63 28 212.220016479 1
63 28 212.245346069 1
63 28 212.261138916 1
63 28 213.089935303 1
63 28 213.465576172 1
63 28 213.993499756 1
63 28 213.997070312 1
63 28 214.318191528 1
63 28 214.367401123 1
63 28 215.009277344 1
63 28 215.395782471 1
63 28 216.519973755 1
63 28 216.913482666 1
63 28 216.937973022 1
63 28 217.234039307 1
63 28 217.396057129 1
63 28 217.47984314 1
63 28 217.576934814 1
63 28 217.858947754 1
63 28 218.040588379 1
63 28 218.74369812 1
63 28 218.775253296 1
63 28 219.015274048 1
63 28 219.075469971 1
63 28 219.245361328 1
63 28 219.245422363 1
63 28 219.975738525 1
63 28 221.094085693 1
63 28 221.138442993 1
63 28 221.374282837 1
63 28 221.447250366 1
63 28 221.741622925 1
63 28 222.006607056 1
63 28 222.066970825 1
63 28 223.061401367 1
63 28 223.931808472 1
63 28 224.182281494 1
63 28 226.75302124 1
63 28 227.205169678 1
63 28 227.25541687 1
63 28 227.296203613 1
63 28 228.561019897 1
63 28 228.647003174 1
63 28 228.672286987 1
63 28 228.705093384 1
63 28 229.008514404 1
63 28 229.051864624 1
63 28 229.475234985 1
63 28 229.604095459 1
63 28 229.953430176 1
63 28 231.09437561 1
63 28 231.28515625 1
63 28 231.290603638 1
63 28 231.431152344 1
63 28 231.470565796 1
63 28 231.975540161 1
63 28 232.611236572 1
63 28 233.314575195 1
63 28 233.718734741 1
63 28 233.742752075 1
63 28 234.016921997 1
63 28 234.795776367 1
63 28 234.807861328 1
63 28 235.089477539 1
63 28 237.13885498 1
63 28 237.164337158 1
63 28 238.003952026 1
63 28 239.169815063 1
63 28 240.004165649 1
63 28 242.176818848 1
63 28 242.244842529 1
63 28 242.446289062 1
63 28 243.66758728 1
63 28 243.749801636 1
63 28 244.226028442 1
63 28 244.313934326 1
63 28 244.479476929 1
63 28 244.808532715 1
63 28 245.352706909 1
63 28 245.783828735 1
63 28 246.865203857 1
63 28 247.535018921 1
63 28 248.394927979 1
63 28 249.01222229 1
63 28 249.108306885 1
63 28 249.664108276 1
63 28 250.265487671 1
63 28 250.603515625 1
63 28 252.728652954 1
63 28 253.433456421 1
63 28 253.495162964 1
63 28 253.571228027 1
63 28 254.277328491 1
63 28 255.075866699 1
63 28 255.384216309 1
63 28 256.676208496 1
63 28 257.127349854 1
63 28 258.990356445 1
63 28 259.443878174 1
63 28 259.781311035 1
63 28 260.077331543 1
63 28 260.30657959 1
63 28 262.767303467 1
63 28 262.882843018 1
63 28 263.919311523 1
63 28 265.642272949 1
63 28 265.663665771 1
63 28 266.09576416 1
63 28 267.486602783 1
63 28 268.738800049 1
63 28 268.772491455 1
63 28 268.782470703 1
63 28 269.822631836 1
63 28 272.858215332 1
63 28 273.356719971 1
63 28 273.363708496 1
63 28 274.549468994 1
63 28 277.650390625 1
63 28 278.873046875 1
63 28 280.334869385 1
63 28 281.272705078 1
63 28 281.866638184 1
63 28 282.608673096 1
63 28 282.907531738 1
63 28 284.89730835 1
63 28 285.218811035 1
63 28 285.587585449 1
63 28 285.656738281 1
63 28 287.193725586 1
63 28 289.998352051 1
63 28 293.943572998 1
63 28 294.877258301 1
63 28 298.855102539 1
63 28 299.279815674 1
63 28 300.009124756 1
63 28 302.566131592 1
63 28 302.741638184 1
63 28 303.52130127 1
63 28 305.906158447 1
63 28 306.024200439 1
63 28 306.053070068 1
63 28 306.254089355 1
63 28 306.268829346 1
63 28 306.709838867 1
63 28 306.864501953 1
63 28 309.902160645 1
63 28 312.04510498 1
63 28 314.223114014 1
63 28 314.841033936 1
63 28 316.592346191 1
63 28 319.17880249 1
63 28 320.022369385 1
63 28 320.385559082 1
63 28 327.577667236 1
63 28 330.993377686 1
63 28 334.532897949 1
63 28 339.9480896 1
63 28 341.208526611 1
63 28 347.829467773 1
63 28 350.00994873 1
63 28 356.415893555 1
63 28 357.754547119 1
63 28 359.813171387 1
63 28 361.464080811 1
63 28 366.36517334 1
63 28 367.829650879 1
63 28 367.887268066 1
63 28 373.163024902 1
63 28 373.83291626 1
63 28 374.380279541 1
63 28 376.415435791 1
63 28 377.335723877 1
63 28 377.640838623 1
63 28 380.277496338 1
63 28 381.119171143 1
63 28 383.71987915 1
63 28 385.532165527 1
63 28 388.989776611 1
63 28 391.881225586 1
63 28 411.389770508 1
63 28 411.652923584 1
63 28 413.50479126 1
63 28 419.777648926 1
63 28 423.454040527 1
63 28 428.25100708 1
63 28 428.588775635 1
63 28 431.57421875 1
63 28 440.788970947 1
63 28 441.694335938 1
63 28 450.279449463 1
63 28 459.843109131 1
63 28 461.168792725 1
63 28 462.095428467 1
63 28 476.281097412 1
63 28 490.560394287 1
63 28 498.625854492 1
63 28 511.285675049 1
63 28 511.540405273 1
63 28 514.859558105 1
63 28 536.868286133 1
63 28 544.584777832 1
63 28 566.023803711 1
63 28 577.591796875 1
63 28 578.941589355 1
63 28 594.670288086 1
63 28 606.037658691 1
63 28 618.007995605 1
63 28 628.656494141 1
63 28 640.765991211 1
63 28 647.078796387 1
63 28 668.012329102 1
63 28 693.075500488 1
63 28 698.444580078 1
63 28 737.828918457 1
63 28 740.706604004 1
63 28 744.865661621 1
63 28 757.472412109 1
63 28 763.075927734 1
63 28 781.061279297 1
63 28 822.607849121 1
63 28 847.433837891 1
63 28 851.342712402 1
63 28 882.891906738 1
63 28 886.891052246 1
63 28 931.005981445 1
63 28 985.30670166 1
63 28 1006.0524292 1
63 28 1042.671875 1
63 28 1049.54602051 1
63 28 1077.92541504 1
63 28 1091.39477539 1
63 28 1655.41186523 1
63 28 1775.68896484 1
63 29 78.2263183594 1
63 29 79.7920227051 1
63 29 79.9357910156 1
63 29 80.3060684204 1
63 29 80.4141387939 1
63 29 80.6010055542 1
63 29 80.7275619507 1
63 29 81.0867843628 1
63 29 81.1222457886 1
63 29 81.3354263306 1
63 29 81.4592590332 1
63 29 81.6395721436 1
63 29 81.6548614502 1
63 29 81.665184021 1
63 29 81.7298812866 1
63 29 81.8442459106 1
63 29 81.9725112915 1
63 29 82.0164260864 1
63 29 82.168510437 1
63 29 82.1740875244 1
63 29 82.2139282227 1
63 29 82.3013916016 1
63 29 82.3796157837 1
63 29 82.4707260132 1
63 29 82.4931106567 1
63 29 82.5460891724 1
63 29 82.5877304077 1
63 29 82.6024551392 1
63 29 82.6938095093 1
63 29 82.7460021973 1
63 29 82.7693328857 1
63 29 82.7891235352 1
63 29 82.8424072266 1
63 29 82.8535995483 1
63 29 82.855140686 1
63 29 82.8760223389 1
63 29 82.9285583496 1
63 29 82.9750061035 1
63 29 83.0887298584 1
63 29 83.0963897705 1
63 29 83.1029129028 1
63 29 83.1480255127 1
63 29 83.1624832153 1
63 29 83.1826019287 1
63 29 83.2325210571 1
63 29 83.2627334595 1
63 29 83.2865219116 1
63 29 83.3352508545 1
63 29 83.3494415283 1
63 29 83.3702087402 1
63 29 83.3943481445 1
63 29 83.4613189697 1
63 29 83.5026245117 1
63 29 83.5263519287 1
63 29 83.6079711914 1
63 29 83.6383209229 1
63 29 83.7044525146 1
63 29 83.7317428589 1
63 29 83.7941741943 1
63 29 83.8757705688 1
63 29 83.9087905884 1
63 29 83.9129562378 1
63 29 83.9730224609 1
63 29 84.1158599854 1
63 29 84.1647415161 1
63 29 84.2328491211 1
63 29 84.2720031738 1
63 29 84.2896575928 1
63 29 84.2919006348 1
63 29 84.3696289062 1
63 29 84.3829421997 1
63 29 84.412727356 1
63 29 84.4389419556 1
63 29 84.4491882324 1
63 29 84.4845504761 1
63 29 84.5085906982 1
63 29 84.5178222656 1
63 29 84.5283508301 1
63 29 84.5354537964 1
63 29 84.5394287109 1
63 29 84.5614929199 1
63 29 84.650138855 1
63 29 84.6709747314 1
63 29 84.6750259399 1
63 29 84.677734375 1
63 29 84.6815338135 1
63 29 84.6929702759 1
63 29 84.7252883911 1
63 29 84.7447433472 1
63 29 84.8549118042 1
63 29 84.8883972168 1
63 29 84.9014358521 1
63 29 84.9016571045 1
63 29 84.9021987915 1
63 29 84.913192749 1
63 29 84.9353713989 1
63 29 84.9561386108 1
63 29 84.9887466431 1
63 29 85.0001983643 1
63 29 85.0028076172 1
63 29 85.0161590576 1
63 29 85.0386199951 1
63 29 85.0509719849 1
63 29 85.0994186401 1
63 29 85.1142120361 1
63 29 85.1183319092 1
63 29 85.1429595947 1
63 29 85.154045105 1
63 29 85.1572341919 1
63 29 85.1625595093 1
63 29 85.1633911133 1
63 29 85.1765899658 1
63 29 85.200050354 1
63 29 85.2259902954 1
63 29 85.2456665039 1
63 29 85.2968292236 1
63 29 85.2993621826 1
63 29 85.3104934692 1
63 29 85.3169937134 1
63 29 85.3316116333 1
63 29 85.3529281616 1
63 29 85.3556213379 1
63 29 85.411781311 1
63 29 85.4371337891 1
63 29 85.4531402588 1
63 29 85.453666687 1
63 29 85.4549179077 1
63 29 85.4730834961 1
63 29 85.498588562 1
63 29 85.578994751 1
63 29 85.5891189575 1
63 29 85.6014556885 1
63 29 85.6104354858 1
63 29 85.613319397 1
63 29 85.623085022 1
63 29 85.7117614746 1
63 29 85.7423400879 1
63 29 85.8059539795 1
63 29 85.8145675659 1
63 29 85.8250198364 1
63 29 85.8279800415 1
63 29 85.8460235596 1
63 29 85.8770065308 1
63 29 85.9537734985 1
63 29 86.1057052612 1
63 29 86.1216430664 1
63 29 86.1237258911 1
63 29 86.1312484741 1
63 29 86.1352462769 1
63 29 86.1910324097 1
63 29 86.2144546509 1
63 29 86.2234725952 1
63 29 86.2246246338 1
63 29 86.239616394 1
63 29 86.2639541626 1
63 29 86.2658538818 1
63 29 86.3264541626 1
63 29 86.3386459351 1
63 29 86.3500289917 1
63 29 86.3623275757 1
63 29 86.4112930298 1
63 29 86.4640960693 1
63 29 86.4710006714 1
63 29 86.4772338867 1
63 29 86.4788131714 1
63 29 86.4850921631 1
63 29 86.5452957153 1
63 29 86.5525741577 1
63 29 86.5851211548 1
63 29 86.6159973145 1
63 29 86.6228408813 1
63 29 86.6271362305 1
63 29 86.6313247681 1
63 29 86.6472015381 1
63 29 86.666557312 1
63 29 86.6700820923 1
63 29 86.6792068481 1
63 29 86.6895904541 1
63 29 86.6934280396 1
63 29 86.7008666992 1
63 29 86.7114028931 1
63 29 86.7331848145 1
63 29 86.7338409424 1
63 29 86.7339401245 1
63 29 86.7357025146 1
63 29 86.7532653809 1
63 29 86.7668991089 1
63 29 86.7892379761 1
63 29 86.8141098022 1
63 29 86.8244628906 1
63 29 86.8626556396 1
63 29 86.8679504395 1
63 29 86.9007720947 1
63 29 86.9259109497 1
63 29 86.9404144287 1
63 29 86.9440383911 1
63 29 86.9737167358 1
63 29 86.9848632812 1
63 29 86.9895095825 1
63 29 87.0227584839 1
63 29 87.0454101562 1
63 29 87.0459442139 1
63 29 87.0534362793 1
63 29 87.0656509399 1
63 29 87.103805542 1
63 29 87.1117324829 1
63 29 87.1487503052 1
63 29 87.1639404297 1
63 29 87.1652908325 1
63 29 87.2200164795 1
63 29 87.2271957397 1
63 29 87.2282791138 1
63 29 87.2378845215 1
63 29 87.2568206787 1
63 29 87.257484436 1
63 29 87.2940368652 1
63 29 87.3203201294 1
63 29 87.3295440674 1
63 29 87.3322677612 1
63 29 87.3473205566 1
63 29 87.3485107422 1
63 29 87.3684234619 1
63 29 87.3984527588 1
63 29 87.4304046631 1
63 29 87.4473648071 1
63 29 87.463180542 1
63 29 87.4865570068 1
63 29 87.4882278442 1
63 29 87.4907836914 1
63 29 87.5013122559 1
63 29 87.5025405884 1
63 29 87.5146026611 1
63 29 87.5557556152 1
63 29 87.564491272 1
63 29 87.5645217896 1
63 29 87.5717926025 1
63 29 87.5742950439 1
63 29 87.5803527832 1
63 29 87.5965957642 1
63 29 87.6085891724 1
63 29 87.6377792358 1
63 29 87.6551895142 1
63 29 87.6949234009 1
63 29 87.7150344849 1
63 29 87.7154312134 1
63 29 87.7313766479 1
63 29 87.7484283447 1
63 29 87.7484512329 1
63 29 87.7548980713 1
63 29 87.7851486206 1
63 29 87.8042755127 1
63 29 87.8125152588 1
63 29 87.8183822632 1
63 29 87.8205795288 1
63 29 87.837677002 1
63 29 87.846031189 1
63 29 87.8656616211 1
63 29 87.9371032715 1
63 29 87.9465484619 1
63 29 87.9632110596 1
63 29 88.00025177 1
63 29 88.0297241211 1
63 29 88.0635299683 1
63 29 88.0837249756 1
63 29 88.094871521 1
63 29 88.1007537842 1
63 29 88.1310958862 1
63 29 88.1594085693 1
63 29 88.1627883911 1
63 29 88.1634521484 1
63 29 88.2487792969 1
63 29 88.3274765015 1
63 29 88.3275756836 1
63 29 88.32787323 1
63 29 88.3452224731 1
63 29 88.3626403809 1
63 29 88.4226226807 1
63 29 88.4394989014 1
63 29 88.4578552246 1
63 29 88.4713439941 1
63 29 88.4904403687 1
63 29 88.4975204468 1
63 29 88.5142440796 1
63 29 88.527015686 1
63 29 88.5367584229 1
63 29 88.5467224121 1
63 29 88.5480117798 1
63 29 88.5577545166 1
63 29 88.571395874 1
63 29 88.5755462646 1
63 29 88.5801010132 1
63 29 88.5889968872 1
63 29 88.6000976562 1
63 29 88.6094818115 1
63 29 88.6250457764 1
63 29 88.6400375366 1
63 29 88.6422348022 1
63 29 88.6467208862 1
63 29 88.6502990723 1
63 29 88.6542739868 1
63 29 88.7460174561 1
63 29 88.7484741211 1
63 29 88.7501068115 1
63 29 88.7511978149 1
63 29 88.7638931274 1
63 29 88.7674789429 1
63 29 88.7683792114 1
63 29 88.8149032593 1
63 29 88.8392181396 1
63 29 88.8392410278 1
63 29 88.8630371094 1
63 29 88.8641357422 1
63 29 88.872795105 1
63 29 88.875617981 1
63 29 88.8766708374 1
63 29 88.8954925537 1
63 29 88.9091796875 1
63 29 88.9163894653 1
63 29 88.9237442017 1
63 29 88.9338226318 1
63 29 88.9486312866 1
63 29 88.9785842896 1
63 29 88.979637146 1
63 29 89.0031204224 1
63 29 89.0168991089 1
63 29 89.0234069824 1
63 29 89.0370178223 1
63 29 89.0404205322 1
63 29 89.0568695068 1
63 29 89.0647201538 1
63 29 89.0812072754 1
63 29 89.0881271362 1
63 29 89.1007766724 1
63 29 89.1178283691 1
63 29 89.1214141846 1
63 29 89.1326370239 1
63 29 89.1352310181 1
63 29 89.1445999146 1
63 29 89.1583404541 1
63 29 89.1647644043 1
63 29 89.1750411987 1
63 29 89.1881866455 1
63 29 89.1890411377 1
63 29 89.1898117065 1
63 29 89.1961364746 1
63 29 89.2032852173 1
63 29 89.2100067139 1
63 29 89.236831665 1
63 29 89.2431716919 1
63 29 89.2483444214 1
63 29 89.2547531128 1
63 29 89.2585830688 1
63 29 89.2708053589 1
63 29 89.2730407715 1
63 29 89.2833251953 1
63 29 89.3144454956 1
63 29 89.3273468018 1
63 29 89.3304367065 1
63 29 89.3386001587 1
63 29 89.3387527466 1
63 29 89.3451843262 1
63 29 89.3624954224 1
63 29 89.3998641968 1
63 29 89.4028091431 1
63 29 89.4137268066 1
63 29 89.4211120605 1
63 29 89.4252319336 1
63 29 89.4434432983 1
63 29 89.4484024048 1
63 29 89.4516830444 1
63 29 89.4679489136 1
63 29 89.4720001221 1
63 29 89.4721221924 1
63 29 89.4731369019 1
63 29 89.4992141724 1
63 29 89.5024032593 1
63 29 89.5062179565 1
63 29 89.5066299438 1
63 29 89.5222702026 1
63 29 89.5313415527 1
63 29 89.5369949341 1
63 29 89.5460586548 1
63 29 89.5646209717 1
63 29 89.5736312866 1
63 29 89.582321167 1
63 29 89.588722229 1
63 29 89.5931549072 1
63 29 89.6094589233 1
63 29 89.6167984009 1
63 29 89.6373977661 1
63 29 89.6458892822 1
63 29 89.652961731 1
63 29 89.6533584595 1
63 29 89.6748580933 1
63 29 89.6796035767 1
63 29 89.7184906006 1
63 29 89.7587509155 1
63 29 89.7643890381 1
63 29 89.7675094604 1
63 29 89.7913742065 1
63 29 89.8183746338 1
63 29 89.8201675415 1
63 29 89.8343200684 1
63 29 89.8433609009 1
63 29 89.8560943604 1
63 29 89.9039993286 1
63 29 89.9591522217 1
63 29 89.9594268799 1
63 29 90.0007705688 1
63 29 90.0018005371 1
63 29 90.0051345825 1
63 29 90.0079803467 1
63 29 90.0116882324 1
63 29 90.0218048096 1
63 29 90.0292129517 1
63 29 90.0408248901 1
63 29 90.0461273193 1
63 29 90.0462341309 1
63 29 90.0579223633 1
63 29 90.1048812866 1
63 29 90.1175918579 1
63 29 90.1218566895 1
63 29 90.1499404907 1
63 29 90.1502151489 1
63 29 90.1551895142 1
63 29 90.1746826172 1
63 29 90.2237701416 1
63 29 90.2295532227 1
63 29 90.2331390381 1
63 29 90.2352371216 1
63 29 90.2416305542 1
63 29 90.2765350342 1
63 29 90.3248825073 1
63 29 90.3334884644 1
63 29 90.3462753296 1
63 29 90.3525085449 1
63 29 90.3629455566 1
63 29 90.3774795532 1
63 29 90.3844451904 1
63 29 90.3867797852 1
63 29 90.3904647827 1
63 29 90.4257507324 1
63 29 90.4357299805 1
63 29 90.4951629639 1
63 29 90.495803833 1
63 29 90.5066986084 1
63 29 90.5104751587 1
63 29 90.5135116577 1
63 29 90.5289077759 1
63 29 90.5424118042 1
63 29 90.5565795898 1
63 29 90.5659942627 1
63 29 90.5764923096 1
63 29 90.5786209106 1
63 29 90.584022522 1
63 29 90.5919570923 1
63 29 90.6095733643 1
63 29 90.6213302612 1
63 29 90.6237258911 1
63 29 90.6284103394 1
63 29 90.6470794678 1
63 29 90.650970459 1
63 29 90.6538085938 1
63 29 90.6678619385 1
63 29 90.6898040771 1
63 29 90.7604293823 1
63 29 90.7826385498 1
63 29 90.7829284668 1
63 29 90.7861938477 1
63 29 90.7895965576 1
63 29 90.7937011719 1
63 29 90.7970504761 1
63 29 90.8105163574 1
63 29 90.8223648071 1
63 29 90.8246688843 1
63 29 90.8272781372 1
63 29 90.8542480469 1
63 29 90.8662414551 1
63 29 90.8673095703 1
63 29 90.8948440552 1
63 29 90.9020309448 1
63 29 90.9073257446 1
63 29 90.9126586914 1
63 29 90.916557312 1
63 29 90.9168624878 1
63 29 90.9190368652 1
63 29 90.9209671021 1
63 29 90.9392089844 1
63 29 90.9405517578 1
63 29 90.9643249512 1
63 29 90.9853515625 1
63 29 90.99559021 1
63 29 91.0167160034 1
63 29 91.0357971191 1
63 29 91.0554885864 1
63 29 91.0560913086 1
63 29 91.0858688354 1
63 29 91.1054229736 1
63 29 91.1075057983 1
63 29 91.107963562 1
63 29 91.1116256714 1
63 29 91.1290206909 1
63 29 91.1722412109 1
63 29 91.1740951538 1
63 29 91.1980209351 1
63 29 91.2122421265 1
63 29 91.2351608276 1
63 29 91.2372589111 1
63 29 91.252494812 1
63 29 91.2837982178 1
63 29 91.3164596558 1
63 29 91.3400039673 1
63 29 91.3404998779 1
63 29 91.3651809692 1
63 29 91.3823547363 1
63 29 91.3874359131 1
63 29 91.4045791626 1
63 29 91.4273605347 1
63 29 91.4305114746 1
63 29 91.4330825806 1
63 29 91.4356689453 1
63 29 91.4469146729 1
63 29 91.4752349854 1
63 29 91.4770965576 1
63 29 91.4829788208 1
63 29 91.5067977905 1
63 29 91.5179290771 1
63 29 91.5208435059 1
63 29 91.5285110474 1
63 29 91.5389328003 1
63 29 91.5548706055 1
63 29 91.5575561523 1
63 29 91.5617752075 1
63 29 91.562713623 1
63 29 91.5724487305 1
63 29 91.5778656006 1
63 29 91.5991592407 1
63 29 91.6188354492 1
63 29 91.6410598755 1
63 29 91.6441192627 1
63 29 91.6663970947 1
63 29 91.6721115112 1
63 29 91.6848831177 1
63 29 91.6872558594 1
63 29 91.6939697266 1
63 29 91.6961746216 1
63 29 91.700592041 1
63 29 91.7253341675 1
63 29 91.7272872925 1
63 29 91.7275543213 1
63 29 91.7289352417 1
63 29 91.7301559448 1
63 29 91.7358551025 1
63 29 91.7393341064 1
63 29 91.7412948608 1
63 29 91.7514953613 1
63 29 91.7545928955 1
63 29 91.7583007812 1
63 29 91.760559082 1
63 29 91.7743988037 1
63 29 91.7862472534 1
63 29 91.793838501 1
63 29 91.8001785278 1
63 29 91.8072280884 1
63 29 91.8152618408 1
63 29 91.8173980713 1
63 29 91.8187713623 1
63 29 91.8218231201 1
63 29 91.8243713379 1
63 29 91.8387832642 1
63 29 91.8388900757 1
63 29 91.8442840576 1
63 29 91.8466186523 1
63 29 91.8478088379 1
63 29 91.8489761353 1
63 29 91.8506698608 1
63 29 91.8517837524 1
63 29 91.8524398804 1
63 29 91.8573379517 1
63 29 91.8574829102 1
63 29 91.8662719727 1
63 29 91.8729553223 1
63 29 91.8803253174 1
63 29 91.8944854736 1
63 29 91.8957748413 1
63 29 91.9004440308 1
63 29 91.9121932983 1
63 29 91.9165802002 1
63 29 91.9316940308 1
63 29 91.9391860962 1
63 29 91.9419555664 1
63 29 91.9486236572 1
63 29 91.965171814 1
63 29 91.9933929443 1
63 29 91.9952316284 1
63 29 92.0136260986 1
63 29 92.036529541 1
63 29 92.040802002 1
63 29 92.0497360229 1
63 29 92.0761032104 1
63 29 92.0937805176 1
63 29 92.1355743408 1
63 29 92.1358947754 1
63 29 92.1414031982 1
63 29 92.1415863037 1
63 29 92.1565322876 1
63 29 92.1773757935 1
63 29 92.1868438721 1
63 29 92.2056808472 1
63 29 92.2100219727 1
63 29 92.2317657471 1
63 29 92.2331771851 1
63 29 92.2352600098 1
63 29 92.2509536743 1
63 29 92.252281189 1
63 29 92.2535552979 1
63 29 92.2616577148 1
63 29 92.2635650635 1
63 29 92.2645568848 1
63 29 92.2715301514 1
63 29 92.3070755005 1
63 29 92.3241882324 1
63 29 92.3299179077 1
63 29 92.3319244385 1
63 29 92.3573913574 1
63 29 92.3634033203 1
63 29 92.3650131226 1
63 29 92.3765411377 1
63 29 92.3845367432 1
63 29 92.3851089478 1
63 29 92.3914260864 1
63 29 92.4032974243 1
63 29 92.4157943726 1
63 29 92.4186019897 1
63 29 92.4254760742 1
63 29 92.4436416626 1
63 29 92.4646224976 1
63 29 92.4741668701 1
63 29 92.4759750366 1
63 29 92.4795303345 1
63 29 92.4821548462 1
63 29 92.4941864014 1
63 29 92.5106430054 1
63 29 92.5211791992 1
63 29 92.5535430908 1
63 29 92.5674972534 1
63 29 92.5865936279 1
63 29 92.5894699097 1
63 29 92.5917053223 1
63 29 92.6001052856 1
63 29 92.6235046387 1
63 29 92.6288986206 1
63 29 92.6442489624 1
63 29 92.6467819214 1
63 29 92.6703109741 1
63 29 92.6724777222 1
63 29 92.6774749756 1
63 29 92.6936416626 1
63 29 92.7143707275 1
63 29 92.7157897949 1
63 29 92.7194061279 1
63 29 92.7305450439 1
63 29 92.7315368652 1
63 29 92.7315979004 1
63 29 92.7326431274 1
63 29 92.740814209 1
63 29 92.7441864014 1
63 29 92.7623901367 1
63 29 92.7725753784 1
63 29 92.7745361328 1
63 29 92.7814025879 1
63 29 92.7833251953 1
63 29 92.7919311523 1
63 29 92.7959136963 1
63 29 92.7998962402 1
63 29 92.8026809692 1
63 29 92.805557251 1
63 29 92.8156585693 1
63 29 92.8196105957 1
63 29 92.8322219849 1
63 29 92.8329696655 1
63 29 92.839805603 1
63 29 92.8521575928 1
63 29 92.8583221436 1
63 29 92.870513916 1
63 29 92.8869781494 1
63 29 92.8946151733 1
63 29 92.8965606689 1
63 29 92.9147872925 1
63 29 92.9218673706 1
63 29 92.9264602661 1
63 29 92.9449081421 1
63 29 92.9458084106 1
63 29 92.9494857788 1
63 29 92.9955215454 1
63 29 92.99634552 1
63 29 93.0073699951 1
63 29 93.0174026489 1
63 29 93.0274429321 1
63 29 93.0277557373 1
63 29 93.0335540771 1
63 29 93.0375976562 1
63 29 93.0425872803 1
63 29 93.0430374146 1
63 29 93.0662689209 1
63 29 93.0750808716 1
63 29 93.0754928589 1
63 29 93.0757446289 1
63 29 93.0860214233 1
63 29 93.0884780884 1
63 29 93.1082229614 1
63 29 93.1110534668 1
63 29 93.1427841187 1
63 29 93.1490478516 1
63 29 93.1511993408 1
63 29 93.1617050171 1
63 29 93.1649856567 1
63 29 93.173210144 1
63 29 93.1912078857 1
63 29 93.1940307617 1
63 29 93.2343063354 1
63 29 93.2382965088 1
63 29 93.239151001 1
63 29 93.2426528931 1
63 29 93.2640075684 1
63 29 93.2679367065 1
63 29 93.2839736938 1
63 29 93.304649353 1
63 29 93.3192214966 1
63 29 93.3193511963 1
63 29 93.3398742676 1
63 29 93.3490371704 1
63 29 93.3758773804 1
63 29 93.3808135986 1
63 29 93.3986663818 1
63 29 93.4265136719 1
63 29 93.4299316406 1
63 29 93.4416427612 1
63 29 93.4608917236 1
63 29 93.4718170166 1
63 29 93.4813156128 1
63 29 93.4848022461 1
63 29 93.5099868774 1
63 29 93.513092041 1
63 29 93.5265350342 1
63 29 93.532661438 1
63 29 93.5589447021 1
63 29 93.5745239258 1
63 29 93.5763626099 1
63 29 93.5919647217 1
63 29 93.6064758301 1
63 29 93.6114425659 1
63 29 93.6162338257 1
63 29 93.6164474487 1
63 29 93.6327514648 1
63 29 93.6371994019 1
63 29 93.6398773193 1
63 29 93.6419830322 1
63 29 93.6461791992 1
63 29 93.6507110596 1
63 29 93.6719436646 1
63 29 93.6819229126 1
63 29 93.6859512329 1
63 29 93.6946029663 1
63 29 93.7290115356 1
63 29 93.7293624878 1
63 29 93.7444229126 1
63 29 93.7563018799 1
63 29 93.7611312866 1
63 29 93.7628326416 1
63 29 93.7735671997 1
63 29 93.7907028198 1
63 29 93.7957611084 1
63 29 93.8245239258 1
63 29 93.8299942017 1
63 29 93.8394622803 1
63 29 93.8603820801 1
63 29 93.8929290771 1
63 29 93.8957138062 1
63 29 93.9155273438 1
63 29 93.9155960083 1
63 29 93.9233703613 1
63 29 93.9347991943 1
63 29 93.9370193481 1
63 29 93.946685791 1
63 29 93.94972229 1
63 29 93.9600524902 1
63 29 93.9650878906 1
63 29 93.9782867432 1
63 29 94.0200500488 1
63 29 94.0301513672 1
63 29 94.0354003906 1
63 29 94.0481033325 1
63 29 94.0591125488 1
63 29 94.0732879639 1
63 29 94.078125 1
63 29 94.084312439 1
63 29 94.0964355469 1
63 29 94.10206604 1
63 29 94.1041564941 1
63 29 94.113319397 1
63 29 94.1148681641 1
63 29 94.1151580811 1
63 29 94.1339111328 1
63 29 94.135597229 1
63 29 94.1429672241 1
63 29 94.1727142334 1
63 29 94.1832427979 1
63 29 94.205291748 1
63 29 94.2062072754 1
63 29 94.2299575806 1
63 29 94.2524642944 1
63 29 94.253944397 1
63 29 94.2769775391 1
63 29 94.2980041504 1
63 29 94.3064498901 1
63 29 94.3493270874 1
63 29 94.3638763428 1
63 29 94.3731918335 1
63 29 94.3818054199 1
63 29 94.3863601685 1
63 29 94.3883514404 1
63 29 94.3887863159 1
63 29 94.4067459106 1
63 29 94.4321289062 1
63 29 94.4685516357 1
63 29 94.4911193848 1
63 29 94.4949188232 1
63 29 94.5088424683 1
63 29 94.5230331421 1
63 29 94.5352249146 1
63 29 94.5497817993 1
63 29 94.5499191284 1
63 29 94.5504760742 1
63 29 94.5593414307 1
63 29 94.5717163086 1
63 29 94.579750061 1
63 29 94.6082687378 1
63 29 94.6277923584 1
63 29 94.6490707397 1
63 29 94.6502914429 1
63 29 94.6744384766 1
63 29 94.6821212769 1
63 29 94.684753418 1
63 29 94.7094268799 1
63 29 94.7291488647 1
63 29 94.7377319336 1
63 29 94.7425231934 1
63 29 94.7446212769 1
63 29 94.7467651367 1
63 29 94.7493133545 1
63 29 94.7675476074 1
63 29 94.7750854492 1
63 29 94.7911758423 1
63 29 94.7991943359 1
63 29 94.8414230347 1
63 29 94.8450775146 1
63 29 94.8486022949 1
63 29 94.8608627319 1
63 29 94.8617477417 1
63 29 94.8677444458 1
63 29 94.8681335449 1
63 29 94.8703460693 1
63 29 94.8715515137 1
63 29 94.8828048706 1
63 29 94.8899765015 1
63 29 94.8947372437 1
63 29 94.9023971558 1
63 29 94.9395294189 1
63 29 94.9428024292 1
63 29 94.9654312134 1
63 29 94.9965209961 1
63 29 95.0018539429 1
63 29 95.0797119141 1
63 29 95.1058731079 1
63 29 95.1091384888 1
63 29 95.1264648438 1
63 29 95.1264953613 1
63 29 95.1419448853 1
63 29 95.1519622803 1
63 29 95.1537780762 1
63 29 95.1543273926 1
63 29 95.1555862427 1
63 29 95.1685028076 1
63 29 95.1708297729 1
63 29 95.1876373291 1
63 29 95.1979522705 1
63 29 95.1992034912 1
63 29 95.2042541504 1
63 29 95.2076339722 1
63 29 95.245223999 1
63 29 95.2485961914 1
63 29 95.257484436 1
63 29 95.2601242065 1
63 29 95.2649917603 1
63 29 95.2748565674 1
63 29 95.285484314 1
63 29 95.3101043701 1
63 29 95.3306884766 1
63 29 95.330696106 1
63 29 95.3467025757 1
63 29 95.352973938 1
63 29 95.3553314209 1
63 29 95.3768920898 1
63 29 95.3810501099 1
63 29 95.3829803467 1
63 29 95.4475250244 1
63 29 95.4511489868 1
63 29 95.4756774902 1
63 29 95.4938812256 1
63 29 95.4943237305 1
63 29 95.5110473633 1
63 29 95.5217056274 1
63 29 95.5300521851 1
63 29 95.5337524414 1
63 29 95.5407028198 1
63 29 95.5441818237 1
63 29 95.5528945923 1
63 29 95.5625228882 1
63 29 95.5729904175 1
63 29 95.5853652954 1
63 29 95.5965270996 1
63 29 95.6021194458 1
63 29 95.6259536743 1
63 29 95.6275482178 1
63 29 95.6320266724 1
63 29 95.6763763428 1
63 29 95.6786270142 1
63 29 95.6954345703 1
63 29 95.698638916 1
63 29 95.7097244263 1
63 29 95.7142562866 1
63 29 95.7162780762 1
63 29 95.7222442627 1
63 29 95.7316894531 1
63 29 95.7355270386 1
63 29 95.7390060425 1
63 29 95.750617981 1
63 29 95.7598800659 1
63 29 95.7619781494 1
63 29 95.7648544312 1
63 29 95.7651138306 1
63 29 95.7699127197 1
63 29 95.7799224854 1
63 29 95.7927246094 1
63 29 95.7934646606 1
63 29 95.7957687378 1
63 29 95.8021469116 1
63 29 95.819984436 1
63 29 95.823425293 1
63 29 95.8433990479 1
63 29 95.843536377 1
63 29 95.8499908447 1
63 29 95.8500061035 1
63 29 95.8689804077 1
63 29 95.8732681274 1
63 29 95.8780212402 1
63 29 95.8810195923 1
63 29 95.8870315552 1
63 29 95.8935394287 1
63 29 95.8935775757 1
63 29 95.9099349976 1
63 29 95.9124603271 1
63 29 95.9130096436 1
63 29 95.9171600342 1
63 29 95.9195098877 1
63 29 95.9563140869 1
63 29 95.9752960205 1
63 29 96.0051574707 1
63 29 96.0153503418 1
63 29 96.0239181519 1
63 29 96.0299377441 1
63 29 96.0740509033 1
63 29 96.0869598389 1
63 29 96.1008453369 1
63 29 96.1073379517 1
63 29 96.107460022 1
63 29 96.1256866455 1
63 29 96.1272888184 1
63 29 96.131942749 1
63 29 96.1375350952 1
63 29 96.1410598755 1
63 29 96.1593780518 1
63 29 96.1622238159 1
63 29 96.1637191772 1
63 29 96.1661224365 1
63 29 96.1703872681 1
63 29 96.1712265015 1
63 29 96.1991119385 1
63 29 96.2133102417 1
63 29 96.2205276489 1
63 29 96.2297210693 1
63 29 96.2329330444 1
63 29 96.266746521 1
63 29 96.2752609253 1
63 29 96.278717041 1
63 29 96.2796401978 1
63 29 96.2866744995 1
63 29 96.2913208008 1
63 29 96.2962188721 1
63 29 96.3029327393 1
63 29 96.3052368164 1
63 29 96.3157043457 1
63 29 96.3169708252 1
63 29 96.3175582886 1
63 29 96.3269729614 1
63 29 96.3311233521 1
63 29 96.3653259277 1
63 29 96.3813095093 1
63 29 96.3860321045 1
63 29 96.4011230469 1
63 29 96.4095535278 1
63 29 96.4142913818 1
63 29 96.4202194214 1
63 29 96.4267807007 1
63 29 96.4336853027 1
63 29 96.4363250732 1
63 29 96.4541625977 1
63 29 96.4557952881 1
63 29 96.4824447632 1
63 29 96.5066452026 1
63 29 96.5107040405 1
63 29 96.5108413696 1
63 29 96.532699585 1
63 29 96.5329055786 1
63 29 96.5329589844 1
63 29 96.5485687256 1
63 29 96.551940918 1
63 29 96.5587005615 1
63 29 96.5699462891 1
63 29 96.5906982422 1
63 29 96.6015014648 1
63 29 96.604385376 1
63 29 96.6113510132 1
63 29 96.6259765625 1
63 29 96.6275100708 1
63 29 96.6390533447 1
63 29 96.6527709961 1
63 29 96.6592559814 1
63 29 96.6597137451 1
63 29 96.6621398926 1
63 29 96.6764755249 1
63 29 96.6833190918 1
63 29 96.6992721558 1
63 29 96.7019195557 1
63 29 96.7069396973 1
63 29 96.716468811 1
63 29 96.7168731689 1
63 29 96.7288665771 1
63 29 96.7605667114 1
63 29 96.7939758301 1
63 29 96.7948760986 1
63 29 96.7989883423 1
63 29 96.8009719849 1
63 29 96.8137893677 1
63 29 96.837677002 1
63 29 96.8411407471 1
63 29 96.8689117432 1
63 29 96.8851776123 1
63 29 96.8875045776 1
63 29 96.9087524414 1
63 29 96.9231185913 1
63 29 96.9429931641 1
63 29 96.944229126 1
63 29 96.9454269409 1
63 29 96.9469146729 1
63 29 96.966758728 1
63 29 96.9717025757 1
63 29 96.9739608765 1
63 29 96.9932403564 1
63 29 96.9969024658 1
63 29 97.0067825317 1
63 29 97.0087738037 1
63 29 97.0133056641 1
63 29 97.0304489136 1
63 29 97.0504302979 1
63 29 97.0520172119 1
63 29 97.0625686646 1
63 29 97.0821914673 1
63 29 97.1079864502 1
63 29 97.1283950806 1
63 29 97.1427536011 1
63 29 97.1469192505 1
63 29 97.1585845947 1
63 29 97.1653137207 1
63 29 97.1703948975 1
63 29 97.1990661621 1
63 29 97.2015533447 1
63 29 97.2326049805 1
63 29 97.2345962524 1
63 29 97.2701644897 1
63 29 97.2801055908 1
63 29 97.2933807373 1
63 29 97.3056411743 1
63 29 97.3072662354 1
63 29 97.3095321655 1
63 29 97.3372421265 1
63 29 97.3587722778 1
63 29 97.3731918335 1
63 29 97.4012145996 1
63 29 97.4015197754 1
63 29 97.4111862183 1
63 29 97.4210357666 1
63 29 97.426361084 1
63 29 97.459602356 1
63 29 97.4623794556 1
63 29 97.4638061523 1
63 29 97.4756317139 1
63 29 97.4786529541 1
63 29 97.4872589111 1
63 29 97.5133285522 1
63 29 97.5198822021 1
63 29 97.5257263184 1
63 29 97.5305404663 1
63 29 97.5537109375 1
63 29 97.6015548706 1
63 29 97.6062469482 1
63 29 97.6103363037 1
63 29 97.6170883179 1
63 29 97.6197509766 1
63 29 97.6457672119 1
63 29 97.6508331299 1
63 29 97.6962356567 1
63 29 97.7035064697 1
63 29 97.7202987671 1
63 29 97.7280349731 1
63 29 97.749168396 1
63 29 97.7530899048 1
63 29 97.7820510864 1
63 29 97.7859344482 1
63 29 97.794342041 1
63 29 97.7958755493 1
63 29 97.8093414307 1
63 29 97.8101425171 1
63 29 97.8154144287 1
63 29 97.8394012451 1
63 29 97.8421554565 1
63 29 97.8452606201 1
63 29 97.8490524292 1
63 29 97.8606414795 1
63 29 97.862121582 1
63 29 97.8768157959 1
63 29 97.8860626221 1
63 29 97.8947677612 1
63 29 97.903678894 1
63 29 97.9155654907 1
63 29 97.9223937988 1
63 29 97.9494628906 1
63 29 97.9722900391 1
63 29 97.9787902832 1
63 29 97.9869613647 1
63 29 97.9872894287 1
63 29 97.9937591553 1
63 29 97.9938735962 1
63 29 98.0122146606 1
63 29 98.0357284546 1
63 29 98.0384521484 1
63 29 98.0655212402 1
63 29 98.0668258667 1
63 29 98.0765151978 1
63 29 98.0807189941 1
63 29 98.0834121704 1
63 29 98.0842514038 1
63 29 98.0946807861 1
63 29 98.1011199951 1
63 29 98.1104812622 1
63 29 98.1165618896 1
63 29 98.1539459229 1
63 29 98.1786575317 1
63 29 98.1957855225 1
63 29 98.198638916 1
63 29 98.2151794434 1
63 29 98.2251358032 1
63 29 98.2375717163 1
63 29 98.2597579956 1
63 29 98.2665481567 1
63 29 98.2938995361 1
63 29 98.2948532104 1
63 29 98.2976379395 1
63 29 98.3099822998 1
63 29 98.3264389038 1
63 29 98.3311004639 1
63 29 98.3391036987 1
63 29 98.3392181396 1
63 29 98.3656845093 1
63 29 98.3911132812 1
63 29 98.3973999023 1
63 29 98.4422683716 1
63 29 98.4621734619 1
63 29 98.4649581909 1
63 29 98.4686889648 1
63 29 98.4715270996 1
63 29 98.4865036011 1
63 29 98.4940032959 1
63 29 98.5071563721 1
63 29 98.5116195679 1
63 29 98.512550354 1
63 29 98.5149307251 1
63 29 98.5175323486 1
63 29 98.5228881836 1
63 29 98.5347747803 1
63 29 98.5524597168 1
63 29 98.5562744141 1
63 29 98.5876846313 1
63 29 98.5886459351 1
63 29 98.5939102173 1
63 29 98.6048278809 1
63 29 98.6051635742 1
63 29 98.6229171753 1
63 29 98.6307373047 1
63 29 98.6324234009 1
63 29 98.6429443359 1
63 29 98.6444778442 1
63 29 98.6493225098 1
63 29 98.6512527466 1
63 29 98.7451095581 1
63 29 98.7837295532 1
63 29 98.7845230103 1
63 29 98.8204879761 1
63 29 98.8360214233 1
63 29 98.8398742676 1
63 29 98.8519363403 1
63 29 98.8575286865 1
63 29 98.8614501953 1
63 29 98.8624725342 1
63 29 98.8696289062 1
63 29 98.8752822876 1
63 29 98.8963546753 1
63 29 98.9270553589 1
63 29 98.9600143433 1
63 29 98.966003418 1
63 29 98.9758987427 1
63 29 98.9837493896 1
63 29 99.0033874512 1
63 29 99.0588226318 1
63 29 99.0765151978 1
63 29 99.0848922729 1
63 29 99.0948257446 1
63 29 99.1063156128 1
63 29 99.1172790527 1
63 29 99.1190185547 1
63 29 99.1277618408 1
63 29 99.1485977173 1
63 29 99.1493530273 1
63 29 99.1711196899 1
63 29 99.1724243164 1
63 29 99.1848373413 1
63 29 99.1966094971 1
63 29 99.2022705078 1
63 29 99.2151565552 1
63 29 99.2363815308 1
63 29 99.2482376099 1
63 29 99.2733306885 1
63 29 99.2872543335 1
63 29 99.3014755249 1
63 29 99.3761444092 1
63 29 99.3820037842 1
63 29 99.3822860718 1
63 29 99.3868026733 1
63 29 99.3949508667 1
63 29 99.4070739746 1
63 29 99.4210205078 1
63 29 99.4854507446 1
63 29 99.4869766235 1
63 29 99.487953186 1
63 29 99.4908752441 1
63 29 99.536857605 1
63 29 99.5410614014 1
63 29 99.5753479004 1
63 29 99.5833435059 1
63 29 99.588470459 1
63 29 99.5989837646 1
63 29 99.6356735229 1
63 29 99.644317627 1
63 29 99.6481781006 1
63 29 99.6602172852 1
63 29 99.6615447998 1
63 29 99.6852493286 1
63 29 99.6885528564 1
63 29 99.6923599243 1
63 29 99.6943511963 1
63 29 99.7044143677 1
63 29 99.712890625 1
63 29 99.7154846191 1
63 29 99.7168121338 1
63 29 99.7397232056 1
63 29 99.8141784668 1
63 29 99.8176345825 1
63 29 99.8435592651 1
63 29 99.8498077393 1
63 29 99.854133606 1
63 29 99.8636016846 1
63 29 99.8696670532 1
63 29 99.8737487793 1
63 29 99.8773727417 1
63 29 99.8987045288 1
63 29 99.900100708 1
63 29 99.9117736816 1
63 29 99.9387283325 1
63 29 99.9442977905 1
63 29 99.9559860229 1
63 29 99.9673690796 1
63 29 99.9908828735 1
63 29 99.9919433594 1
63 29 100.002410889 1
63 29 100.013923645 1
63 29 100.017021179 1
63 29 100.022827148 1
63 29 100.054168701 1
63 29 100.058364868 1
63 29 100.067474365 1
63 29 100.067779541 1
63 29 100.129356384 1
63 29 100.143676758 1
63 29 100.161376953 1
63 29 100.16884613 1
63 29 100.188484192 1
63 29 100.216072083 1
63 29 100.222122192 1
63 29 100.244125366 1
63 29 100.250747681 1
63 29 100.260627747 1
63 29 100.277061462 1
63 29 100.302459717 1
63 29 100.30897522 1
63 29 100.314323425 1
63 29 100.325614929 1
63 29 100.388999939 1
63 29 100.440055847 1
63 29 100.45791626 1
63 29 100.476470947 1
63 29 100.491333008 1
63 29 100.518081665 1
63 29 100.580459595 1
63 29 100.637817383 1
63 29 100.657775879 1
63 29 100.676773071 1
63 29 100.688781738 1
63 29 100.68951416 1
63 29 100.712539673 1
63 29 100.718452454 1
63 29 100.723007202 1
63 29 100.732810974 1
63 29 100.737960815 1
63 29 100.748069763 1
63 29 100.76512146 1
63 29 100.799758911 1
63 29 100.80279541 1
63 29 100.817985535 1
63 29 100.820068359 1
63 29 100.827613831 1
63 29 100.832389832 1
63 29 100.833686829 1
63 29 100.837249756 1
63 29 100.866371155 1
63 29 100.875785828 1
63 29 100.890563965 1
63 29 100.907989502 1
63 29 100.911575317 1
63 29 100.918800354 1
63 29 100.933158875 1
63 29 100.94618988 1
63 29 100.965866089 1
63 29 100.968704224 1
63 29 100.980773926 1
63 29 101.02519989 1
63 29 101.069259644 1
63 29 101.069740295 1
63 29 101.076942444 1
63 29 101.104393005 1
63 29 101.114173889 1
63 29 101.13180542 1
63 29 101.141464233 1
63 29 101.144882202 1
63 29 101.198516846 1
63 29 101.198646545 1
63 29 101.208816528 1
63 29 101.230499268 1
63 29 101.25087738 1
63 29 101.265945435 1
63 29 101.284355164 1
63 29 101.28440094 1
63 29 101.345161438 1
63 29 101.346725464 1
63 29 101.347839355 1
63 29 101.359573364 1
63 29 101.368858337 1
63 29 101.395843506 1
63 29 101.403457642 1
63 29 101.407470703 1
63 29 101.431983948 1
63 29 101.454170227 1
63 29 101.474632263 1
63 29 101.481163025 1
63 29 101.49546814 1
63 29 101.499771118 1
63 29 101.507354736 1
63 29 101.521507263 1
63 29 101.533592224 1
63 29 101.540878296 1
63 29 101.564460754 1
63 29 101.57660675 1
63 29 101.576683044 1
63 29 101.594558716 1
63 29 101.64994812 1
63 29 101.666908264 1
63 29 101.688186646 1
63 29 101.705726624 1
63 29 101.707382202 1
63 29 101.725967407 1
63 29 101.741836548 1
63 29 101.744819641 1
63 29 101.802459717 1
63 29 101.824050903 1
63 29 101.830245972 1
63 29 101.848014832 1
63 29 101.858642578 1
63 29 101.864593506 1
63 29 101.866386414 1
63 29 101.881614685 1
63 29 101.892181396 1
63 29 101.893760681 1
63 29 101.921554565 1
63 29 101.94128418 1
63 29 101.95135498 1
63 29 101.963745117 1
63 29 101.977928162 1
63 29 101.980575562 1
63 29 101.995559692 1
63 29 102.020401001 1
63 29 102.022384644 1
63 29 102.031326294 1
63 29 102.038124084 1
63 29 102.050209045 1
63 29 102.10559845 1
63 29 102.121582031 1
63 29 102.143814087 1
63 29 102.204376221 1
63 29 102.228065491 1
63 29 102.228919983 1
63 29 102.264846802 1
63 29 102.279197693 1
63 29 102.293746948 1
63 29 102.3019104 1
63 29 102.318595886 1
63 29 102.419761658 1
63 29 102.433151245 1
63 29 102.433876038 1
63 29 102.456565857 1
63 29 102.506347656 1
63 29 102.510345459 1
63 29 102.515830994 1
63 29 102.516372681 1
63 29 102.534706116 1
63 29 102.541954041 1
63 29 102.547874451 1
63 29 102.549110413 1
63 29 102.552139282 1
63 29 102.565162659 1
63 29 102.584747314 1
63 29 102.588981628 1
63 29 102.614822388 1
63 29 102.62651062 1
63 29 102.630516052 1
63 29 102.665367126 1
63 29 102.665458679 1
63 29 102.696990967 1
63 29 102.705810547 1
63 29 102.719482422 1
63 29 102.729934692 1
63 29 102.737785339 1
63 29 102.748397827 1
63 29 102.817901611 1
63 29 102.854156494 1
63 29 102.870742798 1
63 29 102.878074646 1
63 29 102.878875732 1
63 29 102.890777588 1
63 29 102.916778564 1
63 29 102.920593262 1
63 29 102.960037231 1
63 29 102.964683533 1
63 29 102.972740173 1
63 29 103.006668091 1
63 29 103.063667297 1
63 29 103.166000366 1
63 29 103.183143616 1
63 29 103.196769714 1
63 29 103.220169067 1
63 29 103.221786499 1
63 29 103.270782471 1
63 29 103.292266846 1
63 29 103.296737671 1
63 29 103.364532471 1
63 29 103.369438171 1
63 29 103.37902832 1
63 29 103.395698547 1
63 29 103.489349365 1
63 29 103.491630554 1
63 29 103.514892578 1
63 29 103.540428162 1
63 29 103.549972534 1
63 29 103.552177429 1
63 29 103.572364807 1
63 29 103.596908569 1
63 29 103.605682373 1
63 29 103.617156982 1
63 29 103.618377686 1
63 29 103.621772766 1
63 29 103.631111145 1
63 29 103.632606506 1
63 29 103.635375977 1
63 29 103.675071716 1
63 29 103.688018799 1
63 29 103.714904785 1
63 29 103.728134155 1
63 29 103.758354187 1
63 29 103.776885986 1
63 29 103.799751282 1
63 29 103.808860779 1
63 29 103.831626892 1
63 29 103.835136414 1
63 29 103.851005554 1
63 29 103.858451843 1
63 29 103.89806366 1
63 29 103.914505005 1
63 29 103.9477005 1
63 29 103.962615967 1
63 29 103.986053467 1
63 29 103.990661621 1
63 29 104.002838135 1
63 29 104.011398315 1
63 29 104.024505615 1
63 29 104.031738281 1
63 29 104.048294067 1
63 29 104.061164856 1
63 29 104.079658508 1
63 29 104.097846985 1
63 29 104.106781006 1
63 29 104.124794006 1
63 29 104.158477783 1
63 29 104.186126709 1
63 29 104.207237244 1
63 29 104.220153809 1
63 29 104.30796814 1
63 29 104.314353943 1
63 29 104.320480347 1
63 29 104.330421448 1
63 29 104.368797302 1
63 29 104.405578613 1
63 29 104.423080444 1
63 29 104.446853638 1
63 29 104.518287659 1
63 29 104.551727295 1
63 29 104.576126099 1
63 29 104.594512939 1
63 29 104.603164673 1
63 29 104.608207703 1
63 29 104.618553162 1
63 29 104.651405334 1
63 29 104.663742065 1
63 29 104.678871155 1
63 29 104.710083008 1
63 29 104.716293335 1
63 29 104.745124817 1
63 29 104.815979004 1
63 29 104.823905945 1
63 29 104.870605469 1
63 29 104.963760376 1
63 29 104.984901428 1
63 29 104.993095398 1
63 29 105.042602539 1
63 29 105.097084045 1
63 29 105.098899841 1
63 29 105.119789124 1
63 29 105.141319275 1
63 29 105.149436951 1
63 29 105.151397705 1
63 29 105.172744751 1
63 29 105.205451965 1
63 29 105.231987 1
63 29 105.257164001 1
63 29 105.277252197 1
63 29 105.301780701 1
63 29 105.340675354 1
63 29 105.351219177 1
63 29 105.394836426 1
63 29 105.396774292 1
63 29 105.41027832 1
63 29 105.461364746 1
63 29 105.51676178 1
63 29 105.578453064 1
63 29 105.599342346 1
63 29 105.605964661 1
63 29 105.654953003 1
63 29 105.684509277 1
63 29 105.699607849 1
63 29 105.727050781 1
63 29 105.773628235 1
63 29 105.840354919 1
63 29 105.879623413 1
63 29 105.88092804 1
63 29 105.885810852 1
63 29 105.921691895 1
63 29 105.931472778 1
63 29 105.97718811 1
63 29 105.988571167 1
63 29 105.989517212 1
63 29 106.014541626 1
63 29 106.029922485 1
63 29 106.04875946 1
63 29 106.055671692 1
63 29 106.104026794 1
63 29 106.148223877 1
63 29 106.162330627 1
63 29 106.219421387 1
63 29 106.321090698 1
63 29 106.322395325 1
63 29 106.374343872 1
63 29 106.418968201 1
63 29 106.444335938 1
63 29 106.499816895 1
63 29 106.502227783 1
63 29 106.520988464 1
63 29 106.565299988 1
63 29 106.590019226 1
63 29 106.594047546 1
63 29 106.61618042 1
63 29 106.721908569 1
63 29 106.754837036 1
63 29 106.761322021 1
63 29 106.795677185 1
63 29 106.806060791 1
63 29 106.824485779 1
63 29 106.84400177 1
63 29 106.845275879 1
63 29 106.937347412 1
63 29 106.938232422 1
63 29 106.964599609 1
63 29 106.96635437 1
63 29 106.969612122 1
63 29 106.977104187 1
63 29 106.98134613 1
63 29 106.987243652 1
63 29 106.989379883 1
63 29 107.017524719 1
63 29 107.080665588 1
63 29 107.109054565 1
63 29 107.163612366 1
63 29 107.199707031 1
63 29 107.21598053 1
63 29 107.223640442 1
63 29 107.233573914 1
63 29 107.313819885 1
63 29 107.329627991 1
63 29 107.447402954 1
63 29 107.452590942 1
63 29 107.472389221 1
63 29 107.556793213 1
63 29 107.559440613 1
63 29 107.600852966 1
63 29 107.661819458 1
63 29 107.695045471 1
63 29 107.699012756 1
63 29 107.718009949 1
63 29 107.740379333 1
63 29 107.74887085 1
63 29 107.756629944 1
63 29 107.764900208 1
63 29 107.770233154 1
63 29 107.782325745 1
63 29 107.817802429 1
63 29 107.861167908 1
63 29 107.920799255 1
63 29 107.989028931 1
63 29 108.001167297 1
63 29 108.061691284 1
63 29 108.14478302 1
63 29 108.18208313 1
63 29 108.210189819 1
63 29 108.248527527 1
63 29 108.249397278 1
63 29 108.275611877 1
63 29 108.288917542 1
63 29 108.392044067 1
63 29 108.455024719 1
63 29 108.458480835 1
63 29 108.46647644 1
63 29 108.468200684 1
63 29 108.468597412 1
63 29 108.479316711 1
63 29 108.517570496 1
63 29 108.570854187 1
63 29 108.578773499 1
63 29 108.603355408 1
63 29 108.634910583 1
63 29 108.656005859 1
63 29 108.681404114 1
63 29 108.707565308 1
63 29 108.793197632 1
63 29 108.847747803 1
63 29 108.898925781 1
63 29 108.907592773 1
63 29 108.91620636 1
63 29 108.977233887 1
63 29 108.986106873 1
63 29 109.014068604 1
63 29 109.016914368 1
63 29 109.030212402 1
63 29 109.048713684 1
63 29 109.094390869 1
63 29 109.097885132 1
63 29 109.211845398 1
63 29 109.231010437 1
63 29 109.271095276 1
63 29 109.311164856 1
63 29 109.319534302 1
63 29 109.338340759 1
63 29 109.343162537 1
63 29 109.403373718 1
63 29 109.493804932 1
63 29 109.563568115 1
63 29 109.57901001 1
63 29 109.665290833 1
63 29 109.720336914 1
63 29 109.732269287 1
63 29 109.797889709 1
63 29 109.823684692 1
63 29 109.898353577 1
63 29 109.930908203 1
63 29 109.956947327 1
63 29 109.971832275 1
63 29 109.97567749 1
63 29 110.014717102 1
63 29 110.104042053 1
63 29 110.11592865 1
63 29 110.181678772 1
63 29 110.321975708 1
63 29 110.329208374 1
63 29 110.399528503 1
63 29 110.420898438 1
63 29 110.438064575 1
63 29 110.45740509 1
63 29 110.458816528 1
63 29 110.496330261 1
63 29 110.539497375 1
63 29 110.560287476 1
63 29 110.578865051 1
63 29 110.585708618 1
63 29 110.612976074 1
63 29 110.648269653 1
63 29 110.653205872 1
63 29 110.669441223 1
63 29 110.673614502 1
63 29 110.676834106 1
63 29 110.85962677 1
63 29 110.865699768 1
63 29 110.887619019 1
63 29 110.952423096 1
63 29 110.966629028 1
63 29 110.976646423 1
63 29 111.071289062 1
63 29 111.074584961 1
63 29 111.181236267 1
63 29 111.209037781 1
63 29 111.235939026 1
63 29 111.25605011 1
63 29 111.300613403 1
63 29 111.366333008 1
63 29 111.389877319 1
63 29 111.40032196 1
63 29 111.404579163 1
63 29 111.495689392 1
63 29 111.519493103 1
63 29 111.530845642 1
63 29 111.536102295 1
63 29 111.569595337 1
63 29 111.613273621 1
63 29 111.647224426 1
63 29 111.678909302 1
63 29 111.691207886 1
63 29 111.760887146 1
63 29 111.855995178 1
63 29 111.870429993 1
63 29 111.879600525 1
63 29 112.021469116 1
63 29 112.028282166 1
63 29 112.047225952 1
63 29 112.093688965 1
63 29 112.163948059 1
63 29 112.257087708 1
63 29 112.279037476 1
63 29 112.308029175 1
63 29 112.317710876 1
63 29 112.333122253 1
63 29 112.351425171 1
63 29 112.357727051 1
63 29 112.381599426 1
63 29 112.427497864 1
63 29 112.444206238 1
63 29 112.511703491 1
63 29 112.520606995 1
63 29 112.561218262 1
63 29 112.601837158 1
63 29 112.606193542 1
63 29 112.623146057 1
63 29 112.68952179 1
63 29 112.74861145 1
63 29 112.771720886 1
63 29 112.863548279 1
63 29 112.881858826 1
63 29 113.015480042 1
63 29 113.019981384 1
63 29 113.030212402 1
63 29 113.094512939 1
63 29 113.192573547 1
63 29 113.271003723 1
63 29 113.294754028 1
63 29 113.334472656 1
63 29 113.384994507 1
63 29 113.400543213 1
63 29 113.416145325 1
63 29 113.434158325 1
63 29 113.479118347 1
63 29 113.548095703 1
63 29 113.602935791 1
63 29 113.664756775 1
63 29 113.685157776 1
63 29 113.729721069 1
63 29 113.740356445 1
63 29 113.758079529 1
63 29 113.761192322 1
63 29 113.826515198 1
63 29 113.857192993 1
63 29 113.907928467 1
63 29 113.957923889 1
63 29 114.003440857 1
63 29 114.064857483 1
63 29 114.104103088 1
63 29 114.15776062 1
63 29 114.205101013 1
63 29 114.256385803 1
63 29 114.432189941 1
63 29 114.465118408 1
63 29 114.539169312 1
63 29 114.559211731 1
63 29 114.583335876 1
63 29 114.58682251 1
63 29 114.596229553 1
63 29 114.879013062 1
63 29 114.893669128 1
63 29 114.918395996 1
63 29 114.986419678 1
63 29 115.005477905 1
63 29 115.075111389 1
63 29 115.173301697 1
63 29 115.246307373 1
63 29 115.32699585 1
63 29 115.329528809 1
63 29 115.361717224 1
63 29 115.392448425 1
63 29 115.452377319 1
63 29 115.640350342 1
63 29 115.705345154 1
63 29 115.720252991 1
63 29 115.73563385 1
63 29 115.779853821 1
63 29 115.823554993 1
63 29 115.855453491 1
63 29 115.898696899 1
63 29 115.909812927 1
63 29 115.934577942 1
63 29 115.966133118 1
63 29 115.977210999 1
63 29 115.986663818 1
63 29 116.049804688 1
63 29 116.08367157 1
63 29 116.091491699 1
63 29 116.348548889 1
63 29 116.427597046 1
63 29 116.442344666 1
63 29 116.447265625 1
63 29 116.451278687 1
63 29 116.493041992 1
63 29 116.52922821 1
63 29 116.540473938 1
63 29 116.580757141 1
63 29 116.69065094 1
63 29 116.743728638 1
63 29 116.789634705 1
63 29 116.841636658 1
63 29 116.955085754 1
63 29 116.985954285 1
63 29 117.107521057 1
63 29 117.414916992 1
63 29 117.4349823 1
63 29 117.449462891 1
63 29 117.607589722 1
63 29 117.620262146 1
63 29 117.706748962 1
63 29 117.799034119 1
63 29 117.824165344 1
63 29 117.847702026 1
63 29 118.0284729 1
63 29 118.033966064 1
63 29 118.171844482 1
63 29 118.269828796 1
63 29 118.32371521 1
63 29 118.334724426 1
63 29 118.373497009 1
63 29 118.406959534 1
63 29 118.773353577 1
63 29 118.781455994 1
63 29 118.82321167 1
63 29 118.838882446 1
63 29 118.887252808 1
63 29 119.034286499 1
63 29 119.102752686 1
63 29 119.120536804 1
63 29 119.163093567 1
63 29 119.23739624 1
63 29 119.292785645 1
63 29 119.381645203 1
63 29 119.385345459 1
63 29 119.44229126 1
63 29 119.454811096 1
63 29 119.464683533 1
63 29 119.548812866 1
63 29 119.611915588 1
63 29 119.665054321 1
63 29 119.681739807 1
63 29 119.788192749 1
63 29 119.80645752 1
63 29 119.967308044 1
63 29 120.049201965 1
63 29 120.087966919 1
63 29 120.091873169 1
63 29 120.172042847 1
63 29 120.222595215 1
63 29 120.557800293 1
63 29 120.611289978 1
63 29 120.645339966 1
63 29 120.709449768 1
63 29 120.769309998 1
63 29 120.811309814 1
63 29 121.083839417 1
63 29 121.094329834 1
63 29 121.094604492 1
63 29 121.098564148 1
63 29 121.18447113 1
63 29 121.196060181 1
63 29 121.218292236 1
63 29 121.347465515 1
63 29 121.401298523 1
63 29 121.459503174 1
63 29 121.462219238 1
63 29 121.489547729 1
63 29 121.699226379 1
63 29 122.225822449 1
63 29 122.471740723 1
63 29 122.505943298 1
63 29 122.53427124 1
63 29 122.592979431 1
63 29 122.712005615 1
63 29 122.747322083 1
63 29 122.777618408 1
63 29 122.782226562 1
63 29 123.432220459 1
63 29 123.484100342 1
63 29 123.58291626 1
63 29 123.699737549 1
63 29 123.710334778 1
63 29 123.762428284 1
63 29 123.935714722 1
63 29 123.967651367 1
63 29 124.079284668 1
63 29 124.194656372 1
63 29 124.217247009 1
63 29 124.332695007 1
63 29 124.400184631 1
63 29 124.584457397 1
63 29 124.796768188 1
63 29 124.84538269 1
63 29 125.338684082 1
63 29 125.421066284 1
63 29 125.447853088 1
63 29 125.451286316 1
63 29 125.607757568 1
63 29 125.691093445 1
63 29 125.77532959 1
63 29 125.794822693 1
63 29 125.968971252 1
63 29 126.127540588 1
63 29 126.381919861 1
63 29 126.384353638 1
63 29 126.53452301 1
63 29 126.540985107 1
63 29 126.585372925 1
63 29 126.592582703 1
63 29 126.676483154 1
63 29 126.681243896 1
63 29 126.862838745 1
63 29 126.925636292 1
63 29 127.017738342 1
63 29 127.053985596 1
63 29 127.075828552 1
63 29 127.113998413 1
63 29 127.311805725 1
63 29 127.350837708 1
63 29 127.395278931 1
63 29 127.947669983 1
63 29 127.958755493 1
63 29 128.082611084 1
63 29 128.130569458 1
63 29 128.133056641 1
63 29 128.3125 1
63 29 128.399917603 1
63 29 128.446105957 1
63 29 128.772827148 1
63 29 128.78755188 1
63 29 128.819778442 1
63 29 128.991653442 1
63 29 129.158706665 1
63 29 129.161819458 1
63 29 129.222076416 1
63 29 129.267684937 1
63 29 129.614456177 1
63 29 129.676376343 1
63 29 129.761291504 1
63 29 129.8230896 1
63 29 129.823379517 1
63 29 129.84979248 1
63 29 129.993988037 1
63 29 130.106262207 1
63 29 130.225662231 1
63 29 130.259735107 1
63 29 130.50793457 1
63 29 130.586151123 1
63 29 130.765014648 1
63 29 131.033996582 1
63 29 131.050186157 1
63 29 131.47845459 1
63 29 131.553192139 1
63 29 131.626083374 1
63 29 131.789962769 1
63 29 131.880233765 1
63 29 132.016448975 1
63 29 132.151763916 1
63 29 132.401367188 1
63 29 132.444412231 1
63 29 132.486206055 1
63 29 132.891799927 1
63 29 132.938064575 1
63 29 133.492858887 1
63 29 133.510665894 1
63 29 133.601989746 1
63 29 133.637908936 1
63 29 133.861114502 1
63 29 133.910736084 1
63 29 134.206436157 1
63 29 134.290725708 1
63 29 134.293014526 1
63 29 134.320571899 1
63 29 134.339569092 1
63 29 134.449554443 1
63 29 134.523498535 1
63 29 134.639205933 1
63 29 135.002944946 1
63 29 135.053421021 1
63 29 135.058273315 1
63 29 135.295944214 1
63 29 135.296691895 1
63 29 135.481201172 1
63 29 135.579925537 1
63 29 135.748397827 1
63 29 135.937332153 1
63 29 136.066436768 1
63 29 136.200790405 1
63 29 136.380355835 1
63 29 136.653442383 1
63 29 137.574630737 1
63 29 138.057479858 1
63 29 138.099822998 1
63 29 138.257614136 1
63 29 138.892974854 1
63 29 139.084152222 1
63 29 139.207809448 1
63 29 139.640487671 1
63 29 139.931549072 1
63 29 139.969818115 1
63 29 140.109939575 1
63 29 140.56350708 1
63 29 140.796539307 1
63 29 140.801879883 1
63 29 140.998016357 1
63 29 141.124938965 1
63 29 141.496032715 1
63 29 141.545791626 1
63 29 141.779495239 1
63 29 142.604919434 1
63 29 142.838485718 1
63 29 143.205459595 1
63 29 143.548477173 1
63 29 143.668823242 1
63 29 144.01675415 1
63 29 144.315887451 1
63 29 144.697052002 1
63 29 144.882064819 1
63 29 144.951446533 1
63 29 145.095428467 1
63 29 145.183456421 1
63 29 145.463775635 1
63 29 145.862075806 1
63 29 146.068222046 1
63 29 146.888031006 1
63 29 147.007461548 1
63 29 147.186386108 1
63 29 147.405319214 1
63 29 147.407333374 1
63 29 147.824325562 1
63 29 148.291000366 1
63 29 148.588973999 1
63 29 148.72203064 1
63 29 148.744644165 1
63 29 148.843963623 1
63 29 148.906829834 1
63 29 149.369522095 1
63 29 149.423568726 1
63 29 149.426208496 1
63 29 149.500473022 1
63 29 149.719543457 1
63 29 149.735519409 1
63 29 150.130371094 1
63 29 150.298614502 1
63 29 150.395843506 1
63 29 150.632476807 1
63 29 150.815414429 1
63 29 150.889419556 1
63 29 151.541976929 1
63 29 151.587722778 1
63 29 151.69883728 1
63 29 151.760177612 1
63 29 151.775253296 1
63 29 152.24987793 1
63 29 152.488052368 1
63 29 152.93800354 1
63 29 153.780273438 1
63 29 153.865737915 1
63 29 154.694244385 1
63 29 155.578979492 1
63 29 155.758743286 1
63 29 156.735610962 1
63 29 156.820709229 1
63 29 157.03414917 1
63 29 157.682647705 1
63 29 157.755752563 1
63 29 158.226089478 1
63 29 159.158355713 1
63 29 159.527450562 1
63 29 159.879348755 1
63 29 160.62802124 1
63 29 161.25692749 1
63 29 161.307250977 1
63 29 162.190383911 1
63 29 162.203552246 1
63 29 162.917602539 1
63 29 163.877731323 1
63 29 164.335601807 1
63 29 164.911987305 1
63 29 165.941390991 1
63 29 165.97833252 1
63 29 166.061889648 1
63 29 166.711975098 1
63 29 167.082229614 1
63 29 167.350738525 1
63 29 167.384963989 1
63 29 167.594055176 1
63 29 168.33656311 1
63 29 169.518859863 1
63 29 169.657699585 1
63 29 170.411819458 1
63 29 171.546813965 1
63 29 172.863998413 1
63 29 173.395248413 1
63 29 173.680450439 1
63 29 173.681808472 1
63 29 174.280548096 1
63 29 174.659805298 1
63 29 174.8046875 1
63 29 177.310531616 1
63 29 178.502105713 1
63 29 179.459365845 1
63 29 180.097335815 1
63 29 181.662582397 1
63 29 183.989318848 1
63 29 184.972839355 1
63 29 185.981582642 1
63 29 186.264663696 1
63 29 187.594482422 1
63 29 187.687240601 1
63 29 188.641860962 1
63 29 190.77961731 1
63 29 195.582687378 1
63 29 197.247924805 1
63 29 197.508636475 1
63 29 198.009262085 1
63 29 198.626159668 1
63 29 199.488357544 1
63 29 200.516525269 1
63 29 202.344650269 1
63 29 202.971343994 1
63 29 203.408935547 1
63 29 204.721557617 1
63 29 205.416824341 1
63 29 206.113937378 1
63 29 206.292388916 1
63 29 209.917831421 1
63 29 210.237228394 1
63 29 211.746582031 1
63 29 211.965896606 1
63 29 212.265975952 1
63 29 213.188247681 1
63 29 215.195053101 1
63 29 215.460952759 1
63 29 217.825561523 1
63 29 219.742584229 1
63 29 219.965194702 1
63 29 220.737747192 1
63 29 221.789581299 1
63 29 222.090667725 1
63 29 225.071716309 1
63 29 227.124557495 1
63 29 228.096328735 1
63 29 229.09475708 1
63 29 230.974899292 1
63 29 231.467041016 1
63 29 232.524978638 1
63 29 233.178115845 1
63 29 234.509048462 1
63 29 234.906646729 1
63 29 235.250015259 1
63 29 237.696289062 1
63 29 239.932266235 1
63 29 240.5912323 1
63 29 242.202178955 1
63 29 244.6900177 1
63 29 245.436660767 1
63 29 246.1668396 1
63 29 246.541168213 1
63 29 247.702484131 1
63 29 249.782165527 1
63 29 249.838943481 1
63 29 252.215942383 1
63 29 254.4815979 1
63 29 256.771697998 1
63 29 257.701263428 1
63 29 258.977020264 1
63 29 260.652587891 1
63 29 262.366607666 1
63 29 264.377746582 1
63 29 265.055389404 1
63 29 265.90322876 1
63 29 266.418548584 1
63 29 268.259887695 1
63 29 270.159942627 1
63 29 273.09765625 1
63 29 274.046203613 1
63 29 275.94442749 1
63 29 277.258209229 1
63 29 277.522674561 1
63 29 278.040863037 1
63 29 278.276702881 1
63 29 281.745697021 1
63 29 283.316650391 1
63 29 285.819030762 1
63 29 286.434020996 1
63 29 286.744689941 1
63 29 290.92010498 1
63 29 295.243041992 1
63 29 295.369232178 1
63 29 298.063018799 1
63 29 301.09967041 1
63 29 302.222320557 1
63 29 303.776306152 1
63 29 310.431152344 1
63 29 310.789459229 1
63 29 310.926971436 1
63 29 314.065643311 1
63 29 314.697479248 1
63 29 315.236755371 1
63 29 316.854705811 1
63 29 319.455444336 1
63 29 319.793731689 1
63 29 326.624908447 1
63 29 330.118347168 1
63 29 335.853424072 1
63 29 336.251983643 1
63 29 336.407196045 1
63 29 340.898590088 1
63 29 342.249542236 1
63 29 343.43661499 1
63 29 348.864807129 1
63 29 353.236358643 1
63 29 354.441436768 1
63 29 367.354919434 1
63 29 372.212432861 1
63 29 376.945983887 1
63 29 380.953369141 1
63 29 381.08291626 1
63 29 383.730987549 1
63 29 385.991699219 1
63 29 390.931060791 1
63 29 395.961486816 1
63 29 396.91104126 1
63 29 406.442504883 1
63 29 409.756530762 1
63 29 412.593414307 1
63 29 415.999481201 1
63 29 416.490966797 1
63 29 424.46496582 1
63 29 429.434082031 1
63 29 432.853607178 1
63 29 438.859832764 1
63 29 446.614440918 1
63 29 450.240783691 1
63 29 451.169433594 1
63 29 451.519073486 1
63 29 453.068756104 1
63 29 458.643035889 1
63 29 464.414306641 1
63 29 472.263305664 1
63 29 484.930938721 1
63 29 488.392150879 1
63 29 489.043243408 1
63 29 493.251464844 1
63 29 500.353271484 1
63 29 501.828063965 1
63 29 512.529541016 1
63 29 518.68359375 1
63 29 534.254760742 1
63 29 534.256958008 1
63 29 544.136657715 1
63 29 559.759033203 1
63 29 559.926818848 1
63 29 564.213378906 1
63 29 570.404052734 1
63 29 585.409240723 1
63 29 599.067016602 1
63 29 605.504272461 1
63 29 606.449707031 1
63 29 617.575805664 1
63 29 628.797302246 1
63 29 632.496826172 1
63 29 653.370483398 1
63 29 678.699584961 1
63 29 701.422912598 1
63 29 716.984436035 1
63 29 722.174682617 1
63 29 736.568237305 1
63 29 777.137084961 1
63 29 840.021240234 1
63 29 857.768981934 1
63 29 871.181518555 1
63 29 926.599731445 1
63 29 983.492370605 1
63 29 1019.12298584 1
63 29 1095.73974609 1
63 29 1103.40124512 1
63 29 1106.52807617 1
63 29 1163.80151367 1
63 29 1257.45446777 1
63 29 1302.11474609 1
63 29 1345.81921387 1
63 29 1433.4453125 1
63 29 1698.94824219 1
63 31 108.203521729 1
63 31 110.063346863 1
63 31 110.829910278 1
63 31 111.738166809 1
63 31 114.050117493 1
63 31 115.60446167 1
63 31 122.0184021 1
63 31 122.594902039 1
63 31 122.633460999 1
63 31 127.845939636 1
63 31 128.172866821 1
63 31 129.552459717 1
63 31 131.500595093 1
63 31 132.483093262 1
63 31 133.157699585 1
63 31 133.448242188 1
63 31 133.935180664 1
63 31 135.906341553 1
63 31 136.707748413 1
63 31 139.319244385 1
63 31 139.544403076 1
63 31 139.755325317 1
63 31 140.003646851 1
63 31 141.189239502 1
63 31 141.635375977 1
63 31 142.284606934 1
63 31 142.495056152 1
63 31 142.835891724 1
63 31 143.405639648 1
63 31 143.517883301 1
63 31 143.66986084 1
63 31 144.232025146 1
63 31 147.330718994 1
63 31 152.018234253 1
63 31 155.508773804 1
63 31 156.159729004 1
63 31 157.18927002 1
63 31 157.610565186 1
63 31 159.306060791 1
63 31 159.941375732 1
63 31 160.719406128 1
63 31 162.897537231 1
63 31 164.225906372 1
63 31 165.943466187 1
63 31 166.510894775 1
63 31 169.273513794 1
63 31 170.034637451 1
63 31 173.774551392 1
63 31 175.370254517 1
63 31 177.871231079 1
63 31 178.377151489 1
63 31 179.017242432 1
63 31 179.707061768 1
63 31 186.533889771 1
63 31 187.959671021 1
63 31 189.029556274 1
63 31 189.144088745 1
63 31 196.044448853 1
63 31 197.809280396 1
63 31 198.081665039 1
63 31 199.730804443 1
63 31 200.237197876 1
63 31 204.924682617 1
63 31 205.073471069 1
63 31 205.577819824 1
63 31 206.374725342 1
63 31 207.352081299 1
63 31 208.875518799 1
63 31 212.298355103 1
63 31 212.833404541 1
63 31 216.328125 1
63 31 216.412918091 1
63 31 222.720077515 1
63 31 226.44303894 1
63 31 227.060791016 1
63 31 228.850479126 1
63 31 232.569488525 1
63 31 233.293304443 1
63 31 233.950012207 1
63 31 234.37612915 1
63 31 239.555999756 1
63 31 240.822433472 1
63 31 241.076797485 1
63 31 250.119430542 1
63 31 253.695251465 1
63 31 256.279663086 1
63 31 257.385559082 1
63 31 257.501495361 1
63 31 257.545654297 1
63 31 258.535949707 1
63 31 260.469085693 1
63 31 261.25378418 1
63 31 263.63067627 1
63 31 266.146057129 1
63 31 267.501708984 1
63 31 267.569763184 1
63 31 268.232971191 1
63 31 275.461883545 1
63 31 278.232543945 1
63 31 282.008300781 1
63 31 283.465148926 1
63 31 284.934051514 1
63 31 287.121490479 1
63 31 291.657806396 1
63 31 293.91897583 1
63 31 306.308898926 1
63 31 309.487182617 1
63 31 311.777954102 1
63 31 315.828399658 1
63 31 316.41104126 1
63 31 317.161682129 1
63 31 318.663391113 1
63 31 320.950561523 1
63 31 324.988067627 1
63 31 328.976623535 1
63 31 332.963928223 1
63 31 333.541229248 1
63 31 334.458709717 1
63 31 339.021514893 1
63 31 344.063934326 1
63 31 346.438018799 1
63 31 347.425201416 1
63 31 368.508331299 1
63 31 377.412139893 1
63 31 383.191802979 1
63 31 387.994110107 1
63 31 389.318145752 1
63 31 392.655212402 1
63 31 397.083099365 1
63 31 397.761077881 1
63 31 399.831451416 1
63 31 403.34463501 1
63 31 405.485809326 1
63 31 416.326568604 1
63 31 421.323181152 1
63 31 429.570983887 1
63 31 431.436523438 1
63 31 440.498840332 1
63 31 442.177947998 1
63 31 444.952178955 1
63 31 451.721801758 1
63 31 454.013244629 1
63 31 463.219818115 1
63 31 480.698455811 1
63 31 491.221496582 1
63 31 491.350799561 1
63 31 527.056274414 1
63 31 541.903930664 1
63 31 547.372192383 1
63 31 554.49810791 1
63 31 560.132568359 1
63 31 560.222106934 1
63 31 632.686035156 1
63 31 644.533752441 1
63 31 656.379760742 1
63 31 676.659973145 1
63 31 686.325378418 1
63 31 728.953308105 1
63 31 748.595825195 1
63 31 769.531921387 1
63 31 797.874084473 1
63 31 929.181640625 1
63 31 933.25958252 1
63 31 965.205383301 1
63 31 1571.66625977 1
63 31 1720.23681641 1
63 32 202.050872803 1
63 32 205.600463867 1
63 32 207.158050537 1
63 32 210.259460449 1
63 32 219.27746582 1
63 32 221.774841309 1
63 32 232.329437256 1
63 32 237.984344482 1
63 32 238.970169067 1
63 32 240.269546509 1
63 32 244.363143921 1
63 32 250.431945801 1
63 32 260.052032471 1
63 32 267.602172852 1
63 32 291.969818115 1
63 32 293.167297363 1
63 32 300.802703857 1
63 32 307.967315674 1
63 32 310.109832764 1
63 32 321.763977051 1
63 32 321.964385986 1
63 32 321.978912354 1
63 32 324.721496582 1
63 32 332.599945068 1
63 32 334.704071045 1
63 32 337.520507812 1
63 32 345.544555664 1
63 32 350.091125488 1
63 32 362.390960693 1
63 32 375.764831543 1
63 32 378.718322754 1
63 32 406.214477539 1
63 32 412.067169189 1
63 32 432.114959717 1
63 32 432.307128906 1
63 32 445.620544434 1
63 32 470.389526367 1
63 32 476.619781494 1
63 32 485.398529053 1
63 32 488.534179688 1
63 32 514.633361816 1
63 32 516.92779541 1
63 32 527.922668457 1
63 32 528.441223145 1
63 32 547.786987305 1
63 32 554.914550781 1
63 32 583.913208008 1
63 32 959.372497559 1
63 33 309.540771484 1
63 33 358.26574707 1
63 33 435.53918457 1
63 33 441.787750244 1
63 33 444.969329834 1
63 33 521.534667969 1
63 33 555.145690918 1
63 33 592.702636719 1
63 33 647.367675781 1
63 33 961.42755127 1
63 34 839.774108887 1
64 25 1029.23999023 1
64 25 1097.08520508 1
64 25 2504.89013672 1
64 26 1294.4666748 1
64 26 1319.29516602 1
64 27 929.360717773 1
64 27 957.469055176 1
64 27 1247.9197998 1
64 28 727.004638672 1
64 28 796.156738281 1
64 28 828.215148926 1
64 28 872.235107422 1
64 28 889.490539551 1
64 28 892.233764648 1
64 28 1138.36450195 1
64 29 783.511291504 1
64 29 856.896484375 1
64 29 1124.53088379 1
64 29 1478.21508789 1
64 29 2071.02856445 1
64 30 678.343933105 1
64 30 711.808166504 1
64 30 719.735595703 1
64 30 727.260620117 1
64 30 763.903686523 1
64 30 775.27923584 1
64 30 784.906799316 1
64 30 793.374633789 1
64 30 852.088623047 1
64 30 853.303161621 1
64 30 894.676696777 1
64 30 947.264526367 1
64 30 957.016113281 1
64 30 1044.61230469 1
64 30 1075.59436035 1
64 30 1298.76135254 1
64 31 614.621398926 1
64 31 682.358703613 1
64 31 873.855529785 1
64 31 1001.20703125 1
64 31 1011.29772949 1
64 31 1061.98986816 1
64 31 1198.98266602 1
64 31 1586.25756836 1
64 32 878.209960938 1
64 32 941.692077637 1
64 32 988.964477539 1
64 33 913.841247559 1
64 33 1018.88146973 1
64 34 952.12298584 1
65 31 2152.24658203 1
69 28 2246.94116211 1
70 21 1480.25073242 1
70 21 1896.18835449 1
70 25 1137.36132812 1
70 26 808.744689941 1
70 26 1000.81097412 1
70 26 1121.95849609 1
70 26 1201.12744141 1
70 26 1391.40844727 1
70 27 743.222229004 1
70 27 804.909362793 1
70 27 808.633972168 1
70 27 809.110107422 1
70 27 891.006469727 1
70 27 904.141174316 1
70 27 909.517089844 1
70 27 989.330749512 1
70 27 1009.09442139 1
70 27 1119.11425781 1
70 27 1223.46313477 1
70 27 1385.07385254 1
70 27 2275.79052734 1
70 28 670.150024414 1
70 28 797.326293945 1
70 28 859.52935791 1
70 28 1205.76843262 1
70 29 693.185241699 1
70 29 711.458679199 1
70 29 765.994995117 1
70 29 853.05078125 1
70 29 921.111022949 1
70 29 1058.61425781 1
70 29 1177.55273438 1
70 29 1508.98095703 1
70 29 1695.05834961 1
70 30 730.565551758 1
70 30 783.408813477 1
70 30 818.826599121 1
70 30 924.599365234 1
70 30 989.322814941 1
70 30 1236.42077637 1
70 30 1340.19958496 1
70 30 1400.1862793 1
70 31 700.957275391 1
70 31 1113.47705078 1
70 31 1774.79418945 1
70 31 1792.19689941 1
70 32 1245.64587402 1
70 32 1731.2043457 1
71 22 1136.77648926 1
71 22 1679.46057129 1
71 23 1211.80187988 1
71 23 1518.16162109 1
71 24 1615.09790039 1
71 24 2769.96289062 1
71 25 1114.05273438 1
71 25 1216.7121582 1
71 25 1597.39489746 1
71 26 761.692810059 1
71 26 997.23425293 1
71 26 1139.37463379 1
71 26 1383.0378418 1
71 26 1451.09106445 1
71 27 698.538391113 1
71 27 760.856750488 1
71 27 766.719726562 1
71 27 766.82409668 1
71 27 906.641845703 1
71 27 1032.55371094 1
71 27 1819.42919922 1
71 28 736.370483398 1
71 28 786.073669434 1
71 28 815.220397949 1
71 28 907.58782959 1
71 28 1018.73846436 1
71 28 1094.43908691 1
71 28 1125.81005859 1
71 28 1167.19250488 1
71 28 1232.04467773 1
71 29 699.192443848 1
71 29 801.875732422 1
71 29 866.643127441 1
71 29 917.678527832 1
71 29 1742.85986328 1
71 30 684.080505371 1
71 30 736.073120117 1
71 30 789.572387695 1
71 30 861.88092041 1
71 30 962.952758789 1
71 30 1269.8717041 1
71 30 1273.73754883 1
71 30 1325.28137207 1
71 31 815.723815918 1
71 31 873.063354492 1
71 31 1425.30529785 1
71 32 936.796325684 1
71 32 1083.62011719 1
71 32 1607.5135498 1
72 25 1794.70019531 1
76 20 2673.33422852 1
76 28 1440.17663574 1
77 24 1543.53283691 1
77 25 3114.61865234 1
77 27 1682.62268066 1
78 29 1961.82275391 1
86 10 2221.97851562 1
