string dom time hits
44 28 1439.27893066 1
45 19 2457.49145508 1
53 21 2157.49462891 1
53 26 1615.3572998 1
53 28 2645.63134766 1
54 25 872.893615723 1
54 26 795.467407227 1
54 26 825.984436035 1
54 26 950.65411377 1
54 26 1347.42431641 1
54 27 722.028747559 1
54 27 734.669799805 1
54 27 811.507873535 1
54 27 854.788757324 1
54 27 930.73828125 1
54 27 967.113464355 1
54 27 980.476196289 1
54 27 1041.83496094 1
54 27 1100.5447998 1
54 27 1109.74316406 1
54 27 1245.36657715 1
54 27 1341.60253906 1
54 28 692.854187012 1
54 28 745.194519043 1
54 28 762.006652832 1
54 28 845.775024414 1
54 28 1182.43835449 1
54 28 1863.77233887 1
54 29 680.688720703 1
54 29 716.87512207 1
54 29 787.991943359 1
54 29 831.772705078 1
54 29 859.374328613 1
54 29 886.548461914 1
54 29 945.870605469 1
54 29 952.557739258 1
54 29 1194.48376465 1
54 29 1229.04650879 1
54 29 1623.03991699 1
54 29 2156.42529297 1
54 30 643.660888672 1
54 30 691.497802734 1
54 30 742.30871582 1
54 30 834.81640625 1
54 30 977.37512207 1
54 30 995.853393555 1
54 30 1044.6373291 1
54 30 1067.97705078 1
54 30 1288.11694336 1
54 30 1553.30627441 1
54 30 2106.25390625 1
54 31 959.65435791 1
54 31 1308.50500488 1
54 31 1352.42004395 1
54 32 1127.47302246 1
55 20 1563.06018066 1
55 20 1773.34375 1
55 22 1029.17993164 1
55 24 1124.17980957 1
55 26 837.840576172 1
55 26 951.625427246 1
55 26 957.091918945 1
55 26 967.196960449 1
55 26 1210.2532959 1
55 26 1489.81518555 1
55 27 756.022949219 1
55 27 759.573059082 1
55 27 938.054443359 1
55 27 1068.57116699 1
55 27 1181.39855957 1
55 27 1407.18432617 1
55 27 1670.15454102 1
55 28 686.155334473 1
55 28 754.061706543 1
55 28 757.298034668 1
55 28 784.642272949 1
55 28 796.29486084 1
55 28 816.089111328 1
55 28 916.68951416 1
55 28 1004.25292969 1
55 28 1525.95092773 1
55 29 654.762329102 1
55 29 708.89050293 1
55 29 785.940063477 1
55 29 920.614379883 1
55 29 1050.07910156 1
55 29 1158.35266113 1
55 30 702.996398926 1
55 30 765.976257324 1
55 30 796.404846191 1
55 30 923.13671875 1
55 30 1280.62939453 1
55 30 1355.30444336 1
55 31 762.450073242 1
55 31 935.123352051 1
55 31 1351.80456543 1
55 32 1327.41333008 1
55 32 1478.14526367 1
56 29 1115.09741211 1
56 31 1508.13745117 1
62 23 1149.80834961 1
62 23 1570.63024902 1
62 24 1176.06359863 1
62 24 1440.46887207 1
62 25 889.529418945 1
62 25 964.223632812 1
62 26 757.804382324 1
62 26 787.006958008 1
62 26 838.173095703 1
62 26 915.573364258 1
62 26 1137.87609863 1
62 26 1235.26416016 1
62 27 725.532348633 1
62 27 737.34375 1
62 27 751.91394043 1
62 27 840.558044434 1
62 27 853.993713379 1
62 27 865.545288086 1
62 27 926.407226562 1
62 27 967.911376953 1
62 27 990.495666504 1
62 28 711.402404785 1
62 28 718.617492676 1
62 28 731.038757324 1
62 28 749.459716797 1
62 28 750.023071289 1
62 28 754.500366211 1
62 28 803.675720215 1
62 28 841.619567871 1
62 28 1060.12011719 1
62 28 1104.24035645 1
62 28 1241.53723145 1
62 29 709.317382812 1
62 29 754.180480957 1
62 29 804.519348145 1
62 29 950.348083496 1
62 29 993.594116211 1
62 29 1155.5032959 1
62 29 1482.78198242 1
62 29 1692.51306152 1
62 29 1707.53527832 1
62 29 1798.6842041 1
62 29 2121.20654297 1
62 30 760.377075195 1
62 30 872.441467285 1
62 30 904.2890625 1
62 30 937.702148438 1
62 30 1020.60125732 1
62 30 1342.08630371 1
62 30 1581.52929688 1
62 31 712.336791992 1
62 31 1216.7130127 1
62 31 1399.64428711 1
62 31 1473.93322754 1
62 32 907.872619629 1
62 32 965.398620605 1
62 32 1621.63903809 1
63 18 1421.7635498 1
63 19 1451.43981934 1
63 20 1106.38305664 1
63 20 1151.00402832 1
63 20 1469.77636719 1
63 20 1483.91687012 1
63 20 1750.81860352 1
63 21 1074.21533203 1
63 21 1781.53820801 1
63 22 749.565307617 1
63 22 750.69354248 1
63 22 817.824829102 1
63 22 898.930053711 1
63 22 1188.97875977 1
63 22 1205.92700195 1
63 22 1247.15869141 1
63 22 1556.69946289 1
63 22 1617.49267578 1
63 23 707.784057617 1
63 23 754.245788574 1
63 23 780.978881836 1
63 23 913.431030273 1
63 23 976.497131348 1
63 23 1038.4161377 1
63 23 1723.0123291 1
63 24 539.616455078 1
63 24 550.774780273 1
63 24 552.428527832 1
63 24 569.649353027 1
63 24 571.278076172 1
63 24 574.973144531 1
63 24 576.681213379 1
63 24 577.106933594 1
63 24 581.208435059 1
63 24 581.928283691 1
63 24 586.339172363 1
63 24 638.523498535 1
63 24 646.458496094 1
63 24 658.522399902 1
63 24 692.969360352 1
63 24 804.569213867 1
63 24 911.396789551 1
63 24 995.182189941 1
63 24 1024.79052734 1
63 24 1058.72009277 1
63 24 1078.86816406 1
63 24 1131.72497559 1
63 24 1167.27319336 1
63 24 1245.9901123 1
63 24 1254.36462402 1
63 24 1301.83618164 1
63 25 426.009765625 1
63 25 430.585601807 1
63 25 433.800445557 1
63 25 436.278656006 1
63 25 438.626434326 1
63 25 439.125823975 1
63 25 439.360015869 1
63 25 442.375335693 1
63 25 457.630859375 1
63 25 465.027709961 1
63 25 473.600738525 1
63 25 480.619445801 1
63 25 481.885223389 1
63 25 484.857971191 1
63 25 487.317657471 1
63 25 502.069641113 1
63 25 502.564819336 1
63 25 520.253295898 1
63 25 539.345397949 1
63 25 544.049560547 1
63 25 544.992614746 1
63 25 545.762512207 1
63 25 546.430297852 1
63 25 554.510131836 1
63 25 558.948913574 1
63 25 571.454040527 1
63 25 573.607421875 1
63 25 602.741821289 1
63 25 604.114501953 1
63 25 605.507568359 1
63 25 626.071228027 1
63 25 626.212585449 1
63 25 633.187316895 1
63 25 636.591003418 1
63 25 648.60333252 1
63 25 660.631958008 1
63 25 676.936401367 1
63 25 696.261230469 1
63 25 705.420654297 1
63 25 813.167663574 1
63 25 821.157775879 1
63 25 895.590332031 1
63 25 1343.13439941 1
63 26 328.889801025 1
63 26 334.143127441 1
63 26 334.474182129 1
63 26 340.43347168 1
63 26 342.5965271 1
63 26 343.010223389 1
63 26 344.925628662 1
63 26 345.871276855 1
63 26 347.341339111 1
63 26 347.836578369 1
63 26 348.378814697 1
63 26 349.385986328 1
63 26 350.027435303 1
63 26 350.754974365 1
63 26 351.429779053 1
63 26 359.80682373 1
63 26 359.837371826 1
63 26 361.227722168 1
63 26 361.535430908 1
63 26 362.114868164 1
63 26 362.354248047 1
63 26 362.419006348 1
63 26 365.461181641 1
63 26 365.644775391 1
63 26 366.754608154 1
63 26 366.833496094 1
63 26 370.34185791 1
63 26 370.391052246 1
63 26 370.53616333 1
63 26 372.930725098 1
63 26 373.335174561 1
63 26 373.972900391 1
63 26 374.035125732 1
63 26 376.21182251 1
63 26 376.606689453 1
63 26 377.082061768 1
63 26 380.624298096 1
63 26 381.091125488 1
63 26 381.391052246 1
63 26 381.61505127 1
63 26 383.595428467 1
63 26 383.859619141 1
63 26 384.200592041 1
63 26 384.437164307 1
63 26 384.578979492 1
63 26 384.775482178 1
63 26 384.916351318 1
63 26 386.172943115 1
63 26 388.37600708 1
63 26 390.130004883 1
63 26 391.228057861 1
63 26 392.75491333 1
63 26 393.182373047 1
63 26 393.5887146 1
63 26 395.476013184 1
63 26 399.445800781 1
63 26 400.321380615 1
63 26 403.654205322 1
63 26 405.617034912 1
63 26 408.291015625 1
63 26 410.840087891 1
63 26 416.488067627 1
63 26 417.947235107 1
63 26 419.366607666 1
63 26 423.277130127 1
63 26 425.169342041 1
63 26 425.171173096 1
63 26 431.448516846 1
63 26 432.010223389 1
63 26 432.083770752 1
63 26 433.330291748 1
63 26 446.056427002 1
63 26 446.120605469 1
63 26 446.47833252 1
63 26 447.501068115 1
63 26 450.242004395 1
63 26 450.822113037 1
63 26 452.45300293 1
63 26 452.847900391 1
63 26 456.392425537 1
63 26 466.158935547 1
63 26 472.236846924 1
63 26 472.575469971 1
63 26 473.908630371 1
63 26 474.498260498 1
63 26 477.444580078 1
63 26 478.938293457 1
63 26 480.038879395 1
63 26 489.633453369 1
63 26 493.683563232 1
63 26 495.926879883 1
63 26 498.324279785 1
63 26 510.778167725 1
63 26 515.92590332 1
63 26 516.407531738 1
63 26 523.834411621 1
63 26 542.118225098 1
63 26 547.487243652 1
63 26 549.028869629 1
63 26 549.43347168 1
63 26 558.784606934 1
63 26 567.487365723 1
63 26 573.114318848 1
63 26 574.862304688 1
63 26 585.224731445 1
63 26 592.332275391 1
63 26 594.936828613 1
63 26 613.256469727 1
63 26 615.069702148 1
63 26 616.201599121 1
63 26 620.487060547 1
63 26 625.125976562 1
63 26 640.776367188 1
63 26 658.76373291 1
63 26 700.707458496 1
63 26 728.268066406 1
63 26 728.456176758 1
63 26 825.908630371 1
63 26 938.409301758 1
63 26 967.214538574 1
63 26 1002.41162109 1
63 26 1020.13232422 1
63 26 1049.77770996 1
63 26 1082.37487793 1
63 26 1193.05334473 1
63 26 1438.05407715 1
63 26 1451.11767578 1
63 26 1714.00427246 1
63 27 238.541564941 1
63 27 242.633773804 1
63 27 243.621200562 1
63 27 244.035049438 1
63 27 244.90335083 1
63 27 245.221862793 1
63 27 245.801834106 1
63 27 245.892349243 1
63 27 247.948730469 1
63 27 248.931365967 1
63 27 249.509338379 1
63 27 249.850097656 1
63 27 249.894348145 1
63 27 249.911300659 1
63 27 250.604431152 1
63 27 250.634384155 1
63 27 251.003738403 1
63 27 251.923721313 1
63 27 252.438430786 1
63 27 252.564437866 1
63 27 252.646148682 1
63 27 252.856246948 1
63 27 253.086257935 1
63 27 253.76385498 1
63 27 254.29119873 1
63 27 254.537078857 1
63 27 254.65512085 1
63 27 254.83682251 1
63 27 255.090499878 1
63 27 255.65612793 1
63 27 255.703613281 1
63 27 255.816345215 1
63 27 256.035858154 1
63 27 256.054656982 1
63 27 256.06237793 1
63 27 256.200531006 1
63 27 257.159423828 1
63 27 257.576690674 1
63 27 257.989227295 1
63 27 258.21395874 1
63 27 258.256591797 1
63 27 258.797821045 1
63 27 258.802215576 1
63 27 259.904815674 1
63 27 260.276367188 1
63 27 261.360168457 1
63 27 261.621337891 1
63 27 261.833343506 1
63 27 262.638397217 1
63 27 262.845794678 1
63 27 263.049224854 1
63 27 263.082550049 1
63 27 263.180114746 1
63 27 263.665618896 1
63 27 263.716827393 1
63 27 263.736236572 1
63 27 263.765930176 1
63 27 264.01965332 1
63 27 264.281829834 1
63 27 264.816772461 1
63 27 265.196868896 1
63 27 265.351959229 1
63 27 265.587585449 1
63 27 265.598205566 1
63 27 266.38571167 1
63 27 266.708404541 1
63 27 266.761932373 1
63 27 267.01473999 1
63 27 267.360443115 1
63 27 268.147033691 1
63 27 268.302276611 1
63 27 268.358184814 1
63 27 268.539916992 1
63 27 269.780853271 1
63 27 270.039764404 1
63 27 270.270599365 1
63 27 270.728973389 1
63 27 270.816192627 1
63 27 270.977600098 1
63 27 271.188873291 1
63 27 271.494293213 1
63 27 272.083007812 1
63 27 272.182678223 1
63 27 272.596405029 1
63 27 272.649169922 1
63 27 272.666778564 1
63 27 272.678894043 1
63 27 272.792785645 1
63 27 272.799713135 1
63 27 273.621154785 1
63 27 273.642456055 1
63 27 273.888977051 1
63 27 273.931610107 1
63 27 274.017089844 1
63 27 274.045837402 1
63 27 274.067016602 1
63 27 274.686737061 1
63 27 274.854370117 1
63 27 275.160888672 1
63 27 275.21081543 1
63 27 275.399078369 1
63 27 275.466644287 1
63 27 275.580535889 1
63 27 275.964538574 1
63 27 276.401855469 1
63 27 276.402526855 1
63 27 276.53213501 1
63 27 277.387145996 1
63 27 277.616363525 1
63 27 277.95803833 1
63 27 277.996520996 1
63 27 278.967132568 1
63 27 279.21774292 1
63 27 280.151672363 1
63 27 280.391662598 1
63 27 280.87612915 1
63 27 281.205688477 1
63 27 281.228607178 1
63 27 281.506256104 1
63 27 281.808868408 1
63 27 281.858184814 1
63 27 281.978942871 1
63 27 282.766265869 1
63 27 283.218292236 1
63 27 283.476654053 1
63 27 284.913330078 1
63 27 285.000701904 1
63 27 285.160461426 1
63 27 285.185638428 1
63 27 285.270751953 1
63 27 285.763214111 1
63 27 286.65512085 1
63 27 286.717315674 1
63 27 287.419128418 1
63 27 287.821350098 1
63 27 288.035583496 1
63 27 288.195373535 1
63 27 288.888092041 1
63 27 289.439361572 1
63 27 289.455657959 1
63 27 290.774261475 1
63 27 290.836730957 1
63 27 291.232849121 1
63 27 291.267028809 1
63 27 292.738311768 1
63 27 294.804412842 1
63 27 294.859710693 1
63 27 294.941802979 1
63 27 295.494506836 1
63 27 295.935913086 1
63 27 296.272949219 1
63 27 296.655883789 1
63 27 298.257110596 1
63 27 298.37902832 1
63 27 298.506622314 1
63 27 299.182678223 1
63 27 300.404693604 1
63 27 300.656921387 1
63 27 302.007202148 1
63 27 302.351989746 1
63 27 302.92288208 1
63 27 303.511627197 1
63 27 303.941497803 1
63 27 304.40637207 1
63 27 304.561431885 1
63 27 305.057891846 1
63 27 305.354797363 1
63 27 306.285064697 1
63 27 306.721099854 1
63 27 307.213226318 1
63 27 307.589202881 1
63 27 307.871429443 1
63 27 309.191009521 1
63 27 309.351135254 1
63 27 311.456451416 1
63 27 312.1953125 1
63 27 316.262237549 1
63 27 317.481201172 1
63 27 319.134368896 1
63 27 319.986175537 1
63 27 320.134643555 1
63 27 320.915740967 1
63 27 323.001251221 1
63 27 323.614379883 1
63 27 323.809204102 1
63 27 324.115692139 1
63 27 324.166473389 1
63 27 325.012573242 1
63 27 326.151123047 1
63 27 328.658813477 1
63 27 329.245239258 1
63 27 330.16708374 1
63 27 330.829284668 1
63 27 331.754577637 1
63 27 333.085266113 1
63 27 333.721588135 1
63 27 333.823852539 1
63 27 334.622375488 1
63 27 335.212677002 1
63 27 336.724487305 1
63 27 337.788818359 1
63 27 340.256713867 1
63 27 340.511779785 1
63 27 341.420684814 1
63 27 343.476959229 1
63 27 343.690887451 1
63 27 345.001678467 1
63 27 345.528381348 1
63 27 345.795440674 1
63 27 346.904937744 1
63 27 347.134002686 1
63 27 350.646148682 1
63 27 351.479431152 1
63 27 352.968688965 1
63 27 358.480621338 1
63 27 359.741729736 1
63 27 360.524047852 1
63 27 362.706848145 1
63 27 365.278106689 1
63 27 365.516876221 1
63 27 366.998138428 1
63 27 368.60269165 1
63 27 374.393341064 1
63 27 375.675994873 1
63 27 376.739593506 1
63 27 377.115203857 1
63 27 377.848052979 1
63 27 379.082092285 1
63 27 379.946777344 1
63 27 382.062866211 1
63 27 382.54119873 1
63 27 384.584472656 1
63 27 385.933441162 1
63 27 389.15612793 1
63 27 393.960021973 1
63 27 398.602081299 1
63 27 400.389953613 1
63 27 401.137329102 1
63 27 401.262207031 1
63 27 406.025360107 1
63 27 411.28692627 1
63 27 414.921234131 1
63 27 415.885772705 1
63 27 427.460113525 1
63 27 436.481750488 1
63 27 437.343719482 1
63 27 446.032073975 1
63 27 448.453430176 1
63 27 454.134033203 1
63 27 456.37902832 1
63 27 456.578613281 1
63 27 459.202606201 1
63 27 460.111328125 1
63 27 467.317993164 1
63 27 477.59765625 1
63 27 479.287139893 1
63 27 491.165405273 1
63 27 495.046234131 1
63 27 496.974975586 1
63 27 497.988342285 1
63 27 501.54977417 1
63 27 503.89352417 1
63 27 515.092834473 1
63 27 517.375061035 1
63 27 525.52142334 1
63 27 529.090209961 1
63 27 533.853149414 1
63 27 538.656188965 1
63 27 538.97265625 1
63 27 556.000732422 1
63 27 565.746520996 1
63 27 566.265686035 1
63 27 569.098999023 1
63 27 582.893981934 1
63 27 592.411315918 1
63 27 597.603027344 1
63 27 618.053161621 1
63 27 667.301574707 1
63 27 676.025817871 1
63 27 693.032104492 1
63 27 715.526367188 1
63 27 736.844055176 1
63 27 744.231018066 1
63 27 754.736816406 1
63 27 761.878234863 1
63 27 790.726928711 1
63 27 812.465026855 1
63 27 828.490783691 1
63 27 895.00201416 1
63 27 915.453552246 1
63 27 931.56439209 1
63 27 950.723205566 1
63 27 982.563293457 1
63 27 983.814575195 1
63 27 1689.17785645 1
63 27 1777.78430176 1
63 28 158.007278442 1
63 28 159.136657715 1
63 28 161.31111145 1
63 28 161.455322266 1
63 28 161.783416748 1
63 28 162.237472534 1
63 28 163.910232544 1
63 28 164.333129883 1
63 28 164.750259399 1
63 28 164.77583313 1
63 28 164.839065552 1
63 28 164.915603638 1
63 28 165.017471313 1
63 28 165.157516479 1
63 28 165.242019653 1
63 28 165.481384277 1
63 28 165.675476074 1
63 28 165.761993408 1
63 28 165.861618042 1
63 28 166.170806885 1
63 28 166.379745483 1
63 28 166.385345459 1
63 28 166.387924194 1
63 28 166.437255859 1
63 28 166.440353394 1
63 28 166.592285156 1
63 28 166.717529297 1
63 28 166.853775024 1
63 28 166.880706787 1
63 28 167.026565552 1
63 28 167.103759766 1
63 28 167.118225098 1
63 28 167.135299683 1
63 28 167.674911499 1
63 28 167.736679077 1
63 28 167.800628662 1
63 28 167.8646698 1
63 28 167.87840271 1
63 28 167.959655762 1
63 28 168.129440308 1
63 28 168.328292847 1
63 28 168.564163208 1
63 28 168.564697266 1
63 28 168.637710571 1
63 28 168.65687561 1
63 28 168.77897644 1
63 28 168.860794067 1
63 28 169.072433472 1
63 28 169.075408936 1
63 28 169.088012695 1
63 28 169.336791992 1
63 28 169.35836792 1
63 28 169.378372192 1
63 28 169.475326538 1
63 28 169.518737793 1
63 28 169.527435303 1
63 28 169.5675354 1
63 28 169.837615967 1
63 28 169.843444824 1
63 28 170.005447388 1
63 28 170.090545654 1
63 28 170.163406372 1
63 28 170.212753296 1
63 28 170.270782471 1
63 28 170.30682373 1
63 28 170.427215576 1
63 28 170.513244629 1
63 28 170.594573975 1
63 28 170.620574951 1
63 28 170.68649292 1
63 28 170.897659302 1
63 28 170.92906189 1
63 28 170.949020386 1
63 28 170.950378418 1
63 28 170.956085205 1
63 28 171.062515259 1
63 28 171.088790894 1
63 28 171.164916992 1
63 28 171.26210022 1
63 28 171.270462036 1
63 28 171.334182739 1
63 28 171.359725952 1
63 28 171.370300293 1
63 28 171.402008057 1
63 28 171.415557861 1
63 28 171.422164917 1
63 28 171.476028442 1
63 28 171.502960205 1
63 28 171.521057129 1
63 28 171.55960083 1
63 28 171.677780151 1
63 28 171.707733154 1
63 28 171.719390869 1
63 28 171.727523804 1
63 28 171.749267578 1
63 28 171.807006836 1
63 28 171.932952881 1
63 28 171.951217651 1
63 28 172.055984497 1
63 28 172.116912842 1
63 28 172.137039185 1
63 28 172.145584106 1
63 28 172.203308105 1
63 28 172.348129272 1
63 28 172.424133301 1
63 28 172.608932495 1
63 28 172.618499756 1
63 28 172.641326904 1
63 28 172.660064697 1
63 28 172.787780762 1
63 28 172.907211304 1
63 28 173.117553711 1
63 28 173.162384033 1
63 28 173.255722046 1
63 28 173.427017212 1
63 28 173.505203247 1
63 28 173.517715454 1
63 28 173.521865845 1
63 28 173.551681519 1
63 28 173.654586792 1
63 28 173.736572266 1
63 28 173.894943237 1
63 28 173.903121948 1
63 28 174.060424805 1
63 28 174.094772339 1
63 28 174.252349854 1
63 28 174.304336548 1
63 28 174.381256104 1
63 28 174.63192749 1
63 28 174.692474365 1
63 28 174.779953003 1
63 28 174.932571411 1
63 28 174.957214355 1
63 28 175.070266724 1
63 28 175.082839966 1
63 28 175.118148804 1
63 28 175.284393311 1
63 28 175.291229248 1
63 28 175.295700073 1
63 28 175.311859131 1
63 28 175.545211792 1
63 28 175.548965454 1
63 28 175.551895142 1
63 28 175.567840576 1
63 28 175.657058716 1
63 28 175.708847046 1
63 28 175.821289062 1
63 28 175.845428467 1
63 28 175.891647339 1
63 28 175.928161621 1
63 28 176.166244507 1
63 28 176.175689697 1
63 28 176.205673218 1
63 28 176.217514038 1
63 28 176.343170166 1
63 28 176.408569336 1
63 28 176.477493286 1
63 28 176.514755249 1
63 28 176.677307129 1
63 28 176.703140259 1
63 28 176.80859375 1
63 28 176.848312378 1
63 28 176.891983032 1
63 28 176.893844604 1
63 28 176.920196533 1
63 28 176.968688965 1
63 28 177.01763916 1
63 28 177.106918335 1
63 28 177.57371521 1
63 28 177.663131714 1
63 28 177.783462524 1
63 28 177.795669556 1
63 28 177.811645508 1
63 28 177.890274048 1
63 28 177.956451416 1
63 28 177.963287354 1
63 28 177.991867065 1
63 28 178.05241394 1
63 28 178.07220459 1
63 28 178.149963379 1
63 28 178.173171997 1
63 28 178.259262085 1
63 28 178.296646118 1
63 28 178.399414062 1
63 28 178.480392456 1
63 28 178.480819702 1
63 28 178.60736084 1
63 28 178.611282349 1
63 28 178.765045166 1
63 28 178.948654175 1
63 28 179.024154663 1
63 28 179.12902832 1
63 28 179.146194458 1
63 28 179.167938232 1
63 28 179.225845337 1
63 28 179.250396729 1
63 28 179.299301147 1
63 28 179.299560547 1
63 28 179.315551758 1
63 28 179.345703125 1
63 28 179.517486572 1
63 28 179.520935059 1
63 28 179.539703369 1
63 28 179.615936279 1
63 28 179.636764526 1
63 28 179.673294067 1
63 28 179.69619751 1
63 28 179.910415649 1
63 28 179.978607178 1
63 28 180.275878906 1
63 28 180.294891357 1
63 28 180.335479736 1
63 28 180.339263916 1
63 28 180.359146118 1
63 28 180.424026489 1
63 28 180.58190918 1
63 28 180.61390686 1
63 28 180.640426636 1
63 28 180.762481689 1
63 28 180.888626099 1
63 28 180.9427948 1
63 28 180.957778931 1
63 28 180.969665527 1
63 28 181.042709351 1
63 28 181.089584351 1
63 28 181.131103516 1
63 28 181.147293091 1
63 28 181.1509552 1
63 28 181.173797607 1
63 28 181.194839478 1
63 28 181.320129395 1
63 28 181.345626831 1
63 28 181.375137329 1
63 28 181.474960327 1
63 28 181.575408936 1
63 28 181.583099365 1
63 28 181.585647583 1
63 28 181.604156494 1
63 28 181.690567017 1
63 28 181.697128296 1
63 28 181.737167358 1
63 28 181.889694214 1
63 28 182.1118927 1
63 28 182.183609009 1
63 28 182.212783813 1
63 28 182.229858398 1
63 28 182.601547241 1
63 28 182.610427856 1
63 28 182.78855896 1
63 28 182.991424561 1
63 28 183.080841064 1
63 28 183.094909668 1
63 28 183.124298096 1
63 28 183.138671875 1
63 28 183.364135742 1
63 28 183.451370239 1
63 28 183.487304688 1
63 28 183.534347534 1
63 28 183.783447266 1
63 28 183.857788086 1
63 28 183.939331055 1
63 28 184.041595459 1
63 28 184.046676636 1
63 28 184.050476074 1
63 28 184.195968628 1
63 28 184.319152832 1
63 28 184.324020386 1
63 28 184.453460693 1
63 28 184.473815918 1
63 28 184.500473022 1
63 28 184.510803223 1
63 28 184.649154663 1
63 28 184.664474487 1
63 28 184.798950195 1
63 28 184.849609375 1
63 28 184.872879028 1
63 28 184.898574829 1
63 28 184.953918457 1
63 28 185.000976562 1
63 28 185.193359375 1
63 28 185.276992798 1
63 28 185.323440552 1
63 28 185.440322876 1
63 28 185.448028564 1
63 28 185.501419067 1
63 28 185.695663452 1
63 28 185.74508667 1
63 28 185.792755127 1
63 28 185.854034424 1
63 28 186.266677856 1
63 28 186.295898438 1
63 28 186.503860474 1
63 28 186.52192688 1
63 28 186.540649414 1
63 28 186.558013916 1
63 28 186.563156128 1
63 28 186.632629395 1
63 28 186.701507568 1
63 28 186.81930542 1
63 28 186.870407104 1
63 28 186.922515869 1
63 28 186.971084595 1
63 28 187.052398682 1
63 28 187.128250122 1
63 28 187.249542236 1
63 28 187.265899658 1
63 28 187.333694458 1
63 28 187.609222412 1
63 28 187.623321533 1
63 28 187.697418213 1
63 28 187.741165161 1
63 28 188.099594116 1
63 28 188.1796875 1
63 28 188.238449097 1
63 28 188.359481812 1
63 28 188.401306152 1
63 28 188.490844727 1
63 28 188.543701172 1
63 28 188.615524292 1
63 28 188.710723877 1
63 28 188.881256104 1
63 28 188.89302063 1
63 28 188.929168701 1
63 28 188.937606812 1
63 28 189.17388916 1
63 28 189.265258789 1
63 28 189.318161011 1
63 28 189.380691528 1
63 28 189.640136719 1
63 28 189.748718262 1
63 28 189.940353394 1
63 28 190.007720947 1
63 28 190.137435913 1
63 28 190.174255371 1
63 28 190.331100464 1
63 28 190.421829224 1
63 28 190.558959961 1
63 28 190.764663696 1
63 28 190.831253052 1
63 28 190.924713135 1
63 28 190.961624146 1
63 28 190.98576355 1
63 28 191.197280884 1
63 28 191.208297729 1
63 28 191.212387085 1
63 28 191.221954346 1
63 28 191.266479492 1
63 28 191.281982422 1
63 28 191.459823608 1
63 28 191.528289795 1
63 28 191.653335571 1
63 28 191.820541382 1
63 28 191.921340942 1
63 28 192.008682251 1
63 28 192.02772522 1
63 28 192.0597229 1
63 28 192.170654297 1
63 28 192.261581421 1
63 28 192.520019531 1
63 28 192.544189453 1
63 28 192.656555176 1
63 28 192.761672974 1
63 28 192.866226196 1
63 28 192.89289856 1
63 28 193.022384644 1
63 28 193.03553772 1
63 28 193.147140503 1
63 28 193.421661377 1
63 28 193.432128906 1
63 28 193.685577393 1
63 28 193.736328125 1
63 28 193.926330566 1
63 28 194.169265747 1
63 28 194.22895813 1
63 28 194.351135254 1
63 28 194.504974365 1
63 28 194.542999268 1
63 28 194.672393799 1
63 28 194.710800171 1
63 28 194.731964111 1
63 28 194.78314209 1
63 28 194.812835693 1
63 28 194.89781189 1
63 28 195.054473877 1
63 28 195.175857544 1
63 28 195.299789429 1
63 28 195.393920898 1
63 28 195.590042114 1
63 28 195.781692505 1
63 28 195.94720459 1
63 28 196.063308716 1
63 28 196.103561401 1
63 28 196.168167114 1
63 28 196.864959717 1
63 28 196.959091187 1
63 28 197.305297852 1
63 28 197.4269104 1
63 28 197.4324646 1
63 28 197.522842407 1
63 28 197.534225464 1
63 28 197.724517822 1
63 28 197.861129761 1
63 28 197.90486145 1
63 28 197.957595825 1
63 28 198.136657715 1
63 28 198.183807373 1
63 28 198.343276978 1
63 28 198.361434937 1
63 28 198.86328125 1
63 28 198.88734436 1
63 28 199.18788147 1
63 28 199.28817749 1
63 28 199.401092529 1
63 28 199.479385376 1
63 28 199.82850647 1
63 28 199.889297485 1
63 28 200.100723267 1
63 28 200.192504883 1
63 28 200.350372314 1
63 28 200.460708618 1
63 28 200.510482788 1
63 28 200.570129395 1
63 28 200.585174561 1
63 28 200.609817505 1
63 28 200.692504883 1
63 28 200.724639893 1
63 28 200.878204346 1
63 28 200.905349731 1
63 28 200.930725098 1
63 28 201.040634155 1
63 28 201.133728027 1
63 28 201.524185181 1
63 28 201.541885376 1
63 28 201.583557129 1
63 28 201.737136841 1
63 28 201.820632935 1
63 28 201.919448853 1
63 28 201.968017578 1
63 28 201.971069336 1
63 28 202.142044067 1
63 28 202.148773193 1
63 28 202.405853271 1
63 28 202.440368652 1
63 28 202.605239868 1
63 28 202.648025513 1
63 28 202.759994507 1
63 28 202.924087524 1
63 28 202.98449707 1
63 28 203.24861145 1
63 28 203.343109131 1
63 28 203.396087646 1
63 28 203.707397461 1
63 28 203.713317871 1
63 28 203.814743042 1
63 28 203.935150146 1
63 28 204.075622559 1
63 28 204.172637939 1
63 28 204.176025391 1
63 28 204.275634766 1
63 28 204.282287598 1
63 28 204.288864136 1
63 28 204.339111328 1
63 28 204.438858032 1
63 28 204.446990967 1
63 28 204.9012146 1
63 28 204.983139038 1
63 28 205.141677856 1
63 28 205.367782593 1
63 28 205.943359375 1
63 28 206.050079346 1
63 28 206.197341919 1
63 28 206.706726074 1
63 28 206.717803955 1
63 28 206.920074463 1
63 28 207.046585083 1
63 28 207.248123169 1
63 28 207.379669189 1
63 28 207.519836426 1
63 28 207.852813721 1
63 28 207.977127075 1
63 28 208.446762085 1
63 28 208.455734253 1
63 28 208.647369385 1
63 28 209.04119873 1
63 28 209.347702026 1
63 28 209.388168335 1
63 28 209.519699097 1
63 28 209.555587769 1
63 28 210.265441895 1
63 28 210.31552124 1
63 28 211.033615112 1
63 28 211.044845581 1
63 28 211.056747437 1
63 28 211.174591064 1
63 28 211.329391479 1
63 28 211.493789673 1
63 28 212.262527466 1
63 28 212.324462891 1
63 28 212.333831787 1
63 28 212.34664917 1
63 28 212.819549561 1
63 28 213.505584717 1
63 28 214.08152771 1
63 28 214.209091187 1
63 28 214.668945312 1
63 28 215.038253784 1
63 28 216.079284668 1
63 28 216.328186035 1
63 28 216.721496582 1
63 28 217.707748413 1
63 28 218.040588379 1
63 28 218.48399353 1
63 28 218.51335144 1
63 28 218.726989746 1
63 28 219.03163147 1
63 28 219.063537598 1
63 28 219.140167236 1
63 28 219.245361328 1
63 28 219.812225342 1
63 28 219.971481323 1
63 28 220.090270996 1
63 28 220.110061646 1
63 28 220.651245117 1
63 28 220.842590332 1
63 28 221.447250366 1
63 28 221.647521973 1
63 28 222.083084106 1
63 28 222.182510376 1
63 28 222.867492676 1
63 28 223.738967896 1
63 28 223.857910156 1
63 28 224.093505859 1
63 28 224.110794067 1
63 28 224.207122803 1
63 28 224.276901245 1
63 28 224.482559204 1
63 28 224.637573242 1
63 28 225.181411743 1
63 28 225.601089478 1
63 28 225.705337524 1
63 28 227.019165039 1
63 28 227.077697754 1
63 28 227.551132202 1
63 28 228.061904907 1
63 28 228.291442871 1
63 28 228.68371582 1
63 28 229.475234985 1
63 28 229.596160889 1
63 28 229.854171753 1
63 28 229.985534668 1
63 28 230.043365479 1
63 28 230.094497681 1
63 28 231.266815186 1
63 28 231.28515625 1
63 28 231.499908447 1
63 28 232.066635132 1
63 28 232.256713867 1
63 28 232.640396118 1
63 28 233.067092896 1
63 28 233.113510132 1
63 28 233.314575195 1
63 28 233.718734741 1
63 28 233.719650269 1
63 28 234.004333496 1
63 28 234.555465698 1
63 28 234.58404541 1
63 28 234.793701172 1
63 28 234.860046387 1
63 28 236.380599976 1
63 28 236.877349854 1
63 28 237.164337158 1
63 28 237.538192749 1
63 28 238.27722168 1
63 28 240.004165649 1
63 28 242.275009155 1
63 28 242.925491333 1
63 28 243.17074585 1
63 28 243.661300659 1
63 28 244.716156006 1
63 28 244.840087891 1
63 28 245.783828735 1
63 28 246.783157349 1
63 28 247.877502441 1
63 28 249.488677979 1
63 28 251.159393311 1
63 28 252.099304199 1
63 28 252.983062744 1
63 28 253.080841064 1
63 28 254.240600586 1
63 28 255.831680298 1
63 28 256.140411377 1
63 28 256.561126709 1
63 28 256.585296631 1
63 28 262.654663086 1
63 28 262.767303467 1
63 28 262.9765625 1
63 28 263.519622803 1
63 28 263.967041016 1
63 28 264.811828613 1
63 28 265.408111572 1
63 28 265.558837891 1
63 28 265.808013916 1
63 28 266.36328125 1
63 28 269.60067749 1
63 28 269.628723145 1
63 28 269.822631836 1
63 28 269.883575439 1
63 28 270.145812988 1
63 28 272.287963867 1
63 28 272.675170898 1
63 28 273.075042725 1
63 28 273.543884277 1
63 28 275.624420166 1
63 28 277.521331787 1
63 28 278.731719971 1
63 28 279.898895264 1
63 28 280.854492188 1
63 28 281.79788208 1
63 28 281.941986084 1
63 28 283.175872803 1
63 28 285.406799316 1
63 28 285.964233398 1
63 28 286.193054199 1
63 28 287.84765625 1
63 28 288.082244873 1
63 28 292.194488525 1
63 28 293.233825684 1
63 28 293.927520752 1
63 28 294.176239014 1
63 28 294.211669922 1
63 28 295.051055908 1
63 28 299.279815674 1
63 28 299.393341064 1
63 28 300.350067139 1
63 28 300.606018066 1
63 28 306.864501953 1
63 28 309.02822876 1
63 28 309.701263428 1
63 28 310.91973877 1
63 28 311.93737793 1
63 28 314.426513672 1
63 28 315.546112061 1
63 28 319.668609619 1
63 28 321.935394287 1
63 28 323.009521484 1
63 28 323.386657715 1
63 28 323.830383301 1
63 28 327.514099121 1
63 28 328.21206665 1
63 28 328.607086182 1
63 28 329.075042725 1
63 28 330.387115479 1
63 28 330.913879395 1
63 28 331.707092285 1
63 28 338.924041748 1
63 28 339.582977295 1
63 28 346.762481689 1
63 28 347.508514404 1
63 28 349.901092529 1
63 28 350.196533203 1
63 28 357.329650879 1
63 28 361.297851562 1
63 28 370.974517822 1
63 28 373.83291626 1
63 28 380.193908691 1
63 28 380.420410156 1
63 28 381.17767334 1
63 28 394.933074951 1
63 28 396.217834473 1
63 28 398.602874756 1
63 28 401.725128174 1
63 28 402.483551025 1
63 28 415.205383301 1
63 28 431.573669434 1
63 28 445.671173096 1
63 28 452.883392334 1
63 28 458.291442871 1
63 28 466.020751953 1
63 28 467.85748291 1
63 28 484.887512207 1
63 28 510.673034668 1
63 28 519.174987793 1
63 28 527.320373535 1
63 28 540.172485352 1
63 28 551.105163574 1
63 28 564.462524414 1
63 28 567.164978027 1
63 28 576.967834473 1
63 28 597.404602051 1
63 28 623.511474609 1
63 28 630.376342773 1
63 28 642.387145996 1
63 28 659.829772949 1
63 28 683.942443848 1
63 28 687.45135498 1
63 28 727.141479492 1
63 28 790.428527832 1
63 28 798.728271484 1
63 28 812.123718262 1
63 28 822.049377441 1
63 28 860.807861328 1
63 28 934.331787109 1
63 28 1118.6505127 1
63 28 1223.62268066 1
63 28 1271.90551758 1
63 28 1369.97058105 1
63 28 1571.07189941 1
63 28 1655.41186523 1
63 29 79.3301696777 1
63 29 79.358215332 1
63 29 79.5691680908 1
63 29 79.6209869385 1
63 29 80.1889038086 1
63 29 80.8394165039 1
63 29 80.9550704956 1
63 29 81.099647522 1
63 29 81.1036224365 1
63 29 81.1568832397 1
63 29 81.2176132202 1
63 29 81.5961685181 1
63 29 81.6168212891 1
63 29 81.6548614502 1
63 29 81.6749191284 1
63 29 81.8683929443 1
63 29 81.9124221802 1
63 29 81.9786911011 1
63 29 81.9841918945 1
63 29 82.1816482544 1
63 29 82.1897964478 1
63 29 82.2139282227 1
63 29 82.4046173096 1
63 29 82.4937286377 1
63 29 82.5390472412 1
63 29 82.5978393555 1
63 29 82.6301422119 1
63 29 82.6588058472 1
63 29 82.6741638184 1
63 29 82.8032455444 1
63 29 82.842010498 1
63 29 82.897102356 1
63 29 82.9337463379 1
63 29 82.9473953247 1
63 29 83.050201416 1
63 29 83.0564422607 1
63 29 83.1029129028 1
63 29 83.1368713379 1
63 29 83.1826019287 1
63 29 83.2352294922 1
63 29 83.4194564819 1
63 29 83.4214630127 1
63 29 83.4984359741 1
63 29 83.5226516724 1
63 29 83.5485076904 1
63 29 83.5870513916 1
63 29 83.6176834106 1
63 29 83.7011260986 1
63 29 83.7735214233 1
63 29 83.7890396118 1
63 29 83.789352417 1
63 29 83.7917556763 1
63 29 83.7956390381 1
63 29 83.8117675781 1
63 29 83.8334960938 1
63 29 83.84375 1
63 29 83.8788070679 1
63 29 83.880569458 1
63 29 83.9304656982 1
63 29 83.965133667 1
63 29 83.9673614502 1
63 29 83.9730224609 1
63 29 84.051612854 1
63 29 84.0999908447 1
63 29 84.1616134644 1
63 29 84.1861877441 1
63 29 84.2356643677 1
63 29 84.2393188477 1
63 29 84.2506713867 1
63 29 84.251083374 1
63 29 84.2691726685 1
63 29 84.2848892212 1
63 29 84.2852783203 1
63 29 84.3515090942 1
63 29 84.3783340454 1
63 29 84.3829421997 1
63 29 84.4094619751 1
63 29 84.4485778809 1
63 29 84.4494781494 1
63 29 84.5614929199 1
63 29 84.5709457397 1
63 29 84.5714111328 1
63 29 84.5820083618 1
63 29 84.5882797241 1
63 29 84.6061630249 1
63 29 84.6345596313 1
63 29 84.650138855 1
63 29 84.6750259399 1
63 29 84.6845855713 1
63 29 84.7204208374 1
63 29 84.8446578979 1
63 29 84.862411499 1
63 29 84.8867263794 1
63 29 84.9899520874 1
63 29 84.9920272827 1
63 29 85.0021438599 1
63 29 85.0027542114 1
63 29 85.0028076172 1
63 29 85.0107192993 1
63 29 85.072052002 1
63 29 85.2420272827 1
63 29 85.2456665039 1
63 29 85.2968292236 1
63 29 85.3212890625 1
63 29 85.3457336426 1
63 29 85.3683624268 1
63 29 85.3762893677 1
63 29 85.4013977051 1
63 29 85.4439315796 1
63 29 85.4564971924 1
63 29 85.5047073364 1
63 29 85.5327606201 1
63 29 85.6099472046 1
63 29 85.6173934937 1
63 29 85.6884613037 1
63 29 85.7158966064 1
63 29 85.7469406128 1
63 29 85.7723464966 1
63 29 85.8089370728 1
63 29 85.8781280518 1
63 29 85.8837890625 1
63 29 85.8968582153 1
63 29 85.9120254517 1
63 29 85.9284973145 1
63 29 85.9403686523 1
63 29 85.959274292 1
63 29 85.9594421387 1
63 29 85.9866790771 1
63 29 86.0012893677 1
63 29 86.0234298706 1
63 29 86.0599441528 1
63 29 86.0772323608 1
63 29 86.1240692139 1
63 29 86.1321716309 1
63 29 86.2155609131 1
63 29 86.24168396 1
63 29 86.2582168579 1
63 29 86.2688598633 1
63 29 86.3496551514 1
63 29 86.3533630371 1
63 29 86.3547363281 1
63 29 86.3566741943 1
63 29 86.3737106323 1
63 29 86.3939666748 1
63 29 86.3999938965 1
63 29 86.4104309082 1
63 29 86.4259643555 1
63 29 86.4523468018 1
63 29 86.4593811035 1
63 29 86.5103530884 1
63 29 86.5267333984 1
63 29 86.5369186401 1
63 29 86.6022567749 1
63 29 86.6121749878 1
63 29 86.7111740112 1
63 29 86.7226486206 1
63 29 86.7451400757 1
63 29 86.8131713867 1
63 29 86.8274688721 1
63 29 86.8476486206 1
63 29 86.8585891724 1
63 29 86.8626556396 1
63 29 86.8667602539 1
63 29 86.8679504395 1
63 29 86.8749771118 1
63 29 86.8830108643 1
63 29 86.9244842529 1
63 29 86.9367828369 1
63 29 86.9387435913 1
63 29 86.9576416016 1
63 29 86.9801177979 1
63 29 86.9895095825 1
63 29 87.0252075195 1
63 29 87.0257339478 1
63 29 87.0259170532 1
63 29 87.0292739868 1
63 29 87.032989502 1
63 29 87.03515625 1
63 29 87.0392913818 1
63 29 87.0430679321 1
63 29 87.0546569824 1
63 29 87.0582351685 1
63 29 87.0594406128 1
63 29 87.0902633667 1
63 29 87.0909729004 1
63 29 87.103805542 1
63 29 87.1409378052 1
63 29 87.19506073 1
63 29 87.2251281738 1
63 29 87.2346420288 1
63 29 87.2401733398 1
63 29 87.2422409058 1
63 29 87.2616958618 1
63 29 87.3322677612 1
63 29 87.3423614502 1
63 29 87.3549194336 1
63 29 87.3580703735 1
63 29 87.3684234619 1
63 29 87.4141845703 1
63 29 87.4476165771 1
63 29 87.4594726562 1
63 29 87.4808273315 1
63 29 87.4913101196 1
63 29 87.4920425415 1
63 29 87.4992599487 1
63 29 87.5266418457 1
63 29 87.5357131958 1
63 29 87.5622253418 1
63 29 87.5738601685 1
63 29 87.5840988159 1
63 29 87.60131073 1
63 29 87.6158447266 1
63 29 87.65209198 1
63 29 87.6600646973 1
63 29 87.699546814 1
63 29 87.7333755493 1
63 29 87.7363891602 1
63 29 87.7532501221 1
63 29 87.7548980713 1
63 29 87.7826766968 1
63 29 87.8011322021 1
63 29 87.802772522 1
63 29 87.8367156982 1
63 29 87.8559112549 1
63 29 87.8682937622 1
63 29 87.9021759033 1
63 29 87.9342727661 1
63 29 87.9354553223 1
63 29 87.943901062 1
63 29 87.969543457 1
63 29 87.9761352539 1
63 29 87.9785614014 1
63 29 87.9823684692 1
63 29 87.9829406738 1
63 29 88.0018234253 1
63 29 88.0465087891 1
63 29 88.0496368408 1
63 29 88.0635299683 1
63 29 88.0993499756 1
63 29 88.1016540527 1
63 29 88.116973877 1
63 29 88.1294784546 1
63 29 88.1561737061 1
63 29 88.1640930176 1
63 29 88.2344818115 1
63 29 88.2414016724 1
63 29 88.2457809448 1
63 29 88.2464141846 1
63 29 88.2470932007 1
63 29 88.2880477905 1
63 29 88.2918777466 1
63 29 88.2955474854 1
63 29 88.3125839233 1
63 29 88.3274765015 1
63 29 88.3471221924 1
63 29 88.3864517212 1
63 29 88.4097824097 1
63 29 88.4377746582 1
63 29 88.439163208 1
63 29 88.442024231 1
63 29 88.4439544678 1
63 29 88.4439697266 1
63 29 88.4507446289 1
63 29 88.4550247192 1
63 29 88.4576339722 1
63 29 88.4694824219 1
63 29 88.4717025757 1
63 29 88.4819030762 1
63 29 88.4904022217 1
63 29 88.5121688843 1
63 29 88.5393371582 1
63 29 88.5467224121 1
63 29 88.5529632568 1
63 29 88.5581588745 1
63 29 88.5796508789 1
63 29 88.58203125 1
63 29 88.6223983765 1
63 29 88.6309585571 1
63 29 88.6453552246 1
63 29 88.6486282349 1
63 29 88.6717453003 1
63 29 88.6897659302 1
63 29 88.6969985962 1
63 29 88.7036056519 1
63 29 88.7072143555 1
63 29 88.7205734253 1
63 29 88.7460174561 1
63 29 88.7484741211 1
63 29 88.7597198486 1
63 29 88.7719650269 1
63 29 88.7752685547 1
63 29 88.8017196655 1
63 29 88.812210083 1
63 29 88.8176498413 1
63 29 88.8177261353 1
63 29 88.8265838623 1
63 29 88.8287963867 1
63 29 88.8301773071 1
63 29 88.8314361572 1
63 29 88.8471755981 1
63 29 88.8736572266 1
63 29 88.8785858154 1
63 29 88.9038772583 1
63 29 88.9076004028 1
63 29 88.9138336182 1
63 29 88.9524765015 1
63 29 88.9586639404 1
63 29 88.9632339478 1
63 29 88.9653701782 1
63 29 88.995223999 1
63 29 89.0010223389 1
63 29 89.0116577148 1
63 29 89.0186080933 1
63 29 89.0187911987 1
63 29 89.0281066895 1
63 29 89.0394897461 1
63 29 89.0408782959 1
63 29 89.0455627441 1
63 29 89.0637512207 1
63 29 89.066619873 1
63 29 89.0728683472 1
63 29 89.0872497559 1
63 29 89.1003417969 1
63 29 89.1326370239 1
63 29 89.1391372681 1
63 29 89.1558303833 1
63 29 89.2086181641 1
63 29 89.2164382935 1
63 29 89.2371520996 1
63 29 89.2563247681 1
63 29 89.2730407715 1
63 29 89.2742462158 1
63 29 89.2809677124 1
63 29 89.2847213745 1
63 29 89.2854919434 1
63 29 89.2960205078 1
63 29 89.3019790649 1
63 29 89.3451843262 1
63 29 89.3476867676 1
63 29 89.3481826782 1
63 29 89.3494720459 1
63 29 89.3682632446 1
63 29 89.3835830688 1
63 29 89.3971786499 1
63 29 89.4024429321 1
63 29 89.4434432983 1
63 29 89.4471130371 1
63 29 89.4516830444 1
63 29 89.4689559937 1
63 29 89.4750823975 1
63 29 89.4803009033 1
63 29 89.491065979 1
63 29 89.5024032593 1
63 29 89.5166091919 1
63 29 89.5167007446 1
63 29 89.5518951416 1
63 29 89.5529403687 1
63 29 89.5736312866 1
63 29 89.582321167 1
63 29 89.620552063 1
63 29 89.6395950317 1
63 29 89.6711349487 1
63 29 89.6748580933 1
63 29 89.6756362915 1
63 29 89.6857757568 1
63 29 89.6873016357 1
63 29 89.7045059204 1
63 29 89.7134170532 1
63 29 89.7184143066 1
63 29 89.7214202881 1
63 29 89.7293395996 1
63 29 89.7328186035 1
63 29 89.7575302124 1
63 29 89.7729263306 1
63 29 89.794128418 1
63 29 89.8020095825 1
63 29 89.8183746338 1
63 29 89.8343200684 1
63 29 89.8470001221 1
63 29 89.847038269 1
63 29 89.8861846924 1
63 29 89.8945770264 1
63 29 89.8950881958 1
63 29 89.899055481 1
63 29 89.900390625 1
63 29 89.9137496948 1
63 29 89.9619445801 1
63 29 89.9659347534 1
63 29 90.0310974121 1
63 29 90.0318832397 1
63 29 90.0326156616 1
63 29 90.0342330933 1
63 29 90.0435638428 1
63 29 90.0445480347 1
63 29 90.0448760986 1
63 29 90.0764770508 1
63 29 90.0869064331 1
63 29 90.0874328613 1
63 29 90.1030807495 1
63 29 90.105682373 1
63 29 90.1218566895 1
63 29 90.1272583008 1
63 29 90.1413421631 1
63 29 90.144241333 1
63 29 90.2215423584 1
63 29 90.2383499146 1
63 29 90.2551803589 1
63 29 90.2765350342 1
63 29 90.2966766357 1
63 29 90.3105697632 1
63 29 90.3108673096 1
63 29 90.3129959106 1
63 29 90.322517395 1
63 29 90.3474121094 1
63 29 90.3843765259 1
63 29 90.3882675171 1
63 29 90.388999939 1
63 29 90.4033737183 1
63 29 90.4074630737 1
63 29 90.4184570312 1
63 29 90.4282608032 1
63 29 90.4425506592 1
63 29 90.4724502563 1
63 29 90.4951629639 1
63 29 90.5135116577 1
63 29 90.5372467041 1
63 29 90.5459518433 1
63 29 90.5646896362 1
63 29 90.5853500366 1
63 29 90.5937271118 1
63 29 90.6035690308 1
63 29 90.6139221191 1
63 29 90.6190490723 1
63 29 90.620262146 1
63 29 90.622215271 1
63 29 90.6284332275 1
63 29 90.6347045898 1
63 29 90.6370849609 1
63 29 90.650970459 1
63 29 90.6662521362 1
63 29 90.6910018921 1
63 29 90.7023162842 1
63 29 90.7157821655 1
63 29 90.715965271 1
63 29 90.7219009399 1
63 29 90.7328109741 1
63 29 90.7337875366 1
63 29 90.7411880493 1
63 29 90.7626953125 1
63 29 90.7638778687 1
63 29 90.7664642334 1
63 29 90.7711410522 1
63 29 90.7763824463 1
63 29 90.7867279053 1
63 29 90.8086853027 1
63 29 90.8105163574 1
63 29 90.8462142944 1
63 29 90.8655166626 1
63 29 90.875541687 1
63 29 90.877204895 1
63 29 90.9326705933 1
63 29 90.9350967407 1
63 29 90.9364776611 1
63 29 90.9402236938 1
63 29 90.9506149292 1
63 29 90.9533843994 1
63 29 90.9778594971 1
63 29 90.9946289062 1
63 29 90.9969787598 1
63 29 91.0069046021 1
63 29 91.0216369629 1
63 29 91.0290374756 1
63 29 91.0379257202 1
63 29 91.0554885864 1
63 29 91.0676727295 1
63 29 91.0858688354 1
63 29 91.0942001343 1
63 29 91.1372756958 1
63 29 91.1472396851 1
63 29 91.1665802002 1
63 29 91.1830673218 1
63 29 91.1954116821 1
63 29 91.2151031494 1
63 29 91.2196960449 1
63 29 91.2364425659 1
63 29 91.2914276123 1
63 29 91.2946243286 1
63 29 91.3022994995 1
63 29 91.3134155273 1
63 29 91.3186187744 1
63 29 91.3261871338 1
63 29 91.3378143311 1
63 29 91.3674316406 1
63 29 91.4167251587 1
63 29 91.4168319702 1
63 29 91.4218902588 1
63 29 91.4270629883 1
63 29 91.4273605347 1
63 29 91.4358901978 1
63 29 91.4951019287 1
63 29 91.522064209 1
63 29 91.5352630615 1
63 29 91.5363235474 1
63 29 91.5570449829 1
63 29 91.5598831177 1
63 29 91.563873291 1
63 29 91.5658874512 1
63 29 91.5687179565 1
63 29 91.5847854614 1
63 29 91.5913391113 1
63 29 91.6134338379 1
63 29 91.6153182983 1
63 29 91.6244430542 1
63 29 91.6377182007 1
63 29 91.6580657959 1
63 29 91.6619033813 1
63 29 91.6651687622 1
63 29 91.6663970947 1
63 29 91.6897506714 1
63 29 91.6943588257 1
63 29 91.7107467651 1
63 29 91.7108001709 1
63 29 91.714302063 1
63 29 91.7189941406 1
63 29 91.719543457 1
63 29 91.7274475098 1
63 29 91.7289352417 1
63 29 91.7301559448 1
63 29 91.7334899902 1
63 29 91.749382019 1
63 29 91.751914978 1
63 29 91.7689590454 1
63 29 91.7823791504 1
63 29 91.7823944092 1
63 29 91.7879714966 1
63 29 91.8043060303 1
63 29 91.8189315796 1
63 29 91.8205108643 1
63 29 91.821144104 1
63 29 91.8422546387 1
63 29 91.8524398804 1
63 29 91.8623428345 1
63 29 91.8645858765 1
63 29 91.8713378906 1
63 29 91.8799514771 1
63 29 91.8835754395 1
63 29 91.8887786865 1
63 29 91.8944854736 1
63 29 91.8961105347 1
63 29 91.9020996094 1
63 29 91.9090957642 1
63 29 91.9317245483 1
63 29 91.9443588257 1
63 29 91.9449539185 1
63 29 91.9643325806 1
63 29 91.9659347534 1
63 29 91.9801330566 1
63 29 91.9852676392 1
63 29 91.9985580444 1
63 29 92.0012359619 1
63 29 92.0121231079 1
63 29 92.021774292 1
63 29 92.024848938 1
63 29 92.0334472656 1
63 29 92.0455093384 1
63 29 92.0510635376 1
63 29 92.0638122559 1
63 29 92.0819702148 1
63 29 92.0854797363 1
63 29 92.0863037109 1
63 29 92.0959396362 1
63 29 92.107421875 1
63 29 92.1106109619 1
63 29 92.1160507202 1
63 29 92.1383590698 1
63 29 92.1446380615 1
63 29 92.1452178955 1
63 29 92.1635360718 1
63 29 92.1852722168 1
63 29 92.1943511963 1
63 29 92.1964492798 1
63 29 92.199798584 1
63 29 92.2656707764 1
63 29 92.2690048218 1
63 29 92.2799072266 1
63 29 92.290687561 1
63 29 92.301109314 1
63 29 92.3241882324 1
63 29 92.3299179077 1
63 29 92.3399200439 1
63 29 92.3419418335 1
63 29 92.3586502075 1
63 29 92.3620223999 1
63 29 92.3914260864 1
63 29 92.3962936401 1
63 29 92.4021453857 1
63 29 92.4157943726 1
63 29 92.4226913452 1
63 29 92.4276199341 1
63 29 92.4456481934 1
63 29 92.4492416382 1
63 29 92.4713058472 1
63 29 92.4790344238 1
63 29 92.5029220581 1
63 29 92.5156555176 1
63 29 92.5198898315 1
63 29 92.5211791992 1
63 29 92.5387039185 1
63 29 92.5507888794 1
63 29 92.5783157349 1
63 29 92.5789031982 1
63 29 92.5838012695 1
63 29 92.5889511108 1
63 29 92.5894699097 1
63 29 92.5961074829 1
63 29 92.6113357544 1
63 29 92.6205291748 1
63 29 92.6229400635 1
63 29 92.6799697876 1
63 29 92.7023925781 1
63 29 92.7143707275 1
63 29 92.7241821289 1
63 29 92.7277679443 1
63 29 92.7326431274 1
63 29 92.7388305664 1
63 29 92.7506332397 1
63 29 92.7511138916 1
63 29 92.7515411377 1
63 29 92.7559432983 1
63 29 92.7619552612 1
63 29 92.7620544434 1
63 29 92.7659759521 1
63 29 92.7687530518 1
63 29 92.7745361328 1
63 29 92.7811889648 1
63 29 92.7895507812 1
63 29 92.8341445923 1
63 29 92.8375473022 1
63 29 92.8472366333 1
63 29 92.8490829468 1
63 29 92.8645095825 1
63 29 92.870513916 1
63 29 92.8709793091 1
63 29 92.8764801025 1
63 29 92.8780670166 1
63 29 92.9113464355 1
63 29 92.936882019 1
63 29 92.9482955933 1
63 29 92.977355957 1
63 29 92.9827346802 1
63 29 92.9858016968 1
63 29 92.9907913208 1
63 29 93.0036239624 1
63 29 93.0116729736 1
63 29 93.0325546265 1
63 29 93.0468521118 1
63 29 93.0501174927 1
63 29 93.0631942749 1
63 29 93.0757446289 1
63 29 93.0765151978 1
63 29 93.0767974854 1
63 29 93.0865325928 1
63 29 93.0870513916 1
63 29 93.088432312 1
63 29 93.1355438232 1
63 29 93.1437606812 1
63 29 93.1476593018 1
63 29 93.1617050171 1
63 29 93.1751251221 1
63 29 93.1766281128 1
63 29 93.197769165 1
63 29 93.204246521 1
63 29 93.2216796875 1
63 29 93.2256774902 1
63 29 93.2434387207 1
63 29 93.2547225952 1
63 29 93.2614822388 1
63 29 93.2728042603 1
63 29 93.2815856934 1
63 29 93.2853393555 1
63 29 93.2859802246 1
63 29 93.3077087402 1
63 29 93.3122329712 1
63 29 93.3187561035 1
63 29 93.3214035034 1
63 29 93.3306427002 1
63 29 93.3326416016 1
63 29 93.3485412598 1
63 29 93.390953064 1
63 29 93.3965072632 1
63 29 93.3965301514 1
63 29 93.4154663086 1
63 29 93.4169692993 1
63 29 93.4259490967 1
63 29 93.4259796143 1
63 29 93.4395370483 1
63 29 93.4428482056 1
63 29 93.4535446167 1
63 29 93.4540786743 1
63 29 93.4619216919 1
63 29 93.4646453857 1
63 29 93.466835022 1
63 29 93.4800949097 1
63 29 93.5163040161 1
63 29 93.5231170654 1
63 29 93.5508499146 1
63 29 93.564781189 1
63 29 93.5747756958 1
63 29 93.5782546997 1
63 29 93.6131362915 1
63 29 93.6142578125 1
63 29 93.6220626831 1
63 29 93.6343917847 1
63 29 93.7024688721 1
63 29 93.7029724121 1
63 29 93.7055969238 1
63 29 93.7222747803 1
63 29 93.723739624 1
63 29 93.7440567017 1
63 29 93.7628326416 1
63 29 93.7868347168 1
63 29 93.8030319214 1
63 29 93.8031082153 1
63 29 93.8256912231 1
63 29 93.8350982666 1
63 29 93.8519363403 1
63 29 93.8599777222 1
63 29 93.8697738647 1
63 29 93.8785858154 1
63 29 93.8830566406 1
63 29 93.8900222778 1
63 29 93.8944015503 1
63 29 93.9046478271 1
63 29 93.9094924927 1
63 29 93.912902832 1
63 29 93.9149627686 1
63 29 93.9259338379 1
63 29 93.9426574707 1
63 29 93.9490509033 1
63 29 93.94972229 1
63 29 93.9538574219 1
63 29 93.9600524902 1
63 29 93.9613494873 1
63 29 93.9649810791 1
63 29 93.9650878906 1
63 29 93.9760284424 1
63 29 93.9951629639 1
63 29 94.001739502 1
63 29 94.0145568848 1
63 29 94.0159454346 1
63 29 94.0211486816 1
63 29 94.0252075195 1
63 29 94.0301513672 1
63 29 94.0423049927 1
63 29 94.0596542358 1
63 29 94.0597686768 1
63 29 94.0882720947 1
63 29 94.0882873535 1
63 29 94.088684082 1
63 29 94.09715271 1
63 29 94.1041564941 1
63 29 94.113319397 1
63 29 94.1238861084 1
63 29 94.1246566772 1
63 29 94.1257553101 1
63 29 94.1304016113 1
63 29 94.1335754395 1
63 29 94.137802124 1
63 29 94.1432495117 1
63 29 94.1512756348 1
63 29 94.1564941406 1
63 29 94.1689376831 1
63 29 94.1729812622 1
63 29 94.174369812 1
63 29 94.180015564 1
63 29 94.2030715942 1
63 29 94.2106781006 1
63 29 94.2346878052 1
63 29 94.2456970215 1
63 29 94.2558364868 1
63 29 94.2730026245 1
63 29 94.2786941528 1
63 29 94.2840499878 1
63 29 94.2856063843 1
63 29 94.302192688 1
63 29 94.3314590454 1
63 29 94.3360519409 1
63 29 94.3461303711 1
63 29 94.3572235107 1
63 29 94.3601760864 1
63 29 94.3638763428 1
63 29 94.3690185547 1
63 29 94.3853149414 1
63 29 94.3883514404 1
63 29 94.3911895752 1
63 29 94.4063186646 1
63 29 94.4303588867 1
63 29 94.4778137207 1
63 29 94.4826812744 1
63 29 94.4830093384 1
63 29 94.4894332886 1
63 29 94.497833252 1
63 29 94.5054931641 1
63 29 94.5146026611 1
63 29 94.5182266235 1
63 29 94.5209579468 1
63 29 94.5357437134 1
63 29 94.5431213379 1
63 29 94.5639572144 1
63 29 94.6082763672 1
63 29 94.6357650757 1
63 29 94.6507949829 1
63 29 94.6621322632 1
63 29 94.6758728027 1
63 29 94.680770874 1
63 29 94.6993179321 1
63 29 94.7010040283 1
63 29 94.7051620483 1
63 29 94.7180862427 1
63 29 94.721572876 1
63 29 94.7358856201 1
63 29 94.7438659668 1
63 29 94.7493133545 1
63 29 94.7570266724 1
63 29 94.7698745728 1
63 29 94.7828903198 1
63 29 94.8048706055 1
63 29 94.8172988892 1
63 29 94.8382110596 1
63 29 94.8447189331 1
63 29 94.8554611206 1
63 29 94.8626022339 1
63 29 94.8733139038 1
63 29 94.8956222534 1
63 29 94.9172592163 1
63 29 94.9251937866 1
63 29 94.9274291992 1
63 29 94.935546875 1
63 29 94.9403686523 1
63 29 94.9577713013 1
63 29 94.9654312134 1
63 29 94.9841156006 1
63 29 94.9872512817 1
63 29 94.9910964966 1
63 29 94.992515564 1
63 29 94.9949951172 1
63 29 95.0018539429 1
63 29 95.0029144287 1
63 29 95.0108413696 1
63 29 95.0122451782 1
63 29 95.0548400879 1
63 29 95.0652618408 1
63 29 95.0666351318 1
63 29 95.0718994141 1
63 29 95.0920410156 1
63 29 95.0960159302 1
63 29 95.0962677002 1
63 29 95.1024703979 1
63 29 95.1035003662 1
63 29 95.1226577759 1
63 29 95.1278533936 1
63 29 95.1376953125 1
63 29 95.1992034912 1
63 29 95.2107543945 1
63 29 95.2370452881 1
63 29 95.2422561646 1
63 29 95.2556686401 1
63 29 95.2599258423 1
63 29 95.2723312378 1
63 29 95.2805633545 1
63 29 95.308265686 1
63 29 95.3101730347 1
63 29 95.3176498413 1
63 29 95.3411712646 1
63 29 95.3849639893 1
63 29 95.4341201782 1
63 29 95.4363479614 1
63 29 95.4437713623 1
63 29 95.4474945068 1
63 29 95.4475250244 1
63 29 95.4482192993 1
63 29 95.4599304199 1
63 29 95.4682693481 1
63 29 95.4684066772 1
63 29 95.4901580811 1
63 29 95.4938812256 1
63 29 95.4945602417 1
63 29 95.4959411621 1
63 29 95.5045928955 1
63 29 95.5217056274 1
63 29 95.5258636475 1
63 29 95.5675888062 1
63 29 95.579826355 1
63 29 95.5928268433 1
63 29 95.5965270996 1
63 29 95.5994491577 1
63 29 95.5997467041 1
63 29 95.6044616699 1
63 29 95.6060943604 1
63 29 95.6132888794 1
63 29 95.616394043 1
63 29 95.6385726929 1
63 29 95.6634140015 1
63 29 95.6677474976 1
63 29 95.6766738892 1
63 29 95.6910095215 1
63 29 95.700553894 1
63 29 95.7005691528 1
63 29 95.7065353394 1
63 29 95.7222442627 1
63 29 95.7609176636 1
63 29 95.7799224854 1
63 29 95.7983703613 1
63 29 95.8047637939 1
63 29 95.8113021851 1
63 29 95.8154678345 1
63 29 95.8400039673 1
63 29 95.843536377 1
63 29 95.8472213745 1
63 29 95.857963562 1
63 29 95.8601837158 1
63 29 95.8832092285 1
63 29 95.8861312866 1
63 29 95.8995361328 1
63 29 95.9037322998 1
63 29 95.904624939 1
63 29 95.9270172119 1
63 29 95.9464416504 1
63 29 95.9598464966 1
63 29 95.9753494263 1
63 29 95.9814224243 1
63 29 96.0182495117 1
63 29 96.0345916748 1
63 29 96.0415267944 1
63 29 96.0541534424 1
63 29 96.0652694702 1
63 29 96.0964431763 1
63 29 96.107460022 1
63 29 96.1135101318 1
63 29 96.114440918 1
63 29 96.1162261963 1
63 29 96.1227111816 1
63 29 96.1272888184 1
63 29 96.1345291138 1
63 29 96.148475647 1
63 29 96.1517333984 1
63 29 96.1604003906 1
63 29 96.1781005859 1
63 29 96.2161331177 1
63 29 96.2313232422 1
63 29 96.2329330444 1
63 29 96.2457046509 1
63 29 96.2661437988 1
63 29 96.272277832 1
63 29 96.2816238403 1
63 29 96.2866744995 1
63 29 96.2942276001 1
63 29 96.2976226807 1
63 29 96.3029632568 1
63 29 96.3148422241 1
63 29 96.3175582886 1
63 29 96.3203048706 1
63 29 96.3311233521 1
63 29 96.3368377686 1
63 29 96.3500366211 1
63 29 96.3629379272 1
63 29 96.3754043579 1
63 29 96.3992843628 1
63 29 96.4518203735 1
63 29 96.4636611938 1
63 29 96.4665679932 1
63 29 96.4784240723 1
63 29 96.5329055786 1
63 29 96.5500869751 1
63 29 96.5684280396 1
63 29 96.581489563 1
63 29 96.5830688477 1
63 29 96.5906982422 1
63 29 96.5933532715 1
63 29 96.5965118408 1
63 29 96.6016616821 1
63 29 96.6053924561 1
63 29 96.6067657471 1
63 29 96.6362380981 1
63 29 96.638168335 1
63 29 96.6430587769 1
63 29 96.6436309814 1
63 29 96.6461791992 1
63 29 96.7092971802 1
63 29 96.7246170044 1
63 29 96.7288665771 1
63 29 96.7293930054 1
63 29 96.7345275879 1
63 29 96.7351913452 1
63 29 96.7376403809 1
63 29 96.7476425171 1
63 29 96.7487869263 1
63 29 96.7579956055 1
63 29 96.7735900879 1
63 29 96.7760467529 1
63 29 96.7841873169 1
63 29 96.7937927246 1
63 29 96.8031005859 1
63 29 96.8046188354 1
63 29 96.809173584 1
63 29 96.8107376099 1
63 29 96.8278198242 1
63 29 96.8675842285 1
63 29 96.8972930908 1
63 29 96.9027328491 1
63 29 96.9028015137 1
63 29 96.9050292969 1
63 29 96.9179763794 1
63 29 96.9193954468 1
63 29 96.9312591553 1
63 29 96.9486846924 1
63 29 96.9502410889 1
63 29 96.954284668 1
63 29 96.9739608765 1
63 29 96.9895858765 1
63 29 96.9911651611 1
63 29 97.0137634277 1
63 29 97.0228042603 1
63 29 97.0238723755 1
63 29 97.0253829956 1
63 29 97.0362548828 1
63 29 97.0467758179 1
63 29 97.0495452881 1
63 29 97.0498657227 1
63 29 97.0779953003 1
63 29 97.0786437988 1
63 29 97.0936584473 1
63 29 97.0978546143 1
63 29 97.1006698608 1
63 29 97.1147537231 1
63 29 97.1305999756 1
63 29 97.142829895 1
63 29 97.1461181641 1
63 29 97.1525497437 1
63 29 97.1557769775 1
63 29 97.179473877 1
63 29 97.2182540894 1
63 29 97.2267379761 1
63 29 97.2326049805 1
63 29 97.240814209 1
63 29 97.242805481 1
63 29 97.244468689 1
63 29 97.2528762817 1
63 29 97.2604370117 1
63 29 97.3085327148 1
63 29 97.3127288818 1
63 29 97.3304824829 1
63 29 97.3606491089 1
63 29 97.3758850098 1
63 29 97.3819732666 1
63 29 97.3870697021 1
63 29 97.4011077881 1
63 29 97.4036636353 1
63 29 97.4113845825 1
63 29 97.4200057983 1
63 29 97.426864624 1
63 29 97.4388198853 1
63 29 97.4495162964 1
63 29 97.4582366943 1
63 29 97.4851379395 1
63 29 97.4932479858 1
63 29 97.5021514893 1
63 29 97.5100479126 1
63 29 97.5226135254 1
63 29 97.5257263184 1
63 29 97.5307922363 1
63 29 97.5438079834 1
63 29 97.5517349243 1
63 29 97.5544815063 1
63 29 97.589012146 1
63 29 97.6011962891 1
63 29 97.6062469482 1
63 29 97.6313858032 1
63 29 97.6396865845 1
63 29 97.6563796997 1
63 29 97.6762008667 1
63 29 97.7029724121 1
63 29 97.7483444214 1
63 29 97.756111145 1
63 29 97.757484436 1
63 29 97.7896270752 1
63 29 97.794342041 1
63 29 97.803817749 1
63 29 97.8083724976 1
63 29 97.8235244751 1
63 29 97.8340682983 1
63 29 97.8352203369 1
63 29 97.8577728271 1
63 29 97.86743927 1
63 29 97.8973236084 1
63 29 97.8975753784 1
63 29 97.9101104736 1
63 29 97.9287796021 1
63 29 97.9384994507 1
63 29 97.9434051514 1
63 29 97.9684677124 1
63 29 97.975189209 1
63 29 97.9869613647 1
63 29 98.0004806519 1
63 29 98.0119628906 1
63 29 98.0406112671 1
63 29 98.0480957031 1
63 29 98.0557250977 1
63 29 98.06199646 1
63 29 98.0646972656 1
63 29 98.0694885254 1
63 29 98.0783843994 1
63 29 98.0805511475 1
63 29 98.1093444824 1
63 29 98.1109085083 1
63 29 98.1121673584 1
63 29 98.1127624512 1
63 29 98.1166305542 1
63 29 98.1191558838 1
63 29 98.1241531372 1
63 29 98.124671936 1
63 29 98.126953125 1
63 29 98.1373138428 1
63 29 98.1400527954 1
63 29 98.1428756714 1
63 29 98.1450195312 1
63 29 98.172416687 1
63 29 98.1751937866 1
63 29 98.183265686 1
63 29 98.1910247803 1
63 29 98.198638916 1
63 29 98.2283096313 1
63 29 98.2308273315 1
63 29 98.240852356 1
63 29 98.2483673096 1
63 29 98.2586364746 1
63 29 98.2989044189 1
63 29 98.2994995117 1
63 29 98.3067245483 1
63 29 98.3072967529 1
63 29 98.3075561523 1
63 29 98.3078613281 1
63 29 98.3105010986 1
63 29 98.3448257446 1
63 29 98.3463058472 1
63 29 98.3929901123 1
63 29 98.3954772949 1
63 29 98.3997573853 1
63 29 98.4019470215 1
63 29 98.4022369385 1
63 29 98.4137420654 1
63 29 98.4190979004 1
63 29 98.4202270508 1
63 29 98.425819397 1
63 29 98.4273529053 1
63 29 98.4364318848 1
63 29 98.4474487305 1
63 29 98.455368042 1
63 29 98.4574584961 1
63 29 98.457611084 1
63 29 98.4675750732 1
63 29 98.4865036011 1
63 29 98.4874801636 1
63 29 98.4964523315 1
63 29 98.5071792603 1
63 29 98.522102356 1
63 29 98.5536727905 1
63 29 98.5561828613 1
63 29 98.5723648071 1
63 29 98.5791931152 1
63 29 98.5899963379 1
63 29 98.5914535522 1
63 29 98.6048278809 1
63 29 98.6169815063 1
63 29 98.7083206177 1
63 29 98.728302002 1
63 29 98.7350616455 1
63 29 98.7464828491 1
63 29 98.7587432861 1
63 29 98.7641448975 1
63 29 98.7845611572 1
63 29 98.7919845581 1
63 29 98.8222961426 1
63 29 98.8327484131 1
63 29 98.8349227905 1
63 29 98.8382492065 1
63 29 98.8567276001 1
63 29 98.8614501953 1
63 29 98.898475647 1
63 29 98.9068527222 1
63 29 98.9150161743 1
63 29 98.9251022339 1
63 29 98.926399231 1
63 29 98.9290542603 1
63 29 98.9471054077 1
63 29 98.9590454102 1
63 29 99.0375595093 1
63 29 99.0451431274 1
63 29 99.0736923218 1
63 29 99.0873565674 1
63 29 99.0985870361 1
63 29 99.1172790527 1
63 29 99.1183319092 1
63 29 99.1217727661 1
63 29 99.1608963013 1
63 29 99.1613006592 1
63 29 99.1624145508 1
63 29 99.1721038818 1
63 29 99.1795654297 1
63 29 99.1885299683 1
63 29 99.2332000732 1
63 29 99.2469100952 1
63 29 99.2662124634 1
63 29 99.2674026489 1
63 29 99.269203186 1
63 29 99.2708587646 1
63 29 99.2958221436 1
63 29 99.342880249 1
63 29 99.3711242676 1
63 29 99.380607605 1
63 29 99.4077682495 1
63 29 99.4171829224 1
63 29 99.4327850342 1
63 29 99.4527282715 1
63 29 99.464302063 1
63 29 99.473449707 1
63 29 99.4792556763 1
63 29 99.487953186 1
63 29 99.4965362549 1
63 29 99.5089950562 1
63 29 99.5170440674 1
63 29 99.5459442139 1
63 29 99.5597000122 1
63 29 99.5708618164 1
63 29 99.5805740356 1
63 29 99.5955886841 1
63 29 99.5998153687 1
63 29 99.606590271 1
63 29 99.6245727539 1
63 29 99.6248168945 1
63 29 99.6262588501 1
63 29 99.6681060791 1
63 29 99.6813201904 1
63 29 99.703414917 1
63 29 99.7115249634 1
63 29 99.7234191895 1
63 29 99.7501678467 1
63 29 99.7981567383 1
63 29 99.8135604858 1
63 29 99.8176345825 1
63 29 99.8296737671 1
63 29 99.834312439 1
63 29 99.8402023315 1
63 29 99.8409957886 1
63 29 99.843132019 1
63 29 99.8445129395 1
63 29 99.8643112183 1
63 29 99.8656311035 1
63 29 99.8737487793 1
63 29 99.8880310059 1
63 29 99.8923416138 1
63 29 99.8968582153 1
63 29 99.9009094238 1
63 29 99.9092254639 1
63 29 99.9159164429 1
63 29 99.9183654785 1
63 29 99.9190444946 1
63 29 99.9194412231 1
63 29 99.9202651978 1
63 29 99.9353637695 1
63 29 99.9566192627 1
63 29 99.9619522095 1
63 29 99.9874649048 1
63 29 100.001815796 1
63 29 100.015220642 1
63 29 100.022827148 1
63 29 100.025764465 1
63 29 100.030204773 1
63 29 100.04359436 1
63 29 100.058364868 1
63 29 100.067779541 1
63 29 100.071395874 1
63 29 100.072921753 1
63 29 100.119285583 1
63 29 100.167922974 1
63 29 100.230796814 1
63 29 100.240661621 1
63 29 100.240699768 1
63 29 100.265098572 1
63 29 100.282051086 1
63 29 100.303024292 1
63 29 100.311859131 1
63 29 100.355155945 1
63 29 100.418075562 1
63 29 100.431060791 1
63 29 100.459037781 1
63 29 100.471069336 1
63 29 100.491165161 1
63 29 100.500785828 1
63 29 100.518081665 1
63 29 100.531265259 1
63 29 100.544418335 1
63 29 100.546279907 1
63 29 100.556556702 1
63 29 100.576560974 1
63 29 100.585220337 1
63 29 100.668739319 1
63 29 100.673042297 1
63 29 100.694404602 1
63 29 100.697105408 1
63 29 100.736366272 1
63 29 100.744659424 1
63 29 100.790504456 1
63 29 100.825279236 1
63 29 100.832565308 1
63 29 100.847618103 1
63 29 100.849311829 1
63 29 100.855056763 1
63 29 100.863067627 1
63 29 100.882293701 1
63 29 100.882469177 1
63 29 100.885818481 1
63 29 100.91619873 1
63 29 100.930419922 1
63 29 100.931900024 1
63 29 100.935447693 1
63 29 100.944046021 1
63 29 100.947250366 1
63 29 100.94833374 1
63 29 100.961494446 1
63 29 100.979782104 1
63 29 100.980392456 1
63 29 100.987518311 1
63 29 100.989234924 1
63 29 101.006607056 1
63 29 101.080436707 1
63 29 101.084587097 1
63 29 101.107116699 1
63 29 101.116065979 1
63 29 101.12538147 1
63 29 101.136268616 1
63 29 101.141464233 1
63 29 101.166442871 1
63 29 101.219573975 1
63 29 101.278900146 1
63 29 101.296257019 1
63 29 101.314216614 1
63 29 101.344772339 1
63 29 101.345726013 1
63 29 101.365982056 1
63 29 101.370735168 1
63 29 101.420883179 1
63 29 101.479644775 1
63 29 101.485992432 1
63 29 101.499771118 1
63 29 101.512672424 1
63 29 101.517738342 1
63 29 101.54284668 1
63 29 101.553016663 1
63 29 101.597450256 1
63 29 101.672286987 1
63 29 101.689308167 1
63 29 101.695037842 1
63 29 101.704238892 1
63 29 101.778739929 1
63 29 101.785545349 1
63 29 101.807518005 1
63 29 101.830245972 1
63 29 101.857284546 1
63 29 101.860244751 1
63 29 101.864593506 1
63 29 101.865135193 1
63 29 101.877105713 1
63 29 101.892181396 1
63 29 101.90625 1
63 29 101.916549683 1
63 29 101.945228577 1
63 29 101.95135498 1
63 29 101.9529953 1
63 29 101.961967468 1
63 29 101.968635559 1
63 29 101.971153259 1
63 29 102.022544861 1
63 29 102.022857666 1
63 29 102.043205261 1
63 29 102.067016602 1
63 29 102.073455811 1
63 29 102.087844849 1
63 29 102.103309631 1
63 29 102.126838684 1
63 29 102.146530151 1
63 29 102.150253296 1
63 29 102.172988892 1
63 29 102.204376221 1
63 29 102.246421814 1
63 29 102.260749817 1
63 29 102.277893066 1
63 29 102.309654236 1
63 29 102.317497253 1
63 29 102.329078674 1
63 29 102.340339661 1
63 29 102.385116577 1
63 29 102.394607544 1
63 29 102.406440735 1
63 29 102.422286987 1
63 29 102.438674927 1
63 29 102.439453125 1
63 29 102.493118286 1
63 29 102.515830994 1
63 29 102.541954041 1
63 29 102.547874451 1
63 29 102.565162659 1
63 29 102.573028564 1
63 29 102.58014679 1
63 29 102.584747314 1
63 29 102.631164551 1
63 29 102.632400513 1
63 29 102.640045166 1
63 29 102.644378662 1
63 29 102.6616745 1
63 29 102.679710388 1
63 29 102.685249329 1
63 29 102.697509766 1
63 29 102.714988708 1
63 29 102.732536316 1
63 29 102.745063782 1
63 29 102.754676819 1
63 29 102.762954712 1
63 29 102.789215088 1
63 29 102.805915833 1
63 29 102.808296204 1
63 29 102.808898926 1
63 29 102.823806763 1
63 29 102.854156494 1
63 29 102.860687256 1
63 29 102.867385864 1
63 29 102.867729187 1
63 29 102.87336731 1
63 29 102.888847351 1
63 29 102.912742615 1
63 29 102.939849854 1
63 29 102.941207886 1
63 29 102.9506073 1
63 29 102.951942444 1
63 29 102.994995117 1
63 29 102.995056152 1
63 29 103.001831055 1
63 29 103.005958557 1
63 29 103.006668091 1
63 29 103.047584534 1
63 29 103.072669983 1
63 29 103.082191467 1
63 29 103.166000366 1
63 29 103.174263 1
63 29 103.18737793 1
63 29 103.196495056 1
63 29 103.248718262 1
63 29 103.267227173 1
63 29 103.272407532 1
63 29 103.29082489 1
63 29 103.324073792 1
63 29 103.408805847 1
63 29 103.425971985 1
63 29 103.496261597 1
63 29 103.502761841 1
63 29 103.518814087 1
63 29 103.545135498 1
63 29 103.555717468 1
63 29 103.567321777 1
63 29 103.580810547 1
63 29 103.596908569 1
63 29 103.598388672 1
63 29 103.602287292 1
63 29 103.617515564 1
63 29 103.642097473 1
63 29 103.654144287 1
63 29 103.667282104 1
63 29 103.688018799 1
63 29 103.690734863 1
63 29 103.751029968 1
63 29 103.761367798 1
63 29 103.763031006 1
63 29 103.766708374 1
63 29 103.775367737 1
63 29 103.795845032 1
63 29 103.79964447 1
63 29 103.880271912 1
63 29 103.882736206 1
63 29 103.920806885 1
63 29 103.921798706 1
63 29 103.941673279 1
63 29 103.990661621 1
63 29 103.998085022 1
63 29 104.059890747 1
63 29 104.069519043 1
63 29 104.113487244 1
63 29 104.125984192 1
63 29 104.158477783 1
63 29 104.212081909 1
63 29 104.28339386 1
63 29 104.316062927 1
63 29 104.389839172 1
63 29 104.403770447 1
63 29 104.422447205 1
63 29 104.432327271 1
63 29 104.46055603 1
63 29 104.486129761 1
63 29 104.487922668 1
63 29 104.492095947 1
63 29 104.518287659 1
63 29 104.584228516 1
63 29 104.60925293 1
63 29 104.627296448 1
63 29 104.636207581 1
63 29 104.677185059 1
63 29 104.68271637 1
63 29 104.686286926 1
63 29 104.694549561 1
63 29 104.698638916 1
63 29 104.706985474 1
63 29 104.743499756 1
63 29 104.804611206 1
63 29 104.822433472 1
63 29 104.838317871 1
63 29 104.878425598 1
63 29 104.902938843 1
63 29 104.981536865 1
63 29 105.024108887 1
63 29 105.081298828 1
63 29 105.122970581 1
63 29 105.130256653 1
63 29 105.213653564 1
63 29 105.232162476 1
63 29 105.23600769 1
63 29 105.241622925 1
63 29 105.244903564 1
63 29 105.259757996 1
63 29 105.277252197 1
63 29 105.309257507 1
63 29 105.363288879 1
63 29 105.396774292 1
63 29 105.397193909 1
63 29 105.419326782 1
63 29 105.469017029 1
63 29 105.496147156 1
63 29 105.523551941 1
63 29 105.597877502 1
63 29 105.659370422 1
63 29 105.664825439 1
63 29 105.687568665 1
63 29 105.706359863 1
63 29 105.773628235 1
63 29 105.806976318 1
63 29 105.814506531 1
63 29 105.817451477 1
63 29 105.821411133 1
63 29 105.840354919 1
63 29 105.90687561 1
63 29 105.924812317 1
63 29 105.948196411 1
63 29 105.949775696 1
63 29 105.977355957 1
63 29 106.028381348 1
63 29 106.055366516 1
63 29 106.16230011 1
63 29 106.169715881 1
63 29 106.234031677 1
63 29 106.23966217 1
63 29 106.259864807 1
63 29 106.267936707 1
63 29 106.288589478 1
63 29 106.33531189 1
63 29 106.35344696 1
63 29 106.361289978 1
63 29 106.422157288 1
63 29 106.426315308 1
63 29 106.433616638 1
63 29 106.437965393 1
63 29 106.446617126 1
63 29 106.471618652 1
63 29 106.490890503 1
63 29 106.504463196 1
63 29 106.507896423 1
63 29 106.518592834 1
63 29 106.626625061 1
63 29 106.671234131 1
63 29 106.716247559 1
63 29 106.759437561 1
63 29 106.761322021 1
63 29 106.761581421 1
63 29 106.794570923 1
63 29 106.809638977 1
63 29 106.813179016 1
63 29 106.896148682 1
63 29 106.896835327 1
63 29 106.917900085 1
63 29 106.940559387 1
63 29 106.943191528 1
63 29 106.997703552 1
63 29 107.005516052 1
63 29 107.00856781 1
63 29 107.017524719 1
63 29 107.043083191 1
63 29 107.057144165 1
63 29 107.066520691 1
63 29 107.147544861 1
63 29 107.14793396 1
63 29 107.23425293 1
63 29 107.293060303 1
63 29 107.298736572 1
63 29 107.308570862 1
63 29 107.341056824 1
63 29 107.349327087 1
63 29 107.378379822 1
63 29 107.418037415 1
63 29 107.501571655 1
63 29 107.507240295 1
63 29 107.523017883 1
63 29 107.534980774 1
63 29 107.564407349 1
63 29 107.583427429 1
63 29 107.587059021 1
63 29 107.613098145 1
63 29 107.690841675 1
63 29 107.718009949 1
63 29 107.728866577 1
63 29 107.764900208 1
63 29 107.799446106 1
63 29 107.806930542 1
63 29 107.876319885 1
63 29 107.901329041 1
63 29 107.918655396 1
63 29 107.967666626 1
63 29 107.977294922 1
63 29 107.989028931 1
63 29 108.06350708 1
63 29 108.077629089 1
63 29 108.19871521 1
63 29 108.210189819 1
63 29 108.215820312 1
63 29 108.25617218 1
63 29 108.256988525 1
63 29 108.265205383 1
63 29 108.268966675 1
63 29 108.362083435 1
63 29 108.394180298 1
63 29 108.40776062 1
63 29 108.427970886 1
63 29 108.468200684 1
63 29 108.487556458 1
63 29 108.583503723 1
63 29 108.815231323 1
63 29 108.818984985 1
63 29 108.837905884 1
63 29 108.845245361 1
63 29 108.856826782 1
63 29 108.869445801 1
63 29 108.959114075 1
63 29 108.970703125 1
63 29 109.099868774 1
63 29 109.113708496 1
63 29 109.12688446 1
63 29 109.150382996 1
63 29 109.199493408 1
63 29 109.203453064 1
63 29 109.231010437 1
63 29 109.24066925 1
63 29 109.253982544 1
63 29 109.27986145 1
63 29 109.282058716 1
63 29 109.328094482 1
63 29 109.348693848 1
63 29 109.386985779 1
63 29 109.440742493 1
63 29 109.4454422 1
63 29 109.466400146 1
63 29 109.482070923 1
63 29 109.521400452 1
63 29 109.563568115 1
63 29 109.565086365 1
63 29 109.574508667 1
63 29 109.577880859 1
63 29 109.628440857 1
63 29 109.660179138 1
63 29 109.665290833 1
63 29 109.678161621 1
63 29 109.720336914 1
63 29 109.865730286 1
63 29 109.872566223 1
63 29 109.887321472 1
63 29 109.910079956 1
63 29 109.931289673 1
63 29 109.994087219 1
63 29 109.999992371 1
63 29 110.003616333 1
63 29 110.01750946 1
63 29 110.215538025 1
63 29 110.29499054 1
63 29 110.295059204 1
63 29 110.323852539 1
63 29 110.36089325 1
63 29 110.364738464 1
63 29 110.597160339 1
63 29 110.635513306 1
63 29 110.641059875 1
63 29 110.66078186 1
63 29 110.750534058 1
63 29 110.821334839 1
63 29 110.919418335 1
63 29 110.969917297 1
63 29 110.990875244 1
63 29 111.024551392 1
63 29 111.138053894 1
63 29 111.143409729 1
63 29 111.17389679 1
63 29 111.182685852 1
63 29 111.353652954 1
63 29 111.366333008 1
63 29 111.38710022 1
63 29 111.396522522 1
63 29 111.448669434 1
63 29 111.44908905 1
63 29 111.462341309 1
63 29 111.469284058 1
63 29 111.505447388 1
63 29 111.588829041 1
63 29 111.628700256 1
63 29 111.761077881 1
63 29 111.801521301 1
63 29 111.807678223 1
63 29 111.860160828 1
63 29 111.861557007 1
63 29 111.892860413 1
63 29 111.943054199 1
63 29 111.950317383 1
63 29 111.9608078 1
63 29 111.961746216 1
63 29 111.999923706 1
63 29 112.095367432 1
63 29 112.229522705 1
63 29 112.246109009 1
63 29 112.255371094 1
63 29 112.258140564 1
63 29 112.290611267 1
63 29 112.299171448 1
63 29 112.317268372 1
63 29 112.382827759 1
63 29 112.46269989 1
63 29 112.489601135 1
63 29 112.501296997 1
63 29 112.522026062 1
63 29 112.581710815 1
63 29 112.606193542 1
63 29 112.676002502 1
63 29 112.872543335 1
63 29 112.936195374 1
63 29 112.951850891 1
63 29 112.983589172 1
63 29 113.080474854 1
63 29 113.095527649 1
63 29 113.100112915 1
63 29 113.109268188 1
63 29 113.164840698 1
63 29 113.192947388 1
63 29 113.253456116 1
63 29 113.271003723 1
63 29 113.303260803 1
63 29 113.343757629 1
63 29 113.394729614 1
63 29 113.471984863 1
63 29 113.485122681 1
63 29 113.485404968 1
63 29 113.485801697 1
63 29 113.555709839 1
63 29 113.564819336 1
63 29 113.578849792 1
63 29 113.616645813 1
63 29 113.632148743 1
63 29 113.672386169 1
63 29 113.717895508 1
63 29 113.752609253 1
63 29 113.778427124 1
63 29 113.805427551 1
63 29 113.811386108 1
63 29 113.828964233 1
63 29 113.957199097 1
63 29 113.965354919 1
63 29 113.973823547 1
63 29 114.086051941 1
63 29 114.087158203 1
63 29 114.104103088 1
63 29 114.301956177 1
63 29 114.36138916 1
63 29 114.457633972 1
63 29 114.569862366 1
63 29 114.60018158 1
63 29 114.849784851 1
63 29 114.947395325 1
63 29 115.01008606 1
63 29 115.044021606 1
63 29 115.118728638 1
63 29 115.604782104 1
63 29 115.60710907 1
63 29 115.634689331 1
63 29 115.719177246 1
63 29 115.720252991 1
63 29 115.720710754 1
63 29 115.890830994 1
63 29 115.966133118 1
63 29 115.986663818 1
63 29 115.998275757 1
63 29 116.04888916 1
63 29 116.08367157 1
63 29 116.103286743 1
63 29 116.300338745 1
63 29 116.330589294 1
63 29 116.348709106 1
63 29 116.381011963 1
63 29 116.391708374 1
63 29 116.485076904 1
63 29 116.551071167 1
63 29 116.715255737 1
63 29 116.725196838 1
63 29 116.726753235 1
63 29 116.75693512 1
63 29 116.813034058 1
63 29 116.838783264 1
63 29 116.88130188 1
63 29 116.92729187 1
63 29 116.975494385 1
63 29 117.194419861 1
63 29 117.241752625 1
63 29 117.327659607 1
63 29 117.339317322 1
63 29 117.449462891 1
63 29 117.545722961 1
63 29 117.607589722 1
63 29 117.660598755 1
63 29 117.694000244 1
63 29 117.738845825 1
63 29 117.968605042 1
63 29 118.01890564 1
63 29 118.0284729 1
63 29 118.140266418 1
63 29 118.443527222 1
63 29 118.449752808 1
63 29 118.456802368 1
63 29 118.584342957 1
63 29 118.615470886 1
63 29 118.740966797 1
63 29 118.753356934 1
63 29 118.807060242 1
63 29 118.828437805 1
63 29 119.130073547 1
63 29 119.139099121 1
63 29 119.427520752 1
63 29 119.436820984 1
63 29 119.493560791 1
63 29 119.49394989 1
63 29 119.662284851 1
63 29 119.730766296 1
63 29 119.763336182 1
63 29 119.930961609 1
63 29 120.015632629 1
63 29 120.04473877 1
63 29 120.151306152 1
63 29 120.246742249 1
63 29 120.271186829 1
63 29 120.567832947 1
63 29 120.75478363 1
63 29 120.815696716 1
63 29 121.011268616 1
63 29 121.01499176 1
63 29 121.08605957 1
63 29 121.145149231 1
63 29 121.260673523 1
63 29 121.319351196 1
63 29 121.334907532 1
63 29 121.475662231 1
63 29 121.497444153 1
63 29 121.537460327 1
63 29 121.592147827 1
63 29 121.597068787 1
63 29 121.609939575 1
63 29 121.660636902 1
63 29 121.787902832 1
63 29 121.957023621 1
63 29 121.98399353 1
63 29 122.054115295 1
63 29 122.260787964 1
63 29 122.399642944 1
63 29 122.485076904 1
63 29 122.759078979 1
63 29 123.03163147 1
63 29 123.22819519 1
63 29 123.311386108 1
63 29 123.325050354 1
63 29 123.40612793 1
63 29 123.426582336 1
63 29 123.460662842 1
63 29 123.699737549 1
63 29 123.726303101 1
63 29 123.818656921 1
63 29 124.057815552 1
63 29 124.100143433 1
63 29 124.119659424 1
63 29 124.442352295 1
63 29 124.503173828 1
63 29 124.564682007 1
63 29 124.584457397 1
63 29 124.605812073 1
63 29 124.892356873 1
63 29 124.895004272 1
63 29 124.997146606 1
63 29 125.186264038 1
63 29 125.18927002 1
63 29 125.233390808 1
63 29 125.260421753 1
63 29 125.335693359 1
63 29 125.415122986 1
63 29 125.430938721 1
63 29 125.577217102 1
63 29 125.601921082 1
63 29 125.627166748 1
63 29 125.700164795 1
63 29 125.746253967 1
63 29 125.925331116 1
63 29 126.127540588 1
63 29 126.266357422 1
63 29 126.274009705 1
63 29 126.295150757 1
63 29 126.322761536 1
63 29 126.368270874 1
63 29 126.55090332 1
63 29 126.657035828 1
63 29 126.695678711 1
63 29 126.700958252 1
63 29 126.777893066 1
63 29 126.785339355 1
63 29 127.002906799 1
63 29 127.017738342 1
63 29 127.179786682 1
63 29 127.350837708 1
63 29 127.696502686 1
63 29 127.751022339 1
63 29 127.790802002 1
63 29 128.166625977 1
63 29 128.202575684 1
63 29 128.230667114 1
63 29 128.26071167 1
63 29 128.418441772 1
63 29 128.583847046 1
63 29 128.725875854 1
63 29 128.78755188 1
63 29 129.161819458 1
63 29 129.473098755 1
63 29 129.516677856 1
63 29 129.581222534 1
63 29 129.831207275 1
63 29 129.895629883 1
63 29 130.63571167 1
63 29 130.765014648 1
63 29 130.824172974 1
63 29 131.149688721 1
63 29 131.181869507 1
63 29 131.369567871 1
63 29 131.398529053 1
63 29 131.466033936 1
63 29 131.692932129 1
63 29 131.830276489 1
63 29 132.049331665 1
63 29 132.365661621 1
63 29 132.382339478 1
63 29 132.448898315 1
63 29 132.481048584 1
63 29 132.830810547 1
63 29 132.871734619 1
63 29 132.938064575 1
63 29 133.288162231 1
63 29 133.447341919 1
63 29 133.536911011 1
63 29 133.633728027 1
63 29 133.707687378 1
63 29 134.169158936 1
63 29 134.449554443 1
63 29 134.80682373 1
63 29 135.061569214 1
63 29 135.671646118 1
63 29 135.821563721 1
63 29 135.832321167 1
63 29 135.885253906 1
63 29 136.127944946 1
63 29 136.200515747 1
63 29 136.336303711 1
63 29 136.417648315 1
63 29 136.43536377 1
63 29 136.516860962 1
63 29 136.555267334 1
63 29 136.680633545 1
63 29 136.715881348 1
63 29 136.773269653 1
63 29 136.90057373 1
63 29 137.058944702 1
63 29 137.412567139 1
63 29 137.500686646 1
63 29 137.990219116 1
63 29 138.107391357 1
63 29 138.299041748 1
63 29 138.665496826 1
63 29 139.054168701 1
63 29 139.386886597 1
63 29 139.969818115 1
63 29 140.090148926 1
63 29 140.805389404 1
63 29 140.992584229 1
63 29 140.998016357 1
63 29 141.022781372 1
63 29 141.025344849 1
63 29 141.127029419 1
63 29 141.240188599 1
63 29 141.280990601 1
63 29 141.953964233 1
63 29 141.961593628 1
63 29 142.714889526 1
63 29 142.721954346 1
63 29 142.74446106 1
63 29 142.802505493 1
63 29 142.955780029 1
63 29 143.054351807 1
63 29 143.38331604 1
63 29 143.909866333 1
63 29 144.768234253 1
63 29 145.402481079 1
63 29 146.21270752 1
63 29 146.258895874 1
63 29 146.375244141 1
63 29 147.085586548 1
63 29 147.969863892 1
63 29 148.027984619 1
63 29 148.291000366 1
63 29 148.564056396 1
63 29 148.763290405 1
63 29 149.443237305 1
63 29 149.490020752 1
63 29 149.682525635 1
63 29 149.726974487 1
63 29 149.965377808 1
63 29 150.793029785 1
63 29 150.815414429 1
63 29 151.655288696 1
63 29 151.758880615 1
63 29 152.215499878 1
63 29 152.239746094 1
63 29 152.481338501 1
63 29 152.488052368 1
63 29 153.004486084 1
63 29 153.058258057 1
63 29 153.484039307 1
63 29 153.676712036 1
63 29 154.197921753 1
63 29 154.377288818 1
63 29 154.54284668 1
63 29 154.607284546 1
63 29 155.283187866 1
63 29 155.408081055 1
63 29 155.486724854 1
63 29 155.518814087 1
63 29 155.578979492 1
63 29 156.113189697 1
63 29 156.113464355 1
63 29 157.094848633 1
63 29 158.002151489 1
63 29 158.667282104 1
63 29 158.908889771 1
63 29 159.136474609 1
63 29 159.232894897 1
63 29 159.256484985 1
63 29 159.290771484 1
63 29 159.3802948 1
63 29 160.687911987 1
63 29 161.066650391 1
63 29 161.114578247 1
63 29 161.825302124 1
63 29 162.277435303 1
63 29 163.538269043 1
63 29 164.171203613 1
63 29 164.404541016 1
63 29 164.923095703 1
63 29 165.97833252 1
63 29 166.571777344 1
63 29 168.616394043 1
63 29 169.338272095 1
63 29 169.749801636 1
63 29 170.749771118 1
63 29 171.546813965 1
63 29 171.980148315 1
63 29 172.79977417 1
63 29 173.823654175 1
63 29 175.090667725 1
63 29 175.154388428 1
63 29 175.216949463 1
63 29 175.294433594 1
63 29 175.45111084 1
63 29 176.648330688 1
63 29 177.621673584 1
63 29 178.25012207 1
63 29 178.801757812 1
63 29 179.183837891 1
63 29 179.477355957 1
63 29 180.511001587 1
63 29 180.76423645 1
63 29 181.914520264 1
63 29 183.01083374 1
63 29 183.808380127 1
63 29 185.070663452 1
63 29 186.290405273 1
63 29 187.687240601 1
63 29 190.220046997 1
63 29 190.657119751 1
63 29 190.788925171 1
63 29 190.96836853 1
63 29 192.459701538 1
63 29 193.66343689 1
63 29 195.582687378 1
63 29 196.821685791 1
63 29 196.983383179 1
63 29 197.385314941 1
63 29 199.048126221 1
63 29 203.139251709 1
63 29 206.07635498 1
63 29 206.413925171 1
63 29 208.811920166 1
63 29 209.25227356 1
63 29 210.258499146 1
63 29 210.781448364 1
63 29 211.573440552 1
63 29 212.760040283 1
63 29 215.096664429 1
63 29 219.425750732 1
63 29 219.742584229 1
63 29 221.575683594 1
63 29 224.313858032 1
63 29 226.329971313 1
63 29 231.803939819 1
63 29 232.524978638 1
63 29 235.072647095 1
63 29 235.173873901 1
63 29 236.106140137 1
63 29 238.032684326 1
63 29 241.826385498 1
63 29 242.245986938 1
63 29 249.923461914 1
63 29 252.043289185 1
63 29 253.896865845 1
63 29 257.263061523 1
63 29 258.860595703 1
63 29 259.704833984 1
63 29 264.735900879 1
63 29 267.386016846 1
63 29 268.467651367 1
63 29 273.372314453 1
63 29 274.703796387 1
63 29 275.784576416 1
63 29 275.984588623 1
63 29 276.30770874 1
63 29 278.040863037 1
63 29 283.349029541 1
63 29 291.944000244 1
63 29 292.251159668 1
63 29 292.265197754 1
63 29 293.342132568 1
63 29 300.552612305 1
63 29 301.805084229 1
63 29 304.435821533 1
63 29 305.333709717 1
63 29 309.683654785 1
63 29 310.049468994 1
63 29 310.926971436 1
63 29 313.423309326 1
63 29 313.727783203 1
63 29 315.241668701 1
63 29 316.974853516 1
63 29 317.903900146 1
63 29 320.008911133 1
63 29 320.559509277 1
63 29 325.411376953 1
63 29 329.883605957 1
63 29 335.853424072 1
63 29 343.318847656 1
63 29 346.447692871 1
63 29 349.496795654 1
63 29 354.014709473 1
63 29 355.099517822 1
63 29 366.105133057 1
63 29 370.141571045 1
63 29 372.104522705 1
63 29 376.812957764 1
63 29 381.101928711 1
63 29 388.137512207 1
63 29 396.924133301 1
63 29 402.774627686 1
63 29 413.490386963 1
63 29 414.911499023 1
63 29 416.490966797 1
63 29 421.69152832 1
63 29 424.155609131 1
63 29 424.54486084 1
63 29 425.556976318 1
63 29 426.082397461 1
63 29 429.233612061 1
63 29 434.320739746 1
63 29 435.238647461 1
63 29 439.840301514 1
63 29 441.4715271 1
63 29 446.440704346 1
63 29 448.951812744 1
63 29 451.590087891 1
63 29 453.622161865 1
63 29 454.17980957 1
63 29 469.81072998 1
63 29 471.226715088 1
63 29 473.528656006 1
63 29 475.151184082 1
63 29 483.277740479 1
63 29 518.635009766 1
63 29 521.944519043 1
63 29 536.7265625 1
63 29 551.258117676 1
63 29 555.859375 1
63 29 574.38671875 1
63 29 587.203186035 1
63 29 593.814453125 1
63 29 618.166625977 1
63 29 622.097961426 1
63 29 623.001281738 1
63 29 626.402526855 1
63 29 632.32232666 1
63 29 655.925476074 1
63 29 676.95324707 1
63 29 730.38873291 1
63 29 795.031188965 1
63 29 795.627380371 1
63 29 833.562561035 1
63 29 871.73651123 1
63 29 881.475036621 1
63 29 881.585205078 1
63 29 907.108581543 1
63 29 986.627929688 1
63 29 1257.45446777 1
63 29 1318.51159668 1
63 29 1935.3996582 1
63 31 97.9935302734 1
63 31 99.5394744873 1
63 31 103.465339661 1
63 31 105.306388855 1
63 31 106.07485199 1
63 31 108.292526245 1
63 31 110.063346863 1
63 31 112.328544617 1
63 31 114.254043579 1
63 31 114.770568848 1
63 31 114.878517151 1
63 31 115.60446167 1
63 31 116.414352417 1
63 31 116.797836304 1
63 31 117.023300171 1
63 31 124.407341003 1
63 31 124.568237305 1
63 31 125.224464417 1
63 31 126.284812927 1
63 31 128.424209595 1
63 31 128.785110474 1
63 31 130.141067505 1
63 31 130.353286743 1
63 31 130.442718506 1
63 31 134.622055054 1
63 31 136.272888184 1
63 31 137.480773926 1
63 31 138.296539307 1
63 31 139.171524048 1
63 31 139.962020874 1
63 31 142.838134766 1
63 31 143.595977783 1
63 31 144.844192505 1
63 31 150.805679321 1
63 31 152.205032349 1
63 31 153.011871338 1
63 31 153.606811523 1
63 31 154.062347412 1
63 31 154.762130737 1
63 31 156.919052124 1
63 31 157.639816284 1
63 31 157.656982422 1
63 31 157.840713501 1
63 31 161.286422729 1
63 31 162.116912842 1
63 31 162.20954895 1
63 31 165.943466187 1
63 31 166.370742798 1
63 31 168.180007935 1
63 31 172.718338013 1
63 31 174.972457886 1
63 31 177.98638916 1
63 31 178.799240112 1
63 31 179.325195312 1
63 31 181.074874878 1
63 31 181.434860229 1
63 31 181.725738525 1
63 31 183.485687256 1
63 31 183.507644653 1
63 31 183.668914795 1
63 31 187.335113525 1
63 31 190.461196899 1
63 31 190.739273071 1
63 31 193.911834717 1
63 31 194.314147949 1
63 31 195.144119263 1
63 31 195.818939209 1
63 31 199.940765381 1
63 31 203.364501953 1
63 31 204.730911255 1
63 31 208.40625 1
63 31 211.12361145 1
63 31 213.22227478 1
63 31 214.948547363 1
63 31 218.128753662 1
63 31 222.374557495 1
63 31 225.048171997 1
63 31 225.306259155 1
63 31 227.957443237 1
63 31 230.314910889 1
63 31 231.702880859 1
63 31 232.359008789 1
63 31 232.450164795 1
63 31 232.986816406 1
63 31 233.014144897 1
63 31 233.282775879 1
63 31 234.363220215 1
63 31 237.276275635 1
63 31 238.134124756 1
63 31 239.204452515 1
63 31 241.681030273 1
63 31 242.970108032 1
63 31 243.714065552 1
63 31 248.528839111 1
63 31 249.255874634 1
63 31 250.401519775 1
63 31 251.492843628 1
63 31 251.855926514 1
63 31 267.191314697 1
63 31 268.287994385 1
63 31 268.482299805 1
63 31 273.283477783 1
63 31 274.133239746 1
63 31 274.143615723 1
63 31 278.177307129 1
63 31 281.373077393 1
63 31 282.367126465 1
63 31 284.302490234 1
63 31 285.634033203 1
63 31 287.121490479 1
63 31 288.371887207 1
63 31 292.419006348 1
63 31 292.90826416 1
63 31 294.5390625 1
63 31 303.030853271 1
63 31 303.328887939 1
63 31 306.916046143 1
63 31 315.609741211 1
63 31 317.366424561 1
63 31 324.988067627 1
63 31 334.005584717 1
63 31 343.2628479 1
63 31 344.138092041 1
63 31 346.474029541 1
63 31 351.629089355 1
63 31 368.911529541 1
63 31 373.749481201 1
63 31 375.820983887 1
63 31 376.413513184 1
63 31 379.364501953 1
63 31 381.615386963 1
63 31 383.191802979 1
63 31 384.428253174 1
63 31 387.994110107 1
63 31 388.961090088 1
63 31 392.891876221 1
63 31 396.600830078 1
63 31 398.376556396 1
63 31 412.008972168 1
63 31 413.263763428 1
63 31 419.610046387 1
63 31 425.543579102 1
63 31 433.003295898 1
63 31 433.227539062 1
63 31 437.391845703 1
63 31 440.01739502 1
63 31 447.520233154 1
63 31 452.167266846 1
63 31 469.975128174 1
63 31 508.205474854 1
63 31 520.88067627 1
63 31 521.936401367 1
63 31 526.616516113 1
63 31 533.46472168 1
63 31 534.647094727 1
63 31 554.424072266 1
63 31 560.510253906 1
63 31 564.940979004 1
63 31 571.163513184 1
63 31 571.220825195 1
63 31 571.501281738 1
63 31 572.445007324 1
63 31 574.890869141 1
63 31 581.297180176 1
63 31 587.955566406 1
63 31 595.67565918 1
63 31 596.192016602 1
63 31 614.670837402 1
63 31 639.070068359 1
63 31 642.973083496 1
63 31 710.590698242 1
63 31 736.106201172 1
63 31 763.916442871 1
63 31 810.795593262 1
63 31 833.339233398 1
63 31 991.618652344 1
63 32 186.990097046 1
63 32 206.636947632 1
63 32 211.449081421 1
63 32 212.910583496 1
63 32 233.580429077 1
63 32 238.446472168 1
63 32 247.364837646 1
63 32 248.072265625 1
63 32 250.050079346 1
63 32 261.28894043 1
63 32 263.19317627 1
63 32 267.525421143 1
63 32 271.123687744 1
63 32 275.494384766 1
63 32 284.330932617 1
63 32 298.171844482 1
63 32 298.293182373 1
63 32 300.96887207 1
63 32 312.581634521 1
63 32 321.964385986 1
63 32 323.730102539 1
63 32 324.707214355 1
63 32 333.174438477 1
63 32 367.740447998 1
63 32 371.633636475 1
63 32 374.258636475 1
63 32 379.737457275 1
63 32 385.973052979 1
63 32 407.745300293 1
63 32 409.084136963 1
63 32 420.290222168 1
63 32 432.192321777 1
63 32 439.739379883 1
63 32 442.290588379 1
63 32 444.22253418 1
63 32 462.397613525 1
63 32 463.6590271 1
63 32 471.078430176 1
63 32 485.398529053 1
63 32 487.904510498 1
63 32 491.755218506 1
63 32 502.754943848 1
63 32 503.717163086 1
63 32 505.69128418 1
63 32 516.571594238 1
63 32 539.495483398 1
63 32 550.06427002 1
63 32 554.914550781 1
63 32 561.405395508 1
63 32 572.04119873 1
63 32 624.344482422 1
63 32 695.997741699 1
63 32 955.715026855 1
63 32 967.56854248 1
63 33 389.771453857 1
63 33 497.592956543 1
63 33 512.087097168 1
63 33 519.169372559 1
63 33 592.702636719 1
63 33 607.485778809 1
63 33 737.891357422 1
63 33 778.403442383 1
63 33 813.565734863 1
63 33 1009.3303833 1
63 34 781.878479004 1
63 34 1054.1418457 1
64 26 1123.6295166 1
64 26 1126.5670166 1
64 26 4094.83911133 1
64 27 939.829467773 1
64 27 1247.9197998 1
64 28 691.740722656 1
64 28 888.995178223 1
64 28 892.233764648 1
64 28 942.389038086 1
64 28 957.837036133 1
64 28 1085.14672852 1
64 29 730.476501465 1
64 29 853.191650391 1
64 29 890.184020996 1
64 29 1119.53552246 1
64 29 1903.55383301 1
64 30 673.693664551 1
64 30 678.343933105 1
64 30 726.895751953 1
64 30 766.855163574 1
64 30 796.772094727 1
64 30 809.796630859 1
64 30 956.49420166 1
64 30 982.300537109 1
64 30 1121.72949219 1
64 30 1208.15014648 1
64 30 1211.56555176 1
64 30 1562.24523926 1
64 31 613.426879883 1
64 31 798.936706543 1
64 31 898.506713867 1
64 31 1011.31518555 1
64 31 1183.46875 1
64 31 1212.10339355 1
64 31 1385.14282227 1
64 32 765.260192871 1
64 32 798.947998047 1
64 32 1126.14807129 1
64 32 1610.92907715 1
69 28 2246.94116211 1
69 30 1471.35217285 1
70 21 1476.99609375 1
70 21 2425.27758789 1
70 25 858.881530762 1
70 25 1138.75634766 1
70 25 1156.94055176 1
70 25 1220.93933105 1
70 25 2238.28735352 1
70 26 977.095458984 1
70 26 1201.12744141 1
70 26 1768.80993652 1
70 27 833.973937988 1
70 27 884.366882324 1
70 27 950.975463867 1
70 27 989.330749512 1
70 27 1129.33361816 1
70 27 1300.07543945 1
70 27 1417.94750977 1
70 28 748.036865234 1
70 28 808.47277832 1
70 28 835.954467773 1
70 28 1093.37426758 1
70 28 1109.45788574 1
70 28 1325.23291016 1
70 28 1326.51147461 1
70 28 1358.15087891 1
70 28 1439.61572266 1
70 28 1930.03186035 1
70 29 755.239257812 1
70 29 762.487854004 1
70 29 762.59954834 1
70 29 825.923156738 1
70 29 834.544189453 1
70 29 885.250244141 1
70 29 904.297668457 1
70 29 921.111022949 1
70 29 949.220092773 1
70 29 984.056030273 1
70 29 1111.20837402 1
70 29 1378.41394043 1
70 30 759.513671875 1
70 31 804.47454834 1
70 31 948.081298828 1
70 31 1432.65380859 1
70 31 1601.10375977 1
70 32 1092.99279785 1
70 32 1780.88220215 1
71 19 1953.33361816 1
71 21 1950.54931641 1
71 23 1738.71691895 1
71 25 1044.90441895 1
71 25 1966.45373535 1
71 26 769.093933105 1
71 26 869.780883789 1
71 26 885.758972168 1
71 26 934.767272949 1
71 26 991.932739258 1
71 26 1024.23400879 1
71 26 1451.09082031 1
71 26 1770.04870605 1
71 27 730.709594727 1
71 27 758.661865234 1
71 27 760.856750488 1
71 27 773.718261719 1
71 27 874.918457031 1
71 27 941.264831543 1
71 27 1401.23815918 1
71 28 695.032714844 1
71 28 713.995483398 1
71 28 722.095092773 1
71 28 737.330993652 1
71 28 747.947814941 1
71 28 785.301513672 1
71 28 977.905334473 1
71 28 992.566772461 1
71 28 1029.81713867 1
71 28 1042.87145996 1
71 28 1058.6854248 1
71 28 1073.80700684 1
71 29 635.548339844 1
71 29 891.895751953 1
71 29 910.007873535 1
71 29 917.678527832 1
71 29 1077.47729492 1
71 29 1106.7878418 1
71 30 736.073120117 1
71 30 789.572387695 1
71 30 801.440368652 1
71 30 871.069580078 1
71 30 1070.54919434 1
71 30 1232.22497559 1
71 30 1236.66394043 1
71 31 1038.19226074 1
71 31 1367.41760254 1
71 32 1015.5380249 1
71 32 1607.5135498 1
73 29 2743.72338867 1
76 20 2673.33422852 1
76 21 2415.95532227 1
76 22 1750.18945312 1
77 33 1775.55883789 1
78 29 1453.76367188 1
78 29 1961.82275391 1
