000 982.0 0.0 10000000.0
008 1268.0 0.0 10000000.0
009 1325.0 0.0 10000000.0
010 1279.0 0.0 10000000.0
011 1470.0 0.0 10000000.0
013 1536.0 0.0 10000000.0
016 1623.0 0.0 10000000.0
022 1963.0 0.0 10000000.0
027 2201.0 0.0 10000000.0
034 2445.0 0.0 10000000.0
045 2857.0 0.0 10000000.0
063 2797.0 0.0 10000000.0
090 2249.0 0.0 10000000.0
117 1350.0 0.0 10000000.0
135 886.0 0.0 10000000.0
146 625.0 0.0 10000000.0
153 487.0 0.0 10000000.0
158 426.0 0.0 10000000.0
162 396.0 0.0 10000000.0
164 377.0 0.0 10000000.0
166 371.0 0.0 10000000.0
167 374.0 0.0 10000000.0
169 329.0 0.0 10000000.0
171 333.0 0.0 10000000.0
172 336.0 0.0 10000000.0
180 295.0 0.0 10000000.0
