000 408.0 0.0 1000000.0
008 321.0 0.0 1000000.0
009 346.0 0.0 1000000.0
010 309.0 0.0 1000000.0
011 333.0 0.0 1000000.0
013 300.0 0.0 1000000.0
016 298.0 0.0 1000000.0
022 314.0 0.0 1000000.0
027 328.0 0.0 1000000.0
034 290.0 0.0 1000000.0
045 264.0 0.0 1000000.0
063 250.0 0.0 1000000.0
090 170.0 0.0 1000000.0
117 69.0 0.0 1000000.0
135 43.0 0.0 1000000.0
146 25.0 0.0 1000000.0
153 18.0 0.0 1000000.0
158 18.0 0.0 1000000.0
162 29.0 0.0 1000000.0
164 17.0 0.0 1000000.0
166 14.0 0.0 1000000.0
167 11.0 0.0 1000000.0
169 20.0 0.0 1000000.0
171 19.0 0.0 1000000.0
172 18.0 0.0 1000000.0
180 15.0 0.0 1000000.0
