string dom time hits
45 29 1876.10546875 1
45 32 2048.58911133 1
53 24 1924.88232422 1
53 29 1650.37585449 1
54 18 1465.00244141 1
54 20 1276.16040039 1
54 20 2149.97045898 1
54 24 825.58416748 1
54 24 878.134643555 1
54 26 826.483337402 1
54 26 962.321594238 1
54 27 670.491088867 1
54 27 905.724182129 1
54 27 981.3203125 1
54 27 1169.91503906 1
54 27 1455.51513672 1
54 27 2402.24731445 1
54 28 691.16784668 1
54 28 724.424560547 1
54 28 747.218078613 1
54 28 806.579956055 1
54 28 835.615356445 1
54 28 845.416137695 1
54 28 879.773132324 1
54 28 893.509338379 1
54 28 948.892150879 1
54 28 996.085083008 1
54 28 1076.10131836 1
54 29 739.344238281 1
54 29 754.022094727 1
54 29 864.804260254 1
54 29 903.047729492 1
54 29 918.333496094 1
54 29 1094.43920898 1
54 29 2698.72900391 1
54 30 656.772155762 1
54 30 796.514526367 1
54 30 1398.9140625 1
54 30 1698.27734375 1
54 31 960.562866211 1
54 31 1143.26086426 1
54 31 1278.38232422 1
54 31 1312.32910156 1
54 32 2241.37109375 1
55 23 1404.91113281 1
55 23 1744.20092773 1
55 23 1980.96252441 1
55 24 2913.21826172 1
55 25 996.936340332 1
55 26 875.733520508 1
55 26 1052.59228516 1
55 26 1334.48474121 1
55 26 1457.07006836 1
55 27 760.258422852 1
55 27 1038.72583008 1
55 27 1067.47302246 1
55 27 1180.6204834 1
55 27 1242.53125 1
55 27 1545.50561523 1
55 27 1615.09008789 1
55 28 838.816772461 1
55 28 863.878234863 1
55 28 891.006164551 1
55 29 639.290283203 1
55 29 820.054992676 1
55 29 903.133117676 1
55 29 936.142578125 1
55 29 1036.97253418 1
55 29 1060.16491699 1
55 29 1226.01098633 1
55 29 1236.31018066 1
55 29 1276.11816406 1
55 29 1616.86975098 1
55 29 1649.94445801 1
55 30 655.098327637 1
55 30 674.82598877 1
55 30 799.700744629 1
55 30 899.396057129 1
55 30 1378.72814941 1
55 31 951.445007324 1
55 31 1110.26306152 1
55 31 1613.30053711 1
55 33 1277.72290039 1
56 27 3148.3059082 1
61 26 2062.95043945 1
61 29 1551.36608887 1
62 24 1072.49914551 1
62 25 1337.44519043 1
62 25 2336.73901367 1
62 26 692.409729004 1
62 26 870.318115234 1
62 26 914.881774902 1
62 26 1101.01000977 1
62 26 1414.6015625 1
62 27 705.106933594 1
62 27 812.434387207 1
62 27 818.102722168 1
62 27 829.258850098 1
62 27 1006.88372803 1
62 27 1071.52685547 1
62 27 1212.23742676 1
62 28 741.617919922 1
62 28 785.139892578 1
62 28 809.206481934 1
62 28 820.262573242 1
62 28 910.478210449 1
62 28 930.64630127 1
62 28 958.53338623 1
62 28 1203.54125977 1
62 28 1518.25463867 1
62 28 1561.20678711 1
62 28 1719.76391602 1
62 29 687.500976562 1
62 29 900.316467285 1
62 29 917.657348633 1
62 29 1117.87390137 1
62 29 1237.15783691 1
62 30 757.149658203 1
62 30 849.048828125 1
62 30 881.842773438 1
62 30 1037.94262695 1
62 30 1186.64978027 1
62 30 1451.50671387 1
62 31 832.066101074 1
62 31 1163.80603027 1
62 34 1709.09399414 1
63 18 1468.60791016 1
63 20 1915.70373535 1
63 21 792.358398438 1
63 21 931.940124512 1
63 21 953.416381836 1
63 21 1446.42553711 1
63 21 1716.6496582 1
63 21 2717.00195312 1
63 22 703.437133789 1
63 22 759.244506836 1
63 22 791.808288574 1
63 22 821.168212891 1
63 22 882.915344238 1
63 22 956.482788086 1
63 23 608.256103516 1
63 23 625.844970703 1
63 23 653.147644043 1
63 23 716.929382324 1
63 23 721.710021973 1
63 23 829.716308594 1
63 23 848.420227051 1
63 23 925.626403809 1
63 23 1040.95703125 1
63 23 1077.98449707 1
63 23 1083.21411133 1
63 24 562.427856445 1
63 24 570.930725098 1
63 24 573.663391113 1
63 24 585.888793945 1
63 24 596.207885742 1
63 24 602.953430176 1
63 24 606.592834473 1
63 24 608.797607422 1
63 24 612.456237793 1
63 24 649.772827148 1
63 24 652.604125977 1
63 24 670.330505371 1
63 24 702.382141113 1
63 24 726.293884277 1
63 24 805.87713623 1
63 24 815.989990234 1
63 24 1017.52587891 1
63 24 1037.93920898 1
63 25 425.094024658 1
63 25 425.319091797 1
63 25 428.658538818 1
63 25 431.938964844 1
63 25 435.712738037 1
63 25 439.359161377 1
63 25 447.193878174 1
63 25 452.473022461 1
63 25 459.964660645 1
63 25 470.273803711 1
63 25 470.736083984 1
63 25 474.178527832 1
63 25 478.294830322 1
63 25 480.015716553 1
63 25 481.15032959 1
63 25 501.465881348 1
63 25 520.01763916 1
63 25 526.05480957 1
63 25 531.510864258 1
63 25 543.444396973 1
63 25 550.811828613 1
63 25 569.418212891 1
63 25 599.085327148 1
63 25 602.617675781 1
63 25 608.094055176 1
63 25 619.568664551 1
63 25 621.723571777 1
63 25 649.381103516 1
63 25 653.537780762 1
63 25 662.003112793 1
63 25 682.286682129 1
63 25 709.091308594 1
63 25 709.557739258 1
63 25 769.650390625 1
63 25 803.75390625 1
63 25 837.303833008 1
63 25 857.458984375 1
63 25 869.838684082 1
63 25 881.381652832 1
63 25 885.538696289 1
63 25 985.686706543 1
63 25 1138.30566406 1
63 25 1172.07348633 1
63 25 1402.30212402 1
63 25 1424.07165527 1
63 26 325.190155029 1
63 26 329.026184082 1
63 26 331.987609863 1
63 26 334.702789307 1
63 26 334.971557617 1
63 26 337.198242188 1
63 26 339.310668945 1
63 26 339.342834473 1
63 26 339.342987061 1
63 26 341.17767334 1
63 26 343.489746094 1
63 26 348.192230225 1
63 26 349.302520752 1
63 26 350.422790527 1
63 26 350.496795654 1
63 26 350.796051025 1
63 26 352.176544189 1
63 26 353.015563965 1
63 26 353.383728027 1
63 26 356.092315674 1
63 26 356.105499268 1
63 26 358.440826416 1
63 26 358.643707275 1
63 26 359.916778564 1
63 26 360.165283203 1
63 26 360.546173096 1
63 26 360.70501709 1
63 26 361.144683838 1
63 26 362.14855957 1
63 26 362.367584229 1
63 26 362.931335449 1
63 26 365.388275146 1
63 26 366.555633545 1
63 26 367.222930908 1
63 26 367.825866699 1
63 26 368.701416016 1
63 26 368.757385254 1
63 26 369.519592285 1
63 26 371.907775879 1
63 26 374.334442139 1
63 26 375.034851074 1
63 26 376.606811523 1
63 26 386.429351807 1
63 26 387.37878418 1
63 26 388.100860596 1
63 26 389.452056885 1
63 26 389.455352783 1
63 26 391.082977295 1
63 26 392.843353271 1
63 26 398.418334961 1
63 26 401.565002441 1
63 26 403.348846436 1
63 26 408.893859863 1
63 26 410.328155518 1
63 26 410.56048584 1
63 26 412.922943115 1
63 26 414.386962891 1
63 26 415.083404541 1
63 26 415.144714355 1
63 26 422.122192383 1
63 26 422.996368408 1
63 26 424.563781738 1
63 26 426.610595703 1
63 26 426.957214355 1
63 26 430.10244751 1
63 26 430.916046143 1
63 26 431.273620605 1
63 26 431.298919678 1
63 26 432.929168701 1
63 26 436.783721924 1
63 26 439.309539795 1
63 26 440.357452393 1
63 26 444.308441162 1
63 26 444.808685303 1
63 26 450.496612549 1
63 26 452.638793945 1
63 26 452.744049072 1
63 26 454.058532715 1
63 26 454.955230713 1
63 26 457.970062256 1
63 26 462.898040771 1
63 26 469.088287354 1
63 26 471.360168457 1
63 26 471.583404541 1
63 26 474.032470703 1
63 26 476.391326904 1
63 26 478.176574707 1
63 26 480.275238037 1
63 26 483.282226562 1
63 26 487.634552002 1
63 26 490.943572998 1
63 26 493.716278076 1
63 26 500.301605225 1
63 26 503.305786133 1
63 26 506.823577881 1
63 26 508.541595459 1
63 26 510.541290283 1
63 26 513.570007324 1
63 26 513.897888184 1
63 26 524.302429199 1
63 26 532.092285156 1
63 26 532.637695312 1
63 26 532.722839355 1
63 26 540.102172852 1
63 26 551.864990234 1
63 26 551.96484375 1
63 26 556.207763672 1
63 26 562.11517334 1
63 26 562.772521973 1
63 26 564.683288574 1
63 26 564.75201416 1
63 26 564.798156738 1
63 26 570.266235352 1
63 26 570.592834473 1
63 26 571.409851074 1
63 26 578.035522461 1
63 26 578.128601074 1
63 26 584.274719238 1
63 26 590.276306152 1
63 26 592.435668945 1
63 26 593.528686523 1
63 26 597.179931641 1
63 26 610.836303711 1
63 26 612.276000977 1
63 26 618.622192383 1
63 26 624.573242188 1
63 26 631.880065918 1
63 26 651.635681152 1
63 26 652.706848145 1
63 26 656.473510742 1
63 26 661.693908691 1
63 26 664.608520508 1
63 26 683.397949219 1
63 26 696.723876953 1
63 26 709.014831543 1
63 26 710.197998047 1
63 26 711.556091309 1
63 26 717.16204834 1
63 26 769.177246094 1
63 26 781.780334473 1
63 26 802.380554199 1
63 26 802.523376465 1
63 26 809.683227539 1
63 26 861.266174316 1
63 26 1009.15460205 1
63 26 1024.59558105 1
63 26 1077.54882812 1
63 26 1156.66943359 1
63 26 1620.03015137 1
63 26 1886.35778809 1
63 27 238.120254517 1
63 27 242.307342529 1
63 27 243.560470581 1
63 27 244.611541748 1
63 27 244.912963867 1
63 27 245.575515747 1
63 27 245.731811523 1
63 27 245.802947998 1
63 27 246.044815063 1
63 27 246.1925354 1
63 27 247.852966309 1
63 27 248.515411377 1
63 27 248.740997314 1
63 27 249.091369629 1
63 27 249.382766724 1
63 27 249.435501099 1
63 27 249.444992065 1
63 27 249.765640259 1
63 27 250.144607544 1
63 27 250.183319092 1
63 27 250.59147644 1
63 27 250.890563965 1
63 27 250.920883179 1
63 27 251.861251831 1
63 27 251.953643799 1
63 27 252.746994019 1
63 27 253.048706055 1
63 27 253.267333984 1
63 27 253.309036255 1
63 27 253.892745972 1
63 27 254.177719116 1
63 27 254.275863647 1
63 27 254.337081909 1
63 27 254.975036621 1
63 27 255.142822266 1
63 27 255.201568604 1
63 27 255.292327881 1
63 27 255.56590271 1
63 27 255.665313721 1
63 27 255.729598999 1
63 27 255.83543396 1
63 27 256.238983154 1
63 27 256.989135742 1
63 27 257.032470703 1
63 27 257.065826416 1
63 27 257.145935059 1
63 27 257.369018555 1
63 27 257.448822021 1
63 27 257.563476562 1
63 27 257.701293945 1
63 27 258.30078125 1
63 27 259.189910889 1
63 27 259.622314453 1
63 27 259.760101318 1
63 27 259.834411621 1
63 27 259.929779053 1
63 27 260.512878418 1
63 27 260.695709229 1
63 27 260.959442139 1
63 27 261.229309082 1
63 27 261.397979736 1
63 27 261.649230957 1
63 27 261.713043213 1
63 27 261.964080811 1
63 27 262.146942139 1
63 27 262.249298096 1
63 27 262.254669189 1
63 27 262.399810791 1
63 27 262.556549072 1
63 27 262.68258667 1
63 27 262.794830322 1
63 27 263.224456787 1
63 27 263.529296875 1
63 27 263.743438721 1
63 27 264.664733887 1
63 27 264.872772217 1
63 27 265.100463867 1
63 27 265.353729248 1
63 27 265.437103271 1
63 27 265.444610596 1
63 27 265.651519775 1
63 27 266.213897705 1
63 27 266.43850708 1
63 27 266.546081543 1
63 27 266.584503174 1
63 27 266.867767334 1
63 27 267.518951416 1
63 27 268.021270752 1
63 27 268.174621582 1
63 27 268.286865234 1
63 27 268.440155029 1
63 27 268.938781738 1
63 27 268.945373535 1
63 27 269.090026855 1
63 27 269.294403076 1
63 27 269.425994873 1
63 27 269.465667725 1
63 27 269.968658447 1
63 27 269.992614746 1
63 27 270.088012695 1
63 27 270.504211426 1
63 27 270.577728271 1
63 27 270.620239258 1
63 27 270.683074951 1
63 27 270.746398926 1
63 27 270.847167969 1
63 27 270.878814697 1
63 27 271.011169434 1
63 27 271.49029541 1
63 27 271.558624268 1
63 27 271.641326904 1
63 27 272.020141602 1
63 27 272.261871338 1
63 27 272.370880127 1
63 27 272.474487305 1
63 27 272.671569824 1
63 27 272.777587891 1
63 27 272.918579102 1
63 27 272.93359375 1
63 27 273.670440674 1
63 27 274.041992188 1
63 27 274.062774658 1
63 27 274.236541748 1
63 27 274.261169434 1
63 27 274.539031982 1
63 27 274.653442383 1
63 27 274.682159424 1
63 27 274.781494141 1
63 27 274.817687988 1
63 27 275.270202637 1
63 27 275.545623779 1
63 27 275.549102783 1
63 27 275.86618042 1
63 27 276.0519104 1
63 27 276.063995361 1
63 27 276.187988281 1
63 27 276.222595215 1
63 27 276.624389648 1
63 27 276.965362549 1
63 27 277.134002686 1
63 27 277.354675293 1
63 27 277.393249512 1
63 27 277.5206604 1
63 27 277.62286377 1
63 27 277.622955322 1
63 27 277.708129883 1
63 27 277.829559326 1
63 27 277.964294434 1
63 27 278.544372559 1
63 27 279.1980896 1
63 27 279.342346191 1
63 27 279.416503906 1
63 27 279.53213501 1
63 27 279.999389648 1
63 27 280.183197021 1
63 27 280.203796387 1
63 27 281.032989502 1
63 27 281.762481689 1
63 27 281.884368896 1
63 27 282.057647705 1
63 27 282.143127441 1
63 27 282.212615967 1
63 27 282.845794678 1
63 27 282.893127441 1
63 27 282.987426758 1
63 27 283.045440674 1
63 27 283.914489746 1
63 27 284.450805664 1
63 27 284.7706604 1
63 27 284.885650635 1
63 27 284.944732666 1
63 27 284.992675781 1
63 27 286.910339355 1
63 27 286.923828125 1
63 27 286.984649658 1
63 27 287.68548584 1
63 27 288.817718506 1
63 27 289.122558594 1
63 27 289.525970459 1
63 27 289.922729492 1
63 27 290.29977417 1
63 27 290.620056152 1
63 27 290.84487915 1
63 27 291.913574219 1
63 27 292.072387695 1
63 27 293.280395508 1
63 27 294.048034668 1
63 27 294.90222168 1
63 27 295.923034668 1
63 27 296.024871826 1
63 27 296.456390381 1
63 27 296.651916504 1
63 27 296.848876953 1
63 27 297.701568604 1
63 27 298.133850098 1
63 27 298.243591309 1
63 27 298.632446289 1
63 27 298.780914307 1
63 27 298.807250977 1
63 27 299.500396729 1
63 27 299.772674561 1
63 27 300.057220459 1
63 27 301.124328613 1
63 27 301.13482666 1
63 27 301.493835449 1
63 27 302.482086182 1
63 27 302.965179443 1
63 27 303.548370361 1
63 27 303.663238525 1
63 27 304.102874756 1
63 27 304.239227295 1
63 27 304.640625 1
63 27 304.803619385 1
63 27 305.179138184 1
63 27 306.194702148 1
63 27 307.336669922 1
63 27 307.39175415 1
63 27 307.546691895 1
63 27 308.333984375 1
63 27 309.549957275 1
63 27 309.63494873 1
63 27 309.949432373 1
63 27 309.981933594 1
63 27 310.185638428 1
63 27 310.324829102 1
63 27 310.681152344 1
63 27 312.171936035 1
63 27 312.892486572 1
63 27 313.284881592 1
63 27 313.818786621 1
63 27 314.045593262 1
63 27 314.203643799 1
63 27 314.565826416 1
63 27 314.788635254 1
63 27 315.129638672 1
63 27 316.12109375 1
63 27 317.228607178 1
63 27 317.65447998 1
63 27 318.017852783 1
63 27 318.613006592 1
63 27 320.193054199 1
63 27 320.593048096 1
63 27 321.537567139 1
63 27 322.125579834 1
63 27 322.213500977 1
63 27 323.316101074 1
63 27 324.911590576 1
63 27 325.036712646 1
63 27 325.131713867 1
63 27 327.771697998 1
63 27 328.097473145 1
63 27 328.151245117 1
63 27 331.380096436 1
63 27 333.122711182 1
63 27 333.690002441 1
63 27 334.625854492 1
63 27 335.501861572 1
63 27 337.339538574 1
63 27 339.667602539 1
63 27 342.470916748 1
63 27 344.591339111 1
63 27 346.061828613 1
63 27 346.095092773 1
63 27 346.466552734 1
63 27 346.743652344 1
63 27 346.832824707 1
63 27 346.952880859 1
63 27 348.595550537 1
63 27 348.84753418 1
63 27 348.902954102 1
63 27 349.605041504 1
63 27 351.662231445 1
63 27 354.240661621 1
63 27 355.593780518 1
63 27 357.218658447 1
63 27 359.529754639 1
63 27 361.15737915 1
63 27 363.99307251 1
63 27 364.008026123 1
63 27 364.074981689 1
63 27 367.821105957 1
63 27 368.712005615 1
63 27 369.527648926 1
63 27 369.906463623 1
63 27 373.583404541 1
63 27 376.044250488 1
63 27 380.691223145 1
63 27 383.216705322 1
63 27 383.54473877 1
63 27 384.616760254 1
63 27 387.377441406 1
63 27 387.487335205 1
63 27 392.434082031 1
63 27 392.667480469 1
63 27 394.159088135 1
63 27 398.280609131 1
63 27 403.527557373 1
63 27 403.580047607 1
63 27 405.653656006 1
63 27 407.892486572 1
63 27 410.548431396 1
63 27 411.103118896 1
63 27 412.792724609 1
63 27 412.965484619 1
63 27 416.293945312 1
63 27 424.223419189 1
63 27 424.338623047 1
63 27 424.468322754 1
63 27 428.016998291 1
63 27 429.701660156 1
63 27 430.77444458 1
63 27 431.57800293 1
63 27 433.203216553 1
63 27 436.915679932 1
63 27 437.179840088 1
63 27 442.508331299 1
63 27 442.522827148 1
63 27 444.924072266 1
63 27 445.366088867 1
63 27 453.000915527 1
63 27 454.880279541 1
63 27 455.256103516 1
63 27 458.998535156 1
63 27 472.3387146 1
63 27 485.273406982 1
63 27 492.079040527 1
63 27 496.836853027 1
63 27 505.163848877 1
63 27 508.233306885 1
63 27 512.430541992 1
63 27 517.400268555 1
63 27 517.746765137 1
63 27 532.784729004 1
63 27 536.797912598 1
63 27 561.247619629 1
63 27 564.047668457 1
63 27 568.099121094 1
63 27 568.426086426 1
63 27 575.527709961 1
63 27 580.617614746 1
63 27 595.557922363 1
63 27 629.783691406 1
63 27 648.651123047 1
63 27 657.826660156 1
63 27 659.438354492 1
63 27 660.452697754 1
63 27 668.944458008 1
63 27 669.098510742 1
63 27 674.059875488 1
63 27 678.891357422 1
63 27 685.55871582 1
63 27 701.422546387 1
63 27 708.117431641 1
63 27 738.194458008 1
63 27 742.828552246 1
63 27 773.711120605 1
63 27 779.16229248 1
63 27 804.010864258 1
63 27 810.002075195 1
63 27 816.102905273 1
63 27 823.061706543 1
63 27 849.175415039 1
63 27 850.356872559 1
63 27 922.006713867 1
63 27 940.57824707 1
63 27 977.115478516 1
63 27 1037.62133789 1
63 27 1074.99145508 1
63 27 1092.72351074 1
63 27 1112.69470215 1
63 27 1379.04162598 1
63 28 154.835464478 1
63 28 159.271514893 1
63 28 159.930786133 1
63 28 161.254455566 1
63 28 161.495986938 1
63 28 162.898620605 1
63 28 162.969421387 1
63 28 163.505340576 1
63 28 163.976867676 1
63 28 164.149856567 1
63 28 164.291534424 1
63 28 164.351882935 1
63 28 164.377349854 1
63 28 164.505767822 1
63 28 164.523498535 1
63 28 164.684371948 1
63 28 164.785491943 1
63 28 164.990524292 1
63 28 164.999755859 1
63 28 165.141143799 1
63 28 165.214935303 1
63 28 165.309326172 1
63 28 165.328201294 1
63 28 165.571609497 1
63 28 165.639709473 1
63 28 165.794174194 1
63 28 166.033813477 1
63 28 166.399963379 1
63 28 166.520706177 1
63 28 166.536117554 1
63 28 166.774536133 1
63 28 166.827301025 1
63 28 167.006011963 1
63 28 167.191360474 1
63 28 167.279418945 1
63 28 167.286590576 1
63 28 167.307159424 1
63 28 167.416549683 1
63 28 167.548431396 1
63 28 167.580810547 1
63 28 167.655822754 1
63 28 167.668380737 1
63 28 167.681625366 1
63 28 167.700408936 1
63 28 167.707931519 1
63 28 167.82472229 1
63 28 167.861663818 1
63 28 168.044662476 1
63 28 168.045516968 1
63 28 168.147521973 1
63 28 168.487945557 1
63 28 168.573532104 1
63 28 168.725585938 1
63 28 168.790008545 1
63 28 169.093536377 1
63 28 169.20111084 1
63 28 169.395172119 1
63 28 169.414428711 1
63 28 169.530059814 1
63 28 169.776855469 1
63 28 169.791534424 1
63 28 169.797622681 1
63 28 169.803527832 1
63 28 169.80708313 1
63 28 169.844024658 1
63 28 169.940643311 1
63 28 170.055786133 1
63 28 170.060348511 1
63 28 170.166290283 1
63 28 170.194366455 1
63 28 170.228561401 1
63 28 170.248550415 1
63 28 170.414520264 1
63 28 170.428955078 1
63 28 170.538848877 1
63 28 170.598068237 1
63 28 170.616851807 1
63 28 170.652648926 1
63 28 170.826400757 1
63 28 170.873519897 1
63 28 170.989807129 1
63 28 170.990097046 1
63 28 171.097702026 1
63 28 171.149291992 1
63 28 171.203430176 1
63 28 171.203872681 1
63 28 171.226272583 1
63 28 171.280944824 1
63 28 171.307907104 1
63 28 171.322616577 1
63 28 171.388122559 1
63 28 171.403900146 1
63 28 171.418380737 1
63 28 171.523239136 1
63 28 171.565460205 1
63 28 171.60534668 1
63 28 171.647735596 1
63 28 171.703125 1
63 28 171.816665649 1
63 28 171.823501587 1
63 28 171.836257935 1
63 28 171.877059937 1
63 28 171.940658569 1
63 28 171.964279175 1
63 28 171.992614746 1
63 28 172.071899414 1
63 28 172.122192383 1
63 28 172.153991699 1
63 28 172.200958252 1
63 28 172.203552246 1
63 28 172.405303955 1
63 28 172.523635864 1
63 28 172.649520874 1
63 28 172.664596558 1
63 28 172.675231934 1
63 28 172.690200806 1
63 28 172.693634033 1
63 28 172.760955811 1
63 28 172.772109985 1
63 28 172.889068604 1
63 28 172.938842773 1
63 28 173.01184082 1
63 28 173.016769409 1
63 28 173.065963745 1
63 28 173.120285034 1
63 28 173.138916016 1
63 28 173.175323486 1
63 28 173.260665894 1
63 28 173.29927063 1
63 28 173.320953369 1
63 28 173.34614563 1
63 28 173.347000122 1
63 28 173.380004883 1
63 28 173.414154053 1
63 28 173.499694824 1
63 28 173.516418457 1
63 28 173.524719238 1
63 28 173.635192871 1
63 28 173.638656616 1
63 28 173.664047241 1
63 28 173.755691528 1
63 28 173.839645386 1
63 28 173.846084595 1
63 28 173.876586914 1
63 28 173.907714844 1
63 28 173.93737793 1
63 28 173.942092896 1
63 28 173.998123169 1
63 28 174.154724121 1
63 28 174.162063599 1
63 28 174.173309326 1
63 28 174.20085144 1
63 28 174.250061035 1
63 28 174.324081421 1
63 28 174.340026855 1
63 28 174.369979858 1
63 28 174.374923706 1
63 28 174.467437744 1
63 28 174.475708008 1
63 28 174.482940674 1
63 28 174.484848022 1
63 28 174.492996216 1
63 28 174.526153564 1
63 28 174.654983521 1
63 28 174.660797119 1
63 28 174.682388306 1
63 28 174.83404541 1
63 28 174.834747314 1
63 28 174.964630127 1
63 28 175.000961304 1
63 28 175.199188232 1
63 28 175.215423584 1
63 28 175.247741699 1
63 28 175.391494751 1
63 28 175.449661255 1
63 28 175.484344482 1
63 28 175.562240601 1
63 28 175.562667847 1
63 28 175.58984375 1
63 28 175.611587524 1
63 28 175.642974854 1
63 28 175.706283569 1
63 28 175.709655762 1
63 28 175.727096558 1
63 28 175.763748169 1
63 28 175.805603027 1
63 28 175.939712524 1
63 28 175.99206543 1
63 28 176.004638672 1
63 28 176.048568726 1
63 28 176.066040039 1
63 28 176.080993652 1
63 28 176.127044678 1
63 28 176.127578735 1
63 28 176.156600952 1
63 28 176.202728271 1
63 28 176.212081909 1
63 28 176.246658325 1
63 28 176.471206665 1
63 28 176.568008423 1
63 28 176.597991943 1
63 28 176.843093872 1
63 28 176.845153809 1
63 28 176.892181396 1
63 28 177.005355835 1
63 28 177.013000488 1
63 28 177.081497192 1
63 28 177.13319397 1
63 28 177.251968384 1
63 28 177.295654297 1
63 28 177.323196411 1
63 28 177.364089966 1
63 28 177.392730713 1
63 28 177.398468018 1
63 28 177.418502808 1
63 28 177.457702637 1
63 28 177.510482788 1
63 28 177.584564209 1
63 28 177.606307983 1
63 28 177.631149292 1
63 28 177.631637573 1
63 28 177.675567627 1
63 28 177.722763062 1
63 28 177.728103638 1
63 28 177.77293396 1
63 28 177.846847534 1
63 28 177.854827881 1
63 28 177.88633728 1
63 28 177.909683228 1
63 28 178.039489746 1
63 28 178.084609985 1
63 28 178.135055542 1
63 28 178.252822876 1
63 28 178.262908936 1
63 28 178.265304565 1
63 28 178.374664307 1
63 28 178.436630249 1
63 28 178.499816895 1
63 28 178.543777466 1
63 28 178.549743652 1
63 28 178.570465088 1
63 28 178.571914673 1
63 28 178.582733154 1
63 28 178.606643677 1
63 28 178.609176636 1
63 28 178.616043091 1
63 28 178.643447876 1
63 28 178.758865356 1
63 28 178.760971069 1
63 28 178.842178345 1
63 28 178.903762817 1
63 28 179.030227661 1
63 28 179.084457397 1
63 28 179.122589111 1
63 28 179.132034302 1
63 28 179.185852051 1
63 28 179.40486145 1
63 28 179.453948975 1
63 28 179.507171631 1
63 28 179.582870483 1
63 28 179.584533691 1
63 28 179.997436523 1
63 28 180.190643311 1
63 28 180.252990723 1
63 28 180.255813599 1
63 28 180.329467773 1
63 28 180.404037476 1
63 28 180.429351807 1
63 28 180.586273193 1
63 28 180.75189209 1
63 28 180.791442871 1
63 28 180.806350708 1
63 28 180.827331543 1
63 28 180.934967041 1
63 28 180.968948364 1
63 28 181.025665283 1
63 28 181.065078735 1
63 28 181.108200073 1
63 28 181.176315308 1
63 28 181.236877441 1
63 28 181.37840271 1
63 28 181.390609741 1
63 28 181.419021606 1
63 28 181.517181396 1
63 28 181.59413147 1
63 28 181.611557007 1
63 28 181.617477417 1
63 28 181.620697021 1
63 28 181.759506226 1
63 28 181.759902954 1
63 28 181.83757019 1
63 28 181.843643188 1
63 28 181.859527588 1
63 28 181.965621948 1
63 28 182.015136719 1
63 28 182.058486938 1
63 28 182.126708984 1
63 28 182.236740112 1
63 28 182.346725464 1
63 28 182.372344971 1
63 28 182.377441406 1
63 28 182.393951416 1
63 28 182.400405884 1
63 28 182.430999756 1
63 28 182.500427246 1
63 28 182.504562378 1
63 28 182.605209351 1
63 28 182.61076355 1
63 28 182.864898682 1
63 28 182.867797852 1
63 28 182.968063354 1
63 28 183.10798645 1
63 28 183.145675659 1
63 28 183.202407837 1
63 28 183.261749268 1
63 28 183.429000854 1
63 28 183.472564697 1
63 28 183.500488281 1
63 28 183.512741089 1
63 28 183.64112854 1
63 28 183.667098999 1
63 28 183.744125366 1
63 28 183.748046875 1
63 28 183.78112793 1
63 28 183.81539917 1
63 28 183.874191284 1
63 28 183.933273315 1
63 28 183.933609009 1
63 28 183.958358765 1
63 28 183.987564087 1
63 28 184.122589111 1
63 28 184.173919678 1
63 28 184.284851074 1
63 28 184.325714111 1
63 28 184.355255127 1
63 28 184.409683228 1
63 28 184.525436401 1
63 28 184.669219971 1
63 28 184.692947388 1
63 28 184.779632568 1
63 28 184.948455811 1
63 28 184.988815308 1
63 28 185.019821167 1
63 28 185.06338501 1
63 28 185.093429565 1
63 28 185.230407715 1
63 28 185.245605469 1
63 28 185.255523682 1
63 28 185.314682007 1
63 28 185.339233398 1
63 28 185.435012817 1
63 28 185.526596069 1
63 28 185.527450562 1
63 28 185.549850464 1
63 28 185.640274048 1
63 28 185.719970703 1
63 28 185.810028076 1
63 28 185.927642822 1
63 28 185.937301636 1
63 28 185.942886353 1
63 28 185.943267822 1
63 28 185.972122192 1
63 28 186.124557495 1
63 28 186.163284302 1
63 28 186.585189819 1
63 28 186.846221924 1
63 28 186.890655518 1
63 28 186.905197144 1
63 28 186.937423706 1
63 28 187.010894775 1
63 28 187.025512695 1
63 28 187.130828857 1
63 28 187.140075684 1
63 28 187.181915283 1
63 28 187.201904297 1
63 28 187.339660645 1
63 28 187.381103516 1
63 28 187.418106079 1
63 28 187.423568726 1
63 28 187.456436157 1
63 28 187.506896973 1
63 28 187.667221069 1
63 28 187.857376099 1
63 28 187.914794922 1
63 28 187.993164062 1
63 28 188.03666687 1
63 28 188.26776123 1
63 28 188.367767334 1
63 28 188.45993042 1
63 28 188.5965271 1
63 28 188.621414185 1
63 28 188.686203003 1
63 28 188.697921753 1
63 28 188.699172974 1
63 28 188.712524414 1
63 28 188.714782715 1
63 28 188.720016479 1
63 28 188.875198364 1
63 28 188.906570435 1
63 28 189.003921509 1
63 28 189.011047363 1
63 28 189.015228271 1
63 28 189.268951416 1
63 28 189.319213867 1
63 28 189.351730347 1
63 28 189.378067017 1
63 28 189.389022827 1
63 28 189.555465698 1
63 28 189.690063477 1
63 28 189.725250244 1
63 28 189.754348755 1
63 28 189.900756836 1
63 28 189.985534668 1
63 28 190.082824707 1
63 28 190.110855103 1
63 28 190.214096069 1
63 28 190.40713501 1
63 28 190.731155396 1
63 28 190.778808594 1
63 28 190.791015625 1
63 28 190.797958374 1
63 28 190.87600708 1
63 28 190.966537476 1
63 28 191.17918396 1
63 28 191.247299194 1
63 28 191.38180542 1
63 28 191.530136108 1
63 28 191.675888062 1
63 28 191.848556519 1
63 28 191.860839844 1
63 28 191.961227417 1
63 28 191.979705811 1
63 28 192.109573364 1
63 28 192.327423096 1
63 28 192.331314087 1
63 28 192.42515564 1
63 28 192.517272949 1
63 28 192.586288452 1
63 28 192.663238525 1
63 28 192.707763672 1
63 28 192.832000732 1
63 28 192.864044189 1
63 28 192.88684082 1
63 28 193.079620361 1
63 28 193.429443359 1
63 28 193.454788208 1
63 28 193.673080444 1
63 28 193.802154541 1
63 28 194.14364624 1
63 28 194.253860474 1
63 28 194.278625488 1
63 28 194.556564331 1
63 28 194.917388916 1
63 28 195.109069824 1
63 28 195.176803589 1
63 28 195.25491333 1
63 28 195.605712891 1
63 28 195.656143188 1
63 28 195.849121094 1
63 28 195.993545532 1
63 28 196.292327881 1
63 28 196.386993408 1
63 28 196.574707031 1
63 28 196.606765747 1
63 28 196.89503479 1
63 28 197.182067871 1
63 28 197.216751099 1
63 28 197.245391846 1
63 28 197.247146606 1
63 28 197.652496338 1
63 28 197.801452637 1
63 28 197.806030273 1
63 28 197.915405273 1
63 28 198.087661743 1
63 28 198.350463867 1
63 28 198.390960693 1
63 28 198.428253174 1
63 28 198.460586548 1
63 28 198.565444946 1
63 28 198.841140747 1
63 28 198.903717041 1
63 28 198.937255859 1
63 28 199.030654907 1
63 28 199.18296814 1
63 28 199.200088501 1
63 28 199.215637207 1
63 28 199.628387451 1
63 28 199.81048584 1
63 28 199.992523193 1
63 28 200.086853027 1
63 28 200.140411377 1
63 28 200.364746094 1
63 28 200.558700562 1
63 28 200.735076904 1
63 28 200.755264282 1
63 28 200.798400879 1
63 28 201.00920105 1
63 28 201.093063354 1
63 28 201.281143188 1
63 28 201.548294067 1
63 28 201.634780884 1
63 28 201.652481079 1
63 28 201.732788086 1
63 28 201.75567627 1
63 28 202.103302002 1
63 28 202.312606812 1
63 28 202.412780762 1
63 28 202.746856689 1
63 28 202.785430908 1
63 28 202.800140381 1
63 28 203.091018677 1
63 28 203.101486206 1
63 28 203.141601562 1
63 28 203.157211304 1
63 28 203.580123901 1
63 28 203.617996216 1
63 28 203.807510376 1
63 28 204.476928711 1
63 28 204.604354858 1
63 28 204.772705078 1
63 28 204.852676392 1
63 28 204.951293945 1
63 28 205.270401001 1
63 28 205.316772461 1
63 28 205.548522949 1
63 28 205.667572021 1
63 28 205.868804932 1
63 28 205.994400024 1
63 28 206.768249512 1
63 28 206.845306396 1
63 28 206.859588623 1
63 28 206.93838501 1
63 28 207.291717529 1
63 28 207.312423706 1
63 28 207.446731567 1
63 28 207.782775879 1
63 28 207.812850952 1
63 28 207.971221924 1
63 28 208.109527588 1
63 28 209.031051636 1
63 28 209.748428345 1
63 28 209.887512207 1
63 28 210.110687256 1
63 28 210.12348938 1
63 28 210.147033691 1
63 28 210.242126465 1
63 28 210.575393677 1
63 28 210.737854004 1
63 28 210.775146484 1
63 28 211.270996094 1
63 28 211.376556396 1
63 28 211.486694336 1
63 28 211.553222656 1
63 28 212.200119019 1
63 28 212.579711914 1
63 28 212.672332764 1
63 28 212.749237061 1
63 28 213.14642334 1
63 28 213.276855469 1
63 28 213.309020996 1
63 28 213.548339844 1
63 28 213.595397949 1
63 28 213.659667969 1
63 28 213.723312378 1
63 28 213.996795654 1
63 28 214.062545776 1
63 28 214.49005127 1
63 28 214.548110962 1
63 28 214.980987549 1
63 28 215.028579712 1
63 28 215.069747925 1
63 28 215.196777344 1
63 28 215.26550293 1
63 28 215.322158813 1
63 28 215.437316895 1
63 28 215.467727661 1
63 28 215.484725952 1
63 28 215.575775146 1
63 28 215.962554932 1
63 28 216.598434448 1
63 28 216.613571167 1
63 28 216.886932373 1
63 28 217.224136353 1
63 28 217.410552979 1
63 28 217.411804199 1
63 28 217.488418579 1
63 28 217.649887085 1
63 28 217.770843506 1
63 28 218.052032471 1
63 28 218.271560669 1
63 28 218.690475464 1
63 28 218.918426514 1
63 28 218.921737671 1
63 28 219.823410034 1
63 28 220.642684937 1
63 28 220.70211792 1
63 28 221.207214355 1
63 28 221.253082275 1
63 28 221.265701294 1
63 28 221.66947937 1
63 28 221.772094727 1
63 28 221.884613037 1
63 28 222.549606323 1
63 28 222.588088989 1
63 28 222.625961304 1
63 28 223.1459198 1
63 28 223.556259155 1
63 28 224.416748047 1
63 28 224.491424561 1
63 28 224.768066406 1
63 28 224.917724609 1
63 28 225.079223633 1
63 28 225.380203247 1
63 28 226.099334717 1
63 28 226.339828491 1
63 28 227.454345703 1
63 28 227.80796814 1
63 28 228.213195801 1
63 28 228.777328491 1
63 28 229.117218018 1
63 28 229.132278442 1
63 28 229.279556274 1
63 28 229.340820312 1
63 28 229.846679688 1
63 28 229.866455078 1
63 28 230.075927734 1
63 28 230.143447876 1
63 28 230.521331787 1
63 28 230.556289673 1
63 28 230.728607178 1
63 28 230.739944458 1
63 28 231.582244873 1
63 28 231.733444214 1
63 28 232.372146606 1
63 28 232.676437378 1
63 28 232.927932739 1
63 28 233.313461304 1
63 28 233.893493652 1
63 28 233.957489014 1
63 28 234.288406372 1
63 28 234.655593872 1
63 28 234.81993103 1
63 28 235.856689453 1
63 28 236.101669312 1
63 28 236.404190063 1
63 28 236.663406372 1
63 28 236.803588867 1
63 28 236.973907471 1
63 28 238.006835938 1
63 28 238.744354248 1
63 28 238.80380249 1
63 28 238.901077271 1
63 28 239.44821167 1
63 28 239.649185181 1
63 28 239.908981323 1
63 28 240.12059021 1
63 28 240.342559814 1
63 28 240.618011475 1
63 28 240.619171143 1
63 28 240.734771729 1
63 28 241.327529907 1
63 28 242.864761353 1
63 28 242.995361328 1
63 28 243.374847412 1
63 28 243.762329102 1
63 28 243.998275757 1
63 28 244.572998047 1
63 28 245.464233398 1
63 28 246.285308838 1
63 28 246.333740234 1
63 28 248.447433472 1
63 28 249.208221436 1
63 28 249.227401733 1
63 28 250.05305481 1
63 28 250.134399414 1
63 28 250.189239502 1
63 28 250.791030884 1
63 28 250.980743408 1
63 28 254.448104858 1
63 28 254.622070312 1
63 28 255.066299438 1
63 28 255.246078491 1
63 28 255.896652222 1
63 28 256.369140625 1
63 28 256.486480713 1
63 28 256.878845215 1
63 28 257.508087158 1
63 28 257.574249268 1
63 28 258.021972656 1
63 28 258.037109375 1
63 28 258.539916992 1
63 28 259.361633301 1
63 28 264.796630859 1
63 28 265.284210205 1
63 28 267.067169189 1
63 28 269.869506836 1
63 28 270.985870361 1
63 28 271.516601562 1
63 28 272.053283691 1
63 28 272.654693604 1
63 28 275.172912598 1
63 28 277.295135498 1
63 28 278.534240723 1
63 28 278.873565674 1
63 28 279.055267334 1
63 28 280.821807861 1
63 28 280.8409729 1
63 28 281.112884521 1
63 28 282.777099609 1
63 28 283.530517578 1
63 28 283.832855225 1
63 28 284.463500977 1
63 28 285.809417725 1
63 28 286.311248779 1
63 28 286.513031006 1
63 28 288.407592773 1
63 28 289.034881592 1
63 28 289.25970459 1
63 28 290.13079834 1
63 28 290.851043701 1
63 28 291.020294189 1
63 28 292.127410889 1
63 28 292.885742188 1
63 28 292.909515381 1
63 28 295.281951904 1
63 28 296.671325684 1
63 28 297.605804443 1
63 28 298.703308105 1
63 28 301.082885742 1
63 28 305.147613525 1
63 28 307.091186523 1
63 28 307.280456543 1
63 28 308.996948242 1
63 28 312.229125977 1
63 28 315.166229248 1
63 28 322.18157959 1
63 28 324.547851562 1
63 28 327.897827148 1
63 28 328.887481689 1
63 28 332.020172119 1
63 28 335.294677734 1
63 28 335.645507812 1
63 28 342.504852295 1
63 28 342.95010376 1
63 28 343.325256348 1
63 28 343.556671143 1
63 28 344.082183838 1
63 28 344.779388428 1
63 28 345.530090332 1
63 28 348.004608154 1
63 28 349.897857666 1
63 28 351.794799805 1
63 28 354.343383789 1
63 28 356.630249023 1
63 28 363.729095459 1
63 28 366.578887939 1
63 28 368.882385254 1
63 28 369.434295654 1
63 28 369.671081543 1
63 28 380.359680176 1
63 28 381.689178467 1
63 28 383.535736084 1
63 28 384.49786377 1
63 28 385.448394775 1
63 28 387.250091553 1
63 28 393.585632324 1
63 28 394.718444824 1
63 28 396.00894165 1
63 28 400.12411499 1
63 28 410.28717041 1
63 28 417.244384766 1
63 28 420.391357422 1
63 28 423.046295166 1
63 28 425.583587646 1
63 28 427.96295166 1
63 28 433.04107666 1
63 28 441.249755859 1
63 28 464.490112305 1
63 28 472.409423828 1
63 28 483.85244751 1
63 28 484.00479126 1
63 28 501.055175781 1
63 28 531.356140137 1
63 28 560.213562012 1
63 28 564.316711426 1
63 28 572.510192871 1
63 28 587.774658203 1
63 28 596.164672852 1
63 28 599.065368652 1
63 28 609.374328613 1
63 28 615.989196777 1
63 28 630.242126465 1
63 28 642.978271484 1
63 28 645.093078613 1
63 28 645.666992188 1
63 28 670.820678711 1
63 28 691.558532715 1
63 28 693.61706543 1
63 28 706.665893555 1
63 28 719.822875977 1
63 28 727.187011719 1
63 28 728.157043457 1
63 28 739.011474609 1
63 28 741.503967285 1
63 28 752.780456543 1
63 28 757.987182617 1
63 28 758.353759766 1
63 28 760.734680176 1
63 28 797.154418945 1
63 28 805.738220215 1
63 28 837.215881348 1
63 28 896.703979492 1
63 28 924.230285645 1
63 28 955.8984375 1
63 28 958.976318359 1
63 28 971.00177002 1
63 28 1058.51086426 1
63 28 1162.97277832 1
63 28 1273.6887207 1
63 28 1420.08728027 1
63 28 2782.1628418 1
63 29 77.7649078369 1
63 29 78.8228530884 1
63 29 79.0804290771 1
63 29 79.0834197998 1
63 29 80.00440979 1
63 29 80.2059249878 1
63 29 80.3534622192 1
63 29 80.4373474121 1
63 29 80.5627212524 1
63 29 80.5997619629 1
63 29 80.7761154175 1
63 29 80.8684158325 1
63 29 80.8915939331 1
63 29 81.0184707642 1
63 29 81.0464477539 1
63 29 81.0589904785 1
63 29 81.1789321899 1
63 29 81.2953109741 1
63 29 81.3283157349 1
63 29 81.3349685669 1
63 29 81.5801010132 1
63 29 81.6182098389 1
63 29 81.697479248 1
63 29 81.7787780762 1
63 29 81.7873840332 1
63 29 81.7896575928 1
63 29 81.9254989624 1
63 29 82.0671539307 1
63 29 82.1232147217 1
63 29 82.1640853882 1
63 29 82.1666488647 1
63 29 82.1718673706 1
63 29 82.2126693726 1
63 29 82.2658843994 1
63 29 82.2862625122 1
63 29 82.2996826172 1
63 29 82.3435974121 1
63 29 82.3676376343 1
63 29 82.3724060059 1
63 29 82.4053573608 1
63 29 82.4326324463 1
63 29 82.5191955566 1
63 29 82.5210800171 1
63 29 82.5227661133 1
63 29 82.5450057983 1
63 29 82.5790176392 1
63 29 82.6771087646 1
63 29 82.7000350952 1
63 29 82.710975647 1
63 29 82.71434021 1
63 29 82.7409591675 1
63 29 82.7806625366 1
63 29 82.7817001343 1
63 29 82.794380188 1
63 29 82.8844223022 1
63 29 82.9130477905 1
63 29 83.0253295898 1
63 29 83.0897064209 1
63 29 83.1886901855 1
63 29 83.2143707275 1
63 29 83.2578430176 1
63 29 83.3024215698 1
63 29 83.3244628906 1
63 29 83.3481903076 1
63 29 83.3709259033 1
63 29 83.4201812744 1
63 29 83.4884109497 1
63 29 83.5001831055 1
63 29 83.5681915283 1
63 29 83.5855331421 1
63 29 83.6137237549 1
63 29 83.6423950195 1
63 29 83.6703643799 1
63 29 83.7059936523 1
63 29 83.7144927979 1
63 29 83.7338943481 1
63 29 83.7567901611 1
63 29 83.7955703735 1
63 29 83.8418731689 1
63 29 83.9278411865 1
63 29 83.9759521484 1
63 29 83.9871673584 1
63 29 84.0203399658 1
63 29 84.0337142944 1
63 29 84.0483398438 1
63 29 84.0878219604 1
63 29 84.1383361816 1
63 29 84.1522979736 1
63 29 84.2707748413 1
63 29 84.2772598267 1
63 29 84.2895278931 1
63 29 84.3134994507 1
63 29 84.3841247559 1
63 29 84.3958053589 1
63 29 84.424987793 1
63 29 84.4436950684 1
63 29 84.5005874634 1
63 29 84.5057449341 1
63 29 84.5132217407 1
63 29 84.5166015625 1
63 29 84.5416030884 1
63 29 84.5480728149 1
63 29 84.6611709595 1
63 29 84.7766723633 1
63 29 84.8472137451 1
63 29 84.8718948364 1
63 29 84.9485473633 1
63 29 84.9617538452 1
63 29 84.9786987305 1
63 29 85.0038833618 1
63 29 85.0211639404 1
63 29 85.050491333 1
63 29 85.0675430298 1
63 29 85.0805282593 1
63 29 85.1244430542 1
63 29 85.1273040771 1
63 29 85.1575241089 1
63 29 85.1589508057 1
63 29 85.1838760376 1
63 29 85.2005310059 1
63 29 85.2259292603 1
63 29 85.2511901855 1
63 29 85.2683792114 1
63 29 85.2685928345 1
63 29 85.2752532959 1
63 29 85.2987365723 1
63 29 85.3513870239 1
63 29 85.3530960083 1
63 29 85.3542327881 1
63 29 85.3578796387 1
63 29 85.395866394 1
63 29 85.4510269165 1
63 29 85.4628448486 1
63 29 85.4666900635 1
63 29 85.5507278442 1
63 29 85.6030273438 1
63 29 85.6074295044 1
63 29 85.6134033203 1
63 29 85.6134490967 1
63 29 85.6195449829 1
63 29 85.6242675781 1
63 29 85.6522674561 1
63 29 85.6708068848 1
63 29 85.6857299805 1
63 29 85.6935806274 1
63 29 85.716293335 1
63 29 85.759437561 1
63 29 85.7791671753 1
63 29 85.8021087646 1
63 29 85.814704895 1
63 29 85.8659133911 1
63 29 85.9114227295 1
63 29 85.9223098755 1
63 29 85.9547271729 1
63 29 85.9846191406 1
63 29 85.991607666 1
63 29 86.0000686646 1
63 29 86.0108566284 1
63 29 86.013130188 1
63 29 86.0276107788 1
63 29 86.0561065674 1
63 29 86.0561447144 1
63 29 86.0652160645 1
63 29 86.0930404663 1
63 29 86.1599502563 1
63 29 86.1769256592 1
63 29 86.1776351929 1
63 29 86.2075119019 1
63 29 86.214515686 1
63 29 86.2358779907 1
63 29 86.2816772461 1
63 29 86.3084335327 1
63 29 86.3132400513 1
63 29 86.3278503418 1
63 29 86.3364257812 1
63 29 86.3367919922 1
63 29 86.3738555908 1
63 29 86.4016189575 1
63 29 86.4177932739 1
63 29 86.4241790771 1
63 29 86.4248962402 1
63 29 86.4430160522 1
63 29 86.4568099976 1
63 29 86.458770752 1
63 29 86.4695358276 1
63 29 86.4716415405 1
63 29 86.5019760132 1
63 29 86.5027542114 1
63 29 86.5189437866 1
63 29 86.5216598511 1
63 29 86.5255355835 1
63 29 86.5357894897 1
63 29 86.5384063721 1
63 29 86.5418319702 1
63 29 86.5418777466 1
63 29 86.5516281128 1
63 29 86.5582809448 1
63 29 86.5739212036 1
63 29 86.5805053711 1
63 29 86.5929946899 1
63 29 86.5986480713 1
63 29 86.6100006104 1
63 29 86.6170120239 1
63 29 86.6282653809 1
63 29 86.6913375854 1
63 29 86.716255188 1
63 29 86.7255325317 1
63 29 86.7270355225 1
63 29 86.7305603027 1
63 29 86.7314682007 1
63 29 86.7377243042 1
63 29 86.7727813721 1
63 29 86.7795944214 1
63 29 86.8181228638 1
63 29 86.8248062134 1
63 29 86.8271255493 1
63 29 86.8558959961 1
63 29 86.8890457153 1
63 29 86.9046630859 1
63 29 86.9064254761 1
63 29 86.9404830933 1
63 29 86.9426727295 1
63 29 86.950302124 1
63 29 86.9591827393 1
63 29 86.9761199951 1
63 29 86.9764556885 1
63 29 86.9854431152 1
63 29 87.0078964233 1
63 29 87.0108718872 1
63 29 87.0256118774 1
63 29 87.0450592041 1
63 29 87.059425354 1
63 29 87.0625 1
63 29 87.0847549438 1
63 29 87.0963516235 1
63 29 87.1040039062 1
63 29 87.1087799072 1
63 29 87.1118087769 1
63 29 87.124458313 1
63 29 87.1263885498 1
63 29 87.1283493042 1
63 29 87.1293334961 1
63 29 87.1502304077 1
63 29 87.1644210815 1
63 29 87.1748962402 1
63 29 87.223236084 1
63 29 87.242729187 1
63 29 87.2479858398 1
63 29 87.2557144165 1
63 29 87.260925293 1
63 29 87.2930221558 1
63 29 87.3664627075 1
63 29 87.3785171509 1
63 29 87.3830184937 1
63 29 87.4230957031 1
63 29 87.430305481 1
63 29 87.4383544922 1
63 29 87.4420623779 1
63 29 87.4424819946 1
63 29 87.4447784424 1
63 29 87.4524536133 1
63 29 87.4578018188 1
63 29 87.4703598022 1
63 29 87.4713668823 1
63 29 87.4752807617 1
63 29 87.4872741699 1
63 29 87.5113601685 1
63 29 87.5276107788 1
63 29 87.5281906128 1
63 29 87.532699585 1
63 29 87.53881073 1
63 29 87.5437545776 1
63 29 87.5461883545 1
63 29 87.5766220093 1
63 29 87.5964126587 1
63 29 87.5996246338 1
63 29 87.6028289795 1
63 29 87.6178359985 1
63 29 87.6279525757 1
63 29 87.631980896 1
63 29 87.6396102905 1
63 29 87.6617889404 1
63 29 87.6728820801 1
63 29 87.6800689697 1
63 29 87.6841201782 1
63 29 87.6900863647 1
63 29 87.69190979 1
63 29 87.697052002 1
63 29 87.7042922974 1
63 29 87.7087020874 1
63 29 87.7131118774 1
63 29 87.71434021 1
63 29 87.7346343994 1
63 29 87.7446212769 1
63 29 87.75730896 1
63 29 87.7670822144 1
63 29 87.799446106 1
63 29 87.8058319092 1
63 29 87.811378479 1
63 29 87.8124313354 1
63 29 87.8214569092 1
63 29 87.8577880859 1
63 29 87.8650665283 1
63 29 87.8729400635 1
63 29 87.8732757568 1
63 29 87.8759307861 1
63 29 87.8846588135 1
63 29 87.9008102417 1
63 29 87.9125061035 1
63 29 87.9192886353 1
63 29 87.9319229126 1
63 29 87.9510879517 1
63 29 87.9788742065 1
63 29 87.9851531982 1
63 29 87.9855041504 1
63 29 88.0103759766 1
63 29 88.0140075684 1
63 29 88.016204834 1
63 29 88.0376586914 1
63 29 88.0417251587 1
63 29 88.0475006104 1
63 29 88.0551681519 1
63 29 88.0740203857 1
63 29 88.0998153687 1
63 29 88.1391830444 1
63 29 88.1767425537 1
63 29 88.1784896851 1
63 29 88.1878128052 1
63 29 88.2005844116 1
63 29 88.2092132568 1
63 29 88.217414856 1
63 29 88.2379226685 1
63 29 88.2398757935 1
63 29 88.2767105103 1
63 29 88.3172988892 1
63 29 88.3332519531 1
63 29 88.3358230591 1
63 29 88.3582382202 1
63 29 88.3649139404 1
63 29 88.3795700073 1
63 29 88.3819656372 1
63 29 88.4160614014 1
63 29 88.4164657593 1
63 29 88.4170303345 1
63 29 88.4176101685 1
63 29 88.4246444702 1
63 29 88.4644241333 1
63 29 88.4735794067 1
63 29 88.4807815552 1
63 29 88.4950027466 1
63 29 88.5129241943 1
63 29 88.5230255127 1
63 29 88.5341339111 1
63 29 88.5461120605 1
63 29 88.5664901733 1
63 29 88.5739593506 1
63 29 88.5959777832 1
63 29 88.6038284302 1
63 29 88.619682312 1
63 29 88.6271896362 1
63 29 88.6282806396 1
63 29 88.6344680786 1
63 29 88.6428909302 1
63 29 88.6767730713 1
63 29 88.6953048706 1
63 29 88.6969985962 1
63 29 88.7033920288 1
63 29 88.7113723755 1
63 29 88.737991333 1
63 29 88.7390289307 1
63 29 88.7423782349 1
63 29 88.7502822876 1
63 29 88.7563552856 1
63 29 88.7587585449 1
63 29 88.7632904053 1
63 29 88.7978286743 1
63 29 88.8275222778 1
63 29 88.8296661377 1
63 29 88.8322219849 1
63 29 88.8409729004 1
63 29 88.8876037598 1
63 29 88.8894195557 1
63 29 88.8924102783 1
63 29 88.8959121704 1
63 29 88.9105377197 1
63 29 88.9590377808 1
63 29 88.9713516235 1
63 29 89.0003814697 1
63 29 89.0026931763 1
63 29 89.0093002319 1
63 29 89.0107879639 1
63 29 89.0130004883 1
63 29 89.0200500488 1
63 29 89.0229263306 1
63 29 89.0436172485 1
63 29 89.0585708618 1
63 29 89.0802230835 1
63 29 89.0863189697 1
63 29 89.0977020264 1
63 29 89.1173706055 1
63 29 89.1311569214 1
63 29 89.1472549438 1
63 29 89.1564331055 1
63 29 89.1569900513 1
63 29 89.166229248 1
63 29 89.1738128662 1
63 29 89.1798171997 1
63 29 89.1982879639 1
63 29 89.21824646 1
63 29 89.2207336426 1
63 29 89.2209014893 1
63 29 89.2293930054 1
63 29 89.2420959473 1
63 29 89.246307373 1
63 29 89.2549209595 1
63 29 89.256477356 1
63 29 89.2588348389 1
63 29 89.2604675293 1
63 29 89.2608261108 1
63 29 89.2793045044 1
63 29 89.3112030029 1
63 29 89.3128509521 1
63 29 89.3202362061 1
63 29 89.3219604492 1
63 29 89.3314285278 1
63 29 89.3586273193 1
63 29 89.3686599731 1
63 29 89.3800506592 1
63 29 89.3804702759 1
63 29 89.3831253052 1
63 29 89.3895263672 1
63 29 89.3911361694 1
63 29 89.3934783936 1
63 29 89.4067001343 1
63 29 89.4121627808 1
63 29 89.4130554199 1
63 29 89.4309234619 1
63 29 89.4386672974 1
63 29 89.4438323975 1
63 29 89.4746017456 1
63 29 89.4841537476 1
63 29 89.4859771729 1
63 29 89.489112854 1
63 29 89.4964294434 1
63 29 89.5052032471 1
63 29 89.5060577393 1
63 29 89.5222549438 1
63 29 89.5313491821 1
63 29 89.533821106 1
63 29 89.5574417114 1
63 29 89.5635757446 1
63 29 89.5721740723 1
63 29 89.5815963745 1
63 29 89.6005935669 1
63 29 89.6080703735 1
63 29 89.6089096069 1
63 29 89.6122436523 1
63 29 89.614944458 1
63 29 89.6150283813 1
63 29 89.6171569824 1
63 29 89.6275863647 1
63 29 89.6323242188 1
63 29 89.6325759888 1
63 29 89.6554412842 1
63 29 89.6638259888 1
63 29 89.6835632324 1
63 29 89.6840820312 1
63 29 89.6912765503 1
63 29 89.7117614746 1
63 29 89.7183532715 1
63 29 89.7367019653 1
63 29 89.7416992188 1
63 29 89.7418670654 1
63 29 89.7482299805 1
63 29 89.7494430542 1
63 29 89.7530441284 1
63 29 89.75440979 1
63 29 89.7576675415 1
63 29 89.7579956055 1
63 29 89.7599029541 1
63 29 89.7870788574 1
63 29 89.7905578613 1
63 29 89.7949066162 1
63 29 89.8086700439 1
63 29 89.8091659546 1
63 29 89.820274353 1
63 29 89.8207092285 1
63 29 89.8350372314 1
63 29 89.83934021 1
63 29 89.8415374756 1
63 29 89.8489608765 1
63 29 89.9100418091 1
63 29 89.9327011108 1
63 29 89.9376602173 1
63 29 89.9480819702 1
63 29 89.9529266357 1
63 29 89.9632644653 1
63 29 89.9746017456 1
63 29 89.9889984131 1
63 29 89.99193573 1
63 29 89.9933395386 1
63 29 90.0243148804 1
63 29 90.0483093262 1
63 29 90.0793151855 1
63 29 90.0820922852 1
63 29 90.0843276978 1
63 29 90.0848846436 1
63 29 90.0897598267 1
63 29 90.0903167725 1
63 29 90.1010437012 1
63 29 90.10987854 1
63 29 90.1134872437 1
63 29 90.1423110962 1
63 29 90.1548461914 1
63 29 90.1614379883 1
63 29 90.1689758301 1
63 29 90.1740875244 1
63 29 90.1834716797 1
63 29 90.1872177124 1
63 29 90.1961364746 1
63 29 90.2034606934 1
63 29 90.2254104614 1
63 29 90.2428665161 1
63 29 90.2499771118 1
63 29 90.2548751831 1
63 29 90.2561950684 1
63 29 90.2612609863 1
63 29 90.2648620605 1
63 29 90.2909927368 1
63 29 90.3267745972 1
63 29 90.3349609375 1
63 29 90.340057373 1
63 29 90.3429718018 1
63 29 90.3440933228 1
63 29 90.347442627 1
63 29 90.3576507568 1
63 29 90.3602600098 1
63 29 90.3615264893 1
63 29 90.3756637573 1
63 29 90.3807144165 1
63 29 90.3810958862 1
63 29 90.4011154175 1
63 29 90.4018096924 1
63 29 90.4111480713 1
63 29 90.4213562012 1
63 29 90.4393539429 1
63 29 90.4583969116 1
63 29 90.477973938 1
63 29 90.4928970337 1
63 29 90.4959716797 1
63 29 90.542098999 1
63 29 90.5433273315 1
63 29 90.5605163574 1
63 29 90.5621032715 1
63 29 90.5871658325 1
63 29 90.5876541138 1
63 29 90.5892562866 1
63 29 90.6112823486 1
63 29 90.6202468872 1
63 29 90.6293106079 1
63 29 90.6596069336 1
63 29 90.6686325073 1
63 29 90.67552948 1
63 29 90.6838684082 1
63 29 90.6844100952 1
63 29 90.6875686646 1
63 29 90.6990814209 1
63 29 90.7141265869 1
63 29 90.7335205078 1
63 29 90.7472991943 1
63 29 90.7524108887 1
63 29 90.7721862793 1
63 29 90.8064422607 1
63 29 90.8114089966 1
63 29 90.8120117188 1
63 29 90.8146743774 1
63 29 90.8213806152 1
63 29 90.8370895386 1
63 29 90.8380584717 1
63 29 90.8449859619 1
63 29 90.8493499756 1
63 29 90.86769104 1
63 29 90.8707962036 1
63 29 90.8756790161 1
63 29 90.8910446167 1
63 29 90.9228134155 1
63 29 90.9228668213 1
63 29 90.9255981445 1
63 29 90.92578125 1
63 29 90.925819397 1
63 29 90.9284591675 1
63 29 90.9321594238 1
63 29 90.9358139038 1
63 29 90.9744720459 1
63 29 90.978263855 1
63 29 90.9815368652 1
63 29 90.9976043701 1
63 29 91.0087738037 1
63 29 91.0136489868 1
63 29 91.0258789062 1
63 29 91.035949707 1
63 29 91.0443572998 1
63 29 91.0574111938 1
63 29 91.0579376221 1
63 29 91.0590591431 1
63 29 91.0650024414 1
63 29 91.0765991211 1
63 29 91.0848617554 1
63 29 91.1045761108 1
63 29 91.1059417725 1
63 29 91.1113510132 1
63 29 91.1144638062 1
63 29 91.1221237183 1
63 29 91.1223831177 1
63 29 91.1258468628 1
63 29 91.1275253296 1
63 29 91.1344070435 1
63 29 91.1417922974 1
63 29 91.1433944702 1
63 29 91.1555099487 1
63 29 91.1691894531 1
63 29 91.181060791 1
63 29 91.1820373535 1
63 29 91.1937866211 1
63 29 91.2087173462 1
63 29 91.2145614624 1
63 29 91.2177734375 1
63 29 91.250541687 1
63 29 91.2690811157 1
63 29 91.2854766846 1
63 29 91.3574371338 1
63 29 91.3583679199 1
63 29 91.3817596436 1
63 29 91.3856124878 1
63 29 91.3897628784 1
63 29 91.3929214478 1
63 29 91.4019470215 1
63 29 91.4020080566 1
63 29 91.4062042236 1
63 29 91.419593811 1
63 29 91.4326553345 1
63 29 91.4594726562 1
63 29 91.4698562622 1
63 29 91.4734954834 1
63 29 91.4893188477 1
63 29 91.4944458008 1
63 29 91.5071029663 1
63 29 91.5072784424 1
63 29 91.5140075684 1
63 29 91.5231628418 1
63 29 91.5328216553 1
63 29 91.5347290039 1
63 29 91.5410461426 1
63 29 91.5417785645 1
63 29 91.548614502 1
63 29 91.5790786743 1
63 29 91.5812835693 1
63 29 91.6007156372 1
63 29 91.6011810303 1
63 29 91.6051483154 1
63 29 91.60962677 1
63 29 91.6190795898 1
63 29 91.6235198975 1
63 29 91.6283111572 1
63 29 91.6348953247 1
63 29 91.6383056641 1
63 29 91.6474838257 1
63 29 91.6519851685 1
63 29 91.6533813477 1
63 29 91.6595687866 1
63 29 91.6641387939 1
63 29 91.6781845093 1
63 29 91.6837615967 1
63 29 91.6863327026 1
63 29 91.6919784546 1
63 29 91.6935043335 1
63 29 91.7120285034 1
63 29 91.7165145874 1
63 29 91.7218933105 1
63 29 91.7414703369 1
63 29 91.7491226196 1
63 29 91.7543182373 1
63 29 91.7591171265 1
63 29 91.7694473267 1
63 29 91.7810440063 1
63 29 91.7843017578 1
63 29 91.791267395 1
63 29 91.8100585938 1
63 29 91.8170471191 1
63 29 91.8273925781 1
63 29 91.8446502686 1
63 29 91.8564224243 1
63 29 91.8669509888 1
63 29 91.8714294434 1
63 29 91.8723907471 1
63 29 91.8728942871 1
63 29 91.8736953735 1
63 29 91.8956832886 1
63 29 91.900428772 1
63 29 91.92603302 1
63 29 91.9310302734 1
63 29 91.9498825073 1
63 29 91.9799346924 1
63 29 91.9975662231 1
63 29 92.0038452148 1
63 29 92.014465332 1
63 29 92.0270309448 1
63 29 92.0421066284 1
63 29 92.0533065796 1
63 29 92.0557403564 1
63 29 92.0648117065 1
63 29 92.0834503174 1
63 29 92.0992355347 1
63 29 92.1229171753 1
63 29 92.1636581421 1
63 29 92.1642913818 1
63 29 92.1661071777 1
63 29 92.1720275879 1
63 29 92.1730194092 1
63 29 92.1762924194 1
63 29 92.1854248047 1
63 29 92.2182693481 1
63 29 92.2236175537 1
63 29 92.231048584 1
63 29 92.2404327393 1
63 29 92.246711731 1
63 29 92.2703094482 1
63 29 92.2788848877 1
63 29 92.2979354858 1
63 29 92.3070297241 1
63 29 92.3310546875 1
63 29 92.3463668823 1
63 29 92.3503570557 1
63 29 92.3615570068 1
63 29 92.372543335 1
63 29 92.3729858398 1
63 29 92.3734741211 1
63 29 92.375579834 1
63 29 92.3846969604 1
63 29 92.3858718872 1
63 29 92.3963775635 1
63 29 92.4114990234 1
63 29 92.4117202759 1
63 29 92.4117279053 1
63 29 92.4264221191 1
63 29 92.4279785156 1
63 29 92.4363479614 1
63 29 92.4463882446 1
63 29 92.4636535645 1
63 29 92.4643096924 1
63 29 92.4879379272 1
63 29 92.4882202148 1
63 29 92.4899749756 1
63 29 92.4968109131 1
63 29 92.509475708 1
63 29 92.5158538818 1
63 29 92.5300521851 1
63 29 92.5563354492 1
63 29 92.5621871948 1
63 29 92.5733337402 1
63 29 92.5836029053 1
63 29 92.602180481 1
63 29 92.6036148071 1
63 29 92.604347229 1
63 29 92.6071014404 1
63 29 92.6086196899 1
63 29 92.6138458252 1
63 29 92.6170349121 1
63 29 92.6458206177 1
63 29 92.6458206177 1
63 29 92.6507263184 1
63 29 92.6763153076 1
63 29 92.6780090332 1
63 29 92.6906051636 1
63 29 92.6997909546 1
63 29 92.7192993164 1
63 29 92.7337188721 1
63 29 92.7520828247 1
63 29 92.7566070557 1
63 29 92.7670288086 1
63 29 92.767868042 1
63 29 92.8296585083 1
63 29 92.8323287964 1
63 29 92.8334960938 1
63 29 92.836555481 1
63 29 92.8495559692 1
63 29 92.8605041504 1
63 29 92.8719177246 1
63 29 92.8775405884 1
63 29 92.8785324097 1
63 29 92.8835144043 1
63 29 92.9103393555 1
63 29 92.9186935425 1
63 29 92.9197235107 1
63 29 92.9198760986 1
63 29 92.9317016602 1
63 29 92.93775177 1
63 29 92.9789199829 1
63 29 92.9796829224 1
63 29 92.9944000244 1
63 29 92.9968338013 1
63 29 92.9985656738 1
63 29 93.0157012939 1
63 29 93.0233535767 1
63 29 93.0323486328 1
63 29 93.0359191895 1
63 29 93.0359649658 1
63 29 93.0373840332 1
63 29 93.0386276245 1
63 29 93.0441589355 1
63 29 93.0742950439 1
63 29 93.0789031982 1
63 29 93.0804672241 1
63 29 93.0850906372 1
63 29 93.0894241333 1
63 29 93.0923538208 1
63 29 93.0941543579 1
63 29 93.1126098633 1
63 29 93.1152191162 1
63 29 93.1284408569 1
63 29 93.1313171387 1
63 29 93.1378555298 1
63 29 93.1390151978 1
63 29 93.1464767456 1
63 29 93.1470413208 1
63 29 93.1507263184 1
63 29 93.1514434814 1
63 29 93.1620864868 1
63 29 93.1687316895 1
63 29 93.1825332642 1
63 29 93.2039489746 1
63 29 93.2089309692 1
63 29 93.2183074951 1
63 29 93.2196044922 1
63 29 93.2311019897 1
63 29 93.2381286621 1
63 29 93.2473526001 1
63 29 93.2497558594 1
63 29 93.2674789429 1
63 29 93.2690353394 1
63 29 93.306640625 1
63 29 93.3090286255 1
63 29 93.3222122192 1
63 29 93.3247680664 1
63 29 93.3312835693 1
63 29 93.3493499756 1
63 29 93.3696594238 1
63 29 93.372215271 1
63 29 93.3875732422 1
63 29 93.4152679443 1
63 29 93.4212875366 1
63 29 93.4432983398 1
63 29 93.4487228394 1
63 29 93.4690551758 1
63 29 93.4703521729 1
63 29 93.4934768677 1
63 29 93.5072174072 1
63 29 93.5149688721 1
63 29 93.526550293 1
63 29 93.5318984985 1
63 29 93.5326156616 1
63 29 93.5354919434 1
63 29 93.5451126099 1
63 29 93.5515975952 1
63 29 93.5696411133 1
63 29 93.5753555298 1
63 29 93.5853881836 1
63 29 93.6092224121 1
63 29 93.6148605347 1
63 29 93.6174468994 1
63 29 93.6213226318 1
63 29 93.6239242554 1
63 29 93.6277084351 1
63 29 93.6286392212 1
63 29 93.6288528442 1
63 29 93.6345596313 1
63 29 93.6434555054 1
63 29 93.6463012695 1
63 29 93.6505050659 1
63 29 93.6529464722 1
63 29 93.6581344604 1
63 29 93.6593322754 1
63 29 93.6828079224 1
63 29 93.6885528564 1
63 29 93.6993026733 1
63 29 93.6995544434 1
63 29 93.7130432129 1
63 29 93.7366485596 1
63 29 93.7471542358 1
63 29 93.7516098022 1
63 29 93.755897522 1
63 29 93.772277832 1
63 29 93.7739562988 1
63 29 93.7825546265 1
63 29 93.8131103516 1
63 29 93.819480896 1
63 29 93.8195800781 1
63 29 93.8243179321 1
63 29 93.8316955566 1
63 29 93.837852478 1
63 29 93.8423538208 1
63 29 93.8502120972 1
63 29 93.8539505005 1
63 29 93.8863830566 1
63 29 93.9426803589 1
63 29 93.9434967041 1
63 29 93.9444885254 1
63 29 93.94480896 1
63 29 93.9691848755 1
63 29 93.9840774536 1
63 29 93.9913711548 1
63 29 93.9918670654 1
63 29 94.0117950439 1
63 29 94.0130462646 1
63 29 94.0280380249 1
63 29 94.0281677246 1
63 29 94.0291442871 1
63 29 94.0411605835 1
63 29 94.0431594849 1
63 29 94.0467453003 1
63 29 94.058052063 1
63 29 94.0603179932 1
63 29 94.0616149902 1
63 29 94.0627746582 1
63 29 94.0672836304 1
63 29 94.0685195923 1
63 29 94.0700531006 1
63 29 94.0748596191 1
63 29 94.0758666992 1
63 29 94.0868911743 1
63 29 94.1044845581 1
63 29 94.1225967407 1
63 29 94.1304702759 1
63 29 94.1439208984 1
63 29 94.1554107666 1
63 29 94.1611938477 1
63 29 94.1615982056 1
63 29 94.1622695923 1
63 29 94.1667785645 1
63 29 94.1788711548 1
63 29 94.1929092407 1
63 29 94.2029495239 1
63 29 94.2117767334 1
63 29 94.2430725098 1
63 29 94.2468566895 1
63 29 94.2484664917 1
63 29 94.2607879639 1
63 29 94.3054351807 1
63 29 94.3280715942 1
63 29 94.331993103 1
63 29 94.3447723389 1
63 29 94.349899292 1
63 29 94.352104187 1
63 29 94.3549728394 1
63 29 94.3731384277 1
63 29 94.3745880127 1
63 29 94.3888244629 1
63 29 94.3969573975 1
63 29 94.3985671997 1
63 29 94.3995056152 1
63 29 94.4025878906 1
63 29 94.4084091187 1
63 29 94.4308166504 1
63 29 94.4402084351 1
63 29 94.4416275024 1
63 29 94.4456558228 1
63 29 94.4510116577 1
63 29 94.4653549194 1
63 29 94.4670639038 1
63 29 94.4927215576 1
63 29 94.4933700562 1
63 29 94.5053329468 1
63 29 94.5241470337 1
63 29 94.5246887207 1
63 29 94.5264205933 1
63 29 94.5282974243 1
63 29 94.536026001 1
63 29 94.5444946289 1
63 29 94.5504608154 1
63 29 94.5564575195 1
63 29 94.5946884155 1
63 29 94.5982513428 1
63 29 94.6051177979 1
63 29 94.6275482178 1
63 29 94.6430435181 1
63 29 94.6558303833 1
63 29 94.6562347412 1
63 29 94.6844329834 1
63 29 94.6907272339 1
63 29 94.6995162964 1
63 29 94.7109375 1
63 29 94.727394104 1
63 29 94.7285842896 1
63 29 94.7331161499 1
63 29 94.7491836548 1
63 29 94.7686767578 1
63 29 94.7700653076 1
63 29 94.7752227783 1
63 29 94.8022155762 1
63 29 94.8081207275 1
63 29 94.8230361938 1
63 29 94.8314437866 1
63 29 94.8337783813 1
63 29 94.8358078003 1
63 29 94.8411102295 1
63 29 94.8588256836 1
63 29 94.8768386841 1
63 29 94.8837890625 1
63 29 94.9099731445 1
63 29 94.9263458252 1
63 29 94.9501953125 1
63 29 94.9524841309 1
63 29 94.9535369873 1
63 29 94.9620437622 1
63 29 94.9963684082 1
63 29 95.0011672974 1
63 29 95.0069580078 1
63 29 95.0090484619 1
63 29 95.0154418945 1
63 29 95.0313720703 1
63 29 95.0316543579 1
63 29 95.036026001 1
63 29 95.0390319824 1
63 29 95.0470123291 1
63 29 95.0496749878 1
63 29 95.0602722168 1
63 29 95.0858383179 1
63 29 95.0859909058 1
63 29 95.0894393921 1
63 29 95.100944519 1
63 29 95.107383728 1
63 29 95.1081085205 1
63 29 95.1108856201 1
63 29 95.1215744019 1
63 29 95.1228637695 1
63 29 95.1264648438 1
63 29 95.1443099976 1
63 29 95.1499557495 1
63 29 95.1550064087 1
63 29 95.1603927612 1
63 29 95.1654586792 1
63 29 95.1664276123 1
63 29 95.1800231934 1
63 29 95.1897506714 1
63 29 95.1910629272 1
63 29 95.1976547241 1
63 29 95.1982040405 1
63 29 95.21849823 1
63 29 95.2196578979 1
63 29 95.224822998 1
63 29 95.2276763916 1
63 29 95.2427139282 1
63 29 95.2737350464 1
63 29 95.2905426025 1
63 29 95.2974472046 1
63 29 95.2980041504 1
63 29 95.3068618774 1
63 29 95.307723999 1
63 29 95.3142318726 1
63 29 95.3158035278 1
63 29 95.325088501 1
63 29 95.329574585 1
63 29 95.3302154541 1
63 29 95.3525238037 1
63 29 95.3623199463 1
63 29 95.3681945801 1
63 29 95.3893280029 1
63 29 95.4093704224 1
63 29 95.41065979 1
63 29 95.4130706787 1
63 29 95.4191589355 1
63 29 95.4229278564 1
63 29 95.4368133545 1
63 29 95.4431381226 1
63 29 95.4636077881 1
63 29 95.4812927246 1
63 29 95.4926223755 1
63 29 95.4985351562 1
63 29 95.5076141357 1
63 29 95.5202865601 1
63 29 95.5303115845 1
63 29 95.5422897339 1
63 29 95.5510864258 1
63 29 95.5531768799 1
63 29 95.5544433594 1
63 29 95.5612869263 1
63 29 95.5680007935 1
63 29 95.568572998 1
63 29 95.5686798096 1
63 29 95.5730895996 1
63 29 95.5747146606 1
63 29 95.5748901367 1
63 29 95.5821914673 1
63 29 95.5872879028 1
63 29 95.5997238159 1
63 29 95.6132965088 1
63 29 95.6153106689 1
63 29 95.6155471802 1
63 29 95.6431121826 1
63 29 95.6799850464 1
63 29 95.6828765869 1
63 29 95.6871490479 1
63 29 95.6873016357 1
63 29 95.6921463013 1
63 29 95.6943740845 1
63 29 95.6981887817 1
63 29 95.7203979492 1
63 29 95.7219238281 1
63 29 95.723449707 1
63 29 95.7418060303 1
63 29 95.7506332397 1
63 29 95.7585906982 1
63 29 95.7626037598 1
63 29 95.7668609619 1
63 29 95.7849502563 1
63 29 95.8060836792 1
63 29 95.8069610596 1
63 29 95.815612793 1
63 29 95.8301925659 1
63 29 95.8308410645 1
63 29 95.8402481079 1
63 29 95.8461227417 1
63 29 95.8476715088 1
63 29 95.8598937988 1
63 29 95.8692474365 1
63 29 95.8706436157 1
63 29 95.8788757324 1
63 29 95.8845977783 1
63 29 95.8960494995 1
63 29 95.9077377319 1
63 29 95.9088973999 1
63 29 95.932182312 1
63 29 95.9387969971 1
63 29 95.9565429688 1
63 29 95.9598770142 1
63 29 95.9659423828 1
63 29 95.9852523804 1
63 29 95.986038208 1
63 29 95.9888839722 1
63 29 95.9893035889 1
63 29 95.9912414551 1
63 29 95.9923858643 1
63 29 95.9945449829 1
63 29 96.0026016235 1
63 29 96.0080032349 1
63 29 96.0116043091 1
63 29 96.0160827637 1
63 29 96.0272827148 1
63 29 96.0337753296 1
63 29 96.0438766479 1
63 29 96.0548782349 1
63 29 96.0590286255 1
63 29 96.0629043579 1
63 29 96.0876998901 1
63 29 96.091255188 1
63 29 96.0969009399 1
63 29 96.1058731079 1
63 29 96.1136703491 1
63 29 96.1253356934 1
63 29 96.1288299561 1
63 29 96.1302032471 1
63 29 96.134223938 1
63 29 96.1357650757 1
63 29 96.1422958374 1
63 29 96.1465835571 1
63 29 96.1681900024 1
63 29 96.1794281006 1
63 29 96.1872024536 1
63 29 96.193359375 1
63 29 96.1936340332 1
63 29 96.2133407593 1
63 29 96.2175979614 1
63 29 96.2353744507 1
63 29 96.2450866699 1
63 29 96.2488174438 1
63 29 96.2526473999 1
63 29 96.2609710693 1
63 29 96.2725982666 1
63 29 96.2733230591 1
63 29 96.3023681641 1
63 29 96.3051757812 1
63 29 96.3073425293 1
63 29 96.3130950928 1
63 29 96.3219223022 1
63 29 96.3246612549 1
63 29 96.342048645 1
63 29 96.3519134521 1
63 29 96.3578109741 1
63 29 96.3581542969 1
63 29 96.3602752686 1
63 29 96.3611526489 1
63 29 96.3614425659 1
63 29 96.3615722656 1
63 29 96.3688812256 1
63 29 96.3701477051 1
63 29 96.3751144409 1
63 29 96.3816452026 1
63 29 96.3940353394 1
63 29 96.4010543823 1
63 29 96.4080505371 1
63 29 96.4179382324 1
63 29 96.4249343872 1
63 29 96.4295501709 1
63 29 96.4299316406 1
63 29 96.4323196411 1
63 29 96.4437103271 1
63 29 96.4454956055 1
63 29 96.4539489746 1
63 29 96.4596633911 1
63 29 96.4640960693 1
63 29 96.5021438599 1
63 29 96.5090942383 1
63 29 96.5220947266 1
63 29 96.5426864624 1
63 29 96.5531463623 1
63 29 96.5613250732 1
63 29 96.579788208 1
63 29 96.5817947388 1
63 29 96.5820846558 1
63 29 96.5884857178 1
63 29 96.6025924683 1
63 29 96.6102218628 1
63 29 96.6145172119 1
63 29 96.6204986572 1
63 29 96.621963501 1
63 29 96.6249923706 1
63 29 96.6336517334 1
63 29 96.6388015747 1
63 29 96.6413116455 1
63 29 96.646736145 1
63 29 96.6499557495 1
63 29 96.6645202637 1
63 29 96.6687545776 1
63 29 96.6827468872 1
63 29 96.6837081909 1
63 29 96.6940155029 1
63 29 96.7279052734 1
63 29 96.736289978 1
63 29 96.7367401123 1
63 29 96.748298645 1
63 29 96.7518234253 1
63 29 96.7570953369 1
63 29 96.7691345215 1
63 29 96.7713165283 1
63 29 96.7731018066 1
63 29 96.7816543579 1
63 29 96.7887573242 1
63 29 96.7962341309 1
63 29 96.8115234375 1
63 29 96.8475646973 1
63 29 96.8583450317 1
63 29 96.8629760742 1
63 29 96.8726501465 1
63 29 96.8793945312 1
63 29 96.8840713501 1
63 29 96.8928985596 1
63 29 96.9019546509 1
63 29 96.9099807739 1
63 29 96.9138717651 1
63 29 96.9187011719 1
63 29 96.9444351196 1
63 29 96.9716873169 1
63 29 96.9872131348 1
63 29 97.0093841553 1
63 29 97.0121536255 1
63 29 97.0323104858 1
63 29 97.049659729 1
63 29 97.0587615967 1
63 29 97.0609970093 1
63 29 97.0634994507 1
63 29 97.0641021729 1
63 29 97.0692520142 1
63 29 97.0707778931 1
63 29 97.0863113403 1
63 29 97.0877532959 1
63 29 97.0922393799 1
63 29 97.1037597656 1
63 29 97.1096420288 1
63 29 97.1100006104 1
63 29 97.1148147583 1
63 29 97.1559829712 1
63 29 97.1571350098 1
63 29 97.1584777832 1
63 29 97.1627044678 1
63 29 97.1665039062 1
63 29 97.1722259521 1
63 29 97.1782150269 1
63 29 97.1848754883 1
63 29 97.195022583 1
63 29 97.2127990723 1
63 29 97.2172088623 1
63 29 97.238822937 1
63 29 97.2416381836 1
63 29 97.2533874512 1
63 29 97.2789611816 1
63 29 97.2799377441 1
63 29 97.2882614136 1
63 29 97.3022842407 1
63 29 97.3191757202 1
63 29 97.3221130371 1
63 29 97.3366546631 1
63 29 97.3406295776 1
63 29 97.356628418 1
63 29 97.3877105713 1
63 29 97.3901290894 1
63 29 97.397857666 1
63 29 97.3996810913 1
63 29 97.412651062 1
63 29 97.4163970947 1
63 29 97.4508743286 1
63 29 97.4835739136 1
63 29 97.5106735229 1
63 29 97.5345687866 1
63 29 97.5390777588 1
63 29 97.5460891724 1
63 29 97.5678634644 1
63 29 97.585975647 1
63 29 97.6120452881 1
63 29 97.6383056641 1
63 29 97.6466217041 1
63 29 97.6557693481 1
63 29 97.6679153442 1
63 29 97.669303894 1
63 29 97.6724243164 1
63 29 97.6730117798 1
63 29 97.678276062 1
63 29 97.6808929443 1
63 29 97.6847229004 1
63 29 97.6855773926 1
63 29 97.6999435425 1
63 29 97.7058410645 1
63 29 97.7147674561 1
63 29 97.7205734253 1
63 29 97.7225494385 1
63 29 97.7437667847 1
63 29 97.749961853 1
63 29 97.7724227905 1
63 29 97.7736206055 1
63 29 97.8058395386 1
63 29 97.8277282715 1
63 29 97.82837677 1
63 29 97.8403701782 1
63 29 97.8444671631 1
63 29 97.8458709717 1
63 29 97.8468704224 1
63 29 97.8506774902 1
63 29 97.8694076538 1
63 29 97.880241394 1
63 29 97.9030532837 1
63 29 97.9074325562 1
63 29 97.9128723145 1
63 29 97.9141616821 1
63 29 97.9644012451 1
63 29 97.9830856323 1
63 29 97.9955978394 1
63 29 98.0207977295 1
63 29 98.030380249 1
63 29 98.0381546021 1
63 29 98.0451049805 1
63 29 98.0481262207 1
63 29 98.054069519 1
63 29 98.0545349121 1
63 29 98.0570526123 1
63 29 98.080116272 1
63 29 98.0841522217 1
63 29 98.0925979614 1
63 29 98.1018676758 1
63 29 98.111541748 1
63 29 98.1118774414 1
63 29 98.1337509155 1
63 29 98.1379547119 1
63 29 98.1539611816 1
63 29 98.18019104 1
63 29 98.180809021 1
63 29 98.204284668 1
63 29 98.2068023682 1
63 29 98.2124710083 1
63 29 98.2357177734 1
63 29 98.236328125 1
63 29 98.2543182373 1
63 29 98.2571563721 1
63 29 98.2686462402 1
63 29 98.2852478027 1
63 29 98.286277771 1
63 29 98.2915344238 1
63 29 98.3070449829 1
63 29 98.3154373169 1
63 29 98.317489624 1
63 29 98.3184127808 1
63 29 98.3195266724 1
63 29 98.3366012573 1
63 29 98.3813476562 1
63 29 98.3854064941 1
63 29 98.3909225464 1
63 29 98.3922653198 1
63 29 98.4639663696 1
63 29 98.4773635864 1
63 29 98.4815750122 1
63 29 98.5020217896 1
63 29 98.5127639771 1
63 29 98.5132522583 1
63 29 98.5232849121 1
63 29 98.5300140381 1
63 29 98.5543899536 1
63 29 98.5662078857 1
63 29 98.5664825439 1
63 29 98.5733718872 1
63 29 98.57472229 1
63 29 98.5781860352 1
63 29 98.5793991089 1
63 29 98.5847320557 1
63 29 98.6075744629 1
63 29 98.6208953857 1
63 29 98.6569442749 1
63 29 98.7076568604 1
63 29 98.7202606201 1
63 29 98.7306365967 1
63 29 98.7323684692 1
63 29 98.7751541138 1
63 29 98.7835845947 1
63 29 98.8284606934 1
63 29 98.8317489624 1
63 29 98.8344116211 1
63 29 98.8379440308 1
63 29 98.8404922485 1
63 29 98.8405303955 1
63 29 98.8426132202 1
63 29 98.8509368896 1
63 29 98.8595733643 1
63 29 98.862663269 1
63 29 98.8704071045 1
63 29 98.8762435913 1
63 29 98.8780822754 1
63 29 98.8792419434 1
63 29 98.8894348145 1
63 29 98.9010162354 1
63 29 98.9016571045 1
63 29 98.9066238403 1
63 29 98.9137115479 1
63 29 98.9242782593 1
63 29 98.9356994629 1
63 29 98.9408569336 1
63 29 98.9457244873 1
63 29 98.9603805542 1
63 29 98.9616851807 1
63 29 98.9703063965 1
63 29 98.9801635742 1
63 29 98.9863433838 1
63 29 98.9923019409 1
63 29 99.006072998 1
63 29 99.0228729248 1
63 29 99.0250549316 1
63 29 99.0318527222 1
63 29 99.0742645264 1
63 29 99.0785140991 1
63 29 99.0817260742 1
63 29 99.0857849121 1
63 29 99.0863418579 1
63 29 99.1089706421 1
63 29 99.1193313599 1
63 29 99.1495361328 1
63 29 99.1536483765 1
63 29 99.1581420898 1
63 29 99.2122802734 1
63 29 99.2275848389 1
63 29 99.2430419922 1
63 29 99.2802505493 1
63 29 99.3007507324 1
63 29 99.3159179688 1
63 29 99.3235931396 1
63 29 99.3253555298 1
63 29 99.3350830078 1
63 29 99.3372879028 1
63 29 99.3443069458 1
63 29 99.3457641602 1
63 29 99.3470611572 1
63 29 99.3545227051 1
63 29 99.3599319458 1
63 29 99.3729705811 1
63 29 99.3858413696 1
63 29 99.3880310059 1
63 29 99.3921813965 1
63 29 99.3995437622 1
63 29 99.4154434204 1
63 29 99.4265670776 1
63 29 99.4289779663 1
63 29 99.4329605103 1
63 29 99.4330596924 1
63 29 99.4444656372 1
63 29 99.4635314941 1
63 29 99.4824676514 1
63 29 99.5536117554 1
63 29 99.5636444092 1
63 29 99.5738067627 1
63 29 99.5755310059 1
63 29 99.5783157349 1
63 29 99.5909576416 1
63 29 99.5973968506 1
63 29 99.5993041992 1
63 29 99.6200485229 1
63 29 99.6520004272 1
63 29 99.7069244385 1
63 29 99.7101211548 1
63 29 99.7118530273 1
63 29 99.7555007935 1
63 29 99.7664413452 1
63 29 99.7686309814 1
63 29 99.7724838257 1
63 29 99.7980041504 1
63 29 99.8464736938 1
63 29 99.8589324951 1
63 29 99.8764572144 1
63 29 99.878288269 1
63 29 99.8791885376 1
63 29 99.9608917236 1
63 29 99.9857940674 1
63 29 99.9867248535 1
63 29 99.9884338379 1
63 29 99.9918212891 1
63 29 99.9946136475 1
63 29 99.9997406006 1
63 29 100.00340271 1
63 29 100.019226074 1
63 29 100.046104431 1
63 29 100.057495117 1
63 29 100.061065674 1
63 29 100.07434845 1
63 29 100.105659485 1
63 29 100.118972778 1
63 29 100.123123169 1
63 29 100.161277771 1
63 29 100.168701172 1
63 29 100.184043884 1
63 29 100.20349884 1
63 29 100.218055725 1
63 29 100.250946045 1
63 29 100.255493164 1
63 29 100.264450073 1
63 29 100.274330139 1
63 29 100.30531311 1
63 29 100.330047607 1
63 29 100.34147644 1
63 29 100.341659546 1
63 29 100.359718323 1
63 29 100.368232727 1
63 29 100.3724823 1
63 29 100.392585754 1
63 29 100.400367737 1
63 29 100.415779114 1
63 29 100.420448303 1
63 29 100.421707153 1
63 29 100.448890686 1
63 29 100.456008911 1
63 29 100.542045593 1
63 29 100.542503357 1
63 29 100.576782227 1
63 29 100.579978943 1
63 29 100.584640503 1
63 29 100.600532532 1
63 29 100.617103577 1
63 29 100.622467041 1
63 29 100.651344299 1
63 29 100.667678833 1
63 29 100.670524597 1
63 29 100.682907104 1
63 29 100.694389343 1
63 29 100.698814392 1
63 29 100.727462769 1
63 29 100.738647461 1
63 29 100.763069153 1
63 29 100.775192261 1
63 29 100.794494629 1
63 29 100.807830811 1
63 29 100.815238953 1
63 29 100.843971252 1
63 29 100.848480225 1
63 29 100.862609863 1
63 29 100.86781311 1
63 29 100.870903015 1
63 29 100.880386353 1
63 29 100.960472107 1
63 29 100.979148865 1
63 29 100.981422424 1
63 29 100.991836548 1
63 29 100.998901367 1
63 29 101.021240234 1
63 29 101.022659302 1
63 29 101.025924683 1
63 29 101.036979675 1
63 29 101.084136963 1
63 29 101.090560913 1
63 29 101.118041992 1
63 29 101.120033264 1
63 29 101.12197113 1
63 29 101.132408142 1
63 29 101.156990051 1
63 29 101.177459717 1
63 29 101.181121826 1
63 29 101.195709229 1
63 29 101.202423096 1
63 29 101.221641541 1
63 29 101.264976501 1
63 29 101.30015564 1
63 29 101.303955078 1
63 29 101.315979004 1
63 29 101.317565918 1
63 29 101.331939697 1
63 29 101.33782959 1
63 29 101.356620789 1
63 29 101.374732971 1
63 29 101.386016846 1
63 29 101.403945923 1
63 29 101.411613464 1
63 29 101.42918396 1
63 29 101.429870605 1
63 29 101.429977417 1
63 29 101.432434082 1
63 29 101.449615479 1
63 29 101.463035583 1
63 29 101.486923218 1
63 29 101.530387878 1
63 29 101.546661377 1
63 29 101.547142029 1
63 29 101.552726746 1
63 29 101.570625305 1
63 29 101.587547302 1
63 29 101.587669373 1
63 29 101.629699707 1
63 29 101.650764465 1
63 29 101.679191589 1
63 29 101.685447693 1
63 29 101.705589294 1
63 29 101.718605042 1
63 29 101.747619629 1
63 29 101.771385193 1
63 29 101.774291992 1
63 29 101.847724915 1
63 29 101.851135254 1
63 29 101.860069275 1
63 29 101.882713318 1
63 29 101.906494141 1
63 29 101.907920837 1
63 29 101.925323486 1
63 29 101.927947998 1
63 29 101.957794189 1
63 29 101.963058472 1
63 29 102.028625488 1
63 29 102.038726807 1
63 29 102.047515869 1
63 29 102.050613403 1
63 29 102.058601379 1
63 29 102.081733704 1
63 29 102.095985413 1
63 29 102.109390259 1
63 29 102.139137268 1
63 29 102.160560608 1
63 29 102.218284607 1
63 29 102.229309082 1
63 29 102.232002258 1
63 29 102.246932983 1
63 29 102.267204285 1
63 29 102.275314331 1
63 29 102.275779724 1
63 29 102.305046082 1
63 29 102.309509277 1
63 29 102.31149292 1
63 29 102.315032959 1
63 29 102.322898865 1
63 29 102.336990356 1
63 29 102.338035583 1
63 29 102.344680786 1
63 29 102.355865479 1
63 29 102.389793396 1
63 29 102.390426636 1
63 29 102.400192261 1
63 29 102.416641235 1
63 29 102.440811157 1
63 29 102.450012207 1
63 29 102.516670227 1
63 29 102.542785645 1
63 29 102.565574646 1
63 29 102.651054382 1
63 29 102.660423279 1
63 29 102.670005798 1
63 29 102.671638489 1
63 29 102.690055847 1
63 29 102.728134155 1
63 29 102.738471985 1
63 29 102.760528564 1
63 29 102.765106201 1
63 29 102.779762268 1
63 29 102.798370361 1
63 29 102.819419861 1
63 29 102.837524414 1
63 29 102.840744019 1
63 29 102.847084045 1
63 29 102.857055664 1
63 29 102.882087708 1
63 29 102.886138916 1
63 29 102.965957642 1
63 29 102.968093872 1
63 29 102.972015381 1
63 29 102.976676941 1
63 29 102.979881287 1
63 29 103.047897339 1
63 29 103.056297302 1
63 29 103.132041931 1
63 29 103.13533783 1
63 29 103.169975281 1
63 29 103.184066772 1
63 29 103.19152832 1
63 29 103.216697693 1
63 29 103.224571228 1
63 29 103.296272278 1
63 29 103.341300964 1
63 29 103.376663208 1
63 29 103.429489136 1
63 29 103.442504883 1
63 29 103.490943909 1
63 29 103.507026672 1
63 29 103.548530579 1
63 29 103.549087524 1
63 29 103.55745697 1
63 29 103.558914185 1
63 29 103.562332153 1
63 29 103.614707947 1
63 29 103.671958923 1
63 29 103.742607117 1
63 29 103.750709534 1
63 29 103.873680115 1
63 29 103.885047913 1
63 29 103.896385193 1
63 29 103.935279846 1
63 29 103.936050415 1
63 29 103.945648193 1
63 29 103.951316833 1
63 29 104.071220398 1
63 29 104.078552246 1
63 29 104.08380127 1
63 29 104.088722229 1
63 29 104.098144531 1
63 29 104.100967407 1
63 29 104.10269165 1
63 29 104.113105774 1
63 29 104.113525391 1
63 29 104.152557373 1
63 29 104.160377502 1
63 29 104.178703308 1
63 29 104.18674469 1
63 29 104.254104614 1
63 29 104.339622498 1
63 29 104.352836609 1
63 29 104.364295959 1
63 29 104.370574951 1
63 29 104.40171814 1
63 29 104.419586182 1
63 29 104.535346985 1
63 29 104.552764893 1
63 29 104.562988281 1
63 29 104.578712463 1
63 29 104.607269287 1
63 29 104.607307434 1
63 29 104.633537292 1
63 29 104.635047913 1
63 29 104.661392212 1
63 29 104.711051941 1
63 29 104.720329285 1
63 29 104.724731445 1
63 29 104.737991333 1
63 29 104.785041809 1
63 29 104.818824768 1
63 29 104.866355896 1
63 29 104.880577087 1
63 29 104.889198303 1
63 29 104.904640198 1
63 29 104.906974792 1
63 29 104.944671631 1
63 29 105.00844574 1
63 29 105.02053833 1
63 29 105.04574585 1
63 29 105.059059143 1
63 29 105.063308716 1
63 29 105.135032654 1
63 29 105.211502075 1
63 29 105.218215942 1
63 29 105.22190094 1
63 29 105.230628967 1
63 29 105.303794861 1
63 29 105.311553955 1
63 29 105.318756104 1
63 29 105.322479248 1
63 29 105.395645142 1
63 29 105.420387268 1
63 29 105.448661804 1
63 29 105.479995728 1
63 29 105.48500061 1
63 29 105.511413574 1
63 29 105.564430237 1
63 29 105.568786621 1
63 29 105.596206665 1
63 29 105.65234375 1
63 29 105.653839111 1
63 29 105.669090271 1
63 29 105.684539795 1
63 29 105.72479248 1
63 29 105.761535645 1
63 29 105.774795532 1
63 29 105.77809906 1
63 29 105.785980225 1
63 29 105.801132202 1
63 29 105.867027283 1
63 29 105.869468689 1
63 29 105.898971558 1
63 29 105.934173584 1
63 29 105.955230713 1
63 29 105.983215332 1
63 29 106.005477905 1
63 29 106.014007568 1
63 29 106.015235901 1
63 29 106.020828247 1
63 29 106.027610779 1
63 29 106.048141479 1
63 29 106.056800842 1
63 29 106.075805664 1
63 29 106.090782166 1
63 29 106.145706177 1
63 29 106.150878906 1
63 29 106.200042725 1
63 29 106.244010925 1
63 29 106.253707886 1
63 29 106.260543823 1
63 29 106.284660339 1
63 29 106.303924561 1
63 29 106.321128845 1
63 29 106.324707031 1
63 29 106.337547302 1
63 29 106.345870972 1
63 29 106.381507874 1
63 29 106.390258789 1
63 29 106.395576477 1
63 29 106.402267456 1
63 29 106.408531189 1
63 29 106.41783905 1
63 29 106.418754578 1
63 29 106.423835754 1
63 29 106.42779541 1
63 29 106.439826965 1
63 29 106.463020325 1
63 29 106.466346741 1
63 29 106.516311646 1
63 29 106.540863037 1
63 29 106.572525024 1
63 29 106.582290649 1
63 29 106.585746765 1
63 29 106.631813049 1
63 29 106.691802979 1
63 29 106.697120667 1
63 29 106.7186203 1
63 29 106.727241516 1
63 29 106.893798828 1
63 29 106.912590027 1
63 29 106.917198181 1
63 29 106.939842224 1
63 29 106.995048523 1
63 29 107.004310608 1
63 29 107.111976624 1
63 29 107.123252869 1
63 29 107.142089844 1
63 29 107.161933899 1
63 29 107.162376404 1
63 29 107.16809082 1
63 29 107.235046387 1
63 29 107.266342163 1
63 29 107.339179993 1
63 29 107.365753174 1
63 29 107.39264679 1
63 29 107.403167725 1
63 29 107.413040161 1
63 29 107.492721558 1
63 29 107.499412537 1
63 29 107.501907349 1
63 29 107.506546021 1
63 29 107.555831909 1
63 29 107.623031616 1
63 29 107.651649475 1
63 29 107.69418335 1
63 29 107.721557617 1
63 29 107.735588074 1
63 29 107.761260986 1
63 29 107.773765564 1
63 29 107.807754517 1
63 29 107.816917419 1
63 29 107.83934021 1
63 29 107.840202332 1
63 29 107.84147644 1
63 29 107.873626709 1
63 29 107.875961304 1
63 29 107.880317688 1
63 29 107.891708374 1
63 29 107.962593079 1
63 29 107.970970154 1
63 29 107.978240967 1
63 29 107.983848572 1
63 29 107.999328613 1
63 29 108.029815674 1
63 29 108.075248718 1
63 29 108.11605072 1
63 29 108.152671814 1
63 29 108.178123474 1
63 29 108.189109802 1
63 29 108.242744446 1
63 29 108.253181458 1
63 29 108.388061523 1
63 29 108.388504028 1
63 29 108.401473999 1
63 29 108.542228699 1
63 29 108.543815613 1
63 29 108.623214722 1
63 29 108.627349854 1
63 29 108.638710022 1
63 29 108.662368774 1
63 29 108.669410706 1
63 29 108.705451965 1
63 29 108.723068237 1
63 29 108.723548889 1
63 29 108.739135742 1
63 29 108.794822693 1
63 29 108.797813416 1
63 29 108.804992676 1
63 29 108.821624756 1
63 29 108.873260498 1
63 29 108.897193909 1
63 29 108.930709839 1
63 29 109.013015747 1
63 29 109.01776123 1
63 29 109.021614075 1
63 29 109.041137695 1
63 29 109.082054138 1
63 29 109.117195129 1
63 29 109.132255554 1
63 29 109.208526611 1
63 29 109.221572876 1
63 29 109.224807739 1
63 29 109.244636536 1
63 29 109.256843567 1
63 29 109.309288025 1
63 29 109.337913513 1
63 29 109.34664917 1
63 29 109.353553772 1
63 29 109.377342224 1
63 29 109.396369934 1
63 29 109.416603088 1
63 29 109.50466156 1
63 29 109.512046814 1
63 29 109.534790039 1
63 29 109.553321838 1
63 29 109.656921387 1
63 29 109.658058167 1
63 29 109.713592529 1
63 29 109.826210022 1
63 29 109.892707825 1
63 29 109.968109131 1
63 29 110.022926331 1
63 29 110.091079712 1
63 29 110.123924255 1
63 29 110.20224762 1
63 29 110.205955505 1
63 29 110.241607666 1
63 29 110.243911743 1
63 29 110.244598389 1
63 29 110.305007935 1
63 29 110.313354492 1
63 29 110.318061829 1
63 29 110.366142273 1
63 29 110.369781494 1
63 29 110.369865417 1
63 29 110.41104126 1
63 29 110.448188782 1
63 29 110.455665588 1
63 29 110.506347656 1
63 29 110.506744385 1
63 29 110.544403076 1
63 29 110.602783203 1
63 29 110.64302063 1
63 29 110.650276184 1
63 29 110.661056519 1
63 29 110.781730652 1
63 29 110.818359375 1
63 29 110.855232239 1
63 29 110.942878723 1
63 29 110.943244934 1
63 29 110.952842712 1
63 29 110.953872681 1
63 29 110.973182678 1
63 29 110.999740601 1
63 29 111.006713867 1
63 29 111.023910522 1
63 29 111.03768158 1
63 29 111.085708618 1
63 29 111.122161865 1
63 29 111.230545044 1
63 29 111.249282837 1
63 29 111.280555725 1
63 29 111.306762695 1
63 29 111.320152283 1
63 29 111.321716309 1
63 29 111.336784363 1
63 29 111.348320007 1
63 29 111.390647888 1
63 29 111.413635254 1
63 29 111.422264099 1
63 29 111.488212585 1
63 29 111.602676392 1
63 29 111.604927063 1
63 29 111.632064819 1
63 29 111.690498352 1
63 29 111.713676453 1
63 29 111.787117004 1
63 29 111.787979126 1
63 29 111.791572571 1
63 29 111.796669006 1
63 29 111.809654236 1
63 29 111.844932556 1
63 29 111.912658691 1
63 29 111.921112061 1
63 29 112.03465271 1
63 29 112.084236145 1
63 29 112.124961853 1
63 29 112.141334534 1
63 29 112.145050049 1
63 29 112.174995422 1
63 29 112.176780701 1
63 29 112.208351135 1
63 29 112.216064453 1
63 29 112.328300476 1
63 29 112.357711792 1
63 29 112.361587524 1
63 29 112.429374695 1
63 29 112.431854248 1
63 29 112.44417572 1
63 29 112.470275879 1
63 29 112.509895325 1
63 29 112.553237915 1
63 29 112.731529236 1
63 29 112.807350159 1
63 29 112.847007751 1
63 29 112.891242981 1
63 29 112.969055176 1
63 29 113.033889771 1
63 29 113.065567017 1
63 29 113.075202942 1
63 29 113.258399963 1
63 29 113.283042908 1
63 29 113.338951111 1
63 29 113.386253357 1
63 29 113.397422791 1
63 29 113.427947998 1
63 29 113.435775757 1
63 29 113.445381165 1
63 29 113.47518158 1
63 29 113.511795044 1
63 29 113.535301208 1
63 29 113.618682861 1
63 29 113.764633179 1
63 29 113.795860291 1
63 29 113.830589294 1
63 29 113.858688354 1
63 29 113.895523071 1
63 29 113.896476746 1
63 29 113.967185974 1
63 29 114.057991028 1
63 29 114.140136719 1
63 29 114.20539093 1
63 29 114.217178345 1
63 29 114.291954041 1
63 29 114.49887085 1
63 29 114.506561279 1
63 29 114.512329102 1
63 29 114.520423889 1
63 29 114.529663086 1
63 29 114.744544983 1
63 29 114.744873047 1
63 29 114.785614014 1
63 29 114.829277039 1
63 29 114.836540222 1
63 29 114.869773865 1
63 29 114.936798096 1
63 29 114.9998703 1
63 29 115.139846802 1
63 29 115.163444519 1
63 29 115.226615906 1
63 29 115.238586426 1
63 29 115.264350891 1
63 29 115.329429626 1
63 29 115.382957458 1
63 29 115.402893066 1
63 29 115.436569214 1
63 29 115.439613342 1
63 29 115.479644775 1
63 29 115.496086121 1
63 29 115.529022217 1
63 29 115.545455933 1
63 29 115.572425842 1
63 29 115.650222778 1
63 29 115.685890198 1
63 29 115.824012756 1
63 29 115.935035706 1
63 29 116.061737061 1
63 29 116.064559937 1
63 29 116.159667969 1
63 29 116.174377441 1
63 29 116.212722778 1
63 29 116.222915649 1
63 29 116.230789185 1
63 29 116.27355957 1
63 29 116.357391357 1
63 29 116.369026184 1
63 29 116.4217453 1
63 29 116.703346252 1
63 29 116.858535767 1
63 29 116.90473938 1
63 29 116.907409668 1
63 29 116.911750793 1
63 29 117.062919617 1
63 29 117.08833313 1
63 29 117.152992249 1
63 29 117.263580322 1
63 29 117.372894287 1
63 29 117.4245224 1
63 29 117.481208801 1
63 29 117.522521973 1
63 29 117.554824829 1
63 29 117.684509277 1
63 29 117.779296875 1
63 29 117.895858765 1
63 29 117.959594727 1
63 29 118.051376343 1
63 29 118.063140869 1
63 29 118.074623108 1
63 29 118.216064453 1
63 29 118.402778625 1
63 29 118.480903625 1
63 29 118.48589325 1
63 29 118.564704895 1
63 29 118.684509277 1
63 29 118.754768372 1
63 29 118.854904175 1
63 29 118.890106201 1
63 29 118.993179321 1
63 29 119.020935059 1
63 29 119.069618225 1
63 29 119.071929932 1
63 29 119.144065857 1
63 29 119.183799744 1
63 29 119.274490356 1
63 29 119.30921936 1
63 29 119.436477661 1
63 29 119.468292236 1
63 29 119.518844604 1
63 29 119.571037292 1
63 29 119.62386322 1
63 29 119.701713562 1
63 29 119.731544495 1
63 29 119.780532837 1
63 29 119.810379028 1
63 29 119.901412964 1
63 29 119.963478088 1
63 29 120.021652222 1
63 29 120.139533997 1
63 29 120.290481567 1
63 29 120.297653198 1
63 29 120.398887634 1
63 29 120.530593872 1
63 29 120.559837341 1
63 29 120.730194092 1
63 29 120.901901245 1
63 29 120.932861328 1
63 29 121.121765137 1
63 29 121.129341125 1
63 29 121.161994934 1
63 29 121.256782532 1
63 29 121.294120789 1
63 29 121.515014648 1
63 29 121.521118164 1
63 29 121.569229126 1
63 29 121.661239624 1
63 29 121.703399658 1
63 29 121.755729675 1
63 29 121.827178955 1
63 29 122.057296753 1
63 29 122.137893677 1
63 29 122.323791504 1
63 29 122.363342285 1
63 29 122.557594299 1
63 29 122.609436035 1
63 29 122.721893311 1
63 29 122.878250122 1
63 29 122.897499084 1
63 29 122.906906128 1
63 29 122.971443176 1
63 29 123.019798279 1
63 29 123.033073425 1
63 29 123.054252625 1
63 29 123.248291016 1
63 29 123.350326538 1
63 29 123.434944153 1
63 29 123.462654114 1
63 29 123.476593018 1
63 29 123.500602722 1
63 29 123.851028442 1
63 29 123.862205505 1
63 29 124.064323425 1
63 29 124.313789368 1
63 29 124.320106506 1
63 29 124.430389404 1
63 29 124.431694031 1
63 29 124.438217163 1
63 29 124.503135681 1
63 29 124.798530579 1
63 29 124.898002625 1
63 29 125.14440918 1
63 29 125.195114136 1
63 29 125.396018982 1
63 29 125.449836731 1
63 29 125.460273743 1
63 29 125.5884552 1
63 29 125.610267639 1
63 29 125.732978821 1
63 29 125.791976929 1
63 29 126.042251587 1
63 29 126.141716003 1
63 29 126.155670166 1
63 29 126.19657135 1
63 29 126.252838135 1
63 29 126.325065613 1
63 29 126.3332901 1
63 29 126.367004395 1
63 29 126.378463745 1
63 29 126.423751831 1
63 29 126.806846619 1
63 29 126.980995178 1
63 29 127.154518127 1
63 29 127.208679199 1
63 29 127.316871643 1
63 29 127.815666199 1
63 29 127.815811157 1
63 29 127.96862793 1
63 29 128.097000122 1
63 29 128.287078857 1
63 29 128.298080444 1
63 29 128.406082153 1
63 29 128.46963501 1
63 29 128.494094849 1
63 29 128.514083862 1
63 29 128.587524414 1
63 29 128.719314575 1
63 29 128.968353271 1
63 29 129.043701172 1
63 29 129.144943237 1
63 29 129.150985718 1
63 29 129.157485962 1
63 29 129.258651733 1
63 29 129.339035034 1
63 29 129.506347656 1
63 29 129.524658203 1
63 29 129.526031494 1
63 29 129.566421509 1
63 29 129.758926392 1
63 29 130.181610107 1
63 29 130.194351196 1
63 29 130.63369751 1
63 29 130.654953003 1
63 29 130.738037109 1
63 29 130.804916382 1
63 29 130.815460205 1
63 29 131.195205688 1
63 29 131.476226807 1
63 29 131.54385376 1
63 29 131.711639404 1
63 29 131.919448853 1
63 29 131.920318604 1
63 29 132.014862061 1
63 29 132.334213257 1
63 29 132.407714844 1
63 29 132.621322632 1
63 29 132.79888916 1
63 29 132.858947754 1
63 29 132.86265564 1
63 29 133.022964478 1
63 29 133.026092529 1
63 29 133.155975342 1
63 29 133.683334351 1
63 29 133.724105835 1
63 29 133.733505249 1
63 29 133.793228149 1
63 29 133.908279419 1
63 29 133.96383667 1
63 29 134.191146851 1
63 29 134.228775024 1
63 29 134.256362915 1
63 29 134.427871704 1
63 29 134.473770142 1
63 29 134.755264282 1
63 29 134.942230225 1
63 29 134.992111206 1
63 29 135.011108398 1
63 29 135.351837158 1
63 29 135.44140625 1
63 29 135.504013062 1
63 29 136.318511963 1
63 29 136.429702759 1
63 29 136.670593262 1
63 29 136.887893677 1
63 29 137.118728638 1
63 29 137.151779175 1
63 29 137.513961792 1
63 29 137.535003662 1
63 29 137.720809937 1
63 29 137.987014771 1
63 29 137.999450684 1
63 29 138.031204224 1
63 29 138.049102783 1
63 29 138.298324585 1
63 29 138.579345703 1
63 29 138.655456543 1
63 29 138.824066162 1
63 29 138.858016968 1
63 29 139.038726807 1
63 29 139.194671631 1
63 29 139.265716553 1
63 29 139.610244751 1
63 29 139.715667725 1
63 29 139.797424316 1
63 29 139.944839478 1
63 29 139.952392578 1
63 29 140.007263184 1
63 29 140.03074646 1
63 29 140.210876465 1
63 29 140.292617798 1
63 29 140.417633057 1
63 29 140.507110596 1
63 29 140.622589111 1
63 29 140.688812256 1
63 29 140.730880737 1
63 29 140.785552979 1
63 29 141.172607422 1
63 29 141.262390137 1
63 29 141.294250488 1
63 29 141.491790771 1
63 29 141.535430908 1
63 29 142.043212891 1
63 29 142.188751221 1
63 29 142.487625122 1
63 29 144.130767822 1
63 29 144.140731812 1
63 29 144.321395874 1
63 29 144.67225647 1
63 29 144.774124146 1
63 29 144.997802734 1
63 29 145.006637573 1
63 29 145.048065186 1
63 29 145.223068237 1
63 29 145.610992432 1
63 29 145.733978271 1
63 29 145.940643311 1
63 29 146.092681885 1
63 29 147.919342041 1
63 29 148.388000488 1
63 29 148.972076416 1
63 29 149.134017944 1
63 29 151.027526855 1
63 29 151.515228271 1
63 29 151.532714844 1
63 29 151.965087891 1
63 29 151.969406128 1
63 29 152.164382935 1
63 29 152.183639526 1
63 29 152.404281616 1
63 29 152.842147827 1
63 29 153.397247314 1
63 29 153.45753479 1
63 29 154.138595581 1
63 29 154.221405029 1
63 29 154.654266357 1
63 29 154.889633179 1
63 29 154.985046387 1
63 29 155.169754028 1
63 29 155.224822998 1
63 29 155.284469604 1
63 29 155.785339355 1
63 29 155.93447876 1
63 29 156.053970337 1
63 29 156.226913452 1
63 29 156.452194214 1
63 29 156.724746704 1
63 29 156.757598877 1
63 29 157.591766357 1
63 29 157.631912231 1
63 29 157.99697876 1
63 29 158.153381348 1
63 29 158.193023682 1
63 29 158.900665283 1
63 29 159.232940674 1
63 29 159.432983398 1
63 29 159.97277832 1
63 29 161.137023926 1
63 29 161.277160645 1
63 29 161.464508057 1
63 29 162.233901978 1
63 29 162.376358032 1
63 29 162.570022583 1
63 29 162.971725464 1
63 29 164.274185181 1
63 29 165.590820312 1
63 29 165.598480225 1
63 29 166.096588135 1
63 29 166.105880737 1
63 29 166.249099731 1
63 29 166.408203125 1
63 29 166.522842407 1
63 29 166.843643188 1
63 29 167.042648315 1
63 29 167.354995728 1
63 29 168.327789307 1
63 29 168.511993408 1
63 29 169.186218262 1
63 29 169.413208008 1
63 29 170.17980957 1
63 29 171.46875 1
63 29 172.083297729 1
63 29 172.327163696 1
63 29 174.037536621 1
63 29 174.73248291 1
63 29 175.121292114 1
63 29 175.177200317 1
63 29 175.824829102 1
63 29 175.855453491 1
63 29 176.244293213 1
63 29 176.397277832 1
63 29 176.438049316 1
63 29 177.661209106 1
63 29 177.90486145 1
63 29 178.845092773 1
63 29 179.643112183 1
63 29 180.490829468 1
63 29 180.797622681 1
63 29 181.126495361 1
63 29 181.430175781 1
63 29 182.864883423 1
63 29 183.712600708 1
63 29 184.411117554 1
63 29 184.754669189 1
63 29 185.145324707 1
63 29 185.713287354 1
63 29 189.917861938 1
63 29 190.892318726 1
63 29 191.59942627 1
63 29 192.979827881 1
63 29 193.03074646 1
63 29 194.158691406 1
63 29 194.313827515 1
63 29 196.273666382 1
63 29 199.108581543 1
63 29 199.707809448 1
63 29 200.984725952 1
63 29 201.035476685 1
63 29 201.291351318 1
63 29 203.08203125 1
63 29 204.467498779 1
63 29 204.9793396 1
63 29 206.394958496 1
63 29 206.859512329 1
63 29 207.701782227 1
63 29 208.063217163 1
63 29 211.608718872 1
63 29 212.052215576 1
63 29 213.536529541 1
63 29 214.108886719 1
63 29 216.162185669 1
63 29 216.570159912 1
63 29 218.41960144 1
63 29 221.322982788 1
63 29 221.789703369 1
63 29 222.16293335 1
63 29 223.762878418 1
63 29 224.620498657 1
63 29 226.50100708 1
63 29 226.507675171 1
63 29 228.283859253 1
63 29 228.813781738 1
63 29 229.376602173 1
63 29 231.198257446 1
63 29 232.345596313 1
63 29 233.490402222 1
63 29 233.944473267 1
63 29 234.698806763 1
63 29 235.020431519 1
63 29 238.003677368 1
63 29 238.516784668 1
63 29 240.433227539 1
63 29 243.048156738 1
63 29 246.191162109 1
63 29 247.460449219 1
63 29 247.609619141 1
63 29 250.27142334 1
63 29 250.673187256 1
63 29 253.948272705 1
63 29 257.109405518 1
63 29 257.12677002 1
63 29 260.128570557 1
63 29 264.676971436 1
63 29 266.769226074 1
63 29 267.311523438 1
63 29 270.720428467 1
63 29 275.244018555 1
63 29 275.342041016 1
63 29 278.75970459 1
63 29 280.109771729 1
63 29 289.785552979 1
63 29 290.796691895 1
63 29 294.916381836 1
63 29 297.203948975 1
63 29 300.839599609 1
63 29 307.107788086 1
63 29 307.566467285 1
63 29 310.997253418 1
63 29 311.39239502 1
63 29 319.051208496 1
63 29 321.785797119 1
63 29 329.828460693 1
63 29 337.70904541 1
63 29 342.950012207 1
63 29 343.388153076 1
63 29 343.554107666 1
63 29 344.512573242 1
63 29 348.212219238 1
63 29 352.034179688 1
63 29 352.333679199 1
63 29 357.902618408 1
63 29 361.921203613 1
63 29 363.394195557 1
63 29 363.518005371 1
63 29 364.788208008 1
63 29 365.376373291 1
63 29 370.055053711 1
63 29 373.113372803 1
63 29 374.594268799 1
63 29 376.589324951 1
63 29 380.383422852 1
63 29 388.040283203 1
63 29 388.380828857 1
63 29 391.482452393 1
63 29 393.041992188 1
63 29 395.576416016 1
63 29 397.089233398 1
63 29 397.410369873 1
63 29 399.807403564 1
63 29 405.82824707 1
63 29 406.020294189 1
63 29 413.218505859 1
63 29 420.573181152 1
63 29 423.422058105 1
63 29 424.114135742 1
63 29 425.043914795 1
63 29 425.279846191 1
63 29 429.07925415 1
63 29 430.646850586 1
63 29 430.833892822 1
63 29 432.353424072 1
63 29 432.945098877 1
63 29 440.625366211 1
63 29 441.275970459 1
63 29 453.559234619 1
63 29 457.920837402 1
63 29 480.329284668 1
63 29 481.58972168 1
63 29 483.325592041 1
63 29 488.346801758 1
63 29 491.095581055 1
63 29 504.337493896 1
63 29 508.66015625 1
63 29 522.111999512 1
63 29 537.227233887 1
63 29 540.286010742 1
63 29 541.452758789 1
63 29 541.708557129 1
63 29 549.50390625 1
63 29 580.494567871 1
63 29 586.329772949 1
63 29 588.256896973 1
63 29 599.151000977 1
63 29 612.824645996 1
63 29 637.777770996 1
63 29 638.151184082 1
63 29 663.304016113 1
63 29 694.011962891 1
63 29 726.592712402 1
63 29 757.130126953 1
63 29 767.168029785 1
63 29 767.618713379 1
63 29 782.09552002 1
63 29 812.486328125 1
63 29 818.811889648 1
63 29 823.189086914 1
63 29 836.316223145 1
63 29 858.213989258 1
63 29 884.098693848 1
63 29 908.863525391 1
63 29 920.354064941 1
63 29 1011.05175781 1
63 29 1172.7434082 1
63 29 1294.03918457 1
63 29 1483.49072266 1
63 29 1517.05090332 1
63 29 1700.76391602 1
63 31 93.4737472534 1
63 31 103.792907715 1
63 31 104.319328308 1
63 31 109.815803528 1
63 31 110.148406982 1
63 31 116.47479248 1
63 31 118.086936951 1
63 31 120.276222229 1
63 31 121.523239136 1
63 31 121.784240723 1
63 31 121.861907959 1
63 31 124.801170349 1
63 31 125.766548157 1
63 31 126.515991211 1
63 31 126.665061951 1
63 31 130.739013672 1
63 31 130.840637207 1
63 31 132.002166748 1
63 31 134.284881592 1
63 31 140.793548584 1
63 31 142.485412598 1
63 31 142.808776855 1
63 31 142.817062378 1
63 31 147.195449829 1
63 31 147.750671387 1
63 31 153.592727661 1
63 31 154.297027588 1
63 31 154.662094116 1
63 31 156.912017822 1
63 31 160.739746094 1
63 31 160.906890869 1
63 31 162.312225342 1
63 31 164.293609619 1
63 31 165.015106201 1
63 31 168.376846313 1
63 31 169.233825684 1
63 31 169.747177124 1
63 31 172.03678894 1
63 31 173.849365234 1
63 31 173.95249939 1
63 31 174.133651733 1
63 31 174.540740967 1
63 31 176.258087158 1
63 31 179.064422607 1
63 31 179.66758728 1
63 31 180.491760254 1
63 31 180.968826294 1
63 31 181.382369995 1
63 31 185.327087402 1
63 31 186.960159302 1
63 31 187.212738037 1
63 31 188.596786499 1
63 31 189.039123535 1
63 31 189.473434448 1
63 31 189.827468872 1
63 31 190.436508179 1
63 31 191.535293579 1
63 31 192.042373657 1
63 31 194.143997192 1
63 31 194.756637573 1
63 31 195.711074829 1
63 31 199.012557983 1
63 31 204.83152771 1
63 31 206.026123047 1
63 31 207.508682251 1
63 31 211.18939209 1
63 31 215.13571167 1
63 31 216.203567505 1
63 31 219.963684082 1
63 31 220.357925415 1
63 31 221.073852539 1
63 31 222.692932129 1
63 31 222.937088013 1
63 31 223.743743896 1
63 31 228.425247192 1
63 31 229.6927948 1
63 31 232.182754517 1
63 31 234.403320312 1
63 31 234.895065308 1
63 31 235.732025146 1
63 31 236.122421265 1
63 31 241.157150269 1
63 31 243.105514526 1
63 31 244.788772583 1
63 31 245.472076416 1
63 31 246.116928101 1
63 31 247.536743164 1
63 31 248.386276245 1
63 31 249.283081055 1
63 31 251.896087646 1
63 31 253.814056396 1
63 31 255.689056396 1
63 31 258.078887939 1
63 31 264.2706604 1
63 31 265.661071777 1
63 31 267.991943359 1
63 31 271.618560791 1
63 31 276.237030029 1
63 31 276.410522461 1
63 31 276.46762085 1
63 31 277.407470703 1
63 31 277.488006592 1
63 31 277.579803467 1
63 31 277.982421875 1
63 31 285.656982422 1
63 31 290.95223999 1
63 31 291.441680908 1
63 31 304.962402344 1
63 31 305.98236084 1
63 31 309.389678955 1
63 31 313.28692627 1
63 31 316.091278076 1
63 31 320.281616211 1
63 31 327.270477295 1
63 31 333.907043457 1
63 31 336.811035156 1
63 31 337.133972168 1
63 31 345.425415039 1
63 31 345.91607666 1
63 31 346.637359619 1
63 31 350.489318848 1
63 31 358.284240723 1
63 31 376.895202637 1
63 31 377.171356201 1
63 31 379.423339844 1
63 31 379.447509766 1
63 31 380.490997314 1
63 31 382.175811768 1
63 31 387.417236328 1
63 31 392.97467041 1
63 31 394.426239014 1
63 31 397.739074707 1
63 31 401.62008667 1
63 31 403.997924805 1
63 31 409.342132568 1
63 31 418.164764404 1
63 31 418.187469482 1
63 31 421.57208252 1
63 31 423.115570068 1
63 31 430.160766602 1
63 31 430.750030518 1
63 31 446.636749268 1
63 31 448.377838135 1
63 31 452.872406006 1
63 31 495.444458008 1
63 31 496.274505615 1
63 31 507.075469971 1
63 31 549.726501465 1
63 31 574.984375 1
63 31 575.027282715 1
63 31 588.059326172 1
63 31 594.166320801 1
63 31 597.024719238 1
63 31 638.548706055 1
63 31 641.805664062 1
63 31 671.340515137 1
63 31 690.319885254 1
63 31 718.491455078 1
63 31 776.367553711 1
63 31 832.378112793 1
63 31 851.290039062 1
63 31 859.297790527 1
63 31 872.24822998 1
63 31 1162.00561523 1
63 31 1401.96313477 1
63 31 1430.93676758 1
63 31 1608.85961914 1
63 31 1931.0012207 1
63 32 188.574615479 1
63 32 190.770111084 1
63 32 195.048690796 1
63 32 220.749359131 1
63 32 222.522262573 1
63 32 229.019088745 1
63 32 249.700836182 1
63 32 259.476715088 1
63 32 262.132171631 1
63 32 263.36151123 1
63 32 263.910980225 1
63 32 269.059082031 1
63 32 273.618133545 1
63 32 277.130065918 1
63 32 287.940460205 1
63 32 293.655548096 1
63 32 294.177764893 1
63 32 295.793701172 1
63 32 299.325622559 1
63 32 302.857940674 1
63 32 304.447143555 1
63 32 317.307922363 1
63 32 325.419525146 1
63 32 327.307525635 1
63 32 329.411743164 1
63 32 332.603790283 1
63 32 364.939575195 1
63 32 369.58605957 1
63 32 371.291107178 1
63 32 375.182067871 1
63 32 400.761260986 1
63 32 401.420532227 1
63 32 407.316101074 1
63 32 408.185577393 1
63 32 429.837738037 1
63 32 431.19140625 1
63 32 436.288360596 1
63 32 437.74005127 1
63 32 453.652038574 1
63 32 458.969726562 1
63 32 483.941925049 1
63 32 487.571624756 1
63 32 523.838928223 1
63 32 529.783508301 1
63 32 543.827758789 1
63 32 588.601379395 1
63 32 591.249023438 1
63 32 611.268737793 1
63 32 615.416015625 1
63 32 633.126220703 1
63 32 635.764160156 1
63 32 700.897338867 1
63 32 761.246704102 1
63 32 764.430541992 1
63 32 828.68536377 1
63 32 837.250793457 1
63 32 890.939086914 1
63 32 917.87097168 1
63 32 919.815368652 1
63 32 1084.40014648 1
63 32 1360.40844727 1
63 32 2354.31518555 1
63 33 305.910980225 1
63 33 319.07611084 1
63 33 385.32232666 1
63 33 467.127624512 1
63 33 506.373748779 1
63 33 540.847961426 1
63 33 548.045654297 1
63 33 585.479614258 1
63 33 637.108215332 1
63 33 701.619689941 1
63 33 841.518920898 1
63 33 1247.53295898 1
63 34 414.144378662 1
64 23 1108.69616699 1
64 23 1243.546875 1
64 25 1328.81164551 1
64 25 1561.9831543 1
64 26 796.877990723 1
64 27 844.971313477 1
64 27 893.278503418 1
64 27 918.539733887 1
64 27 932.101318359 1
64 27 960.928710938 1
64 27 993.29119873 1
64 27 1039.21276855 1
64 27 1200.37182617 1
64 27 1285.45263672 1
64 27 1402.09472656 1
64 28 782.282653809 1
64 28 793.785522461 1
64 28 794.096557617 1
64 28 809.395751953 1
64 28 1068.9510498 1
64 28 1841.82324219 1
64 29 698.499755859 1
64 29 718.595458984 1
64 29 737.85357666 1
64 29 740.350402832 1
64 29 791.952880859 1
64 29 858.996276855 1
64 29 903.634094238 1
64 29 1066.44274902 1
64 29 1114.28027344 1
64 29 1131.36352539 1
64 29 1181.89465332 1
64 29 1288.65551758 1
64 29 1739.03588867 1
64 30 621.23248291 1
64 30 634.811767578 1
64 30 693.265625 1
64 30 699.320983887 1
64 30 736.718933105 1
64 30 740.665588379 1
64 30 861.899536133 1
64 30 1196.19934082 1
64 30 1505.0189209 1
64 31 734.374816895 1
64 31 756.418640137 1
64 31 757.060668945 1
64 31 908.087768555 1
64 31 1161.44152832 1
64 31 1547.71740723 1
64 31 1623.27807617 1
64 31 1777.80639648 1
64 32 777.955505371 1
64 32 896.074707031 1
64 32 1039.33508301 1
64 32 1392.80249023 1
64 33 730.858398438 1
64 33 1199.02941895 1
64 33 1613.24938965 1
64 33 1696.79321289 1
64 33 2448.54516602 1
64 34 952.038330078 1
64 34 1196.54858398 1
64 35 1118.02124023 1
65 26 1727.4822998 1
69 27 1379.57629395 1
70 20 1528.81921387 1
70 22 1863.4510498 1
70 23 1988.06384277 1
70 24 1022.824646 1
70 24 1074.95910645 1
70 24 1223.52770996 1
70 26 1056.71203613 1
70 26 1413.23144531 1
70 27 903.339294434 1
70 27 939.031982422 1
70 27 1039.16357422 1
70 27 1260.22631836 1
70 28 697.794128418 1
70 28 828.34387207 1
70 28 895.942687988 1
70 28 908.21685791 1
70 28 2088.94799805 1
70 29 612.153625488 1
70 29 722.990234375 1
70 29 723.384521484 1
70 29 733.647460938 1
70 29 756.625488281 1
70 29 851.744995117 1
70 29 1525.51831055 1
70 30 660.62689209 1
70 30 908.305725098 1
70 30 1757.45031738 1
70 31 739.096252441 1
70 31 879.854187012 1
70 31 1324.75073242 1
70 32 1139.7265625 1
70 32 1244.13244629 1
70 33 1224.56726074 1
71 23 1137.2755127 1
71 23 1346.07495117 1
71 25 894.497192383 1
71 25 1338.01379395 1
71 25 1859.93444824 1
71 26 794.458496094 1
71 26 834.809570312 1
71 26 902.375061035 1
71 26 939.342834473 1
71 26 1151.68701172 1
71 27 715.427856445 1
71 27 724.55657959 1
71 27 729.138793945 1
71 27 749.980041504 1
71 27 755.034606934 1
71 27 788.055725098 1
71 27 792.772216797 1
71 27 1116.48596191 1
71 27 1188.46472168 1
71 27 1394.60107422 1
71 28 635.131835938 1
71 28 683.309570312 1
71 28 849.649841309 1
71 28 879.19909668 1
71 28 887.788696289 1
71 28 1486.92712402 1
71 28 1607.61987305 1
71 29 642.553161621 1
71 29 680.253540039 1
71 29 875.762878418 1
71 29 920.965454102 1
71 29 922.887145996 1
71 29 948.730773926 1
71 29 1152.44348145 1
71 29 1204.31896973 1
71 29 1263.56188965 1
71 29 1311.41137695 1
71 30 708.507202148 1
71 30 813.755981445 1
71 31 1023.80944824 1
71 32 1098.21179199 1
71 32 1212.68640137 1
71 32 1770.44140625 1
72 22 2130.42529297 1
72 26 1464.49072266 1
76 23 2109.07446289 1
76 27 1732.37353516 1
77 21 1777.83447266 1
77 22 1947.60754395 1
78 26 1779.68859863 1
82 2 2280.51635742 1
