string dom time hits
45 21 1685.60168457 1
45 22 1510.09863281 1
45 25 2021.75976562 1
45 27 1997.8704834 1
45 28 1213.98925781 1
45 29 1612.90686035 1
45 29 2105.75805664 1
46 27 1923.85253906 1
46 28 2437.33081055 1
53 25 1310.72351074 1
53 27 1726.6072998 1
53 29 1254.26049805 1
53 30 1319.90478516 1
53 30 1395.72814941 1
53 30 1413.3572998 1
53 32 1692.29760742 1
54 18 1811.61132812 1
54 18 2377.03564453 1
54 22 1780.8581543 1
54 23 1235.86694336 1
54 24 965.910827637 1
54 24 1034.33178711 1
54 24 1270.68994141 1
54 25 982.031311035 1
54 25 997.256652832 1
54 25 1164.73522949 1
54 25 1200.33666992 1
54 25 1296.73046875 1
54 25 1402.0690918 1
54 25 1574.83703613 1
54 26 947.930664062 1
54 26 951.499633789 1
54 26 996.948181152 1
54 26 1002.70599365 1
54 26 1044.19885254 1
54 26 1309.9420166 1
54 26 1332.41772461 1
54 27 768.423095703 1
54 27 782.594604492 1
54 27 796.088867188 1
54 27 855.147338867 1
54 27 873.05847168 1
54 27 926.00994873 1
54 27 1027.19177246 1
54 27 1070.3157959 1
54 27 1128.49719238 1
54 27 1183.7767334 1
54 27 1184.70800781 1
54 27 1266.84606934 1
54 27 1480.88342285 1
54 27 1629.59301758 1
54 27 1824.18383789 1
54 28 706.117797852 1
54 28 775.40802002 1
54 28 781.830627441 1
54 28 802.120239258 1
54 28 881.824401855 1
54 28 882.473144531 1
54 28 1058.41955566 1
54 28 1078.8392334 1
54 28 1098.69494629 1
54 28 1216.0201416 1
54 28 1246.7578125 1
54 28 1541.99633789 1
54 28 1642.29943848 1
54 29 657.945800781 1
54 29 745.880981445 1
54 29 775.913757324 1
54 29 824.689880371 1
54 29 826.395996094 1
54 29 828.69543457 1
54 29 854.312561035 1
54 29 891.553344727 1
54 29 982.176452637 1
54 29 1007.38665771 1
54 29 1047.19470215 1
54 29 1173.68371582 1
54 29 1196.73449707 1
54 29 1252.6776123 1
54 30 693.746154785 1
54 30 722.982666016 1
54 30 764.975708008 1
54 30 799.610412598 1
54 30 864.718811035 1
54 30 871.528442383 1
54 30 877.66998291 1
54 30 883.363952637 1
54 30 952.34387207 1
54 30 1107.39990234 1
54 30 1453.1184082 1
54 30 1616.56323242 1
54 31 732.954528809 1
54 31 785.889770508 1
54 31 843.60559082 1
54 31 864.428894043 1
54 31 1119.46875 1
54 31 1145.14880371 1
54 32 837.451477051 1
54 32 1574.95947266 1
55 18 2334.54931641 1
55 23 1628.76623535 1
55 23 1927.84033203 1
55 24 1310.46142578 1
55 24 2690.40649414 1
55 25 1180.61364746 1
55 25 1312.00280762 1
55 26 728.641845703 1
55 26 819.540466309 1
55 26 927.509155273 1
55 26 1093.76086426 1
55 26 1202.82202148 1
55 26 1221.96069336 1
55 26 1333.72558594 1
55 26 1453.2043457 1
55 26 1770.87438965 1
55 26 2003.82019043 1
55 26 2199.85620117 1
55 27 776.097229004 1
55 27 781.530578613 1
55 27 811.612670898 1
55 27 837.785522461 1
55 27 1097.06665039 1
55 27 1105.75183105 1
55 27 1469.63513184 1
55 27 3537.36450195 1
55 28 709.927062988 1
55 28 711.517883301 1
55 28 750.267883301 1
55 28 754.878295898 1
55 28 788.12713623 1
55 28 812.214050293 1
55 28 861.336791992 1
55 28 870.492370605 1
55 28 875.107666016 1
55 28 875.497131348 1
55 28 877.984313965 1
55 28 881.985168457 1
55 28 967.090087891 1
55 28 1023.15899658 1
55 28 1079.90881348 1
55 28 1118.40270996 1
55 28 1173.77539062 1
55 28 1288.58508301 1
55 28 1370.47888184 1
55 28 2134.05639648 1
55 29 689.929870605 1
55 29 707.888000488 1
55 29 749.206542969 1
55 29 754.788085938 1
55 29 762.094482422 1
55 29 766.953491211 1
55 29 886.962036133 1
55 29 952.390380859 1
55 29 1063.84680176 1
55 29 1102.53186035 1
55 29 1175.11816406 1
55 29 1370.01538086 1
55 29 1901.57641602 1
55 30 721.364257812 1
55 30 734.37689209 1
55 30 740.546691895 1
55 30 745.586364746 1
55 30 757.90447998 1
55 30 806.552856445 1
55 30 825.691894531 1
55 30 895.454040527 1
55 30 900.962219238 1
55 30 932.123962402 1
55 30 1022.59619141 1
55 30 1259.34375 1
55 30 1565.01062012 1
55 30 1758.99755859 1
55 30 1811.65673828 1
55 30 2016.42224121 1
55 31 843.727600098 1
55 31 1164.0970459 1
55 31 1351.33581543 1
55 31 2528.43774414 1
55 32 1121.30517578 1
56 19 1825.00915527 1
56 26 2963.07104492 1
56 27 2085.94677734 1
56 28 1989.35461426 1
56 29 1564.02038574 1
56 29 2511.03979492 1
61 23 2334.03125 1
62 21 1625.77600098 1
62 23 999.894348145 1
62 24 1020.92077637 1
62 24 1232.26367188 1
62 24 1300.02661133 1
62 25 848.589416504 1
62 25 951.986083984 1
62 25 996.126281738 1
62 25 1066.11193848 1
62 25 1213.28320312 1
62 26 846.708190918 1
62 26 1921.78625488 1
62 26 1969.09338379 1
62 27 811.609741211 1
62 27 853.643798828 1
62 27 978.456787109 1
62 27 979.048095703 1
62 27 1028.48217773 1
62 27 1109.70336914 1
62 27 1113.48791504 1
62 27 1261.91784668 1
62 28 743.24230957 1
62 28 760.884460449 1
62 28 786.784423828 1
62 28 795.764892578 1
62 28 832.409729004 1
62 28 834.203063965 1
62 28 893.846313477 1
62 28 921.745727539 1
62 28 961.791503906 1
62 28 1064.40124512 1
62 28 1087.49401855 1
62 28 1153.93920898 1
62 28 1377.32434082 1
62 28 1498.52685547 1
62 28 1671.05603027 1
62 28 1703.30456543 1
62 29 718.403381348 1
62 29 771.568969727 1
62 29 774.979614258 1
62 29 790.500854492 1
62 29 819.126037598 1
62 29 901.289001465 1
62 29 910.146057129 1
62 29 964.292907715 1
62 29 1047.48291016 1
62 29 1151.42724609 1
62 29 1210.8614502 1
62 29 1343.1574707 1
62 29 1453.5111084 1
62 29 1659.88415527 1
62 30 682.071716309 1
62 30 778.293151855 1
62 30 929.724243164 1
62 30 990.894897461 1
62 30 1002.26147461 1
62 30 1058.65100098 1
62 30 1068.31652832 1
62 30 1271.57263184 1
62 31 666.290405273 1
62 31 772.010009766 1
62 31 822.828125 1
62 31 881.386413574 1
62 31 1000.31079102 1
62 31 1135.46875 1
62 31 2821.34130859 1
62 32 1094.5958252 1
63 19 1142.85949707 1
63 19 1429.23583984 1
63 19 1627.82885742 1
63 20 1111.00061035 1
63 20 1249.61938477 1
63 20 1337.70507812 1
63 20 1387.26367188 1
63 20 1414.68322754 1
63 20 1626.41333008 1
63 21 974.675354004 1
63 21 1185.55786133 1
63 21 3578.03515625 1
63 22 1056.12939453 1
63 22 1087.89489746 1
63 22 1316.60351562 1
63 22 2122.4296875 1
63 23 652.663208008 1
63 23 718.54119873 1
63 23 795.451721191 1
63 23 897.382568359 1
63 23 979.645446777 1
63 23 990.449890137 1
63 23 1139.26184082 1
63 23 1194.32702637 1
63 23 1291.2010498 1
63 23 1353.78088379 1
63 23 1382.96728516 1
63 23 1403.90319824 1
63 24 611.284362793 1
63 24 625.564880371 1
63 24 640.047607422 1
63 24 648.855712891 1
63 24 649.856994629 1
63 24 670.608276367 1
63 24 750.056335449 1
63 24 787.22644043 1
63 24 795.871948242 1
63 24 808.93157959 1
63 24 820.219970703 1
63 24 841.464599609 1
63 24 845.541381836 1
63 24 902.862854004 1
63 24 904.136779785 1
63 24 943.923950195 1
63 24 975.61328125 1
63 24 1065.09521484 1
63 24 1133.4765625 1
63 24 1168.22290039 1
63 24 1722.72277832 1
63 24 1727.4810791 1
63 25 435.689483643 1
63 25 436.008117676 1
63 25 452.309204102 1
63 25 468.971557617 1
63 25 480.465332031 1
63 25 487.13684082 1
63 25 487.155090332 1
63 25 498.233337402 1
63 25 504.213439941 1
63 25 514.292602539 1
63 25 520.415771484 1
63 25 537.958496094 1
63 25 539.708679199 1
63 25 541.499572754 1
63 25 547.58392334 1
63 25 552.186035156 1
63 25 554.774902344 1
63 25 562.450744629 1
63 25 565.114807129 1
63 25 573.57208252 1
63 25 588.936218262 1
63 25 589.340820312 1
63 25 592.144714355 1
63 25 602.635009766 1
63 25 608.892700195 1
63 25 615.467651367 1
63 25 618.78729248 1
63 25 619.682067871 1
63 25 620.274291992 1
63 25 624.669494629 1
63 25 625.352600098 1
63 25 628.754760742 1
63 25 655.326843262 1
63 25 668.54083252 1
63 25 673.64831543 1
63 25 736.439086914 1
63 25 745.547546387 1
63 25 766.473510742 1
63 25 830.360473633 1
63 25 839.731628418 1
63 25 842.336120605 1
63 25 852.625732422 1
63 25 864.500183105 1
63 25 876.725524902 1
63 25 886.915893555 1
63 25 890.411193848 1
63 25 950.110229492 1
63 25 961.874938965 1
63 25 1042.34777832 1
63 25 1091.59204102 1
63 25 1126.83300781 1
63 25 1179.47094727 1
63 25 1229.17553711 1
63 25 1232.69897461 1
63 25 1234.33435059 1
63 25 1331.49145508 1
63 25 1356.54150391 1
63 25 1709.5345459 1
63 26 337.334259033 1
63 26 348.862030029 1
63 26 361.773040771 1
63 26 362.06640625 1
63 26 366.223602295 1
63 26 374.071105957 1
63 26 377.774597168 1
63 26 378.833862305 1
63 26 381.839050293 1
63 26 382.777587891 1
63 26 382.845367432 1
63 26 386.831787109 1
63 26 389.806518555 1
63 26 393.287475586 1
63 26 394.655883789 1
63 26 397.028289795 1
63 26 397.885253906 1
63 26 403.204650879 1
63 26 404.997802734 1
63 26 405.571014404 1
63 26 408.151184082 1
63 26 409.841674805 1
63 26 414.73928833 1
63 26 419.146881104 1
63 26 420.294616699 1
63 26 427.977996826 1
63 26 428.408782959 1
63 26 430.650390625 1
63 26 431.856628418 1
63 26 432.844299316 1
63 26 433.973083496 1
63 26 437.209594727 1
63 26 439.87701416 1
63 26 442.982513428 1
63 26 444.870391846 1
63 26 445.007293701 1
63 26 448.125671387 1
63 26 450.859802246 1
63 26 452.416412354 1
63 26 452.948516846 1
63 26 453.240844727 1
63 26 453.815551758 1
63 26 454.12991333 1
63 26 456.564941406 1
63 26 457.548187256 1
63 26 460.710540771 1
63 26 462.502807617 1
63 26 464.475799561 1
63 26 465.664001465 1
63 26 469.229797363 1
63 26 475.635498047 1
63 26 476.392150879 1
63 26 476.883422852 1
63 26 481.565338135 1
63 26 491.495819092 1
63 26 492.547088623 1
63 26 492.716766357 1
63 26 497.184570312 1
63 26 497.993408203 1
63 26 498.869354248 1
63 26 501.186828613 1
63 26 502.916534424 1
63 26 505.035980225 1
63 26 508.799530029 1
63 26 508.874053955 1
63 26 517.176574707 1
63 26 528.658813477 1
63 26 528.888000488 1
63 26 529.081848145 1
63 26 530.600036621 1
63 26 531.530090332 1
63 26 533.493408203 1
63 26 533.672729492 1
63 26 536.364929199 1
63 26 539.053466797 1
63 26 542.389404297 1
63 26 544.190490723 1
63 26 547.913452148 1
63 26 554.24230957 1
63 26 555.920654297 1
63 26 561.722961426 1
63 26 583.247436523 1
63 26 586.914611816 1
63 26 589.053710938 1
63 26 590.106506348 1
63 26 597.810913086 1
63 26 598.76965332 1
63 26 606.611938477 1
63 26 613.49041748 1
63 26 616.638061523 1
63 26 627.135009766 1
63 26 631.333862305 1
63 26 639.663879395 1
63 26 640.175170898 1
63 26 651.692749023 1
63 26 653.743530273 1
63 26 654.168945312 1
63 26 666.573974609 1
63 26 667.724365234 1
63 26 677.33026123 1
63 26 680.945129395 1
63 26 681.699707031 1
63 26 686.380004883 1
63 26 687.164306641 1
63 26 698.815246582 1
63 26 715.614501953 1
63 26 721.433105469 1
63 26 723.063537598 1
63 26 735.618347168 1
63 26 760.269104004 1
63 26 788.753479004 1
63 26 791.743164062 1
63 26 819.401977539 1
63 26 836.254333496 1
63 26 863.269287109 1
63 26 866.453857422 1
63 26 870.981018066 1
63 26 877.721984863 1
63 26 900.682495117 1
63 26 930.43170166 1
63 26 958.69921875 1
63 26 992.698791504 1
63 26 999.92980957 1
63 26 1012.17950439 1
63 26 1046.64672852 1
63 26 1134.76489258 1
63 26 1177.67114258 1
63 26 1210.38171387 1
63 26 1237.85229492 1
63 26 1240.11877441 1
63 26 1343.63244629 1
63 26 1468.52380371 1
63 26 1783.70288086 1
63 26 2357.83911133 1
63 27 258.964477539 1
63 27 259.993133545 1
63 27 261.854522705 1
63 27 263.309234619 1
63 27 266.044464111 1
63 27 267.80166626 1
63 27 271.22958374 1
63 27 272.109191895 1
63 27 273.275848389 1
63 27 275.467712402 1
63 27 275.754669189 1
63 27 279.639404297 1
63 27 280.411743164 1
63 27 280.756469727 1
63 27 285.542022705 1
63 27 287.517059326 1
63 27 288.85546875 1
63 27 289.138397217 1
63 27 290.520385742 1
63 27 290.752288818 1
63 27 291.073150635 1
63 27 291.239868164 1
63 27 291.326324463 1
63 27 291.685943604 1
63 27 293.831756592 1
63 27 294.13192749 1
63 27 294.834320068 1
63 27 294.972808838 1
63 27 297.236480713 1
63 27 297.483612061 1
63 27 298.487335205 1
63 27 298.680450439 1
63 27 299.246276855 1
63 27 299.327301025 1
63 27 299.845153809 1
63 27 300.100006104 1
63 27 301.278686523 1
63 27 301.637145996 1
63 27 302.8359375 1
63 27 302.977905273 1
63 27 303.90826416 1
63 27 304.291290283 1
63 27 304.615264893 1
63 27 304.989593506 1
63 27 305.039550781 1
63 27 305.265808105 1
63 27 308.291381836 1
63 27 308.347259521 1
63 27 308.437774658 1
63 27 308.973022461 1
63 27 309.575927734 1
63 27 309.801483154 1
63 27 310.411102295 1
63 27 311.978210449 1
63 27 313.111938477 1
63 27 313.554901123 1
63 27 313.701812744 1
63 27 314.425292969 1
63 27 314.697143555 1
63 27 314.901031494 1
63 27 314.971069336 1
63 27 315.087921143 1
63 27 316.191741943 1
63 27 316.433197021 1
63 27 316.690246582 1
63 27 321.731140137 1
63 27 322.551208496 1
63 27 323.463928223 1
63 27 323.773529053 1
63 27 326.58404541 1
63 27 327.447265625 1
63 27 327.755249023 1
63 27 328.553619385 1
63 27 328.74319458 1
63 27 330.772674561 1
63 27 331.590881348 1
63 27 332.876098633 1
63 27 333.406860352 1
63 27 333.610992432 1
63 27 333.790710449 1
63 27 334.27456665 1
63 27 334.910766602 1
63 27 334.997955322 1
63 27 335.418548584 1
63 27 335.481231689 1
63 27 336.194824219 1
63 27 336.847625732 1
63 27 337.729827881 1
63 27 337.933807373 1
63 27 337.997741699 1
63 27 339.343780518 1
63 27 339.632171631 1
63 27 339.795043945 1
63 27 340.282012939 1
63 27 343.062469482 1
63 27 344.788635254 1
63 27 345.560546875 1
63 27 346.165008545 1
63 27 346.65512085 1
63 27 347.195770264 1
63 27 347.211608887 1
63 27 347.345581055 1
63 27 347.376281738 1
63 27 347.457397461 1
63 27 347.623077393 1
63 27 347.693939209 1
63 27 348.935272217 1
63 27 350.044250488 1
63 27 351.317352295 1
63 27 353.530700684 1
63 27 354.596832275 1
63 27 354.601287842 1
63 27 355.130706787 1
63 27 355.201049805 1
63 27 355.937225342 1
63 27 356.057250977 1
63 27 356.20690918 1
63 27 358.282440186 1
63 27 358.899658203 1
63 27 359.280914307 1
63 27 359.444488525 1
63 27 360.345947266 1
63 27 360.844482422 1
63 27 361.977935791 1
63 27 364.808624268 1
63 27 366.885437012 1
63 27 368.046142578 1
63 27 368.577026367 1
63 27 368.710449219 1
63 27 369.157409668 1
63 27 369.354675293 1
63 27 369.639892578 1
63 27 372.478790283 1
63 27 372.858428955 1
63 27 372.961181641 1
63 27 373.9503479 1
63 27 378.104125977 1
63 27 378.585083008 1
63 27 378.70324707 1
63 27 380.597900391 1
63 27 380.806671143 1
63 27 382.334716797 1
63 27 383.349395752 1
63 27 383.474487305 1
63 27 384.443359375 1
63 27 385.269470215 1
63 27 385.578613281 1
63 27 385.796142578 1
63 27 385.877258301 1
63 27 387.469512939 1
63 27 387.49810791 1
63 27 388.796630859 1
63 27 391.251190186 1
63 27 391.389831543 1
63 27 392.051300049 1
63 27 392.639312744 1
63 27 393.556945801 1
63 27 394.355987549 1
63 27 394.519592285 1
63 27 394.95614624 1
63 27 397.288482666 1
63 27 398.010070801 1
63 27 398.347961426 1
63 27 398.473449707 1
63 27 399.589202881 1
63 27 401.560058594 1
63 27 401.653991699 1
63 27 404.70324707 1
63 27 404.822174072 1
63 27 405.768493652 1
63 27 407.744140625 1
63 27 416.017974854 1
63 27 418.128143311 1
63 27 418.829620361 1
63 27 419.468170166 1
63 27 419.872680664 1
63 27 420.73324585 1
63 27 422.504608154 1
63 27 423.789886475 1
63 27 426.164306641 1
63 27 428.006835938 1
63 27 428.730072021 1
63 27 430.38381958 1
63 27 432.470794678 1
63 27 432.733612061 1
63 27 433.381896973 1
63 27 435.750091553 1
63 27 437.670440674 1
63 27 441.206848145 1
63 27 447.940795898 1
63 27 448.990600586 1
63 27 450.905273438 1
63 27 453.509765625 1
63 27 458.159362793 1
63 27 460.68572998 1
63 27 473.949279785 1
63 27 479.980743408 1
63 27 480.897796631 1
63 27 481.297515869 1
63 27 488.117553711 1
63 27 491.561157227 1
63 27 498.806091309 1
63 27 500.391357422 1
63 27 503.174407959 1
63 27 508.831939697 1
63 27 513.811340332 1
63 27 520.267578125 1
63 27 520.484191895 1
63 27 521.644042969 1
63 27 522.894714355 1
63 27 523.576049805 1
63 27 536.17010498 1
63 27 537.755859375 1
63 27 542.825561523 1
63 27 543.151794434 1
63 27 563.250732422 1
63 27 566.504760742 1
63 27 576.847595215 1
63 27 583.236755371 1
63 27 583.405395508 1
63 27 584.289245605 1
63 27 584.866882324 1
63 27 593.95135498 1
63 27 597.882019043 1
63 27 600.210632324 1
63 27 601.965698242 1
63 27 606.342834473 1
63 27 606.965942383 1
63 27 608.335083008 1
63 27 608.469909668 1
63 27 611.183532715 1
63 27 612.085754395 1
63 27 612.806640625 1
63 27 624.677185059 1
63 27 627.791931152 1
63 27 632.397644043 1
63 27 637.302124023 1
63 27 638.389892578 1
63 27 677.576660156 1
63 27 680.796142578 1
63 27 682.095031738 1
63 27 684.118713379 1
63 27 695.87121582 1
63 27 707.11315918 1
63 27 709.414916992 1
63 27 717.643188477 1
63 27 720.115844727 1
63 27 728.076782227 1
63 27 756.945129395 1
63 27 778.86541748 1
63 27 784.403564453 1
63 27 817.398620605 1
63 27 831.095458984 1
63 27 859.827758789 1
63 27 873.561218262 1
63 27 894.493530273 1
63 27 896.623779297 1
63 27 901.559936523 1
63 27 906.208129883 1
63 27 916.008850098 1
63 27 940.567749023 1
63 27 959.472473145 1
63 27 970.083740234 1
63 27 982.711120605 1
63 27 991.242492676 1
63 27 992.922119141 1
63 27 1025.10266113 1
63 27 1025.26586914 1
63 27 1049.98583984 1
63 27 1080.58178711 1
63 27 1145.74890137 1
63 27 1158.89172363 1
63 27 1176.13439941 1
63 27 1182.04785156 1
63 27 1276.1270752 1
63 27 1361.47106934 1
63 27 1361.50268555 1
63 27 1379.59301758 1
63 27 1420.61474609 1
63 27 1732.40710449 1
63 28 165.244995117 1
63 28 167.961456299 1
63 28 168.784164429 1
63 28 170.791763306 1
63 28 171.524581909 1
63 28 173.61605835 1
63 28 174.653823853 1
63 28 175.120132446 1
63 28 175.185379028 1
63 28 175.291732788 1
63 28 176.611557007 1
63 28 176.918563843 1
63 28 177.531005859 1
63 28 177.747772217 1
63 28 178.991165161 1
63 28 179.264038086 1
63 28 179.398864746 1
63 28 179.994003296 1
63 28 182.250289917 1
63 28 182.601165771 1
63 28 183.324874878 1
63 28 184.748901367 1
63 28 184.828979492 1
63 28 185.810974121 1
63 28 187.197494507 1
63 28 187.687835693 1
63 28 187.70413208 1
63 28 187.887039185 1
63 28 187.937667847 1
63 28 189.231445312 1
63 28 189.591339111 1
63 28 190.160751343 1
63 28 190.922851562 1
63 28 191.020950317 1
63 28 191.417449951 1
63 28 191.650115967 1
63 28 191.735412598 1
63 28 192.001693726 1
63 28 192.297775269 1
63 28 193.493499756 1
63 28 194.273910522 1
63 28 195.310668945 1
63 28 195.341552734 1
63 28 195.54498291 1
63 28 195.570251465 1
63 28 195.918228149 1
63 28 196.492401123 1
63 28 196.620391846 1
63 28 197.334106445 1
63 28 197.90927124 1
63 28 198.56211853 1
63 28 199.70161438 1
63 28 200.005233765 1
63 28 200.103683472 1
63 28 200.615264893 1
63 28 201.003845215 1
63 28 201.308334351 1
63 28 201.633575439 1
63 28 202.523925781 1
63 28 202.582183838 1
63 28 202.973220825 1
63 28 203.405548096 1
63 28 203.6769104 1
63 28 203.845001221 1
63 28 203.991714478 1
63 28 204.165725708 1
63 28 204.521865845 1
63 28 204.877227783 1
63 28 204.921112061 1
63 28 205.465286255 1
63 28 205.693939209 1
63 28 205.703567505 1
63 28 205.914031982 1
63 28 206.002029419 1
63 28 206.005126953 1
63 28 206.00994873 1
63 28 207.049102783 1
63 28 207.170455933 1
63 28 207.966522217 1
63 28 208.058135986 1
63 28 208.143157959 1
63 28 208.192825317 1
63 28 208.200424194 1
63 28 209.540115356 1
63 28 209.984695435 1
63 28 210.425247192 1
63 28 210.573898315 1
63 28 210.910110474 1
63 28 210.916015625 1
63 28 210.968658447 1
63 28 211.27255249 1
63 28 211.465057373 1
63 28 211.632400513 1
63 28 212.198394775 1
63 28 212.892456055 1
63 28 212.963790894 1
63 28 213.455490112 1
63 28 213.960372925 1
63 28 213.995910645 1
63 28 214.35925293 1
63 28 214.539138794 1
63 28 214.665817261 1
63 28 215.327453613 1
63 28 215.978759766 1
63 28 215.991516113 1
63 28 216.091583252 1
63 28 216.147598267 1
63 28 216.3568573 1
63 28 216.810623169 1
63 28 216.964385986 1
63 28 217.084274292 1
63 28 217.117462158 1
63 28 217.308990479 1
63 28 217.384689331 1
63 28 217.398178101 1
63 28 217.744415283 1
63 28 217.829116821 1
63 28 217.987411499 1
63 28 218.902114868 1
63 28 219.070861816 1
63 28 219.327392578 1
63 28 219.332397461 1
63 28 219.663482666 1
63 28 220.020782471 1
63 28 220.502441406 1
63 28 220.505706787 1
63 28 220.550170898 1
63 28 220.588516235 1
63 28 220.647216797 1
63 28 220.990264893 1
63 28 221.007705688 1
63 28 221.554428101 1
63 28 221.639709473 1
63 28 221.791702271 1
63 28 222.216583252 1
63 28 222.469268799 1
63 28 222.547515869 1
63 28 222.649337769 1
63 28 222.918182373 1
63 28 223.39805603 1
63 28 223.867431641 1
63 28 223.905548096 1
63 28 223.979782104 1
63 28 224.230117798 1
63 28 224.395889282 1
63 28 224.838134766 1
63 28 224.891876221 1
63 28 225.334655762 1
63 28 225.503570557 1
63 28 225.642654419 1
63 28 226.086410522 1
63 28 226.155532837 1
63 28 226.325378418 1
63 28 226.547653198 1
63 28 226.597091675 1
63 28 226.696487427 1
63 28 226.989959717 1
63 28 226.994247437 1
63 28 227.48928833 1
63 28 227.505249023 1
63 28 227.555755615 1
63 28 228.443939209 1
63 28 228.481903076 1
63 28 228.568405151 1
63 28 228.726974487 1
63 28 229.059204102 1
63 28 229.088546753 1
63 28 229.264755249 1
63 28 229.415664673 1
63 28 229.783493042 1
63 28 229.803421021 1
63 28 229.80696106 1
63 28 229.832290649 1
63 28 230.191864014 1
63 28 230.204177856 1
63 28 230.388763428 1
63 28 230.74446106 1
63 28 230.858963013 1
63 28 230.924163818 1
63 28 231.534866333 1
63 28 231.926559448 1
63 28 231.982498169 1
63 28 232.062561035 1
63 28 232.131530762 1
63 28 232.347549438 1
63 28 232.58757019 1
63 28 232.624801636 1
63 28 232.656860352 1
63 28 233.012054443 1
63 28 233.280715942 1
63 28 233.382629395 1
63 28 233.593170166 1
63 28 233.631866455 1
63 28 233.910873413 1
63 28 233.948822021 1
63 28 234.259185791 1
63 28 234.55569458 1
63 28 234.675964355 1
63 28 234.736358643 1
63 28 235.458496094 1
63 28 235.687667847 1
63 28 236.200302124 1
63 28 236.208328247 1
63 28 236.244873047 1
63 28 236.355804443 1
63 28 236.40838623 1
63 28 236.556991577 1
63 28 236.605865479 1
63 28 237.010696411 1
63 28 237.45324707 1
63 28 237.561660767 1
63 28 237.686782837 1
63 28 237.761474609 1
63 28 237.903549194 1
63 28 238.534805298 1
63 28 238.672729492 1
63 28 238.739013672 1
63 28 239.096054077 1
63 28 239.401794434 1
63 28 240.050338745 1
63 28 240.155654907 1
63 28 240.718185425 1
63 28 241.232833862 1
63 28 241.322692871 1
63 28 242.201553345 1
63 28 242.466339111 1
63 28 242.56401062 1
63 28 243.216217041 1
63 28 243.304702759 1
63 28 243.421798706 1
63 28 243.457977295 1
63 28 243.838729858 1
63 28 243.841003418 1
63 28 244.26701355 1
63 28 244.641860962 1
63 28 244.72744751 1
63 28 244.899398804 1
63 28 245.258468628 1
63 28 245.33392334 1
63 28 245.811294556 1
63 28 247.19694519 1
63 28 247.33833313 1
63 28 247.733505249 1
63 28 247.782272339 1
63 28 247.805755615 1
63 28 247.979431152 1
63 28 248.23147583 1
63 28 248.284500122 1
63 28 248.507034302 1
63 28 249.134796143 1
63 28 249.648971558 1
63 28 249.721572876 1
63 28 249.725570679 1
63 28 249.812698364 1
63 28 250.099899292 1
63 28 250.198471069 1
63 28 250.292388916 1
63 28 250.36289978 1
63 28 250.53163147 1
63 28 250.85395813 1
63 28 251.374343872 1
63 28 252.03956604 1
63 28 252.903427124 1
63 28 252.938476562 1
63 28 253.352401733 1
63 28 253.445983887 1
63 28 253.896636963 1
63 28 254.330276489 1
63 28 254.383758545 1
63 28 254.793365479 1
63 28 254.932128906 1
63 28 255.148422241 1
63 28 255.570724487 1
63 28 256.57421875 1
63 28 256.749847412 1
63 28 256.869689941 1
63 28 257.313171387 1
63 28 257.511779785 1
63 28 257.648498535 1
63 28 257.697570801 1
63 28 257.751098633 1
63 28 258.030395508 1
63 28 258.587005615 1
63 28 258.883972168 1
63 28 259.890594482 1
63 28 260.064117432 1
63 28 260.385559082 1
63 28 261.59942627 1
63 28 261.636474609 1
63 28 261.827758789 1
63 28 262.340820312 1
63 28 262.541992188 1
63 28 262.698730469 1
63 28 262.74899292 1
63 28 262.790313721 1
63 28 263.560516357 1
63 28 263.959472656 1
63 28 264.715301514 1
63 28 265.044494629 1
63 28 265.614776611 1
63 28 265.768035889 1
63 28 266.268676758 1
63 28 266.481536865 1
63 28 267.383514404 1
63 28 268.057312012 1
63 28 269.087982178 1
63 28 269.580932617 1
63 28 269.586669922 1
63 28 270.42666626 1
63 28 270.632019043 1
63 28 270.81854248 1
63 28 270.944213867 1
63 28 271.147064209 1
63 28 271.882171631 1
63 28 272.009796143 1
63 28 272.084716797 1
63 28 272.112609863 1
63 28 272.48059082 1
63 28 272.567993164 1
63 28 272.969573975 1
63 28 273.309997559 1
63 28 273.628112793 1
63 28 274.198059082 1
63 28 274.619934082 1
63 28 274.982666016 1
63 28 275.126281738 1
63 28 276.119476318 1
63 28 278.048492432 1
63 28 278.48236084 1
63 28 278.681121826 1
63 28 279.121704102 1
63 28 280.336853027 1
63 28 280.630004883 1
63 28 280.746795654 1
63 28 282.848693848 1
63 28 282.937194824 1
63 28 283.06262207 1
63 28 283.349487305 1
63 28 283.359832764 1
63 28 283.370422363 1
63 28 284.325195312 1
63 28 284.466369629 1
63 28 284.539855957 1
63 28 284.922729492 1
63 28 286.865447998 1
63 28 287.012115479 1
63 28 287.099609375 1
63 28 287.563079834 1
63 28 287.939453125 1
63 28 288.790374756 1
63 28 289.706878662 1
63 28 291.69934082 1
63 28 291.994812012 1
63 28 292.286956787 1
63 28 292.418945312 1
63 28 292.559051514 1
63 28 294.643981934 1
63 28 296.550262451 1
63 28 297.332305908 1
63 28 297.818603516 1
63 28 297.835144043 1
63 28 297.84185791 1
63 28 297.881408691 1
63 28 298.306182861 1
63 28 298.319549561 1
63 28 298.998321533 1
63 28 299.067932129 1
63 28 299.099456787 1
63 28 299.901702881 1
63 28 300.160675049 1
63 28 301.911437988 1
63 28 303.676300049 1
63 28 304.02935791 1
63 28 304.821014404 1
63 28 307.779907227 1
63 28 308.013336182 1
63 28 308.254058838 1
63 28 310.260772705 1
63 28 310.986450195 1
63 28 311.483917236 1
63 28 311.948638916 1
63 28 312.001800537 1
63 28 313.159484863 1
63 28 313.511993408 1
63 28 313.939056396 1
63 28 314.240112305 1
63 28 314.776519775 1
63 28 316.478118896 1
63 28 317.40802002 1
63 28 317.879119873 1
63 28 318.017272949 1
63 28 318.230438232 1
63 28 318.794189453 1
63 28 318.8934021 1
63 28 320.169128418 1
63 28 320.271942139 1
63 28 320.581665039 1
63 28 321.00491333 1
63 28 321.715240479 1
63 28 321.76260376 1
63 28 322.533813477 1
63 28 326.601928711 1
63 28 329.453857422 1
63 28 329.72567749 1
63 28 331.204406738 1
63 28 332.595489502 1
63 28 332.679962158 1
63 28 332.821990967 1
63 28 333.038970947 1
63 28 333.587432861 1
63 28 334.60269165 1
63 28 335.311218262 1
63 28 336.380584717 1
63 28 338.195251465 1
63 28 338.617553711 1
63 28 340.010009766 1
63 28 340.41809082 1
63 28 344.845397949 1
63 28 344.920043945 1
63 28 348.132415771 1
63 28 348.27532959 1
63 28 350.293670654 1
63 28 352.101776123 1
63 28 353.181762695 1
63 28 355.798309326 1
63 28 357.136810303 1
63 28 357.577148438 1
63 28 357.857330322 1
63 28 361.360321045 1
63 28 365.681884766 1
63 28 366.428100586 1
63 28 369.006835938 1
63 28 370.153137207 1
63 28 370.571472168 1
63 28 371.904144287 1
63 28 371.962249756 1
63 28 373.680847168 1
63 28 374.522155762 1
63 28 374.619018555 1
63 28 375.025360107 1
63 28 375.791503906 1
63 28 376.243377686 1
63 28 377.797729492 1
63 28 379.683197021 1
63 28 384.516845703 1
63 28 384.747833252 1
63 28 385.558624268 1
63 28 385.742736816 1
63 28 387.71987915 1
63 28 388.424285889 1
63 28 388.905273438 1
63 28 390.369659424 1
63 28 392.338806152 1
63 28 395.889160156 1
63 28 398.220336914 1
63 28 399.742828369 1
63 28 399.942565918 1
63 28 402.472961426 1
63 28 403.981262207 1
63 28 407.954742432 1
63 28 409.693878174 1
63 28 409.914703369 1
63 28 410.264678955 1
63 28 416.055145264 1
63 28 416.872589111 1
63 28 418.784820557 1
63 28 420.536682129 1
63 28 430.96282959 1
63 28 434.881439209 1
63 28 438.105072021 1
63 28 439.520019531 1
63 28 441.423431396 1
63 28 447.486877441 1
63 28 447.575256348 1
63 28 449.129455566 1
63 28 451.802703857 1
63 28 457.179412842 1
63 28 458.613739014 1
63 28 462.37612915 1
63 28 465.507110596 1
63 28 467.014373779 1
63 28 468.626708984 1
63 28 470.680328369 1
63 28 471.768157959 1
63 28 472.642456055 1
63 28 483.237670898 1
63 28 483.963684082 1
63 28 488.469055176 1
63 28 492.336151123 1
63 28 493.743927002 1
63 28 494.063537598 1
63 28 495.33996582 1
63 28 496.517974854 1
63 28 497.791625977 1
63 28 498.195861816 1
63 28 498.972015381 1
63 28 499.81048584 1
63 28 500.094085693 1
63 28 503.573608398 1
63 28 509.278930664 1
63 28 513.612060547 1
63 28 515.459655762 1
63 28 517.774353027 1
63 28 523.372741699 1
63 28 537.386352539 1
63 28 540.785766602 1
63 28 543.712158203 1
63 28 549.015991211 1
63 28 556.883422852 1
63 28 564.546813965 1
63 28 565.684875488 1
63 28 567.90045166 1
63 28 567.921386719 1
63 28 568.224365234 1
63 28 571.689758301 1
63 28 572.379211426 1
63 28 582.406066895 1
63 28 586.031982422 1
63 28 591.170043945 1
63 28 593.203369141 1
63 28 594.53326416 1
63 28 595.75378418 1
63 28 596.928894043 1
63 28 602.760253906 1
63 28 605.850036621 1
63 28 606.11907959 1
63 28 606.863037109 1
63 28 614.8203125 1
63 28 615.341064453 1
63 28 617.036804199 1
63 28 620.03338623 1
63 28 623.260070801 1
63 28 642.570861816 1
63 28 654.339111328 1
63 28 655.179321289 1
63 28 655.180175781 1
63 28 657.171264648 1
63 28 661.148925781 1
63 28 674.654174805 1
63 28 727.061035156 1
63 28 740.09552002 1
63 28 741.738464355 1
63 28 748.424377441 1
63 28 754.088134766 1
63 28 763.19708252 1
63 28 771.665039062 1
63 28 784.216552734 1
63 28 794.650146484 1
63 28 798.487915039 1
63 28 815.602661133 1
63 28 831.10925293 1
63 28 844.275939941 1
63 28 851.29473877 1
63 28 853.359863281 1
63 28 862.318786621 1
63 28 862.344360352 1
63 28 863.382385254 1
63 28 866.325927734 1
63 28 885.689819336 1
63 28 895.775817871 1
63 28 920.223632812 1
63 28 929.624938965 1
63 28 962.929504395 1
63 28 980.578186035 1
63 28 1025.05712891 1
63 28 1035.08178711 1
63 28 1040.3013916 1
63 28 1064.26257324 1
63 28 1071.08422852 1
63 28 1075.51525879 1
63 28 1081.36352539 1
63 28 1092.64465332 1
63 28 1106.17980957 1
63 28 1136.97180176 1
63 28 1161.99047852 1
63 28 1163.07910156 1
63 28 1243.29589844 1
63 28 1308.36340332 1
63 28 1468.70532227 1
63 28 1524.18359375 1
63 28 1663.21655273 1
63 28 1847.43139648 1
63 28 1880.25012207 1
63 28 2052.4465332 1
63 29 84.5316238403 1
63 29 85.7613601685 1
63 29 85.935218811 1
63 29 86.0578155518 1
63 29 86.2944793701 1
63 29 87.2743530273 1
63 29 87.8116836548 1
63 29 87.8947753906 1
63 29 87.9229888916 1
63 29 87.9691390991 1
63 29 88.2469940186 1
63 29 88.5146026611 1
63 29 88.7616119385 1
63 29 88.9663009644 1
63 29 89.2143173218 1
63 29 89.3715438843 1
63 29 89.5913925171 1
63 29 89.9473571777 1
63 29 90.3902359009 1
63 29 91.1521224976 1
63 29 91.2464141846 1
63 29 91.2479248047 1
63 29 91.3955535889 1
63 29 91.6842651367 1
63 29 92.0178909302 1
63 29 92.1157608032 1
63 29 92.6058273315 1
63 29 92.8565826416 1
63 29 92.8844604492 1
63 29 92.9623641968 1
63 29 93.3467636108 1
63 29 93.6519012451 1
63 29 93.7859039307 1
63 29 94.0078887939 1
63 29 94.0257949829 1
63 29 94.0662765503 1
63 29 94.2234191895 1
63 29 94.3431549072 1
63 29 94.412727356 1
63 29 94.4905929565 1
63 29 94.4967651367 1
63 29 94.8757171631 1
63 29 94.9336013794 1
63 29 94.9959411621 1
63 29 95.0243911743 1
63 29 95.1116256714 1
63 29 95.2752532959 1
63 29 95.4420776367 1
63 29 95.6791687012 1
63 29 95.8899002075 1
63 29 96.2939605713 1
63 29 96.3149642944 1
63 29 97.073059082 1
63 29 97.1973342896 1
63 29 97.2166213989 1
63 29 97.4028167725 1
63 29 97.4280014038 1
63 29 97.463760376 1
63 29 97.6165847778 1
63 29 97.6388473511 1
63 29 97.9783630371 1
63 29 98.1054611206 1
63 29 98.1920700073 1
63 29 98.3256759644 1
63 29 98.5428390503 1
63 29 98.5472259521 1
63 29 98.9134521484 1
63 29 99.1320953369 1
63 29 99.1524505615 1
63 29 99.3345565796 1
63 29 99.5347290039 1
63 29 99.6646575928 1
63 29 99.758392334 1
63 29 99.942779541 1
63 29 99.9479064941 1
63 29 100.129951477 1
63 29 100.158203125 1
63 29 100.21836853 1
63 29 100.244247437 1
63 29 100.264358521 1
63 29 100.346549988 1
63 29 100.961723328 1
63 29 101.262992859 1
63 29 101.335662842 1
63 29 101.38306427 1
63 29 101.59916687 1
63 29 101.610488892 1
63 29 101.636756897 1
63 29 101.796661377 1
63 29 101.807449341 1
63 29 101.905349731 1
63 29 101.973609924 1
63 29 102.058410645 1
63 29 102.191940308 1
63 29 102.20009613 1
63 29 102.280929565 1
63 29 102.302276611 1
63 29 102.313308716 1
63 29 102.393135071 1
63 29 102.394523621 1
63 29 102.414428711 1
63 29 102.495262146 1
63 29 102.749313354 1
63 29 102.846855164 1
63 29 103.007949829 1
63 29 103.025268555 1
63 29 103.025566101 1
63 29 103.211265564 1
63 29 103.214866638 1
63 29 103.291481018 1
63 29 103.376396179 1
63 29 103.493362427 1
63 29 103.531639099 1
63 29 103.61946106 1
63 29 103.843902588 1
63 29 103.889587402 1
63 29 103.997047424 1
63 29 103.999420166 1
63 29 104.262031555 1
63 29 104.781311035 1
63 29 104.895111084 1
63 29 104.912963867 1
63 29 104.919555664 1
63 29 105.036460876 1
63 29 105.259750366 1
63 29 105.281448364 1
63 29 105.299110413 1
63 29 105.464447021 1
63 29 105.489631653 1
63 29 105.611114502 1
63 29 105.650444031 1
63 29 105.772972107 1
63 29 105.786697388 1
63 29 105.96812439 1
63 29 105.991630554 1
63 29 106.158706665 1
63 29 106.201637268 1
63 29 106.224128723 1
63 29 106.243522644 1
63 29 106.392578125 1
63 29 106.428939819 1
63 29 106.45526123 1
63 29 106.532287598 1
63 29 106.632194519 1
63 29 106.87046814 1
63 29 106.911132812 1
63 29 107.158462524 1
63 29 107.188171387 1
63 29 107.282073975 1
63 29 107.330291748 1
63 29 107.584701538 1
63 29 107.591506958 1
63 29 107.601760864 1
63 29 107.711853027 1
63 29 107.754341125 1
63 29 107.765541077 1
63 29 107.887077332 1
63 29 108.085983276 1
63 29 108.087013245 1
63 29 108.174308777 1
63 29 108.378311157 1
63 29 108.520027161 1
63 29 108.564804077 1
63 29 108.754295349 1
63 29 108.782417297 1
63 29 108.833526611 1
63 29 109.039741516 1
63 29 109.051147461 1
63 29 109.162223816 1
63 29 109.173141479 1
63 29 109.182182312 1
63 29 109.262924194 1
63 29 109.472145081 1
63 29 109.528190613 1
63 29 109.528495789 1
63 29 109.5366745 1
63 29 109.568504333 1
63 29 109.61782074 1
63 29 109.619094849 1
63 29 109.806777954 1
63 29 109.851264954 1
63 29 109.861351013 1
63 29 109.924186707 1
63 29 109.928184509 1
63 29 109.991172791 1
63 29 110.02671051 1
63 29 110.061630249 1
63 29 110.321746826 1
63 29 110.561714172 1
63 29 110.758552551 1
63 29 110.826446533 1
63 29 111.054023743 1
63 29 111.10496521 1
63 29 111.168579102 1
63 29 111.378463745 1
63 29 111.495292664 1
63 29 111.523628235 1
63 29 111.530349731 1
63 29 111.84488678 1
63 29 111.856445312 1
63 29 111.859977722 1
63 29 111.977798462 1
63 29 112.070831299 1
63 29 112.157066345 1
63 29 112.193603516 1
63 29 112.315689087 1
63 29 112.484115601 1
63 29 112.487808228 1
63 29 112.517341614 1
63 29 112.675926208 1
63 29 112.705375671 1
63 29 112.73853302 1
63 29 112.921020508 1
63 29 113.001052856 1
63 29 113.081626892 1
63 29 113.135559082 1
63 29 113.155265808 1
63 29 113.16683197 1
63 29 113.1668396 1
63 29 113.182891846 1
63 29 113.226791382 1
63 29 113.248466492 1
63 29 113.312866211 1
63 29 113.319847107 1
63 29 113.408996582 1
63 29 113.546218872 1
63 29 113.549613953 1
63 29 113.633880615 1
63 29 113.67540741 1
63 29 113.727653503 1
63 29 113.737602234 1
63 29 114.079483032 1
63 29 114.368537903 1
63 29 114.373901367 1
63 29 114.386054993 1
63 29 114.435264587 1
63 29 114.5233078 1
63 29 114.549728394 1
63 29 114.574653625 1
63 29 114.584365845 1
63 29 114.794708252 1
63 29 115.016365051 1
63 29 115.027999878 1
63 29 115.039344788 1
63 29 115.059494019 1
63 29 115.120414734 1
63 29 115.257064819 1
63 29 115.332527161 1
63 29 115.845947266 1
63 29 115.880996704 1
63 29 115.892654419 1
63 29 115.903381348 1
63 29 115.947761536 1
63 29 115.957260132 1
63 29 116.006401062 1
63 29 116.023170471 1
63 29 116.086624146 1
63 29 116.162605286 1
63 29 116.23815155 1
63 29 116.285308838 1
63 29 116.304519653 1
63 29 116.612747192 1
63 29 116.676490784 1
63 29 116.680671692 1
63 29 116.688735962 1
63 29 116.691543579 1
63 29 116.77897644 1
63 29 116.898643494 1
63 29 116.928131104 1
63 29 117.051376343 1
63 29 117.162338257 1
63 29 117.246307373 1
63 29 117.364234924 1
63 29 117.408149719 1
63 29 117.615844727 1
63 29 117.621482849 1
63 29 117.71269989 1
63 29 117.741142273 1
63 29 117.777854919 1
63 29 117.815361023 1
63 29 117.889328003 1
63 29 117.902603149 1
63 29 118.080192566 1
63 29 118.108345032 1
63 29 118.110786438 1
63 29 118.12776947 1
63 29 118.714622498 1
63 29 118.772277832 1
63 29 118.807037354 1
63 29 118.899719238 1
63 29 119.121520996 1
63 29 119.182525635 1
63 29 119.215621948 1
63 29 119.270240784 1
63 29 119.318260193 1
63 29 119.389526367 1
63 29 119.430664062 1
63 29 119.496513367 1
63 29 119.583526611 1
63 29 119.683113098 1
63 29 119.71018219 1
63 29 119.75818634 1
63 29 119.889389038 1
63 29 119.950080872 1
63 29 119.992652893 1
63 29 120.091491699 1
63 29 120.148841858 1
63 29 120.341644287 1
63 29 120.69329834 1
63 29 120.723358154 1
63 29 120.834701538 1
63 29 120.937217712 1
63 29 120.938430786 1
63 29 120.965499878 1
63 29 120.966453552 1
63 29 120.968025208 1
63 29 121.080665588 1
63 29 121.087295532 1
63 29 121.147949219 1
63 29 121.157791138 1
63 29 121.306007385 1
63 29 121.350631714 1
63 29 121.379760742 1
63 29 121.425468445 1
63 29 121.490737915 1
63 29 121.654006958 1
63 29 121.750968933 1
63 29 121.92111969 1
63 29 121.992935181 1
63 29 122.09450531 1
63 29 122.217773438 1
63 29 122.411026001 1
63 29 122.417114258 1
63 29 122.419708252 1
63 29 122.450996399 1
63 29 122.526077271 1
63 29 122.641334534 1
63 29 122.782798767 1
63 29 122.836235046 1
63 29 122.954673767 1
63 29 123.126152039 1
63 29 123.258811951 1
63 29 123.345787048 1
63 29 123.429618835 1
63 29 123.460968018 1
63 29 123.545036316 1
63 29 123.601264954 1
63 29 123.617195129 1
63 29 123.625282288 1
63 29 123.85357666 1
63 29 123.872413635 1
63 29 123.911903381 1
63 29 123.917030334 1
63 29 123.950294495 1
63 29 123.981964111 1
63 29 124.16418457 1
63 29 124.18914032 1
63 29 124.281890869 1
63 29 124.423667908 1
63 29 124.434112549 1
63 29 124.43447876 1
63 29 124.511962891 1
63 29 124.666679382 1
63 29 124.731513977 1
63 29 124.760551453 1
63 29 124.907279968 1
63 29 124.977920532 1
63 29 125.080444336 1
63 29 125.237167358 1
63 29 125.261741638 1
63 29 125.335441589 1
63 29 125.391738892 1
63 29 125.485496521 1
63 29 125.551017761 1
63 29 125.588676453 1
63 29 125.717765808 1
63 29 125.725402832 1
63 29 125.813606262 1
63 29 125.848457336 1
63 29 125.864242554 1
63 29 125.932922363 1
63 29 126.034545898 1
63 29 126.085968018 1
63 29 126.173347473 1
63 29 126.469612122 1
63 29 126.644454956 1
63 29 126.721664429 1
63 29 126.990837097 1
63 29 127.098136902 1
63 29 127.298553467 1
63 29 127.374450684 1
63 29 127.546455383 1
63 29 127.654243469 1
63 29 127.674591064 1
63 29 127.735816956 1
63 29 127.802772522 1
63 29 127.8282547 1
63 29 127.854942322 1
63 29 128.06427002 1
63 29 128.074569702 1
63 29 128.120300293 1
63 29 128.123001099 1
63 29 128.264953613 1
63 29 128.296966553 1
63 29 128.510528564 1
63 29 128.575515747 1
63 29 128.589813232 1
63 29 128.610916138 1
63 29 128.654418945 1
63 29 128.722473145 1
63 29 128.964675903 1
63 29 128.992828369 1
63 29 129.058685303 1
63 29 129.163345337 1
63 29 129.196243286 1
63 29 129.203186035 1
63 29 129.267303467 1
63 29 129.330230713 1
63 29 129.517578125 1
63 29 129.672897339 1
63 29 129.725662231 1
63 29 129.729507446 1
63 29 129.822052002 1
63 29 129.846817017 1
63 29 129.86076355 1
63 29 129.979034424 1
63 29 130.061584473 1
63 29 130.218734741 1
63 29 130.257766724 1
63 29 130.389892578 1
63 29 130.398925781 1
63 29 130.442169189 1
63 29 130.486206055 1
63 29 130.610229492 1
63 29 130.636184692 1
63 29 130.642654419 1
63 29 130.776153564 1
63 29 130.864654541 1
63 29 130.918685913 1
63 29 130.963348389 1
63 29 131.157119751 1
63 29 131.298690796 1
63 29 131.320114136 1
63 29 131.403518677 1
63 29 131.883651733 1
63 29 132.085601807 1
63 29 132.268371582 1
63 29 132.27494812 1
63 29 132.525466919 1
63 29 132.615890503 1
63 29 132.828140259 1
63 29 132.838973999 1
63 29 133.014007568 1
63 29 133.399765015 1
63 29 133.444534302 1
63 29 133.583282471 1
63 29 133.605773926 1
63 29 133.691604614 1
63 29 133.749404907 1
63 29 133.941421509 1
63 29 134.007339478 1
63 29 134.008117676 1
63 29 134.02772522 1
63 29 134.031051636 1
63 29 134.306289673 1
63 29 134.454574585 1
63 29 134.590621948 1
63 29 134.621032715 1
63 29 134.648208618 1
63 29 134.724578857 1
63 29 134.782211304 1
63 29 134.982467651 1
63 29 134.99621582 1
63 29 135.081817627 1
63 29 135.141372681 1
63 29 135.330276489 1
63 29 135.592071533 1
63 29 135.617401123 1
63 29 135.636535645 1
63 29 135.724609375 1
63 29 135.939468384 1
63 29 136.059814453 1
63 29 136.071212769 1
63 29 136.216995239 1
63 29 136.239761353 1
63 29 136.247558594 1
63 29 136.27444458 1
63 29 136.38684082 1
63 29 136.387680054 1
63 29 136.432754517 1
63 29 136.550567627 1
63 29 136.55241394 1
63 29 136.555618286 1
63 29 136.812957764 1
63 29 136.824874878 1
63 29 136.897293091 1
63 29 136.97164917 1
63 29 136.984588623 1
63 29 137.144287109 1
63 29 137.172592163 1
63 29 137.283065796 1
63 29 137.299499512 1
63 29 137.310424805 1
63 29 137.399963379 1
63 29 137.56892395 1
63 29 137.656326294 1
63 29 137.70916748 1
63 29 137.790084839 1
63 29 138.004257202 1
63 29 138.011779785 1
63 29 138.028747559 1
63 29 138.303421021 1
63 29 138.418334961 1
63 29 138.584396362 1
63 29 138.588790894 1
63 29 138.631530762 1
63 29 138.691741943 1
63 29 138.693161011 1
63 29 138.881362915 1
63 29 138.903930664 1
63 29 138.927871704 1
63 29 138.949829102 1
63 29 139.20173645 1
63 29 139.234039307 1
63 29 139.286880493 1
63 29 139.322265625 1
63 29 139.370529175 1
63 29 139.399673462 1
63 29 139.433288574 1
63 29 139.480865479 1
63 29 139.518463135 1
63 29 139.519332886 1
63 29 139.679031372 1
63 29 139.697189331 1
63 29 139.88343811 1
63 29 139.986022949 1
63 29 140.062026978 1
63 29 140.11076355 1
63 29 140.36706543 1
63 29 140.377944946 1
63 29 140.385940552 1
63 29 140.443389893 1
63 29 140.491851807 1
63 29 140.526412964 1
63 29 140.690826416 1
63 29 140.805679321 1
63 29 140.811569214 1
63 29 140.824188232 1
63 29 140.849380493 1
63 29 141.141738892 1
63 29 141.162918091 1
63 29 141.270584106 1
63 29 141.27180481 1
63 29 141.369659424 1
63 29 141.545669556 1
63 29 141.615219116 1
63 29 141.662139893 1
63 29 141.67515564 1
63 29 141.726867676 1
63 29 141.800765991 1
63 29 141.80480957 1
63 29 141.846130371 1
63 29 142.027862549 1
63 29 142.174285889 1
63 29 142.228851318 1
63 29 142.346557617 1
63 29 142.365707397 1
63 29 142.499404907 1
63 29 142.557418823 1
63 29 142.671981812 1
63 29 142.718032837 1
63 29 142.778656006 1
63 29 142.799972534 1
63 29 142.854888916 1
63 29 142.880981445 1
63 29 143.036987305 1
63 29 143.110153198 1
63 29 143.309738159 1
63 29 143.355270386 1
63 29 143.364059448 1
63 29 143.402770996 1
63 29 143.402877808 1
63 29 143.567581177 1
63 29 143.659683228 1
63 29 143.664489746 1
63 29 143.790542603 1
63 29 143.864883423 1
63 29 144.139465332 1
63 29 144.159286499 1
63 29 144.265686035 1
63 29 144.323318481 1
63 29 144.406051636 1
63 29 144.408401489 1
63 29 144.427825928 1
63 29 144.479248047 1
63 29 144.48727417 1
63 29 144.503799438 1
63 29 144.757232666 1
63 29 144.796310425 1
63 29 144.817611694 1
63 29 144.863708496 1
63 29 144.969284058 1
63 29 145.053878784 1
63 29 145.157577515 1
63 29 145.23600769 1
63 29 145.339263916 1
63 29 145.421905518 1
63 29 145.424804688 1
63 29 145.612808228 1
63 29 145.778778076 1
63 29 145.837997437 1
63 29 145.883636475 1
63 29 145.889221191 1
63 29 145.921554565 1
63 29 145.939575195 1
63 29 145.986785889 1
63 29 146.081329346 1
63 29 146.120697021 1
63 29 146.149337769 1
63 29 146.197875977 1
63 29 146.252716064 1
63 29 146.281860352 1
63 29 146.329238892 1
63 29 146.407852173 1
63 29 146.416046143 1
63 29 146.57661438 1
63 29 146.640670776 1
63 29 146.672149658 1
63 29 146.690460205 1
63 29 146.852798462 1
63 29 146.963531494 1
63 29 146.977661133 1
63 29 147.084960938 1
63 29 147.159851074 1
63 29 147.237548828 1
63 29 147.332229614 1
63 29 147.337371826 1
63 29 147.446670532 1
63 29 147.522506714 1
63 29 147.552902222 1
63 29 147.565032959 1
63 29 147.762390137 1
63 29 147.825531006 1
63 29 147.910385132 1
63 29 147.955169678 1
63 29 147.998550415 1
63 29 148.100006104 1
63 29 148.286575317 1
63 29 148.323471069 1
63 29 148.357925415 1
63 29 148.475814819 1
63 29 148.541595459 1
63 29 148.556503296 1
63 29 148.619338989 1
63 29 148.645965576 1
63 29 149.170532227 1
63 29 149.171615601 1
63 29 149.203613281 1
63 29 149.335372925 1
63 29 149.417449951 1
63 29 149.419219971 1
63 29 149.451339722 1
63 29 149.484130859 1
63 29 149.53666687 1
63 29 149.601837158 1
63 29 149.788146973 1
63 29 149.820266724 1
63 29 149.895126343 1
63 29 149.898468018 1
63 29 149.963165283 1
63 29 150.073226929 1
63 29 150.075073242 1
63 29 150.196640015 1
63 29 150.246795654 1
63 29 150.256866455 1
63 29 150.282745361 1
63 29 150.410873413 1
63 29 150.639007568 1
63 29 150.688659668 1
63 29 150.71937561 1
63 29 150.811172485 1
63 29 150.972839355 1
63 29 151.117202759 1
63 29 151.129043579 1
63 29 151.211914062 1
63 29 151.251968384 1
63 29 151.300949097 1
63 29 151.338287354 1
63 29 151.431610107 1
63 29 151.450088501 1
63 29 151.472000122 1
63 29 151.492324829 1
63 29 151.612106323 1
63 29 151.630386353 1
63 29 151.642333984 1
63 29 151.745452881 1
63 29 151.821563721 1
63 29 151.828140259 1
63 29 151.841522217 1
63 29 151.845687866 1
63 29 151.9815979 1
63 29 151.999038696 1
63 29 152.025848389 1
63 29 152.065673828 1
63 29 152.105224609 1
63 29 152.12361145 1
63 29 152.192687988 1
63 29 152.263381958 1
63 29 152.430892944 1
63 29 152.470321655 1
63 29 152.479904175 1
63 29 152.515289307 1
63 29 152.702484131 1
63 29 152.825668335 1
63 29 152.84664917 1
63 29 152.961791992 1
63 29 152.973648071 1
63 29 152.994552612 1
63 29 153.03074646 1
63 29 153.075714111 1
63 29 153.077774048 1
63 29 153.219787598 1
63 29 153.230300903 1
63 29 153.238510132 1
63 29 153.243911743 1
63 29 153.405990601 1
63 29 153.456222534 1
63 29 153.515625 1
63 29 153.698532104 1
63 29 153.760665894 1
63 29 153.767868042 1
63 29 154.082382202 1
63 29 154.193206787 1
63 29 154.309570312 1
63 29 154.317657471 1
63 29 154.411834717 1
63 29 154.432327271 1
63 29 154.51423645 1
63 29 154.52734375 1
63 29 154.536132812 1
63 29 154.575820923 1
63 29 154.644592285 1
63 29 154.661911011 1
63 29 154.665222168 1
63 29 154.712646484 1
63 29 154.719741821 1
63 29 154.73475647 1
63 29 154.932952881 1
63 29 154.934631348 1
63 29 154.977142334 1
63 29 155.048904419 1
63 29 155.141342163 1
63 29 155.238693237 1
63 29 155.31590271 1
63 29 155.332931519 1
63 29 155.401596069 1
63 29 155.4921875 1
63 29 155.501159668 1
63 29 155.504852295 1
63 29 155.572799683 1
63 29 155.705673218 1
63 29 155.725234985 1
63 29 155.761184692 1
63 29 155.804244995 1
63 29 155.860717773 1
63 29 155.864227295 1
63 29 155.957855225 1
63 29 155.998001099 1
63 29 156.069259644 1
63 29 156.099273682 1
63 29 156.165817261 1
63 29 156.212600708 1
63 29 156.335281372 1
63 29 156.506790161 1
63 29 156.630477905 1
63 29 156.632339478 1
63 29 156.690536499 1
63 29 156.72668457 1
63 29 156.73147583 1
63 29 156.898727417 1
63 29 156.965332031 1
63 29 157.20249939 1
63 29 157.437683105 1
63 29 157.565414429 1
63 29 157.682647705 1
63 29 157.734481812 1
63 29 157.763473511 1
63 29 157.797393799 1
63 29 157.800628662 1
63 29 157.827331543 1
63 29 157.95703125 1
63 29 157.987350464 1
63 29 157.992996216 1
63 29 158.075561523 1
63 29 158.153411865 1
63 29 158.213119507 1
63 29 158.223953247 1
63 29 158.431610107 1
63 29 158.457229614 1
63 29 158.788726807 1
63 29 158.833450317 1
63 29 158.860046387 1
63 29 158.867919922 1
63 29 158.893432617 1
63 29 158.906433105 1
63 29 158.922332764 1
63 29 159.050170898 1
63 29 159.063156128 1
63 29 159.11050415 1
63 29 159.110733032 1
63 29 159.208389282 1
63 29 159.238815308 1
63 29 159.442718506 1
63 29 159.496078491 1
63 29 159.570526123 1
63 29 159.583984375 1
63 29 159.607757568 1
63 29 159.744033813 1
63 29 160.151931763 1
63 29 160.208206177 1
63 29 160.251495361 1
63 29 160.34046936 1
63 29 160.428039551 1
63 29 160.436798096 1
63 29 160.527572632 1
63 29 160.797851562 1
63 29 160.857162476 1
63 29 160.909454346 1
63 29 160.935897827 1
63 29 160.959121704 1
63 29 161.02142334 1
63 29 161.20765686 1
63 29 161.257644653 1
63 29 161.345901489 1
63 29 161.368270874 1
63 29 161.431060791 1
63 29 161.595291138 1
63 29 161.666030884 1
63 29 161.702911377 1
63 29 161.825027466 1
63 29 161.882461548 1
63 29 161.921737671 1
63 29 161.923339844 1
63 29 161.963470459 1
63 29 161.969589233 1
63 29 162.149414062 1
63 29 162.424621582 1
63 29 162.52557373 1
63 29 162.573455811 1
63 29 162.635299683 1
63 29 162.655532837 1
63 29 162.670288086 1
63 29 162.688766479 1
63 29 162.985214233 1
63 29 163.090118408 1
63 29 163.475997925 1
63 29 163.681335449 1
63 29 163.753417969 1
63 29 163.770385742 1
63 29 163.822967529 1
63 29 164.013061523 1
63 29 164.074508667 1
63 29 164.258621216 1
63 29 164.574035645 1
63 29 164.636489868 1
63 29 164.651626587 1
63 29 164.710006714 1
63 29 164.748046875 1
63 29 164.757568359 1
63 29 164.774139404 1
63 29 164.867919922 1
63 29 164.899505615 1
63 29 164.921005249 1
63 29 164.940841675 1
63 29 164.959747314 1
63 29 165.061889648 1
63 29 165.293365479 1
63 29 165.402175903 1
63 29 165.562011719 1
63 29 165.656295776 1
63 29 165.738845825 1
63 29 165.786209106 1
63 29 165.866500854 1
63 29 165.90411377 1
63 29 165.920394897 1
63 29 165.951797485 1
63 29 165.986373901 1
63 29 166.076034546 1
63 29 166.28288269 1
63 29 166.359375 1
63 29 166.775741577 1
63 29 166.981781006 1
63 29 167.107681274 1
63 29 167.170288086 1
63 29 167.17791748 1
63 29 167.232635498 1
63 29 167.255371094 1
63 29 167.410079956 1
63 29 167.4815979 1
63 29 167.751861572 1
63 29 167.881713867 1
63 29 168.016052246 1
63 29 168.020004272 1
63 29 168.076080322 1
63 29 168.077377319 1
63 29 168.226913452 1
63 29 168.528457642 1
63 29 168.648025513 1
63 29 168.687393188 1
63 29 168.696105957 1
63 29 168.885192871 1
63 29 169.006027222 1
63 29 169.071975708 1
63 29 169.165206909 1
63 29 169.387863159 1
63 29 169.489440918 1
63 29 169.537689209 1
63 29 169.785507202 1
63 29 169.787536621 1
63 29 169.968078613 1
63 29 170.016265869 1
63 29 170.124343872 1
63 29 170.310180664 1
63 29 170.384643555 1
63 29 170.485046387 1
63 29 170.593887329 1
63 29 170.716262817 1
63 29 170.782501221 1
63 29 170.822723389 1
63 29 170.858657837 1
63 29 171.038009644 1
63 29 171.204742432 1
63 29 171.249053955 1
63 29 171.46975708 1
63 29 171.541824341 1
63 29 171.629653931 1
63 29 171.720733643 1
63 29 171.787322998 1
63 29 172.32131958 1
63 29 172.397262573 1
63 29 172.43548584 1
63 29 172.555099487 1
63 29 172.571243286 1
63 29 172.625747681 1
63 29 172.718048096 1
63 29 172.818603516 1
63 29 172.89704895 1
63 29 173.198394775 1
63 29 173.283905029 1
63 29 173.502670288 1
63 29 173.548934937 1
63 29 173.562210083 1
63 29 173.602661133 1
63 29 173.967956543 1
63 29 174.213867188 1
63 29 174.564147949 1
63 29 174.945800781 1
63 29 175.124816895 1
63 29 175.556228638 1
63 29 175.590652466 1
63 29 175.594726562 1
63 29 175.727996826 1
63 29 175.781784058 1
63 29 175.90057373 1
63 29 175.957626343 1
63 29 176.061477661 1
63 29 176.245880127 1
63 29 176.246246338 1
63 29 176.730163574 1
63 29 176.812606812 1
63 29 176.90586853 1
63 29 177.411773682 1
63 29 177.435531616 1
63 29 177.799530029 1
63 29 177.840332031 1
63 29 177.844482422 1
63 29 177.915893555 1
63 29 177.945068359 1
63 29 178.04208374 1
63 29 178.093109131 1
63 29 178.320999146 1
63 29 178.361526489 1
63 29 178.393386841 1
63 29 178.644363403 1
63 29 178.850204468 1
63 29 179.101760864 1
63 29 179.205337524 1
63 29 179.262954712 1
63 29 179.516357422 1
63 29 179.659103394 1
63 29 179.769714355 1
63 29 179.773498535 1
63 29 179.799041748 1
63 29 180.052856445 1
63 29 180.109344482 1
63 29 180.302474976 1
63 29 180.405792236 1
63 29 180.675704956 1
63 29 180.826812744 1
63 29 180.925216675 1
63 29 181.333648682 1
63 29 181.373565674 1
63 29 181.432327271 1
63 29 181.64994812 1
63 29 182.002731323 1
63 29 182.055984497 1
63 29 182.339691162 1
63 29 182.421005249 1
63 29 182.771224976 1
63 29 182.830596924 1
63 29 183.128341675 1
63 29 183.465301514 1
63 29 183.520004272 1
63 29 183.634796143 1
63 29 183.645309448 1
63 29 183.673309326 1
63 29 183.858932495 1
63 29 183.891891479 1
63 29 184.447540283 1
63 29 184.980270386 1
63 29 185.086685181 1
63 29 185.400100708 1
63 29 185.991928101 1
63 29 186.004745483 1
63 29 186.248779297 1
63 29 186.280761719 1
63 29 186.707855225 1
63 29 186.91293335 1
63 29 186.941436768 1
63 29 187.328170776 1
63 29 187.43460083 1
63 29 187.461196899 1
63 29 187.820571899 1
63 29 188.480316162 1
63 29 188.568862915 1
63 29 188.934997559 1
63 29 189.115447998 1
63 29 189.500091553 1
63 29 189.576858521 1
63 29 189.666885376 1
63 29 189.675796509 1
63 29 189.728240967 1
63 29 189.913269043 1
63 29 190.933502197 1
63 29 190.949523926 1
63 29 191.166671753 1
63 29 191.326828003 1
63 29 191.397247314 1
63 29 191.520751953 1
63 29 191.631088257 1
63 29 191.689071655 1
63 29 191.778778076 1
63 29 191.809204102 1
63 29 192.116271973 1
63 29 192.615692139 1
63 29 192.625991821 1
63 29 192.69392395 1
63 29 192.749694824 1
63 29 192.992095947 1
63 29 193.41267395 1
63 29 193.571655273 1
63 29 194.665374756 1
63 29 194.678710938 1
63 29 195.31690979 1
63 29 196.056854248 1
63 29 196.482162476 1
63 29 196.544586182 1
63 29 197.842056274 1
63 29 197.969589233 1
63 29 199.04083252 1
63 29 199.92791748 1
63 29 199.985168457 1
63 29 200.233230591 1
63 29 200.401016235 1
63 29 200.680908203 1
63 29 200.866714478 1
63 29 201.198532104 1
63 29 201.71963501 1
63 29 201.767120361 1
63 29 201.865768433 1
63 29 201.928085327 1
63 29 202.239883423 1
63 29 202.260894775 1
63 29 202.990570068 1
63 29 203.132919312 1
63 29 203.827682495 1
63 29 204.267745972 1
63 29 204.804321289 1
63 29 204.993286133 1
63 29 205.015197754 1
63 29 206.334609985 1
63 29 206.739471436 1
63 29 206.828948975 1
63 29 207.045455933 1
63 29 207.380462646 1
63 29 207.432785034 1
63 29 207.504745483 1
63 29 207.569396973 1
63 29 208.117782593 1
63 29 208.549667358 1
63 29 208.597763062 1
63 29 208.670120239 1
63 29 209.062927246 1
63 29 209.09413147 1
63 29 209.326248169 1
63 29 209.41494751 1
63 29 209.441894531 1
63 29 209.75378418 1
63 29 209.89604187 1
63 29 209.990921021 1
63 29 210.196548462 1
63 29 210.366012573 1
63 29 210.416137695 1
63 29 210.830764771 1
63 29 211.240936279 1
63 29 211.325134277 1
63 29 211.719863892 1
63 29 212.405792236 1
63 29 212.409042358 1
63 29 212.609207153 1
63 29 213.187179565 1
63 29 213.49621582 1
63 29 213.777236938 1
63 29 213.955932617 1
63 29 214.292190552 1
63 29 214.625106812 1
63 29 214.686660767 1
63 29 215.224182129 1
63 29 215.249176025 1
63 29 215.856704712 1
63 29 216.927017212 1
63 29 216.949539185 1
63 29 217.06401062 1
63 29 217.099304199 1
63 29 217.439880371 1
63 29 217.712554932 1
63 29 218.140106201 1
63 29 218.484741211 1
63 29 218.696151733 1
63 29 218.821273804 1
63 29 220.982803345 1
63 29 222.110321045 1
63 29 222.410949707 1
63 29 222.752365112 1
63 29 222.798721313 1
63 29 223.053863525 1
63 29 223.219741821 1
63 29 223.454147339 1
63 29 223.823669434 1
63 29 224.072525024 1
63 29 224.076065063 1
63 29 224.544799805 1
63 29 224.893707275 1
63 29 225.51109314 1
63 29 226.021850586 1
63 29 226.651473999 1
63 29 226.783035278 1
63 29 226.936050415 1
63 29 226.99432373 1
63 29 227.105453491 1
63 29 227.295089722 1
63 29 227.90852356 1
63 29 228.502685547 1
63 29 228.730712891 1
63 29 229.234893799 1
63 29 230.169082642 1
63 29 231.43132019 1
63 29 233.785827637 1
63 29 233.86239624 1
63 29 234.06072998 1
63 29 235.030029297 1
63 29 235.292572021 1
63 29 235.295578003 1
63 29 235.323760986 1
63 29 235.425216675 1
63 29 235.782272339 1
63 29 236.561660767 1
63 29 236.639877319 1
63 29 237.238723755 1
63 29 238.31640625 1
63 29 238.393310547 1
63 29 241.100006104 1
63 29 241.481582642 1
63 29 241.849243164 1
63 29 241.932174683 1
63 29 242.600585938 1
63 29 243.69960022 1
63 29 244.961791992 1
63 29 245.108795166 1
63 29 245.739227295 1
63 29 246.848571777 1
63 29 247.086303711 1
63 29 247.126190186 1
63 29 247.73866272 1
63 29 248.816253662 1
63 29 249.47303772 1
63 29 250.320068359 1
63 29 250.547683716 1
63 29 250.892578125 1
63 29 250.922195435 1
63 29 251.096054077 1
63 29 253.114334106 1
63 29 255.193603516 1
63 29 256.059204102 1
63 29 256.618347168 1
63 29 257.052825928 1
63 29 260.015533447 1
63 29 260.340057373 1
63 29 261.500396729 1
63 29 261.745574951 1
63 29 263.971313477 1
63 29 264.175415039 1
63 29 265.483886719 1
63 29 266.114746094 1
63 29 267.121276855 1
63 29 267.726104736 1
63 29 268.5987854 1
63 29 269.656768799 1
63 29 271.249755859 1
63 29 271.517578125 1
63 29 272.916351318 1
63 29 273.012664795 1
63 29 274.354736328 1
63 29 274.406402588 1
63 29 275.641784668 1
63 29 278.231445312 1
63 29 278.234893799 1
63 29 278.619995117 1
63 29 279.009552002 1
63 29 279.869842529 1
63 29 280.636199951 1
63 29 281.189483643 1
63 29 281.369354248 1
63 29 283.005981445 1
63 29 283.065460205 1
63 29 283.319366455 1
63 29 283.8409729 1
63 29 285.620574951 1
63 29 285.658203125 1
63 29 285.774871826 1
63 29 285.797546387 1
63 29 286.319122314 1
63 29 286.885650635 1
63 29 287.244720459 1
63 29 289.190948486 1
63 29 289.844970703 1
63 29 291.101013184 1
63 29 291.536621094 1
63 29 294.034515381 1
63 29 294.178375244 1
63 29 295.046508789 1
63 29 295.248321533 1
63 29 295.365509033 1
63 29 295.634735107 1
63 29 296.353485107 1
63 29 297.17666626 1
63 29 297.997161865 1
63 29 299.178039551 1
63 29 300.746002197 1
63 29 303.67364502 1
63 29 304.188659668 1
63 29 306.093933105 1
63 29 307.379058838 1
63 29 307.384094238 1
63 29 308.401763916 1
63 29 310.983856201 1
63 29 312.912780762 1
63 29 313.211486816 1
63 29 313.57244873 1
63 29 314.15802002 1
63 29 316.017089844 1
63 29 317.580810547 1
63 29 319.247009277 1
63 29 319.764373779 1
63 29 319.954956055 1
63 29 321.581695557 1
63 29 321.616119385 1
63 29 322.064239502 1
63 29 323.487640381 1
63 29 323.555023193 1
63 29 325.461364746 1
63 29 327.081268311 1
63 29 327.413726807 1
63 29 330.380096436 1
63 29 331.573974609 1
63 29 331.963775635 1
63 29 332.738128662 1
63 29 333.20211792 1
63 29 333.251678467 1
63 29 333.451843262 1
63 29 335.887084961 1
63 29 335.968597412 1
63 29 337.047729492 1
63 29 340.325256348 1
63 29 342.063720703 1
63 29 342.561065674 1
63 29 342.652130127 1
63 29 345.223480225 1
63 29 346.011199951 1
63 29 346.052825928 1
63 29 349.791656494 1
63 29 350.003295898 1
63 29 352.455535889 1
63 29 353.228790283 1
63 29 354.439544678 1
63 29 354.852020264 1
63 29 356.105316162 1
63 29 356.858947754 1
63 29 356.976409912 1
63 29 357.379821777 1
63 29 357.981170654 1
63 29 359.453765869 1
63 29 361.925140381 1
63 29 361.989929199 1
63 29 362.604980469 1
63 29 363.454711914 1
63 29 366.190765381 1
63 29 371.031738281 1
63 29 371.194854736 1
63 29 371.473358154 1
63 29 372.3387146 1
63 29 372.894104004 1
63 29 373.550872803 1
63 29 375.515472412 1
63 29 376.651428223 1
63 29 379.074371338 1
63 29 379.081970215 1
63 29 382.233306885 1
63 29 385.232971191 1
63 29 387.421630859 1
63 29 388.651611328 1
63 29 392.045410156 1
63 29 392.346405029 1
63 29 394.162445068 1
63 29 394.923126221 1
63 29 398.262176514 1
63 29 400.284301758 1
63 29 401.099517822 1
63 29 406.760620117 1
63 29 406.76852417 1
63 29 412.399230957 1
63 29 413.351745605 1
63 29 413.643371582 1
63 29 414.714599609 1
63 29 415.806549072 1
63 29 417.660797119 1
63 29 418.675445557 1
63 29 419.712799072 1
63 29 421.182312012 1
63 29 423.359313965 1
63 29 425.334503174 1
63 29 426.183197021 1
63 29 430.965057373 1
63 29 432.6980896 1
63 29 436.942718506 1
63 29 439.490722656 1
63 29 444.989654541 1
63 29 445.623382568 1
63 29 445.943878174 1
63 29 447.546783447 1
63 29 449.228912354 1
63 29 454.937133789 1
63 29 456.564544678 1
63 29 456.62600708 1
63 29 463.762481689 1
63 29 464.149810791 1
63 29 465.067840576 1
63 29 467.614135742 1
63 29 468.14630127 1
63 29 473.142456055 1
63 29 475.695526123 1
63 29 480.442016602 1
63 29 480.860809326 1
63 29 483.276550293 1
63 29 487.201873779 1
63 29 493.436828613 1
63 29 493.710998535 1
63 29 493.746459961 1
63 29 494.297119141 1
63 29 496.751342773 1
63 29 497.890075684 1
63 29 498.948730469 1
63 29 499.348022461 1
63 29 499.589752197 1
63 29 500.403625488 1
63 29 500.805969238 1
63 29 508.109649658 1
63 29 509.649078369 1
63 29 512.504455566 1
63 29 515.387634277 1
63 29 515.785339355 1
63 29 518.341369629 1
63 29 525.16015625 1
63 29 537.999084473 1
63 29 538.196655273 1
63 29 544.198059082 1
63 29 547.543151855 1
63 29 550.887023926 1
63 29 555.25402832 1
63 29 561.237792969 1
63 29 562.314575195 1
63 29 565.171691895 1
63 29 569.248840332 1
63 29 569.93536377 1
63 29 575.374938965 1
63 29 582.181884766 1
63 29 583.933410645 1
63 29 585.485961914 1
63 29 590.868041992 1
63 29 593.26361084 1
63 29 603.809265137 1
63 29 604.18182373 1
63 29 614.047424316 1
63 29 615.799865723 1
63 29 619.964294434 1
63 29 624.276916504 1
63 29 626.104003906 1
63 29 632.344665527 1
63 29 634.817932129 1
63 29 665.592895508 1
63 29 669.688720703 1
63 29 675.479125977 1
63 29 686.35546875 1
63 29 691.46875 1
63 29 716.023742676 1
63 29 717.392211914 1
63 29 723.360656738 1
63 29 745.537353516 1
63 29 745.647888184 1
63 29 756.761901855 1
63 29 774.799133301 1
63 29 781.632385254 1
63 29 788.773498535 1
63 29 794.249816895 1
63 29 798.817504883 1
63 29 812.084716797 1
63 29 827.349731445 1
63 29 829.36138916 1
63 29 832.772583008 1
63 29 845.158569336 1
63 29 854.348083496 1
63 29 879.700073242 1
63 29 883.354614258 1
63 29 894.10723877 1
63 29 904.655090332 1
63 29 914.424926758 1
63 29 920.754089355 1
63 29 929.008422852 1
63 29 936.900512695 1
63 29 952.778869629 1
63 29 962.371887207 1
63 29 964.957458496 1
63 29 977.876281738 1
63 29 986.861328125 1
63 29 1028.76757812 1
63 29 1030.60656738 1
63 29 1047.85461426 1
63 29 1078.46386719 1
63 29 1100.3536377 1
63 29 1104.58056641 1
63 29 1112.23168945 1
63 29 1115.10070801 1
63 29 1133.3137207 1
63 29 1158.24182129 1
63 29 1163.99755859 1
63 29 1233.89685059 1
63 29 1247.56811523 1
63 29 1264.27282715 1
63 29 1291.17504883 1
63 29 1315.38830566 1
63 29 1477.28735352 1
63 29 1629.49511719 1
63 31 90.8262329102 1
63 31 92.2175216675 1
63 31 93.393409729 1
63 31 93.9920425415 1
63 31 94.6664428711 1
63 31 94.6814346313 1
63 31 96.7701416016 1
63 31 96.9217300415 1
63 31 97.7611618042 1
63 31 98.570602417 1
63 31 99.0088653564 1
63 31 99.2469558716 1
63 31 100.115592957 1
63 31 100.132003784 1
63 31 101.505805969 1
63 31 101.645462036 1
63 31 101.649490356 1
63 31 102.221221924 1
63 31 103.257621765 1
63 31 103.265174866 1
63 31 103.401344299 1
63 31 103.891029358 1
63 31 104.02041626 1
63 31 104.056556702 1
63 31 104.297058105 1
63 31 105.280632019 1
63 31 105.964073181 1
63 31 106.838935852 1
63 31 106.964149475 1
63 31 107.208557129 1
63 31 107.240341187 1
63 31 107.545440674 1
63 31 108.052612305 1
63 31 108.217689514 1
63 31 108.311058044 1
63 31 108.344223022 1
63 31 108.52848053 1
63 31 108.86315918 1
63 31 110.522659302 1
63 31 110.617835999 1
63 31 111.421051025 1
63 31 111.473091125 1
63 31 111.521034241 1
63 31 111.617027283 1
63 31 111.654624939 1
63 31 112.028236389 1
63 31 112.433540344 1
63 31 112.605682373 1
63 31 112.63469696 1
63 31 112.838363647 1
63 31 113.004402161 1
63 31 113.121894836 1
63 31 113.421234131 1
63 31 113.450157166 1
63 31 113.455757141 1
63 31 113.927284241 1
63 31 114.006889343 1
63 31 114.40725708 1
63 31 114.441696167 1
63 31 114.480316162 1
63 31 114.573997498 1
63 31 114.637191772 1
63 31 114.96937561 1
63 31 116.019706726 1
63 31 116.080215454 1
63 31 116.107116699 1
63 31 116.518501282 1
63 31 117.05897522 1
63 31 117.110122681 1
63 31 117.261253357 1
63 31 117.292785645 1
63 31 117.918632507 1
63 31 118.024238586 1
63 31 118.303245544 1
63 31 118.318145752 1
63 31 118.3487854 1
63 31 118.396072388 1
63 31 118.402069092 1
63 31 118.445220947 1
63 31 118.513542175 1
63 31 118.670608521 1
63 31 118.821601868 1
63 31 119.218475342 1
63 31 119.592330933 1
63 31 119.726325989 1
63 31 120.543914795 1
63 31 120.7110672 1
63 31 120.809028625 1
63 31 121.079818726 1
63 31 121.15234375 1
63 31 121.164352417 1
63 31 121.220565796 1
63 31 121.537689209 1
63 31 121.951667786 1
63 31 122.363189697 1
63 31 122.475547791 1
63 31 122.613357544 1
63 31 122.988693237 1
63 31 123.301696777 1
63 31 123.356208801 1
63 31 123.429580688 1
63 31 123.593399048 1
63 31 123.714202881 1
63 31 123.749946594 1
63 31 123.761695862 1
63 31 123.789863586 1
63 31 123.819007874 1
63 31 124.048294067 1
63 31 124.131668091 1
63 31 124.131797791 1
63 31 124.417411804 1
63 31 124.464431763 1
63 31 124.591056824 1
63 31 124.814147949 1
63 31 125.122940063 1
63 31 125.155158997 1
63 31 125.35635376 1
63 31 125.374526978 1
63 31 125.548332214 1
63 31 125.78377533 1
63 31 125.927459717 1
63 31 125.989822388 1
63 31 126.133407593 1
63 31 126.187782288 1
63 31 126.37702179 1
63 31 126.520530701 1
63 31 126.706367493 1
63 31 126.71446991 1
63 31 126.753135681 1
63 31 126.853782654 1
63 31 127.115493774 1
63 31 127.173080444 1
63 31 127.31350708 1
63 31 127.425605774 1
63 31 127.433853149 1
63 31 127.718406677 1
63 31 127.731903076 1
63 31 127.926063538 1
63 31 127.928627014 1
63 31 128.12928772 1
63 31 128.151443481 1
63 31 128.247802734 1
63 31 128.294830322 1
63 31 128.70715332 1
63 31 128.881118774 1
63 31 129.031951904 1
63 31 129.090957642 1
63 31 129.164352417 1
63 31 129.396606445 1
63 31 129.41394043 1
63 31 129.527603149 1
63 31 129.667678833 1
63 31 130.021881104 1
63 31 130.023590088 1
63 31 130.149841309 1
63 31 130.251434326 1
63 31 130.355987549 1
63 31 130.484207153 1
63 31 130.493835449 1
63 31 130.568008423 1
63 31 130.69744873 1
63 31 130.98449707 1
63 31 131.194595337 1
63 31 131.596160889 1
63 31 131.628219604 1
63 31 132.102783203 1
63 31 132.203567505 1
63 31 132.421218872 1
63 31 132.483078003 1
63 31 132.654296875 1
63 31 132.701293945 1
63 31 132.743637085 1
63 31 132.854782104 1
63 31 133.347396851 1
63 31 133.432022095 1
63 31 133.644271851 1
63 31 133.762969971 1
63 31 133.770828247 1
63 31 133.890090942 1
63 31 133.929718018 1
63 31 134.077468872 1
63 31 134.40524292 1
63 31 134.483001709 1
63 31 134.665710449 1
63 31 134.71472168 1
63 31 134.774353027 1
63 31 134.881393433 1
63 31 135.172302246 1
63 31 135.242980957 1
63 31 135.460739136 1
63 31 135.586608887 1
63 31 135.683990479 1
63 31 135.72253418 1
63 31 135.784133911 1
63 31 136.13079834 1
63 31 136.411590576 1
63 31 136.599914551 1
63 31 136.676040649 1
63 31 136.817092896 1
63 31 137.095825195 1
63 31 137.104248047 1
63 31 137.16708374 1
63 31 137.219772339 1
63 31 137.308959961 1
63 31 137.32774353 1
63 31 137.683929443 1
63 31 137.719039917 1
63 31 137.980636597 1
63 31 138.035614014 1
63 31 138.442001343 1
63 31 138.686309814 1
63 31 138.686508179 1
63 31 138.877471924 1
63 31 139.152862549 1
63 31 139.315353394 1
63 31 139.361465454 1
63 31 140.067016602 1
63 31 140.072097778 1
63 31 140.086715698 1
63 31 140.26133728 1
63 31 140.296112061 1
63 31 140.483276367 1
63 31 141.674438477 1
63 31 141.680786133 1
63 31 141.851486206 1
63 31 142.002471924 1
63 31 142.026580811 1
63 31 142.397323608 1
63 31 142.579284668 1
63 31 142.819625854 1
63 31 142.839187622 1
63 31 142.952835083 1
63 31 143.048065186 1
63 31 143.0574646 1
63 31 143.28565979 1
63 31 143.425369263 1
63 31 143.601989746 1
63 31 143.609375 1
63 31 143.630157471 1
63 31 143.921020508 1
63 31 144.019073486 1
63 31 144.455474854 1
63 31 144.530044556 1
63 31 144.555282593 1
63 31 144.730117798 1
63 31 144.766571045 1
63 31 144.793029785 1
63 31 145.01965332 1
63 31 145.096801758 1
63 31 145.255554199 1
63 31 145.263671875 1
63 31 145.299377441 1
63 31 145.457641602 1
63 31 145.578445435 1
63 31 145.729568481 1
63 31 145.796707153 1
63 31 145.848464966 1
63 31 146.104766846 1
63 31 146.129684448 1
63 31 146.475097656 1
63 31 146.551391602 1
63 31 146.721359253 1
63 31 146.821395874 1
63 31 146.836547852 1
63 31 147.011260986 1
63 31 147.146743774 1
63 31 147.374816895 1
63 31 147.576797485 1
63 31 147.667205811 1
63 31 147.785430908 1
63 31 147.815750122 1
63 31 148.056594849 1
63 31 148.127288818 1
63 31 148.220046997 1
63 31 148.335586548 1
63 31 148.399002075 1
63 31 148.544128418 1
63 31 148.631347656 1
63 31 148.991546631 1
63 31 149.047836304 1
63 31 149.243377686 1
63 31 149.248733521 1
63 31 149.349060059 1
63 31 149.671905518 1
63 31 149.79309082 1
63 31 149.793426514 1
63 31 149.915084839 1
63 31 150.080612183 1
63 31 150.113861084 1
63 31 150.210189819 1
63 31 150.517883301 1
63 31 150.621307373 1
63 31 150.64906311 1
63 31 150.778793335 1
63 31 150.834228516 1
63 31 150.882553101 1
63 31 150.905410767 1
63 31 150.909698486 1
63 31 151.201202393 1
63 31 151.204742432 1
63 31 151.408432007 1
63 31 151.50100708 1
63 31 151.659317017 1
63 31 151.701873779 1
63 31 151.70640564 1
63 31 151.727020264 1
63 31 152.004623413 1
63 31 152.008804321 1
63 31 152.127960205 1
63 31 152.218917847 1
63 31 152.588897705 1
63 31 152.681900024 1
63 31 152.778335571 1
63 31 152.800048828 1
63 31 152.89263916 1
63 31 153.027557373 1
63 31 153.075012207 1
63 31 153.429550171 1
63 31 153.601135254 1
63 31 153.606536865 1
63 31 153.677139282 1
63 31 154.00227356 1
63 31 154.139251709 1
63 31 154.481231689 1
63 31 154.774429321 1
63 31 154.900421143 1
63 31 154.977798462 1
63 31 155.068237305 1
63 31 155.088638306 1
63 31 155.268814087 1
63 31 155.425415039 1
63 31 155.698455811 1
63 31 155.824905396 1
63 31 156.052185059 1
63 31 156.136642456 1
63 31 156.141540527 1
63 31 156.192321777 1
63 31 156.350616455 1
63 31 156.464141846 1
63 31 156.514038086 1
63 31 156.779266357 1
63 31 156.878707886 1
63 31 157.018096924 1
63 31 157.517379761 1
63 31 157.732299805 1
63 31 157.791152954 1
63 31 157.877731323 1
63 31 158.132766724 1
63 31 158.310302734 1
63 31 158.53225708 1
63 31 158.885559082 1
63 31 158.904159546 1
63 31 159.109893799 1
63 31 159.13659668 1
63 31 159.367431641 1
63 31 159.413070679 1
63 31 159.536834717 1
63 31 159.901473999 1
63 31 159.919692993 1
63 31 159.995483398 1
63 31 160.55406189 1
63 31 160.712692261 1
63 31 160.742782593 1
63 31 160.782485962 1
63 31 160.830093384 1
63 31 161.206176758 1
63 31 161.382171631 1
63 31 161.549804688 1
63 31 161.59362793 1
63 31 162.037567139 1
63 31 162.277236938 1
63 31 162.292602539 1
63 31 162.299438477 1
63 31 162.475463867 1
63 31 162.478378296 1
63 31 162.69581604 1
63 31 162.713439941 1
63 31 162.88331604 1
63 31 162.918991089 1
63 31 163.179290771 1
63 31 163.24281311 1
63 31 163.332122803 1
63 31 163.431991577 1
63 31 163.520523071 1
63 31 163.621948242 1
63 31 163.984024048 1
63 31 164.014801025 1
63 31 164.120422363 1
63 31 164.161987305 1
63 31 164.184204102 1
63 31 164.842926025 1
63 31 164.856140137 1
63 31 164.961639404 1
63 31 165.384918213 1
63 31 165.566253662 1
63 31 165.774383545 1
63 31 165.88394165 1
63 31 166.096740723 1
63 31 166.142074585 1
63 31 166.183288574 1
63 31 166.366744995 1
63 31 166.382156372 1
63 31 166.557327271 1
63 31 166.890777588 1
63 31 167.043701172 1
63 31 167.378417969 1
63 31 167.401367188 1
63 31 167.425003052 1
63 31 167.473907471 1
63 31 167.656494141 1
63 31 167.771560669 1
63 31 167.936798096 1
63 31 168.070922852 1
63 31 168.168930054 1
63 31 168.307632446 1
63 31 168.389968872 1
63 31 168.597015381 1
63 31 168.793579102 1
63 31 168.840408325 1
63 31 168.988418579 1
63 31 169.050598145 1
63 31 169.174072266 1
63 31 169.246490479 1
63 31 169.291519165 1
63 31 169.300537109 1
63 31 169.556335449 1
63 31 169.558944702 1
63 31 169.995681763 1
63 31 170.177261353 1
63 31 170.300857544 1
63 31 170.408706665 1
63 31 170.651031494 1
63 31 170.738525391 1
63 31 170.944503784 1
63 31 171.324066162 1
63 31 171.439468384 1
63 31 171.515792847 1
63 31 171.554870605 1
63 31 171.990783691 1
63 31 172.21925354 1
63 31 172.572372437 1
63 31 172.754653931 1
63 31 172.769012451 1
63 31 172.983215332 1
63 31 173.172821045 1
63 31 173.424102783 1
63 31 173.432739258 1
63 31 173.564331055 1
63 31 173.903121948 1
63 31 174.116241455 1
63 31 174.341339111 1
63 31 174.381973267 1
63 31 174.440689087 1
63 31 174.541549683 1
63 31 174.59375 1
63 31 175.022140503 1
63 31 175.332351685 1
63 31 175.412185669 1
63 31 175.562850952 1
63 31 175.661361694 1
63 31 175.6746521 1
63 31 175.908126831 1
63 31 176.057556152 1
63 31 176.239089966 1
63 31 176.240875244 1
63 31 176.387573242 1
63 31 176.589859009 1
63 31 176.757766724 1
63 31 176.83757019 1
63 31 177.295349121 1
63 31 177.303436279 1
63 31 177.527206421 1
63 31 177.632385254 1
63 31 177.913696289 1
63 31 177.977676392 1
63 31 178.098068237 1
63 31 178.23034668 1
63 31 178.340438843 1
63 31 178.558761597 1
63 31 178.694030762 1
63 31 178.71937561 1
63 31 178.892486572 1
63 31 179.035217285 1
63 31 179.071594238 1
63 31 179.158325195 1
63 31 179.305831909 1
63 31 179.563171387 1
63 31 179.667541504 1
63 31 179.784072876 1
63 31 179.849273682 1
63 31 180.178161621 1
63 31 180.372299194 1
63 31 180.45501709 1
63 31 180.561767578 1
63 31 180.640029907 1
63 31 180.680664062 1
63 31 180.740036011 1
63 31 181.015975952 1
63 31 181.109680176 1
63 31 181.465698242 1
63 31 181.613723755 1
63 31 181.643127441 1
63 31 182.336273193 1
63 31 182.532958984 1
63 31 183.336532593 1
63 31 183.431777954 1
63 31 183.764709473 1
63 31 183.863952637 1
63 31 183.951599121 1
63 31 184.015289307 1
63 31 184.092773438 1
63 31 184.682846069 1
63 31 184.728164673 1
63 31 184.889434814 1
63 31 184.898635864 1
63 31 184.9271698 1
63 31 184.937576294 1
63 31 184.976776123 1
63 31 185.174621582 1
63 31 185.36882019 1
63 31 185.430557251 1
63 31 185.451065063 1
63 31 185.479644775 1
63 31 186.336593628 1
63 31 186.435073853 1
63 31 186.754501343 1
63 31 187.048812866 1
63 31 187.221603394 1
63 31 187.535888672 1
63 31 187.576950073 1
63 31 187.629974365 1
63 31 187.692626953 1
63 31 187.906921387 1
63 31 188.320587158 1
63 31 188.539077759 1
63 31 188.645706177 1
63 31 188.734481812 1
63 31 189.008895874 1
63 31 189.129730225 1
63 31 189.22064209 1
63 31 189.383148193 1
63 31 189.613525391 1
63 31 189.686965942 1
63 31 189.818435669 1
63 31 190.034820557 1
63 31 190.279388428 1
63 31 190.282348633 1
63 31 190.670028687 1
63 31 190.767227173 1
63 31 190.904602051 1
63 31 191.031646729 1
63 31 191.061538696 1
63 31 191.094650269 1
63 31 191.170974731 1
63 31 191.302444458 1
63 31 191.652511597 1
63 31 191.967971802 1
63 31 192.448852539 1
63 31 192.985687256 1
63 31 193.001617432 1
63 31 193.210281372 1
63 31 193.309677124 1
63 31 193.979598999 1
63 31 194.044128418 1
63 31 194.107467651 1
63 31 194.256958008 1
63 31 194.413269043 1
63 31 194.744476318 1
63 31 194.854003906 1
63 31 195.232467651 1
63 31 195.467208862 1
63 31 195.489151001 1
63 31 196.907577515 1
63 31 197.016525269 1
63 31 197.251373291 1
63 31 197.27192688 1
63 31 197.958724976 1
63 31 198.501296997 1
63 31 198.609130859 1
63 31 198.949035645 1
63 31 199.089523315 1
63 31 199.169082642 1
63 31 199.199539185 1
63 31 199.886138916 1
63 31 200.794326782 1
63 31 200.86076355 1
63 31 201.491714478 1
63 31 201.562408447 1
63 31 201.59223938 1
63 31 201.609420776 1
63 31 202.662628174 1
63 31 202.885162354 1
63 31 203.31036377 1
63 31 203.661437988 1
63 31 204.176330566 1
63 31 204.489456177 1
63 31 204.758773804 1
63 31 205.195388794 1
63 31 205.26776123 1
63 31 205.289764404 1
63 31 205.931167603 1
63 31 205.942184448 1
63 31 205.996231079 1
63 31 206.060638428 1
63 31 206.176651001 1
63 31 206.233856201 1
63 31 207.200500488 1
63 31 207.249908447 1
63 31 207.328079224 1
63 31 207.83001709 1
63 31 208.736053467 1
63 31 208.874847412 1
63 31 208.939376831 1
63 31 209.027770996 1
63 31 209.769088745 1
63 31 209.917938232 1
63 31 210.432876587 1
63 31 211.059555054 1
63 31 211.404342651 1
63 31 211.765945435 1
63 31 212.182098389 1
63 31 212.261703491 1
63 31 212.780212402 1
63 31 212.885467529 1
63 31 213.813949585 1
63 31 213.838867188 1
63 31 214.368713379 1
63 31 215.259246826 1
63 31 215.338531494 1
63 31 215.643218994 1
63 31 215.685287476 1
63 31 215.978500366 1
63 31 216.709274292 1
63 31 216.891540527 1
63 31 217.810165405 1
63 31 217.941436768 1
63 31 217.974746704 1
63 31 218.073242188 1
63 31 218.385681152 1
63 31 218.524398804 1
63 31 218.842285156 1
63 31 219.099456787 1
63 31 219.71395874 1
63 31 220.199356079 1
63 31 220.654052734 1
63 31 221.368591309 1
63 31 222.335601807 1
63 31 222.780410767 1
63 31 222.854187012 1
63 31 223.101959229 1
63 31 223.210205078 1
63 31 223.315414429 1
63 31 223.421005249 1
63 31 223.62663269 1
63 31 224.173843384 1
63 31 224.269866943 1
63 31 224.314697266 1
63 31 224.370285034 1
63 31 224.94744873 1
63 31 225.288131714 1
63 31 225.922637939 1
63 31 226.203582764 1
63 31 226.406982422 1
63 31 226.549865723 1
63 31 227.105743408 1
63 31 227.326446533 1
63 31 227.619430542 1
63 31 227.696884155 1
63 31 227.912521362 1
63 31 228.920272827 1
63 31 230.202560425 1
63 31 230.485122681 1
63 31 230.83442688 1
63 31 231.35925293 1
63 31 231.447479248 1
63 31 231.819763184 1
63 31 232.162216187 1
63 31 233.024078369 1
63 31 233.155761719 1
63 31 233.308624268 1
63 31 234.290222168 1
63 31 234.414215088 1
63 31 234.917068481 1
63 31 234.945770264 1
63 31 235.125808716 1
63 31 237.072189331 1
63 31 237.199630737 1
63 31 237.446655273 1
63 31 237.899673462 1
63 31 238.154403687 1
63 31 238.314651489 1
63 31 239.818344116 1
63 31 239.873245239 1
63 31 239.992752075 1
63 31 240.192459106 1
63 31 241.026550293 1
63 31 241.351196289 1
63 31 241.952072144 1
63 31 242.57460022 1
63 31 243.069625854 1
63 31 243.866622925 1
63 31 243.868087769 1
63 31 245.520812988 1
63 31 245.688369751 1
63 31 245.795700073 1
63 31 245.834381104 1
63 31 246.329650879 1
63 31 247.458755493 1
63 31 247.64781189 1
63 31 247.873382568 1
63 31 248.168258667 1
63 31 248.453964233 1
63 31 248.63319397 1
63 31 248.952026367 1
63 31 249.408462524 1
63 31 249.624511719 1
63 31 249.793182373 1
63 31 249.991638184 1
63 31 250.780212402 1
63 31 251.285690308 1
63 31 251.660522461 1
63 31 251.993209839 1
63 31 252.212478638 1
63 31 252.835418701 1
63 31 252.858062744 1
63 31 252.928878784 1
63 31 253.046722412 1
63 31 253.119171143 1
63 31 253.794265747 1
63 31 253.904876709 1
63 31 254.070495605 1
63 31 254.11227417 1
63 31 254.335601807 1
63 31 254.719924927 1
63 31 255.156433105 1
63 31 255.231811523 1
63 31 256.227142334 1
63 31 256.444274902 1
63 31 256.848388672 1
63 31 256.972106934 1
63 31 257.401092529 1
63 31 257.764251709 1
63 31 259.188873291 1
63 31 259.313110352 1
63 31 259.785522461 1
63 31 260.236053467 1
63 31 262.741577148 1
63 31 263.29699707 1
63 31 263.517974854 1
63 31 263.948669434 1
63 31 264.006225586 1
63 31 264.395172119 1
63 31 265.024047852 1
63 31 265.052368164 1
63 31 265.277038574 1
63 31 266.02041626 1
63 31 266.959289551 1
63 31 267.474334717 1
63 31 267.709320068 1
63 31 268.391693115 1
63 31 268.434417725 1
63 31 268.754425049 1
63 31 268.956756592 1
63 31 269.598236084 1
63 31 269.643798828 1
63 31 270.603424072 1
63 31 271.152404785 1
63 31 271.62713623 1
63 31 272.131164551 1
63 31 272.81628418 1
63 31 273.354125977 1
63 31 273.488037109 1
63 31 274.005554199 1
63 31 276.709289551 1
63 31 277.210357666 1
63 31 277.450561523 1
63 31 277.687286377 1
63 31 279.618652344 1
63 31 279.742980957 1
63 31 279.851013184 1
63 31 281.171966553 1
63 31 282.056427002 1
63 31 282.315856934 1
63 31 282.640655518 1
63 31 283.007232666 1
63 31 284.181274414 1
63 31 284.223602295 1
63 31 284.899536133 1
63 31 285.89743042 1
63 31 286.916320801 1
63 31 287.005157471 1
63 31 287.656982422 1
63 31 287.954772949 1
63 31 288.066772461 1
63 31 288.270843506 1
63 31 288.78237915 1
63 31 289.244995117 1
63 31 289.797973633 1
63 31 289.862243652 1
63 31 289.935974121 1
63 31 290.021240234 1
63 31 290.558837891 1
63 31 291.238250732 1
63 31 292.225952148 1
63 31 293.117980957 1
63 31 293.308929443 1
63 31 293.40222168 1
63 31 296.873596191 1
63 31 297.68637085 1
63 31 298.504547119 1
63 31 298.555786133 1
63 31 299.138397217 1
63 31 299.315734863 1
63 31 299.703094482 1
63 31 299.86505127 1
63 31 300.337677002 1
63 31 300.792144775 1
63 31 301.833831787 1
63 31 302.700042725 1
63 31 302.983093262 1
63 31 303.171051025 1
63 31 303.520233154 1
63 31 303.892303467 1
63 31 304.875671387 1
63 31 305.378540039 1
63 31 307.995880127 1
63 31 308.402069092 1
63 31 308.78817749 1
63 31 311.696350098 1
63 31 314.257019043 1
63 31 314.421905518 1
63 31 315.483154297 1
63 31 316.164642334 1
63 31 318.269897461 1
63 31 318.592132568 1
63 31 318.8331604 1
63 31 322.08203125 1
63 31 323.226531982 1
63 31 323.352783203 1
63 31 323.494140625 1
63 31 323.587890625 1
63 31 323.799407959 1
63 31 325.772613525 1
63 31 326.967681885 1
63 31 328.093078613 1
63 31 328.78112793 1
63 31 329.207611084 1
63 31 331.308868408 1
63 31 333.716125488 1
63 31 334.265563965 1
63 31 335.074005127 1
63 31 335.213409424 1
63 31 335.312591553 1
63 31 336.953735352 1
63 31 337.007263184 1
63 31 339.336639404 1
63 31 340.02166748 1
63 31 341.009613037 1
63 31 345.123352051 1
63 31 348.75491333 1
63 31 349.490631104 1
63 31 349.527740479 1
63 31 349.820770264 1
63 31 350.282836914 1
63 31 351.200012207 1
63 31 351.466064453 1
63 31 351.54989624 1
63 31 351.559692383 1
63 31 352.227905273 1
63 31 354.742553711 1
63 31 357.746612549 1
63 31 359.42956543 1
63 31 360.945587158 1
63 31 361.58102417 1
63 31 363.737304688 1
63 31 364.518615723 1
63 31 366.152923584 1
63 31 366.197662354 1
63 31 366.4480896 1
63 31 367.791534424 1
63 31 368.725341797 1
63 31 370.642211914 1
63 31 370.878082275 1
63 31 371.535827637 1
63 31 374.252349854 1
63 31 375.20526123 1
63 31 376.206237793 1
63 31 382.474700928 1
63 31 382.796569824 1
63 31 383.760955811 1
63 31 384.791381836 1
63 31 385.565887451 1
63 31 385.659179688 1
63 31 385.69152832 1
63 31 386.416595459 1
63 31 387.232818604 1
63 31 387.646972656 1
63 31 389.002044678 1
63 31 390.077148438 1
63 31 390.110992432 1
63 31 390.611602783 1
63 31 391.810180664 1
63 31 395.956329346 1
63 31 403.490753174 1
63 31 403.586364746 1
63 31 405.612640381 1
63 31 405.638092041 1
63 31 410.190429688 1
63 31 411.989562988 1
63 31 412.29309082 1
63 31 412.580200195 1
63 31 413.965057373 1
63 31 415.315246582 1
63 31 421.22845459 1
63 31 421.442718506 1
63 31 422.102539062 1
63 31 423.337799072 1
63 31 425.733154297 1
63 31 425.877502441 1
63 31 433.277832031 1
63 31 435.936248779 1
63 31 436.197967529 1
63 31 438.879394531 1
63 31 438.889556885 1
63 31 439.126037598 1
63 31 439.153015137 1
63 31 441.237365723 1
63 31 442.122650146 1
63 31 442.706298828 1
63 31 443.847625732 1
63 31 451.250701904 1
63 31 451.317047119 1
63 31 455.035980225 1
63 31 455.141571045 1
63 31 466.406555176 1
63 31 468.499023438 1
63 31 475.202758789 1
63 31 482.89553833 1
63 31 484.732940674 1
63 31 491.313751221 1
63 31 492.631530762 1
63 31 495.52923584 1
63 31 496.021362305 1
63 31 497.244384766 1
63 31 497.505737305 1
63 31 499.196075439 1
63 31 499.529846191 1
63 31 500.940032959 1
63 31 503.752807617 1
63 31 505.677978516 1
63 31 507.433807373 1
63 31 507.866821289 1
63 31 508.18850708 1
63 31 509.841522217 1
63 31 513.103271484 1
63 31 518.881530762 1
63 31 519.177246094 1
63 31 525.504333496 1
63 31 565.345947266 1
63 31 565.692199707 1
63 31 567.519104004 1
63 31 597.70489502 1
63 31 598.602172852 1
63 31 616.159790039 1
63 31 617.057495117 1
63 31 624.200134277 1
63 31 627.063476562 1
63 31 633.249206543 1
63 31 640.729003906 1
63 31 647.831481934 1
63 31 650.111206055 1
63 31 657.428344727 1
63 31 661.913574219 1
63 31 663.757629395 1
63 31 665.949401855 1
63 31 669.782775879 1
63 31 676.260314941 1
63 31 684.949890137 1
63 31 690.625488281 1
63 31 709.980407715 1
63 31 711.201416016 1
63 31 723.642822266 1
63 31 727.461914062 1
63 31 730.29095459 1
63 31 745.797180176 1
63 31 746.598632812 1
63 31 751.666870117 1
63 31 778.764343262 1
63 31 797.138549805 1
63 31 808.396240234 1
63 31 826.314880371 1
63 31 837.205871582 1
63 31 873.232849121 1
63 31 903.512207031 1
63 31 906.447387695 1
63 31 906.819946289 1
63 31 918.663208008 1
63 31 952.448974609 1
63 31 1013.66729736 1
63 31 1178.66369629 1
63 31 1252.2355957 1
63 31 1297.94616699 1
63 31 1402.88671875 1
63 31 1427.11413574 1
63 31 1443.75598145 1
63 31 1531.28991699 1
63 31 2153.87719727 1
63 32 175.803405762 1
63 32 176.978759766 1
63 32 184.771072388 1
63 32 187.532073975 1
63 32 191.860839844 1
63 32 195.262359619 1
63 32 195.469345093 1
63 32 199.339050293 1
63 32 199.388580322 1
63 32 200.55708313 1
63 32 201.120269775 1
63 32 201.551010132 1
63 32 202.34753418 1
63 32 203.998336792 1
63 32 204.65296936 1
63 32 209.451629639 1
63 32 210.016174316 1
63 32 211.258560181 1
63 32 211.602874756 1
63 32 215.419998169 1
63 32 216.758377075 1
63 32 217.243362427 1
63 32 217.500167847 1
63 32 217.611999512 1
63 32 217.643188477 1
63 32 217.900619507 1
63 32 219.487808228 1
63 32 219.744354248 1
63 32 219.971832275 1
63 32 221.385467529 1
63 32 221.580764771 1
63 32 221.918273926 1
63 32 223.927841187 1
63 32 224.531478882 1
63 32 226.109558105 1
63 32 227.570114136 1
63 32 227.884841919 1
63 32 230.192062378 1
63 32 232.052429199 1
63 32 232.092483521 1
63 32 233.19770813 1
63 32 234.620635986 1
63 32 235.962402344 1
63 32 241.65788269 1
63 32 243.172744751 1
63 32 243.845275879 1
63 32 244.079818726 1
63 32 245.128143311 1
63 32 246.24937439 1
63 32 246.474868774 1
63 32 247.295318604 1
63 32 247.451766968 1
63 32 247.567672729 1
63 32 247.711837769 1
63 32 248.150146484 1
63 32 249.292205811 1
63 32 249.531417847 1
63 32 250.61138916 1
63 32 250.626876831 1
63 32 250.696792603 1
63 32 251.194000244 1
63 32 253.747894287 1
63 32 254.861816406 1
63 32 259.1769104 1
63 32 259.920501709 1
63 32 260.080078125 1
63 32 261.437194824 1
63 32 261.767486572 1
63 32 263.620147705 1
63 32 264.150848389 1
63 32 264.79574585 1
63 32 265.273712158 1
63 32 266.01864624 1
63 32 266.199371338 1
63 32 268.050140381 1
63 32 268.231811523 1
63 32 268.657867432 1
63 32 268.865875244 1
63 32 269.250427246 1
63 32 270.267333984 1
63 32 270.379180908 1
63 32 270.554656982 1
63 32 270.656433105 1
63 32 270.832336426 1
63 32 272.29083252 1
63 32 272.550048828 1
63 32 272.789276123 1
63 32 273.105621338 1
63 32 275.043212891 1
63 32 275.287414551 1
63 32 276.852600098 1
63 32 277.744903564 1
63 32 277.841400146 1
63 32 279.228515625 1
63 32 279.257110596 1
63 32 279.641906738 1
63 32 280.589202881 1
63 32 281.990020752 1
63 32 282.11932373 1
63 32 282.39050293 1
63 32 284.905395508 1
63 32 285.160766602 1
63 32 286.673034668 1
63 32 287.70010376 1
63 32 288.50378418 1
63 32 288.598571777 1
63 32 289.143829346 1
63 32 289.446807861 1
63 32 290.183868408 1
63 32 290.414672852 1
63 32 291.361816406 1
63 32 292.660125732 1
63 32 292.860778809 1
63 32 293.092468262 1
63 32 294.499908447 1
63 32 294.538238525 1
63 32 294.55078125 1
63 32 294.774261475 1
63 32 295.813476562 1
63 32 296.392578125 1
63 32 296.764953613 1
63 32 296.934692383 1
63 32 299.774353027 1
63 32 300.378417969 1
63 32 301.217193604 1
63 32 302.758270264 1
63 32 302.827362061 1
63 32 304.157073975 1
63 32 304.469970703 1
63 32 304.526702881 1
63 32 305.775787354 1
63 32 305.854248047 1
63 32 306.963317871 1
63 32 308.130279541 1
63 32 308.284210205 1
63 32 308.799041748 1
63 32 309.521881104 1
63 32 311.560455322 1
63 32 311.944458008 1
63 32 312.728363037 1
63 32 314.17791748 1
63 32 315.656066895 1
63 32 316.387359619 1
63 32 317.217071533 1
63 32 317.598052979 1
63 32 317.624298096 1
63 32 317.692810059 1
63 32 317.892059326 1
63 32 318.549713135 1
63 32 318.952331543 1
63 32 319.756622314 1
63 32 322.984466553 1
63 32 323.151367188 1
63 32 323.883544922 1
63 32 324.154083252 1
63 32 324.783935547 1
63 32 324.794036865 1
63 32 325.019012451 1
63 32 325.320617676 1
63 32 326.159454346 1
63 32 326.979705811 1
63 32 327.841064453 1
63 32 328.041656494 1
63 32 328.610229492 1
63 32 329.547729492 1
63 32 330.836364746 1
63 32 331.68460083 1
63 32 331.737731934 1
63 32 333.103515625 1
63 32 335.752075195 1
63 32 335.804718018 1
63 32 335.964263916 1
63 32 338.22467041 1
63 32 338.694976807 1
63 32 338.917938232 1
63 32 339.042480469 1
63 32 345.550628662 1
63 32 348.344726562 1
63 32 350.354644775 1
63 32 351.771697998 1
63 32 352.574768066 1
63 32 352.577026367 1
63 32 353.366973877 1
63 32 353.918304443 1
63 32 357.813323975 1
63 32 357.847747803 1
63 32 358.752838135 1
63 32 360.462005615 1
63 32 361.6769104 1
63 32 365.215515137 1
63 32 365.622375488 1
63 32 367.040771484 1
63 32 367.879333496 1
63 32 368.257507324 1
63 32 369.791503906 1
63 32 371.024108887 1
63 32 372.473571777 1
63 32 372.941589355 1
63 32 373.302856445 1
63 32 381.348510742 1
63 32 382.229553223 1
63 32 384.190216064 1
63 32 384.563079834 1
63 32 385.452667236 1
63 32 387.057250977 1
63 32 387.542877197 1
63 32 391.352508545 1
63 32 392.322631836 1
63 32 393.494445801 1
63 32 394.870758057 1
63 32 395.288208008 1
63 32 396.042510986 1
63 32 397.218688965 1
63 32 397.686981201 1
63 32 401.102294922 1
63 32 401.169433594 1
63 32 403.06817627 1
63 32 403.336608887 1
63 32 403.835021973 1
63 32 405.139984131 1
63 32 406.016174316 1
63 32 408.355926514 1
63 32 409.933654785 1
63 32 417.704467773 1
63 32 419.435699463 1
63 32 429.920471191 1
63 32 430.294464111 1
63 32 435.951904297 1
63 32 437.478607178 1
63 32 439.928771973 1
63 32 445.103515625 1
63 32 447.790985107 1
63 32 447.916687012 1
63 32 449.636901855 1
63 32 452.748138428 1
63 32 457.425994873 1
63 32 461.662506104 1
63 32 467.261566162 1
63 32 469.294281006 1
63 32 469.790557861 1
63 32 487.000579834 1
63 32 494.876495361 1
63 32 501.44039917 1
63 32 501.541778564 1
63 32 505.131134033 1
63 32 509.744018555 1
63 32 511.116729736 1
63 32 511.412658691 1
63 32 511.969299316 1
63 32 512.810913086 1
63 32 521.764648438 1
63 32 523.673522949 1
63 32 526.507995605 1
63 32 533.538391113 1
63 32 537.49810791 1
63 32 539.891601562 1
63 32 543.012817383 1
63 32 550.552368164 1
63 32 563.175231934 1
63 32 577.855407715 1
63 32 599.992919922 1
63 32 607.37322998 1
63 32 608.97076416 1
63 32 618.882507324 1
63 32 621.200439453 1
63 32 623.341918945 1
63 32 638.337341309 1
63 32 639.668884277 1
63 32 642.384460449 1
63 32 648.631835938 1
63 32 653.705810547 1
63 32 660.539001465 1
63 32 666.59979248 1
63 32 674.668518066 1
63 32 681.837341309 1
63 32 685.514099121 1
63 32 690.057067871 1
63 32 732.174499512 1
63 32 751.493896484 1
63 32 771.894897461 1
63 32 797.91986084 1
63 32 823.219909668 1
63 32 836.177856445 1
63 32 844.364196777 1
63 32 849.493591309 1
63 32 850.122741699 1
63 32 880.223510742 1
63 32 882.759460449 1
63 32 907.186584473 1
63 32 939.851501465 1
63 32 1031.80456543 1
63 32 1039.70483398 1
63 32 1054.90905762 1
63 32 1073.58996582 1
63 32 1078.60852051 1
63 33 325.66015625 1
63 33 332.050842285 1
63 33 353.431518555 1
63 33 359.214050293 1
63 33 366.741729736 1
63 33 368.072906494 1
63 33 370.675384521 1
63 33 388.552947998 1
63 33 389.172546387 1
63 33 402.162109375 1
63 33 402.836334229 1
63 33 403.097198486 1
63 33 404.882354736 1
63 33 422.764312744 1
63 33 424.699798584 1
63 33 436.935974121 1
63 33 438.860992432 1
63 33 456.878723145 1
63 33 469.99697876 1
63 33 474.310791016 1
63 33 484.390869141 1
63 33 498.837677002 1
63 33 506.169952393 1
63 33 526.373962402 1
63 33 529.848449707 1
63 33 530.61529541 1
63 33 533.943664551 1
63 33 534.45111084 1
63 33 549.240356445 1
63 33 586.577270508 1
63 33 628.15411377 1
63 33 642.437683105 1
63 33 692.775390625 1
63 33 714.465881348 1
63 33 742.717834473 1
63 33 753.04107666 1
63 33 781.879089355 1
63 33 795.879882812 1
63 33 893.323852539 1
63 33 1195.94592285 1
63 33 1334.5411377 1
63 34 463.433288574 1
63 34 496.234527588 1
63 34 513.443481445 1
63 34 529.360717773 1
63 34 544.500915527 1
63 34 592.014099121 1
63 34 661.390686035 1
63 34 692.913085938 1
63 34 765.375427246 1
63 34 770.305847168 1
63 34 800.026489258 1
63 34 915.069763184 1
63 34 1520.60266113 1
63 35 677.454162598 1
63 35 734.883117676 1
63 35 844.574768066 1
64 23 1181.04492188 1
64 23 2789.87866211 1
64 24 1983.67138672 1
64 25 954.201965332 1
64 25 1224.68334961 1
64 26 1164.04052734 1
64 26 1240.25976562 1
64 26 1826.59667969 1
64 27 814.82824707 1
64 27 897.970336914 1
64 27 1043.17089844 1
64 27 1202.42358398 1
64 28 717.143676758 1
64 28 740.288024902 1
64 28 749.234863281 1
64 28 830.04888916 1
64 28 830.638916016 1
64 28 838.61517334 1
64 28 952.158569336 1
64 28 1060.31359863 1
64 28 1067.57531738 1
64 28 1369.1348877 1
64 28 1678.45776367 1
64 29 657.755493164 1
64 29 704.988464355 1
64 29 734.873779297 1
64 29 798.431274414 1
64 29 802.017944336 1
64 29 968.702758789 1
64 29 1000.92169189 1
64 29 1035.92211914 1
64 29 1042.77441406 1
64 29 1120.30041504 1
64 29 1588.73522949 1
64 29 1692.29882812 1
64 29 1754.61523438 1
64 30 656.846130371 1
64 30 700.723571777 1
64 30 747.785949707 1
64 30 761.71673584 1
64 30 814.995727539 1
64 30 877.659423828 1
64 30 930.125427246 1
64 30 983.088806152 1
64 30 1035.67443848 1
64 30 1205.50683594 1
64 30 1210.38049316 1
64 30 1279.68908691 1
64 30 1352.11694336 1
64 30 1526.99291992 1
64 30 2193.83569336 1
64 31 736.01348877 1
64 31 745.183227539 1
64 31 756.296386719 1
64 31 766.506469727 1
64 31 805.121398926 1
64 31 820.766113281 1
64 31 850.855407715 1
64 31 874.092895508 1
64 31 879.828796387 1
64 31 912.835144043 1
64 31 914.547851562 1
64 31 939.02520752 1
64 31 978.590759277 1
64 31 1161.73034668 1
64 31 1266.5703125 1
64 31 1298.28869629 1
64 31 1964.09375 1
64 32 633.882019043 1
64 32 918.568481445 1
64 32 926.818054199 1
64 32 1078.00402832 1
64 32 1157.16149902 1
64 32 1461.22009277 1
64 33 1017.27593994 1
64 33 1232.24267578 1
64 33 1270.05249023 1
64 33 1447.47668457 1
64 33 1821.70275879 1
64 34 812.004516602 1
64 34 1169.50256348 1
64 34 1493.85681152 1
65 26 1490.28771973 1
69 23 2222.04492188 1
69 26 1484.01538086 1
69 26 3101.2265625 1
69 28 2192.1315918 1
69 29 1433.10571289 1
69 30 1182.9342041 1
70 22 1133.54125977 1
70 22 1606.12731934 1
70 22 1668.22497559 1
70 23 1001.97058105 1
70 24 1067.82910156 1
70 25 1009.73162842 1
70 25 1732.56079102 1
70 26 851.394714355 1
70 26 868.053588867 1
70 26 919.457519531 1
70 26 1018.54345703 1
70 26 1038.35473633 1
70 26 1136.22070312 1
70 26 1174.64697266 1
70 27 793.440002441 1
70 27 815.266052246 1
70 27 821.268310547 1
70 27 829.00793457 1
70 27 855.788452148 1
70 27 857.187805176 1
70 27 946.311218262 1
70 27 1003.53295898 1
70 27 1075.91467285 1
70 27 1234.29418945 1
70 27 1242.97509766 1
70 27 1307.55053711 1
70 27 1334.00061035 1
70 27 1494.32580566 1
70 27 2088.56103516 1
70 28 674.715148926 1
70 28 715.448181152 1
70 28 786.817077637 1
70 28 815.810852051 1
70 28 854.454772949 1
70 28 863.352600098 1
70 28 864.135864258 1
70 28 875.913391113 1
70 28 886.299865723 1
70 28 943.991271973 1
70 28 1007.1739502 1
70 28 1014.99902344 1
70 28 1021.10406494 1
70 28 1077.61621094 1
70 28 1114.53613281 1
70 28 1298.0715332 1
70 28 1445.17883301 1
70 28 1507.32739258 1
70 29 666.635620117 1
70 29 713.338012695 1
70 29 736.477966309 1
70 29 806.365112305 1
70 29 814.180908203 1
70 29 823.700195312 1
70 29 889.720703125 1
70 29 901.409423828 1
70 29 967.89453125 1
70 29 992.778503418 1
70 29 1009.61956787 1
70 29 1069.13464355 1
70 29 1124.31225586 1
70 29 1175.15808105 1
70 29 1180.61071777 1
70 29 1227.58325195 1
70 29 1265.82519531 1
70 29 1369.09436035 1
70 29 1586.47033691 1
70 30 719.685241699 1
70 30 756.489501953 1
70 30 783.273803711 1
70 30 783.335449219 1
70 30 821.860107422 1
70 30 853.874084473 1
70 30 870.56842041 1
70 30 881.297912598 1
70 30 946.735229492 1
70 30 983.529907227 1
70 30 1002.29608154 1
70 30 1015.6048584 1
70 30 1368.98901367 1
70 31 631.324584961 1
70 31 1002.68267822 1
70 31 1004.92932129 1
70 31 1421.6036377 1
70 31 1986.20898438 1
70 31 2120.85375977 1
70 32 881.304626465 1
70 32 1063.11755371 1
70 32 1627.97229004 1
71 22 1314.53601074 1
71 23 985.580566406 1
71 23 2069.60498047 1
71 24 1228.80480957 1
71 25 895.299072266 1
71 25 1015.92871094 1
71 25 1102.49121094 1
71 25 1301.54321289 1
71 26 982.956726074 1
71 26 1041.50537109 1
71 26 1096.10839844 1
71 26 1131.37329102 1
71 26 1341.34191895 1
71 26 1828.79602051 1
71 26 2154.20874023 1
71 27 754.803466797 1
71 27 762.707885742 1
71 27 793.515136719 1
71 27 826.019104004 1
71 27 860.825317383 1
71 27 909.055664062 1
71 27 934.232727051 1
71 27 992.571716309 1
71 27 1005.08776855 1
71 27 1019.89300537 1
71 27 1050.28503418 1
71 27 1253.09765625 1
71 28 650.731872559 1
71 28 699.316711426 1
71 28 707.142211914 1
71 28 817.440307617 1
71 28 851.322021484 1
71 28 956.975280762 1
71 28 966.376159668 1
71 28 1280.94958496 1
71 28 1300.12145996 1
71 28 1730.1171875 1
71 28 1793.21520996 1
71 29 618.92175293 1
71 29 737.57635498 1
71 29 787.966552734 1
71 29 832.713134766 1
71 29 906.714111328 1
71 29 1020.57647705 1
71 29 1419.98010254 1
71 29 1457.38537598 1
71 29 1524.8737793 1
71 29 1907.2722168 1
71 29 2285.95898438 1
71 29 3034.15136719 1
71 30 726.492858887 1
71 30 747.20111084 1
71 30 850.798339844 1
71 30 943.781494141 1
71 30 944.802978516 1
71 30 1013.46002197 1
71 30 1075.35192871 1
71 30 1192.51550293 1
71 30 1368.44299316 1
71 30 1458.49389648 1
71 30 1565.09973145 1
71 31 732.22277832 1
71 31 743.40435791 1
71 31 752.251037598 1
71 31 868.59765625 1
71 31 893.468811035 1
71 31 915.94934082 1
71 31 1023.23803711 1
71 31 1160.9753418 1
71 32 937.299560547 1
71 34 954.994995117 1
72 24 1942.06079102 1
72 28 1367.71411133 1
72 28 1719.21691895 1
72 28 2370.04248047 1
72 30 1596.38061523 1
72 32 1527.19836426 1
76 27 1612.12878418 1
76 29 1607.24731445 1
77 22 2481.45288086 1
77 28 1254.54199219 1
77 28 1878.2644043 1
77 28 2002.58898926 1
