000 293.0 0.0 1000000.0
008 244.0 0.0 1000000.0
009 214.0 0.0 1000000.0
010 203.0 0.0 1000000.0
011 229.0 0.0 1000000.0
013 223.0 0.0 1000000.0
016 222.0 0.0 1000000.0
022 213.0 0.0 1000000.0
027 251.0 0.0 1000000.0
034 228.0 0.0 1000000.0
045 242.0 0.0 1000000.0
063 227.0 0.0 1000000.0
090 167.0 0.0 1000000.0
117 89.0 0.0 1000000.0
135 58.0 0.0 1000000.0
146 51.0 0.0 1000000.0
153 36.0 0.0 1000000.0
158 28.0 0.0 1000000.0
162 23.0 0.0 1000000.0
164 26.0 0.0 1000000.0
166 27.0 0.0 1000000.0
167 18.0 0.0 1000000.0
169 18.0 0.0 1000000.0
171 29.0 0.0 1000000.0
172 29.0 0.0 1000000.0
180 21.0 0.0 1000000.0
