000 377.0 0.0 1000000.0
008 295.0 0.0 1000000.0
009 273.0 0.0 1000000.0
010 265.0 0.0 1000000.0
011 273.0 0.0 1000000.0
013 276.0 0.0 1000000.0
016 269.0 0.0 1000000.0
022 252.0 0.0 1000000.0
027 262.0 0.0 1000000.0
034 268.0 0.0 1000000.0
045 241.0 0.0 1000000.0
063 213.0 0.0 1000000.0
090 152.0 0.0 1000000.0
117 78.0 0.0 1000000.0
135 47.0 0.0 1000000.0
146 35.0 0.0 1000000.0
153 25.0 0.0 1000000.0
158 40.0 0.0 1000000.0
162 25.0 0.0 1000000.0
164 24.0 0.0 1000000.0
166 20.0 0.0 1000000.0
167 18.0 0.0 1000000.0
169 17.0 0.0 1000000.0
171 16.0 0.0 1000000.0
172 26.0 0.0 1000000.0
180 19.0 0.0 1000000.0
