000 309.0 0.0 1000000.0
008 354.0 0.0 1000000.0
009 342.0 0.0 1000000.0
010 324.0 0.0 1000000.0
011 345.0 0.0 1000000.0
013 346.0 0.0 1000000.0
016 320.0 0.0 1000000.0
022 365.0 0.0 1000000.0
027 333.0 0.0 1000000.0
034 329.0 0.0 1000000.0
045 272.0 0.0 1000000.0
063 226.0 0.0 1000000.0
090 147.0 0.0 1000000.0
117 80.0 0.0 1000000.0
135 47.0 0.0 1000000.0
146 31.0 0.0 1000000.0
153 18.0 0.0 1000000.0
158 23.0 0.0 1000000.0
162 15.0 0.0 1000000.0
164 19.0 0.0 1000000.0
166 14.0 0.0 1000000.0
167 23.0 0.0 1000000.0
169 13.0 0.0 1000000.0
171 18.0 0.0 1000000.0
172 21.0 0.0 1000000.0
180 11.0 0.0 1000000.0
