string dom time hits
44 24 1914.96655273 1
45 26 2009.05322266 1
45 27 1776.51696777 1
45 28 1247.41687012 1
45 29 2746.70849609 1
53 19 2836.61987305 1
53 30 1628.76831055 1
54 20 1857.28955078 1
54 23 1710.93713379 1
54 23 2053.97680664 1
54 26 865.871032715 1
54 26 1119.13964844 1
54 27 752.616516113 1
54 27 756.362365723 1
54 27 919.765197754 1
54 27 931.689880371 1
54 27 1321.18286133 1
54 28 760.475891113 1
54 28 798.931945801 1
54 28 812.751220703 1
54 28 910.187744141 1
54 28 1007.95678711 1
54 28 1034.30749512 1
54 29 670.238708496 1
54 29 670.577880859 1
54 29 689.605285645 1
54 29 703.726074219 1
54 29 711.303039551 1
54 29 807.812744141 1
54 29 854.953674316 1
54 29 918.887451172 1
54 29 1052.08496094 1
54 29 1101.53271484 1
54 29 1385.00842285 1
54 30 792.521728516 1
54 30 934.424499512 1
54 30 943.206665039 1
54 30 1015.29907227 1
54 30 1369.02307129 1
54 31 655.548828125 1
54 31 698.821166992 1
54 31 748.943725586 1
54 31 778.418884277 1
54 31 794.442687988 1
54 31 904.354125977 1
54 31 1171.63476562 1
54 31 1361.19763184 1
54 31 1598.83044434 1
54 33 918.817810059 1
55 20 1812.31860352 1
55 21 1535.13684082 1
55 23 1500.75646973 1
55 24 1436.1652832 1
55 25 1224.25769043 1
55 26 873.828796387 1
55 26 965.754150391 1
55 26 1183.04174805 1
55 26 1683.47827148 1
55 27 779.401000977 1
55 27 789.067626953 1
55 27 855.912109375 1
55 27 884.106384277 1
55 27 1190.19384766 1
55 28 707.988220215 1
55 28 726.779602051 1
55 28 744.960571289 1
55 28 816.869689941 1
55 28 840.004943848 1
55 28 861.448120117 1
55 29 691.52154541 1
55 29 750.660766602 1
55 29 808.697021484 1
55 29 969.909667969 1
55 29 1054.15124512 1
55 29 2225.61401367 1
55 30 714.583557129 1
55 30 733.542907715 1
55 30 1196.67260742 1
55 31 1329.47521973 1
55 32 1443.61889648 1
55 32 1625.57800293 1
55 32 2069.23242188 1
56 22 1792.83044434 1
56 27 1272.17822266 1
56 28 3201.15234375 1
56 29 1771.04162598 1
56 30 1155.46325684 1
61 25 2013.2869873 1
62 20 1867.53930664 1
62 21 2127.48901367 1
62 22 1421.27893066 1
62 24 1150.9387207 1
62 24 2365.41796875 1
62 25 791.098632812 1
62 25 945.313415527 1
62 26 859.275878906 1
62 26 956.68347168 1
62 26 1119.72058105 1
62 26 1168.40234375 1
62 26 1442.26757812 1
62 26 1631.1574707 1
62 26 1797.12341309 1
62 27 737.464294434 1
62 27 783.047973633 1
62 27 887.470947266 1
62 27 955.301696777 1
62 27 1035.36132812 1
62 27 1065.20849609 1
62 27 1563.16333008 1
62 27 3033.41845703 1
62 28 819.771850586 1
62 28 941.359313965 1
62 28 956.296142578 1
62 28 1079.05603027 1
62 28 1251.52307129 1
62 28 1266.82519531 1
62 28 1452.63684082 1
62 28 1849.74182129 1
62 29 664.597167969 1
62 29 675.395812988 1
62 29 702.222045898 1
62 29 704.316955566 1
62 29 707.276672363 1
62 29 834.794616699 1
62 29 845.689697266 1
62 29 877.532958984 1
62 29 906.257995605 1
62 29 1369.9876709 1
62 29 1482.06713867 1
62 30 672.048156738 1
62 30 704.692626953 1
62 30 712.259765625 1
62 30 814.71697998 1
62 30 830.290039062 1
62 30 1449.46069336 1
62 31 1012.71881104 1
62 31 1103.35717773 1
62 32 977.978088379 1
63 18 1391.34033203 1
63 19 1430.65844727 1
63 22 836.600830078 1
63 22 909.644592285 1
63 22 1071.93200684 1
63 23 751.923339844 1
63 23 782.638916016 1
63 23 783.290588379 1
63 23 814.280273438 1
63 23 838.822509766 1
63 23 888.303222656 1
63 23 896.09564209 1
63 23 930.538330078 1
63 23 1375.20800781 1
63 24 583.487976074 1
63 24 586.277282715 1
63 24 590.416259766 1
63 24 632.950683594 1
63 24 654.204467773 1
63 24 685.74041748 1
63 24 690.251831055 1
63 24 770.140319824 1
63 24 812.874023438 1
63 24 864.043273926 1
63 24 864.686767578 1
63 24 868.773010254 1
63 24 872.034606934 1
63 24 893.068786621 1
63 24 898.857666016 1
63 24 941.275512695 1
63 24 987.926269531 1
63 24 999.857727051 1
63 24 1273.77124023 1
63 24 1304.68261719 1
63 24 1500.10913086 1
63 24 1568.53393555 1
63 24 2326.06860352 1
63 25 427.852111816 1
63 25 429.692871094 1
63 25 444.808654785 1
63 25 446.720336914 1
63 25 446.762420654 1
63 25 473.195800781 1
63 25 474.543029785 1
63 25 486.923828125 1
63 25 504.287780762 1
63 25 509.258117676 1
63 25 513.840942383 1
63 25 524.967163086 1
63 25 525.182250977 1
63 25 525.948120117 1
63 25 530.066833496 1
63 25 531.008789062 1
63 25 545.582580566 1
63 25 558.106384277 1
63 25 561.22265625 1
63 25 565.017211914 1
63 25 568.420471191 1
63 25 570.966125488 1
63 25 575.718994141 1
63 25 585.524841309 1
63 25 586.577941895 1
63 25 588.471130371 1
63 25 593.325134277 1
63 25 617.995178223 1
63 25 634.312133789 1
63 25 655.746398926 1
63 25 664.045654297 1
63 25 688.25 1
63 25 689.111022949 1
63 25 696.44732666 1
63 25 719.174865723 1
63 25 731.148620605 1
63 25 785.222961426 1
63 25 804.458251953 1
63 25 808.223999023 1
63 25 905.227905273 1
63 25 1037.41027832 1
63 26 330.266998291 1
63 26 331.622039795 1
63 26 333.779937744 1
63 26 338.781097412 1
63 26 340.661437988 1
63 26 341.28302002 1
63 26 343.091766357 1
63 26 351.1456604 1
63 26 352.946533203 1
63 26 355.597564697 1
63 26 358.858032227 1
63 26 360.632080078 1
63 26 363.41027832 1
63 26 363.835510254 1
63 26 364.933563232 1
63 26 365.448516846 1
63 26 366.24987793 1
63 26 367.626190186 1
63 26 368.885223389 1
63 26 368.981048584 1
63 26 369.35925293 1
63 26 369.715118408 1
63 26 372.108459473 1
63 26 375.320709229 1
63 26 375.530029297 1
63 26 376.619049072 1
63 26 377.966247559 1
63 26 381.783477783 1
63 26 383.602630615 1
63 26 383.843841553 1
63 26 387.167144775 1
63 26 389.732086182 1
63 26 390.922180176 1
63 26 391.325195312 1
63 26 391.431182861 1
63 26 392.675079346 1
63 26 395.63684082 1
63 26 395.70980835 1
63 26 397.421417236 1
63 26 397.646881104 1
63 26 398.115142822 1
63 26 398.485107422 1
63 26 399.267547607 1
63 26 403.197814941 1
63 26 403.380645752 1
63 26 409.004974365 1
63 26 409.780883789 1
63 26 410.061004639 1
63 26 413.357116699 1
63 26 416.652038574 1
63 26 416.725402832 1
63 26 417.713562012 1
63 26 417.977874756 1
63 26 429.080718994 1
63 26 430.311645508 1
63 26 430.695404053 1
63 26 433.473999023 1
63 26 433.977661133 1
63 26 435.492126465 1
63 26 436.186218262 1
63 26 436.22177124 1
63 26 442.558013916 1
63 26 442.658294678 1
63 26 443.80847168 1
63 26 444.183837891 1
63 26 445.531799316 1
63 26 445.972503662 1
63 26 449.644500732 1
63 26 452.443969727 1
63 26 455.908203125 1
63 26 457.356811523 1
63 26 467.523620605 1
63 26 469.242645264 1
63 26 482.582122803 1
63 26 489.954162598 1
63 26 502.285675049 1
63 26 503.748016357 1
63 26 509.067260742 1
63 26 522.063293457 1
63 26 525.053405762 1
63 26 525.895385742 1
63 26 526.539733887 1
63 26 527.030334473 1
63 26 530.240600586 1
63 26 550.739624023 1
63 26 557.261535645 1
63 26 557.483764648 1
63 26 564.299743652 1
63 26 567.943786621 1
63 26 589.577087402 1
63 26 589.84173584 1
63 26 602.511474609 1
63 26 612.487854004 1
63 26 620.169189453 1
63 26 636.188720703 1
63 26 677.819030762 1
63 26 687.168579102 1
63 26 690.589477539 1
63 26 698.374023438 1
63 26 732.492797852 1
63 26 741.826538086 1
63 26 752.68927002 1
63 26 759.337341309 1
63 26 783.184936523 1
63 26 787.966674805 1
63 26 812.09576416 1
63 26 820.254455566 1
63 26 843.915283203 1
63 26 848.043640137 1
63 26 869.926757812 1
63 26 963.784973145 1
63 26 966.231079102 1
63 26 1019.49871826 1
63 26 1053.8314209 1
63 26 1066.44592285 1
63 26 1085.49255371 1
63 26 1304.6517334 1
63 26 1395.31994629 1
63 26 1443.40356445 1
63 27 242.18119812 1
63 27 244.73878479 1
63 27 245.48274231 1
63 27 245.586914062 1
63 27 246.644714355 1
63 27 246.81262207 1
63 27 247.703216553 1
63 27 247.769180298 1
63 27 248.688598633 1
63 27 249.265579224 1
63 27 249.47064209 1
63 27 250.31362915 1
63 27 252.841964722 1
63 27 253.190048218 1
63 27 253.792297363 1
63 27 254.399032593 1
63 27 255.298736572 1
63 27 255.503753662 1
63 27 255.769515991 1
63 27 256.406890869 1
63 27 256.457794189 1
63 27 256.576660156 1
63 27 256.929321289 1
63 27 257.876861572 1
63 27 257.945892334 1
63 27 258.573303223 1
63 27 258.627166748 1
63 27 259.14541626 1
63 27 259.570739746 1
63 27 259.708892822 1
63 27 261.163909912 1
63 27 261.505889893 1
63 27 261.822692871 1
63 27 262.180419922 1
63 27 262.343933105 1
63 27 264.410491943 1
63 27 264.478118896 1
63 27 264.585510254 1
63 27 264.600738525 1
63 27 264.880065918 1
63 27 265.311431885 1
63 27 265.420776367 1
63 27 265.507293701 1
63 27 265.608795166 1
63 27 265.803497314 1
63 27 267.053710938 1
63 27 267.71963501 1
63 27 267.785369873 1
63 27 267.847167969 1
63 27 268.035797119 1
63 27 268.434448242 1
63 27 268.830078125 1
63 27 269.20803833 1
63 27 269.368133545 1
63 27 269.795776367 1
63 27 270.619232178 1
63 27 271.209960938 1
63 27 271.569519043 1
63 27 271.916625977 1
63 27 271.940338135 1
63 27 272.201263428 1
63 27 272.681671143 1
63 27 272.743011475 1
63 27 273.279693604 1
63 27 273.596038818 1
63 27 273.683563232 1
63 27 273.912139893 1
63 27 273.912719727 1
63 27 274.076416016 1
63 27 275.131774902 1
63 27 275.227294922 1
63 27 276.101745605 1
63 27 278.066223145 1
63 27 278.520080566 1
63 27 278.54385376 1
63 27 278.582519531 1
63 27 278.613464355 1
63 27 278.746246338 1
63 27 278.985961914 1
63 27 279.245269775 1
63 27 281.239227295 1
63 27 281.602172852 1
63 27 283.425384521 1
63 27 284.574615479 1
63 27 284.865844727 1
63 27 285.103546143 1
63 27 285.233673096 1
63 27 285.630523682 1
63 27 285.975341797 1
63 27 286.208740234 1
63 27 286.314697266 1
63 27 286.671447754 1
63 27 286.736816406 1
63 27 287.391021729 1
63 27 287.66897583 1
63 27 288.792633057 1
63 27 289.245758057 1
63 27 289.310150146 1
63 27 289.438201904 1
63 27 290.100036621 1
63 27 290.200531006 1
63 27 290.441467285 1
63 27 290.458068848 1
63 27 291.12713623 1
63 27 291.202758789 1
63 27 291.701812744 1
63 27 291.998931885 1
63 27 292.178070068 1
63 27 292.210754395 1
63 27 292.526000977 1
63 27 292.723968506 1
63 27 292.973968506 1
63 27 294.217956543 1
63 27 294.656585693 1
63 27 294.773223877 1
63 27 295.110137939 1
63 27 295.390716553 1
63 27 296.807769775 1
63 27 297.711181641 1
63 27 297.715454102 1
63 27 297.754364014 1
63 27 298.859771729 1
63 27 300.260223389 1
63 27 300.386322021 1
63 27 301.008789062 1
63 27 302.09072876 1
63 27 304.389678955 1
63 27 304.821044922 1
63 27 305.489929199 1
63 27 308.391113281 1
63 27 310.491943359 1
63 27 311.522003174 1
63 27 312.071289062 1
63 27 312.339111328 1
63 27 312.347351074 1
63 27 312.477783203 1
63 27 312.575408936 1
63 27 314.107391357 1
63 27 314.510284424 1
63 27 314.68447876 1
63 27 314.945343018 1
63 27 316.67678833 1
63 27 317.538543701 1
63 27 317.580993652 1
63 27 317.736541748 1
63 27 323.078094482 1
63 27 323.496307373 1
63 27 323.717498779 1
63 27 326.346313477 1
63 27 328.681304932 1
63 27 328.717010498 1
63 27 330.059692383 1
63 27 330.324005127 1
63 27 332.864440918 1
63 27 334.868377686 1
63 27 336.089447021 1
63 27 337.559326172 1
63 27 339.252990723 1
63 27 342.688751221 1
63 27 343.850830078 1
63 27 344.34854126 1
63 27 345.06942749 1
63 27 347.310546875 1
63 27 347.660583496 1
63 27 347.901123047 1
63 27 348.135681152 1
63 27 348.53894043 1
63 27 351.523468018 1
63 27 352.429046631 1
63 27 354.23815918 1
63 27 355.375762939 1
63 27 357.958648682 1
63 27 359.332092285 1
63 27 365.808166504 1
63 27 369.188171387 1
63 27 370.872009277 1
63 27 372.851959229 1
63 27 373.802337646 1
63 27 378.152374268 1
63 27 378.834564209 1
63 27 380.452545166 1
63 27 383.191345215 1
63 27 385.084442139 1
63 27 385.328765869 1
63 27 387.856384277 1
63 27 388.638916016 1
63 27 389.557830811 1
63 27 391.246948242 1
63 27 396.712432861 1
63 27 402.822052002 1
63 27 405.075073242 1
63 27 405.47052002 1
63 27 414.684204102 1
63 27 415.519470215 1
63 27 416.05569458 1
63 27 416.818756104 1
63 27 417.202148438 1
63 27 418.536590576 1
63 27 421.762481689 1
63 27 421.903656006 1
63 27 434.125610352 1
63 27 435.992858887 1
63 27 437.888397217 1
63 27 443.121551514 1
63 27 446.583404541 1
63 27 446.610687256 1
63 27 448.112854004 1
63 27 450.472625732 1
63 27 452.776428223 1
63 27 453.031036377 1
63 27 456.390777588 1
63 27 457.26159668 1
63 27 463.94921875 1
63 27 464.019073486 1
63 27 466.481079102 1
63 27 467.128448486 1
63 27 471.341705322 1
63 27 478.11239624 1
63 27 485.733306885 1
63 27 508.722930908 1
63 27 511.767883301 1
63 27 514.390136719 1
63 27 515.166259766 1
63 27 531.53302002 1
63 27 536.237243652 1
63 27 538.986572266 1
63 27 544.208557129 1
63 27 549.477844238 1
63 27 551.446166992 1
63 27 560.258361816 1
63 27 561.261108398 1
63 27 561.346008301 1
63 27 587.32409668 1
63 27 591.151123047 1
63 27 599.756103516 1
63 27 603.455444336 1
63 27 604.969604492 1
63 27 617.380126953 1
63 27 621.581115723 1
63 27 628.318664551 1
63 27 631.456420898 1
63 27 646.933044434 1
63 27 679.874450684 1
63 27 688.015930176 1
63 27 697.74822998 1
63 27 702.14453125 1
63 27 716.462219238 1
63 27 722.445007324 1
63 27 727.321472168 1
63 27 730.504211426 1
63 27 733.561950684 1
63 27 747.538452148 1
63 27 753.499267578 1
63 27 766.496398926 1
63 27 783.036376953 1
63 27 793.828491211 1
63 27 847.24798584 1
63 27 883.011413574 1
63 27 934.928161621 1
63 27 974.289855957 1
63 27 988.014343262 1
63 27 1016.9597168 1
63 27 1129.97070312 1
63 27 1175.31347656 1
63 27 1343.48376465 1
63 27 1432.31542969 1
63 27 1453.39733887 1
63 28 158.539199829 1
63 28 160.603225708 1
63 28 160.942642212 1
63 28 162.043624878 1
63 28 165.955932617 1
63 28 166.432281494 1
63 28 166.542007446 1
63 28 166.543457031 1
63 28 166.757171631 1
63 28 166.876571655 1
63 28 166.9349823 1
63 28 167.088195801 1
63 28 167.213821411 1
63 28 167.258758545 1
63 28 167.260696411 1
63 28 167.452590942 1
63 28 167.531906128 1
63 28 167.584197998 1
63 28 167.918075562 1
63 28 167.938461304 1
63 28 168.046859741 1
63 28 168.296081543 1
63 28 168.32333374 1
63 28 168.377487183 1
63 28 168.484588623 1
63 28 169.051361084 1
63 28 169.405792236 1
63 28 169.505432129 1
63 28 169.546081543 1
63 28 169.6509552 1
63 28 169.731704712 1
63 28 169.908004761 1
63 28 169.978134155 1
63 28 170.006652832 1
63 28 170.032119751 1
63 28 170.195953369 1
63 28 170.297821045 1
63 28 170.415985107 1
63 28 170.614151001 1
63 28 171.212905884 1
63 28 171.238800049 1
63 28 171.26550293 1
63 28 171.277053833 1
63 28 171.318099976 1
63 28 171.324737549 1
63 28 171.425827026 1
63 28 171.520874023 1
63 28 171.647155762 1
63 28 171.704559326 1
63 28 171.777236938 1
63 28 171.79737854 1
63 28 171.89755249 1
63 28 171.96295166 1
63 28 172.005874634 1
63 28 172.044494629 1
63 28 172.196548462 1
63 28 172.242752075 1
63 28 172.347045898 1
63 28 172.38520813 1
63 28 172.483551025 1
63 28 172.621276855 1
63 28 172.926818848 1
63 28 173.050445557 1
63 28 173.119155884 1
63 28 173.231369019 1
63 28 173.295913696 1
63 28 173.306655884 1
63 28 173.41003418 1
63 28 173.413879395 1
63 28 173.503341675 1
63 28 173.68510437 1
63 28 173.702255249 1
63 28 173.793792725 1
63 28 173.834259033 1
63 28 173.897171021 1
63 28 174.051696777 1
63 28 174.056015015 1
63 28 174.076553345 1
63 28 174.151901245 1
63 28 174.36895752 1
63 28 174.45211792 1
63 28 174.547775269 1
63 28 174.576583862 1
63 28 174.609085083 1
63 28 174.845474243 1
63 28 174.956329346 1
63 28 174.980377197 1
63 28 174.987625122 1
63 28 175.124450684 1
63 28 175.142807007 1
63 28 175.160079956 1
63 28 175.167190552 1
63 28 175.259887695 1
63 28 175.302871704 1
63 28 175.311752319 1
63 28 175.316802979 1
63 28 175.423217773 1
63 28 175.467666626 1
63 28 175.804092407 1
63 28 176.006088257 1
63 28 176.018569946 1
63 28 176.122543335 1
63 28 176.364837646 1
63 28 176.442886353 1
63 28 176.459823608 1
63 28 176.520294189 1
63 28 176.587432861 1
63 28 176.737380981 1
63 28 176.777664185 1
63 28 176.915664673 1
63 28 176.922332764 1
63 28 177.024856567 1
63 28 177.047714233 1
63 28 177.054275513 1
63 28 177.065795898 1
63 28 177.133499146 1
63 28 177.134643555 1
63 28 177.349258423 1
63 28 177.550140381 1
63 28 177.579986572 1
63 28 177.625747681 1
63 28 177.913742065 1
63 28 178.079269409 1
63 28 178.091659546 1
63 28 178.146377563 1
63 28 178.199172974 1
63 28 178.218994141 1
63 28 178.398788452 1
63 28 178.410766602 1
63 28 178.554428101 1
63 28 178.642669678 1
63 28 178.752197266 1
63 28 178.757965088 1
63 28 178.903915405 1
63 28 179.312225342 1
63 28 179.322647095 1
63 28 179.381881714 1
63 28 179.479141235 1
63 28 179.581634521 1
63 28 179.591812134 1
63 28 179.596191406 1
63 28 179.618453979 1
63 28 179.621047974 1
63 28 179.919021606 1
63 28 179.969604492 1
63 28 180.04347229 1
63 28 180.083374023 1
63 28 180.194824219 1
63 28 180.226669312 1
63 28 180.252639771 1
63 28 180.340286255 1
63 28 180.422943115 1
63 28 180.431732178 1
63 28 180.433532715 1
63 28 180.492706299 1
63 28 180.609954834 1
63 28 180.940124512 1
63 28 180.999053955 1
63 28 181.052566528 1
63 28 181.143997192 1
63 28 181.169692993 1
63 28 181.190170288 1
63 28 181.222717285 1
63 28 181.317642212 1
63 28 181.614074707 1
63 28 181.621765137 1
63 28 181.904342651 1
63 28 181.926055908 1
63 28 181.951217651 1
63 28 181.985153198 1
63 28 182.130020142 1
63 28 182.182312012 1
63 28 182.405960083 1
63 28 182.425598145 1
63 28 182.562667847 1
63 28 182.569061279 1
63 28 182.933609009 1
63 28 183.287200928 1
63 28 183.600875854 1
63 28 183.603225708 1
63 28 183.739578247 1
63 28 183.799285889 1
63 28 183.818649292 1
63 28 183.829910278 1
63 28 183.893508911 1
63 28 184.076858521 1
63 28 184.245101929 1
63 28 184.266143799 1
63 28 184.386993408 1
63 28 184.607421875 1
63 28 184.619400024 1
63 28 184.761123657 1
63 28 184.823394775 1
63 28 184.859100342 1
63 28 184.868743896 1
63 28 185.043518066 1
63 28 185.077636719 1
63 28 185.282684326 1
63 28 185.363296509 1
63 28 185.536743164 1
63 28 185.70513916 1
63 28 185.777542114 1
63 28 185.796783447 1
63 28 185.818908691 1
63 28 185.834381104 1
63 28 185.966690063 1
63 28 185.992141724 1
63 28 185.999862671 1
63 28 186.211181641 1
63 28 186.290496826 1
63 28 186.546646118 1
63 28 186.593948364 1
63 28 186.640411377 1
63 28 186.676422119 1
63 28 186.692504883 1
63 28 186.71383667 1
63 28 186.863952637 1
63 28 186.875549316 1
63 28 187.15663147 1
63 28 187.26600647 1
63 28 187.319152832 1
63 28 187.368774414 1
63 28 187.42729187 1
63 28 187.574661255 1
63 28 187.577682495 1
63 28 187.632278442 1
63 28 187.725250244 1
63 28 187.972335815 1
63 28 188.162338257 1
63 28 188.214355469 1
63 28 188.354263306 1
63 28 188.664367676 1
63 28 188.701812744 1
63 28 188.770828247 1
63 28 189.014038086 1
63 28 189.384780884 1
63 28 189.418960571 1
63 28 189.553649902 1
63 28 189.563552856 1
63 28 189.655517578 1
63 28 189.812301636 1
63 28 189.847106934 1
63 28 189.85949707 1
63 28 189.895050049 1
63 28 190.068893433 1
63 28 190.243545532 1
63 28 190.461227417 1
63 28 190.491409302 1
63 28 190.557067871 1
63 28 190.653762817 1
63 28 190.731109619 1
63 28 190.860473633 1
63 28 190.934753418 1
63 28 191.20980835 1
63 28 191.218551636 1
63 28 191.286193848 1
63 28 191.381439209 1
63 28 191.499557495 1
63 28 192.095443726 1
63 28 192.336868286 1
63 28 192.68939209 1
63 28 192.988037109 1
63 28 193.389022827 1
63 28 193.428787231 1
63 28 193.570602417 1
63 28 193.695037842 1
63 28 193.841156006 1
63 28 194.472900391 1
63 28 194.562454224 1
63 28 194.648788452 1
63 28 194.662796021 1
63 28 195.153259277 1
63 28 195.205307007 1
63 28 195.344955444 1
63 28 195.345199585 1
63 28 195.55128479 1
63 28 195.559020996 1
63 28 195.602127075 1
63 28 195.770751953 1
63 28 195.805877686 1
63 28 196.063064575 1
63 28 196.222198486 1
63 28 196.731811523 1
63 28 196.802932739 1
63 28 196.805130005 1
63 28 196.988571167 1
63 28 197.114440918 1
63 28 197.400039673 1
63 28 197.400421143 1
63 28 197.405975342 1
63 28 197.431488037 1
63 28 197.680648804 1
63 28 197.783157349 1
63 28 197.910324097 1
63 28 197.971588135 1
63 28 198.192855835 1
63 28 198.417648315 1
63 28 198.530471802 1
63 28 198.938476562 1
63 28 199.06678772 1
63 28 199.35723877 1
63 28 199.404418945 1
63 28 199.885223389 1
63 28 199.939315796 1
63 28 199.989944458 1
63 28 200.17338562 1
63 28 200.334274292 1
63 28 200.336700439 1
63 28 200.416061401 1
63 28 200.561843872 1
63 28 200.860473633 1
63 28 200.929077148 1
63 28 201.056030273 1
63 28 201.136795044 1
63 28 201.160690308 1
63 28 201.225601196 1
63 28 201.235488892 1
63 28 201.511367798 1
63 28 201.679885864 1
63 28 201.749694824 1
63 28 201.919082642 1
63 28 201.956558228 1
63 28 202.327148438 1
63 28 202.344039917 1
63 28 202.592346191 1
63 28 202.8019104 1
63 28 202.818481445 1
63 28 203.282745361 1
63 28 203.664306641 1
63 28 203.802642822 1
63 28 204.336639404 1
63 28 204.736785889 1
63 28 205.006500244 1
63 28 206.098373413 1
63 28 206.590957642 1
63 28 206.765762329 1
63 28 207.003204346 1
63 28 207.094619751 1
63 28 208.077560425 1
63 28 209.111907959 1
63 28 209.239471436 1
63 28 209.465209961 1
63 28 209.510681152 1
63 28 209.990921021 1
63 28 210.846206665 1
63 28 211.102828979 1
63 28 211.104797363 1
63 28 211.139282227 1
63 28 211.719009399 1
63 28 211.729827881 1
63 28 212.088989258 1
63 28 212.576034546 1
63 28 212.639419556 1
63 28 213.764389038 1
63 28 214.443450928 1
63 28 214.699691772 1
63 28 214.710632324 1
63 28 215.23324585 1
63 28 215.314758301 1
63 28 215.576370239 1
63 28 215.833404541 1
63 28 216.335281372 1
63 28 216.789215088 1
63 28 216.90562439 1
63 28 217.129989624 1
63 28 217.825180054 1
63 28 218.201705933 1
63 28 218.891738892 1
63 28 219.000854492 1
63 28 219.191833496 1
63 28 219.404205322 1
63 28 219.682037354 1
63 28 220.121185303 1
63 28 220.846282959 1
63 28 221.03074646 1
63 28 221.30015564 1
63 28 221.852554321 1
63 28 222.01071167 1
63 28 222.253967285 1
63 28 222.569046021 1
63 28 222.615814209 1
63 28 223.048553467 1
63 28 224.411392212 1
63 28 224.728378296 1
63 28 225.00592041 1
63 28 225.093292236 1
63 28 225.692321777 1
63 28 226.653594971 1
63 28 227.701385498 1
63 28 228.199050903 1
63 28 228.944030762 1
63 28 230.192092896 1
63 28 230.245117188 1
63 28 230.466033936 1
63 28 231.760360718 1
63 28 232.521377563 1
63 28 233.149688721 1
63 28 233.159805298 1
63 28 233.932159424 1
63 28 233.986816406 1
63 28 234.789901733 1
63 28 234.792129517 1
63 28 234.990112305 1
63 28 238.170761108 1
63 28 238.694366455 1
63 28 239.03465271 1
63 28 239.082611084 1
63 28 239.395980835 1
63 28 239.425354004 1
63 28 240.005111694 1
63 28 240.922592163 1
63 28 240.946609497 1
63 28 241.34602356 1
63 28 243.165771484 1
63 28 245.396896362 1
63 28 246.147903442 1
63 28 247.409301758 1
63 28 248.697174072 1
63 28 248.826370239 1
63 28 249.934234619 1
63 28 250.437179565 1
63 28 251.31312561 1
63 28 252.46987915 1
63 28 253.096206665 1
63 28 253.426223755 1
63 28 254.018859863 1
63 28 255.023254395 1
63 28 255.040313721 1
63 28 255.360427856 1
63 28 255.398422241 1
63 28 256.690856934 1
63 28 256.752929688 1
63 28 258.791137695 1
63 28 259.029632568 1
63 28 259.802124023 1
63 28 260.089477539 1
63 28 260.222503662 1
63 28 260.230560303 1
63 28 260.336975098 1
63 28 260.418945312 1
63 28 261.087005615 1
63 28 262.180389404 1
63 28 262.528381348 1
63 28 263.72769165 1
63 28 265.236785889 1
63 28 266.069244385 1
63 28 266.435333252 1
63 28 266.735656738 1
63 28 267.917327881 1
63 28 268.055358887 1
63 28 271.002685547 1
63 28 271.144927979 1
63 28 272.560211182 1
63 28 274.135101318 1
63 28 274.862854004 1
63 28 278.834564209 1
63 28 280.040039062 1
63 28 280.267913818 1
63 28 280.588134766 1
63 28 283.902893066 1
63 28 285.889831543 1
63 28 286.785980225 1
63 28 286.892242432 1
63 28 287.788024902 1
63 28 289.216125488 1
63 28 295.945953369 1
63 28 298.861968994 1
63 28 300.374481201 1
63 28 301.971984863 1
63 28 302.792877197 1
63 28 303.758880615 1
63 28 310.179473877 1
63 28 314.599090576 1
63 28 316.936767578 1
63 28 317.709686279 1
63 28 317.729705811 1
63 28 320.075012207 1
63 28 320.554168701 1
63 28 322.888824463 1
63 28 324.02645874 1
63 28 325.316131592 1
63 28 328.717834473 1
63 28 329.838256836 1
63 28 329.874176025 1
63 28 333.014160156 1
63 28 336.919128418 1
63 28 337.854095459 1
63 28 338.684631348 1
63 28 341.145294189 1
63 28 342.595672607 1
63 28 346.731689453 1
63 28 352.802093506 1
63 28 362.515136719 1
63 28 366.808105469 1
63 28 366.892486572 1
63 28 366.925109863 1
63 28 368.444580078 1
63 28 380.644226074 1
63 28 384.827880859 1
63 28 387.681274414 1
63 28 389.051483154 1
63 28 394.083679199 1
63 28 396.884796143 1
63 28 396.978393555 1
63 28 401.677154541 1
63 28 411.339935303 1
63 28 416.412689209 1
63 28 420.977508545 1
63 28 423.799560547 1
63 28 424.893768311 1
63 28 428.549346924 1
63 28 440.575378418 1
63 28 441.989746094 1
63 28 444.436126709 1
63 28 446.936523438 1
63 28 454.649597168 1
63 28 458.416717529 1
63 28 466.94708252 1
63 28 476.463745117 1
63 28 477.67300415 1
63 28 481.759094238 1
63 28 482.400482178 1
63 28 490.141815186 1
63 28 493.893615723 1
63 28 498.531524658 1
63 28 509.717773438 1
63 28 518.101379395 1
63 28 521.358459473 1
63 28 535.15814209 1
63 28 555.385070801 1
63 28 555.407653809 1
63 28 560.52734375 1
63 28 580.780334473 1
63 28 582.230651855 1
63 28 589.524536133 1
63 28 591.352539062 1
63 28 596.751159668 1
63 28 600.149841309 1
63 28 611.834716797 1
63 28 624.133972168 1
63 28 636.445922852 1
63 28 639.168640137 1
63 28 645.761962891 1
63 28 691.804321289 1
63 28 703.045837402 1
63 28 730.149719238 1
63 28 803.972717285 1
63 28 853.761413574 1
63 28 857.213867188 1
63 28 867.54510498 1
63 28 872.299743652 1
63 28 873.644775391 1
63 28 929.758178711 1
63 28 938.075866699 1
63 28 994.538757324 1
63 28 1011.21936035 1
63 28 1046.39575195 1
63 28 1136.05029297 1
63 28 1300.27661133 1
63 29 78.8440704346 1
63 29 78.893081665 1
63 29 78.9293899536 1
63 29 79.0674438477 1
63 29 80.1213989258 1
63 29 80.5506744385 1
63 29 80.6657333374 1
63 29 80.8009872437 1
63 29 81.1300430298 1
63 29 81.1455230713 1
63 29 81.3641052246 1
63 29 81.4483413696 1
63 29 81.6614074707 1
63 29 81.6623153687 1
63 29 81.9072189331 1
63 29 81.9076004028 1
63 29 82.0023422241 1
63 29 82.2040328979 1
63 29 82.3088989258 1
63 29 82.3192596436 1
63 29 82.9236831665 1
63 29 83.1164093018 1
63 29 83.2440109253 1
63 29 83.2582702637 1
63 29 83.2984390259 1
63 29 83.3545837402 1
63 29 83.460975647 1
63 29 83.4771957397 1
63 29 83.4837265015 1
63 29 83.4846420288 1
63 29 83.5433349609 1
63 29 83.5818405151 1
63 29 83.7319717407 1
63 29 83.7707672119 1
63 29 83.8412628174 1
63 29 83.8588790894 1
63 29 83.9567260742 1
63 29 83.9935150146 1
63 29 84.1976165771 1
63 29 84.2442703247 1
63 29 84.2560501099 1
63 29 84.3707046509 1
63 29 84.4003067017 1
63 29 84.4576034546 1
63 29 84.5053405762 1
63 29 84.52709198 1
63 29 84.5540466309 1
63 29 84.583404541 1
63 29 84.6522140503 1
63 29 84.6729278564 1
63 29 84.6745910645 1
63 29 84.7592468262 1
63 29 84.7824249268 1
63 29 84.8097381592 1
63 29 84.9388427734 1
63 29 84.9698562622 1
63 29 84.989151001 1
63 29 85.0535583496 1
63 29 85.0541000366 1
63 29 85.102684021 1
63 29 85.119430542 1
63 29 85.1253814697 1
63 29 85.1766357422 1
63 29 85.1878585815 1
63 29 85.2258300781 1
63 29 85.2693328857 1
63 29 85.2872772217 1
63 29 85.3552856445 1
63 29 85.3592758179 1
63 29 85.3898544312 1
63 29 85.4879455566 1
63 29 85.5314407349 1
63 29 85.6280670166 1
63 29 85.7786483765 1
63 29 85.7805557251 1
63 29 85.7980575562 1
63 29 85.8015899658 1
63 29 85.9222717285 1
63 29 85.9222717285 1
63 29 85.9848861694 1
63 29 85.996421814 1
63 29 86.0260696411 1
63 29 86.0265579224 1
63 29 86.0350570679 1
63 29 86.0639343262 1
63 29 86.1458740234 1
63 29 86.2309341431 1
63 29 86.2448272705 1
63 29 86.4048995972 1
63 29 86.4624710083 1
63 29 86.5519332886 1
63 29 86.5663986206 1
63 29 86.5696105957 1
63 29 86.6177597046 1
63 29 86.6757736206 1
63 29 86.7577056885 1
63 29 86.8106155396 1
63 29 86.8148651123 1
63 29 86.9145736694 1
63 29 86.9374160767 1
63 29 87.0177993774 1
63 29 87.0477523804 1
63 29 87.1411437988 1
63 29 87.2153396606 1
63 29 87.2257080078 1
63 29 87.2280273438 1
63 29 87.2668151855 1
63 29 87.2885437012 1
63 29 87.2889480591 1
63 29 87.3357391357 1
63 29 87.3559646606 1
63 29 87.3582382202 1
63 29 87.3647689819 1
63 29 87.4167556763 1
63 29 87.4184036255 1
63 29 87.4261703491 1
63 29 87.45262146 1
63 29 87.4689025879 1
63 29 87.4814224243 1
63 29 87.5061798096 1
63 29 87.5498352051 1
63 29 87.5506362915 1
63 29 87.5825119019 1
63 29 87.6314163208 1
63 29 87.6795425415 1
63 29 87.6902008057 1
63 29 87.6959228516 1
63 29 87.7451705933 1
63 29 87.7736968994 1
63 29 87.7864227295 1
63 29 87.8401184082 1
63 29 87.944519043 1
63 29 87.9524154663 1
63 29 87.9596557617 1
63 29 88.0058364868 1
63 29 88.0308074951 1
63 29 88.0347290039 1
63 29 88.1433334351 1
63 29 88.1477661133 1
63 29 88.1513671875 1
63 29 88.159072876 1
63 29 88.1770019531 1
63 29 88.2153549194 1
63 29 88.250579834 1
63 29 88.2562255859 1
63 29 88.2775650024 1
63 29 88.3349227905 1
63 29 88.3593215942 1
63 29 88.3919525146 1
63 29 88.4279708862 1
63 29 88.5109176636 1
63 29 88.5149688721 1
63 29 88.5327072144 1
63 29 88.5438919067 1
63 29 88.5749206543 1
63 29 88.611618042 1
63 29 88.6723632812 1
63 29 88.6902770996 1
63 29 88.6953811646 1
63 29 88.7423934937 1
63 29 88.7813186646 1
63 29 88.7821350098 1
63 29 88.8074188232 1
63 29 88.8317871094 1
63 29 88.8536682129 1
63 29 88.8951644897 1
63 29 88.9787521362 1
63 29 88.9881973267 1
63 29 89.0087661743 1
63 29 89.0414123535 1
63 29 89.0852966309 1
63 29 89.100769043 1
63 29 89.1143417358 1
63 29 89.2174530029 1
63 29 89.2253570557 1
63 29 89.2343139648 1
63 29 89.2488174438 1
63 29 89.2922515869 1
63 29 89.2947235107 1
63 29 89.3300704956 1
63 29 89.3715438843 1
63 29 89.3931350708 1
63 29 89.4051055908 1
63 29 89.4174804688 1
63 29 89.4611129761 1
63 29 89.4646759033 1
63 29 89.4987106323 1
63 29 89.5603179932 1
63 29 89.7184143066 1
63 29 89.7727584839 1
63 29 89.7847747803 1
63 29 89.8055877686 1
63 29 89.8083114624 1
63 29 89.8760681152 1
63 29 89.8888931274 1
63 29 89.9099731445 1
63 29 90.0303649902 1
63 29 90.0654830933 1
63 29 90.0662460327 1
63 29 90.0959854126 1
63 29 90.1679992676 1
63 29 90.198425293 1
63 29 90.2645797729 1
63 29 90.2663269043 1
63 29 90.2738342285 1
63 29 90.2884521484 1
63 29 90.3091964722 1
63 29 90.3126296997 1
63 29 90.3501434326 1
63 29 90.3553161621 1
63 29 90.360824585 1
63 29 90.3614883423 1
63 29 90.3805084229 1
63 29 90.3955230713 1
63 29 90.4303359985 1
63 29 90.4688415527 1
63 29 90.5363693237 1
63 29 90.5597686768 1
63 29 90.5817718506 1
63 29 90.6804046631 1
63 29 90.7007141113 1
63 29 90.8074417114 1
63 29 90.8116760254 1
63 29 90.8137130737 1
63 29 90.8298568726 1
63 29 90.8336105347 1
63 29 90.8341674805 1
63 29 90.8377151489 1
63 29 90.8757629395 1
63 29 90.9203720093 1
63 29 90.9376754761 1
63 29 90.987121582 1
63 29 90.9888763428 1
63 29 91.006401062 1
63 29 91.0098724365 1
63 29 91.0107269287 1
63 29 91.0408782959 1
63 29 91.0595016479 1
63 29 91.073890686 1
63 29 91.0863342285 1
63 29 91.1100463867 1
63 29 91.1278152466 1
63 29 91.1360626221 1
63 29 91.2279129028 1
63 29 91.2303771973 1
63 29 91.2523193359 1
63 29 91.2615127563 1
63 29 91.2735671997 1
63 29 91.325958252 1
63 29 91.3264694214 1
63 29 91.3609695435 1
63 29 91.4200210571 1
63 29 91.42552948 1
63 29 91.4932479858 1
63 29 91.5185241699 1
63 29 91.6040420532 1
63 29 91.6158676147 1
63 29 91.6288375854 1
63 29 91.6512527466 1
63 29 91.6855392456 1
63 29 91.7247619629 1
63 29 91.7372970581 1
63 29 91.746963501 1
63 29 91.7532119751 1
63 29 91.7578811646 1
63 29 91.8044891357 1
63 29 91.8122711182 1
63 29 91.8799362183 1
63 29 91.881942749 1
63 29 91.8819503784 1
63 29 91.8828582764 1
63 29 91.8842010498 1
63 29 91.8870925903 1
63 29 91.9159164429 1
63 29 91.9299240112 1
63 29 91.9340896606 1
63 29 91.9385910034 1
63 29 91.9473648071 1
63 29 91.9789733887 1
63 29 92.0428543091 1
63 29 92.0637512207 1
63 29 92.0699005127 1
63 29 92.0797042847 1
63 29 92.0964813232 1
63 29 92.1134567261 1
63 29 92.2343521118 1
63 29 92.2441101074 1
63 29 92.2655715942 1
63 29 92.3273544312 1
63 29 92.3333511353 1
63 29 92.3410873413 1
63 29 92.346031189 1
63 29 92.3460617065 1
63 29 92.3486328125 1
63 29 92.376701355 1
63 29 92.3997497559 1
63 29 92.4081497192 1
63 29 92.4420166016 1
63 29 92.4614486694 1
63 29 92.4630432129 1
63 29 92.4710388184 1
63 29 92.5110244751 1
63 29 92.533164978 1
63 29 92.5451583862 1
63 29 92.5623016357 1
63 29 92.5897598267 1
63 29 92.5928115845 1
63 29 92.5993881226 1
63 29 92.6173858643 1
63 29 92.6203079224 1
63 29 92.6248245239 1
63 29 92.6426239014 1
63 29 92.6636962891 1
63 29 92.677772522 1
63 29 92.6821594238 1
63 29 92.682258606 1
63 29 92.7004699707 1
63 29 92.7272720337 1
63 29 92.7449264526 1
63 29 92.7700500488 1
63 29 92.7964477539 1
63 29 92.8358688354 1
63 29 92.838470459 1
63 29 92.9019622803 1
63 29 92.916885376 1
63 29 92.9202270508 1
63 29 92.9439926147 1
63 29 92.9517745972 1
63 29 92.9591293335 1
63 29 92.9854812622 1
63 29 92.9970855713 1
63 29 93.0032043457 1
63 29 93.0082321167 1
63 29 93.0091705322 1
63 29 93.0227355957 1
63 29 93.0317077637 1
63 29 93.0496368408 1
63 29 93.0744018555 1
63 29 93.0800552368 1
63 29 93.094581604 1
63 29 93.1443481445 1
63 29 93.1550064087 1
63 29 93.175567627 1
63 29 93.1797943115 1
63 29 93.1866149902 1
63 29 93.1948318481 1
63 29 93.2112731934 1
63 29 93.2199859619 1
63 29 93.2358322144 1
63 29 93.2700958252 1
63 29 93.2740783691 1
63 29 93.2811584473 1
63 29 93.2871704102 1
63 29 93.2985839844 1
63 29 93.3172912598 1
63 29 93.3397445679 1
63 29 93.3493118286 1
63 29 93.3595581055 1
63 29 93.3949890137 1
63 29 93.4030151367 1
63 29 93.4052505493 1
63 29 93.4158782959 1
63 29 93.4207458496 1
63 29 93.4571914673 1
63 29 93.4746551514 1
63 29 93.4844970703 1
63 29 93.5055541992 1
63 29 93.5060424805 1
63 29 93.5303039551 1
63 29 93.554145813 1
63 29 93.5845489502 1
63 29 93.5978851318 1
63 29 93.6025772095 1
63 29 93.6054916382 1
63 29 93.6310882568 1
63 29 93.6655502319 1
63 29 93.6727981567 1
63 29 93.6734008789 1
63 29 93.6787796021 1
63 29 93.6878967285 1
63 29 93.6924209595 1
63 29 93.7114334106 1
63 29 93.7249984741 1
63 29 93.7378005981 1
63 29 93.7909622192 1
63 29 93.8033981323 1
63 29 93.8168334961 1
63 29 93.8255767822 1
63 29 93.8325042725 1
63 29 93.8339080811 1
63 29 93.8367996216 1
63 29 93.8432617188 1
63 29 93.8535232544 1
63 29 93.8545837402 1
63 29 93.8786315918 1
63 29 93.8801040649 1
63 29 93.8833618164 1
63 29 93.8903961182 1
63 29 93.890838623 1
63 29 93.894241333 1
63 29 93.9353790283 1
63 29 94.0100021362 1
63 29 94.0151367188 1
63 29 94.0184020996 1
63 29 94.0532226562 1
63 29 94.0557327271 1
63 29 94.0848007202 1
63 29 94.1027450562 1
63 29 94.144241333 1
63 29 94.1450119019 1
63 29 94.1461257935 1
63 29 94.163192749 1
63 29 94.1903457642 1
63 29 94.2282791138 1
63 29 94.2291030884 1
63 29 94.2460327148 1
63 29 94.2518081665 1
63 29 94.2522354126 1
63 29 94.2660140991 1
63 29 94.2891311646 1
63 29 94.2923202515 1
63 29 94.3079681396 1
63 29 94.3117446899 1
63 29 94.3120346069 1
63 29 94.3371505737 1
63 29 94.3396606445 1
63 29 94.3731536865 1
63 29 94.3868331909 1
63 29 94.387840271 1
63 29 94.3981781006 1
63 29 94.3990631104 1
63 29 94.4004974365 1
63 29 94.425819397 1
63 29 94.4407501221 1
63 29 94.4686737061 1
63 29 94.4999847412 1
63 29 94.5078277588 1
63 29 94.5259933472 1
63 29 94.5283737183 1
63 29 94.536567688 1
63 29 94.5638885498 1
63 29 94.5668411255 1
63 29 94.5894699097 1
63 29 94.5986938477 1
63 29 94.6076278687 1
63 29 94.6097869873 1
63 29 94.6363830566 1
63 29 94.6406021118 1
63 29 94.6413040161 1
63 29 94.66746521 1
63 29 94.687789917 1
63 29 94.6926269531 1
63 29 94.716468811 1
63 29 94.7195053101 1
63 29 94.7688751221 1
63 29 94.7841110229 1
63 29 94.7971725464 1
63 29 94.8063659668 1
63 29 94.8144683838 1
63 29 94.8605728149 1
63 29 94.8747634888 1
63 29 94.8950576782 1
63 29 94.8993377686 1
63 29 94.9365692139 1
63 29 94.9530181885 1
63 29 94.9631729126 1
63 29 94.9677200317 1
63 29 94.9794158936 1
63 29 94.9799041748 1
63 29 95.0414810181 1
63 29 95.0479660034 1
63 29 95.0603103638 1
63 29 95.0833969116 1
63 29 95.1074981689 1
63 29 95.1104431152 1
63 29 95.114616394 1
63 29 95.1257629395 1
63 29 95.153213501 1
63 29 95.2099761963 1
63 29 95.2247009277 1
63 29 95.2400360107 1
63 29 95.2548904419 1
63 29 95.2622146606 1
63 29 95.2737426758 1
63 29 95.2796401978 1
63 29 95.2861404419 1
63 29 95.3029022217 1
63 29 95.3152084351 1
63 29 95.3162765503 1
63 29 95.3402786255 1
63 29 95.3539123535 1
63 29 95.4037094116 1
63 29 95.4131011963 1
63 29 95.4165344238 1
63 29 95.4192428589 1
63 29 95.4324493408 1
63 29 95.4366531372 1
63 29 95.4602661133 1
63 29 95.4993362427 1
63 29 95.5042724609 1
63 29 95.5068435669 1
63 29 95.5415039062 1
63 29 95.5636138916 1
63 29 95.5731658936 1
63 29 95.5855178833 1
63 29 95.6141967773 1
63 29 95.6162490845 1
63 29 95.6310653687 1
63 29 95.6926345825 1
63 29 95.6994781494 1
63 29 95.7378234863 1
63 29 95.7380828857 1
63 29 95.7480926514 1
63 29 95.7547531128 1
63 29 95.7665939331 1
63 29 95.7824401855 1
63 29 95.8039169312 1
63 29 95.8181304932 1
63 29 95.8209991455 1
63 29 95.835395813 1
63 29 95.8398284912 1
63 29 95.8432006836 1
63 29 95.8443908691 1
63 29 95.8511276245 1
63 29 95.8521194458 1
63 29 95.8600082397 1
63 29 95.9136352539 1
63 29 95.9161224365 1
63 29 95.9247055054 1
63 29 95.9363250732 1
63 29 95.9455337524 1
63 29 95.9488754272 1
63 29 95.9495620728 1
63 29 95.9704208374 1
63 29 95.9975814819 1
63 29 96.0402069092 1
63 29 96.0531005859 1
63 29 96.0579299927 1
63 29 96.1294631958 1
63 29 96.1534423828 1
63 29 96.1623535156 1
63 29 96.1689605713 1
63 29 96.2059402466 1
63 29 96.2104721069 1
63 29 96.2158508301 1
63 29 96.2180099487 1
63 29 96.2217178345 1
63 29 96.2229766846 1
63 29 96.2332763672 1
63 29 96.2524871826 1
63 29 96.2873153687 1
63 29 96.2958374023 1
63 29 96.325958252 1
63 29 96.3436431885 1
63 29 96.3740539551 1
63 29 96.3754959106 1
63 29 96.3765792847 1
63 29 96.3907928467 1
63 29 96.3917388916 1
63 29 96.4129180908 1
63 29 96.4165267944 1
63 29 96.4175872803 1
63 29 96.4552841187 1
63 29 96.4654006958 1
63 29 96.4729232788 1
63 29 96.4937210083 1
63 29 96.5246047974 1
63 29 96.5354766846 1
63 29 96.5362701416 1
63 29 96.5372848511 1
63 29 96.5856018066 1
63 29 96.5873413086 1
63 29 96.5968475342 1
63 29 96.6243438721 1
63 29 96.6350631714 1
63 29 96.6597900391 1
63 29 96.6661224365 1
63 29 96.6769104004 1
63 29 96.7145996094 1
63 29 96.7221755981 1
63 29 96.7238311768 1
63 29 96.7244796753 1
63 29 96.7321853638 1
63 29 96.7676773071 1
63 29 96.7787399292 1
63 29 96.7799758911 1
63 29 96.815536499 1
63 29 96.8255310059 1
63 29 96.8503036499 1
63 29 96.8620376587 1
63 29 96.8762130737 1
63 29 96.8786849976 1
63 29 96.9072265625 1
63 29 96.9318313599 1
63 29 96.9345626831 1
63 29 96.9476013184 1
63 29 96.9647598267 1
63 29 96.9666061401 1
63 29 96.9968109131 1
63 29 97.00050354 1
63 29 97.0011291504 1
63 29 97.0185317993 1
63 29 97.0344161987 1
63 29 97.0515823364 1
63 29 97.0537185669 1
63 29 97.0764694214 1
63 29 97.0877380371 1
63 29 97.0886459351 1
63 29 97.0930557251 1
63 29 97.1550292969 1
63 29 97.1789474487 1
63 29 97.1876907349 1
63 29 97.2010955811 1
63 29 97.2389068604 1
63 29 97.248336792 1
63 29 97.263633728 1
63 29 97.2720031738 1
63 29 97.2795181274 1
63 29 97.2803268433 1
63 29 97.3124084473 1
63 29 97.3173446655 1
63 29 97.3186569214 1
63 29 97.3187942505 1
63 29 97.3203887939 1
63 29 97.3336410522 1
63 29 97.3554458618 1
63 29 97.3753509521 1
63 29 97.3842697144 1
63 29 97.3935775757 1
63 29 97.3950958252 1
63 29 97.3999099731 1
63 29 97.4334411621 1
63 29 97.4578781128 1
63 29 97.5480575562 1
63 29 97.585723877 1
63 29 97.5871200562 1
63 29 97.5981216431 1
63 29 97.6541519165 1
63 29 97.6665496826 1
63 29 97.6690292358 1
63 29 97.6767730713 1
63 29 97.7019958496 1
63 29 97.7019958496 1
63 29 97.7391891479 1
63 29 97.7801971436 1
63 29 97.7829284668 1
63 29 97.8273391724 1
63 29 97.8508071899 1
63 29 97.8757171631 1
63 29 97.8882675171 1
63 29 97.9142913818 1
63 29 97.9410552979 1
63 29 97.9940032959 1
63 29 98.0131454468 1
63 29 98.0334396362 1
63 29 98.0541152954 1
63 29 98.0915908813 1
63 29 98.1015090942 1
63 29 98.1574935913 1
63 29 98.1639480591 1
63 29 98.1820144653 1
63 29 98.1866226196 1
63 29 98.2004394531 1
63 29 98.2278747559 1
63 29 98.250831604 1
63 29 98.2748565674 1
63 29 98.2792205811 1
63 29 98.3207092285 1
63 29 98.3456115723 1
63 29 98.378616333 1
63 29 98.3985824585 1
63 29 98.4041290283 1
63 29 98.4403457642 1
63 29 98.4421005249 1
63 29 98.509223938 1
63 29 98.5118942261 1
63 29 98.5147705078 1
63 29 98.5399398804 1
63 29 98.5410232544 1
63 29 98.5501251221 1
63 29 98.5647583008 1
63 29 98.5830154419 1
63 29 98.5905151367 1
63 29 98.5924758911 1
63 29 98.6107635498 1
63 29 98.6130142212 1
63 29 98.6151199341 1
63 29 98.6602478027 1
63 29 98.6744995117 1
63 29 98.6751403809 1
63 29 98.7142791748 1
63 29 98.7553634644 1
63 29 98.7738265991 1
63 29 98.7793273926 1
63 29 98.807220459 1
63 29 98.8220825195 1
63 29 98.8497467041 1
63 29 98.8656387329 1
63 29 98.8680419922 1
63 29 98.8696289062 1
63 29 98.8818664551 1
63 29 98.8939666748 1
63 29 98.90650177 1
63 29 98.9122085571 1
63 29 98.924407959 1
63 29 98.9599838257 1
63 29 99.0010147095 1
63 29 99.0131454468 1
63 29 99.0183944702 1
63 29 99.0187759399 1
63 29 99.0531616211 1
63 29 99.0844955444 1
63 29 99.1117401123 1
63 29 99.1230163574 1
63 29 99.1285629272 1
63 29 99.1398696899 1
63 29 99.1920623779 1
63 29 99.1933670044 1
63 29 99.1978607178 1
63 29 99.2470550537 1
63 29 99.2607345581 1
63 29 99.29271698 1
63 29 99.2949676514 1
63 29 99.297744751 1
63 29 99.2978439331 1
63 29 99.3444366455 1
63 29 99.3743972778 1
63 29 99.3864593506 1
63 29 99.4356079102 1
63 29 99.4479827881 1
63 29 99.4680786133 1
63 29 99.4766311646 1
63 29 99.4819946289 1
63 29 99.5027999878 1
63 29 99.5055770874 1
63 29 99.5406951904 1
63 29 99.5691604614 1
63 29 99.5702972412 1
63 29 99.5743331909 1
63 29 99.5813140869 1
63 29 99.6097412109 1
63 29 99.6322555542 1
63 29 99.6328125 1
63 29 99.6646575928 1
63 29 99.6940460205 1
63 29 99.7011642456 1
63 29 99.7055740356 1
63 29 99.7372970581 1
63 29 99.7482299805 1
63 29 99.7602996826 1
63 29 99.7736663818 1
63 29 99.795463562 1
63 29 99.8023529053 1
63 29 99.8357543945 1
63 29 99.8686065674 1
63 29 99.9316711426 1
63 29 99.9583587646 1
63 29 100.011253357 1
63 29 100.022293091 1
63 29 100.034126282 1
63 29 100.102149963 1
63 29 100.112564087 1
63 29 100.126411438 1
63 29 100.151702881 1
63 29 100.187057495 1
63 29 100.238594055 1
63 29 100.256744385 1
63 29 100.272140503 1
63 29 100.295661926 1
63 29 100.303710938 1
63 29 100.320137024 1
63 29 100.323883057 1
63 29 100.323928833 1
63 29 100.357414246 1
63 29 100.363800049 1
63 29 100.380455017 1
63 29 100.386405945 1
63 29 100.403152466 1
63 29 100.437004089 1
63 29 100.444229126 1
63 29 100.448806763 1
63 29 100.449951172 1
63 29 100.458808899 1
63 29 100.48739624 1
63 29 100.533363342 1
63 29 100.574981689 1
63 29 100.575645447 1
63 29 100.597198486 1
63 29 100.603660583 1
63 29 100.606254578 1
63 29 100.639511108 1
63 29 100.645011902 1
63 29 100.665328979 1
63 29 100.67829895 1
63 29 100.722511292 1
63 29 100.724868774 1
63 29 100.794754028 1
63 29 100.799110413 1
63 29 100.805641174 1
63 29 100.815155029 1
63 29 100.842147827 1
63 29 100.875167847 1
63 29 100.890571594 1
63 29 100.903396606 1
63 29 100.944908142 1
63 29 100.986167908 1
63 29 100.992118835 1
63 29 101.065208435 1
63 29 101.066452026 1
63 29 101.0911026 1
63 29 101.145736694 1
63 29 101.146064758 1
63 29 101.190628052 1
63 29 101.209541321 1
63 29 101.21559906 1
63 29 101.229736328 1
63 29 101.2681427 1
63 29 101.290122986 1
63 29 101.292930603 1
63 29 101.299583435 1
63 29 101.325332642 1
63 29 101.32976532 1
63 29 101.3335495 1
63 29 101.348983765 1
63 29 101.41645813 1
63 29 101.418838501 1
63 29 101.435348511 1
63 29 101.451705933 1
63 29 101.462608337 1
63 29 101.467353821 1
63 29 101.468688965 1
63 29 101.559356689 1
63 29 101.564117432 1
63 29 101.578041077 1
63 29 101.585639954 1
63 29 101.617515564 1
63 29 101.636222839 1
63 29 101.647964478 1
63 29 101.659210205 1
63 29 101.681434631 1
63 29 101.764320374 1
63 29 101.809844971 1
63 29 101.827957153 1
63 29 101.848342896 1
63 29 101.849685669 1
63 29 101.885444641 1
63 29 101.922363281 1
63 29 101.989189148 1
63 29 102.032089233 1
63 29 102.054290771 1
63 29 102.083045959 1
63 29 102.103218079 1
63 29 102.158782959 1
63 29 102.161186218 1
63 29 102.168319702 1
63 29 102.182868958 1
63 29 102.188720703 1
63 29 102.200065613 1
63 29 102.23400116 1
63 29 102.260467529 1
63 29 102.337615967 1
63 29 102.36681366 1
63 29 102.376533508 1
63 29 102.407936096 1
63 29 102.430046082 1
63 29 102.443450928 1
63 29 102.444923401 1
63 29 102.4637146 1
63 29 102.493988037 1
63 29 102.503448486 1
63 29 102.513916016 1
63 29 102.525436401 1
63 29 102.544067383 1
63 29 102.550613403 1
63 29 102.565353394 1
63 29 102.582839966 1
63 29 102.601455688 1
63 29 102.621490479 1
63 29 102.625328064 1
63 29 102.640403748 1
63 29 102.644721985 1
63 29 102.68347168 1
63 29 102.683998108 1
63 29 102.688148499 1
63 29 102.694381714 1
63 29 102.715316772 1
63 29 102.741500854 1
63 29 102.75692749 1
63 29 102.913002014 1
63 29 102.938369751 1
63 29 102.987991333 1
63 29 103.108772278 1
63 29 103.11706543 1
63 29 103.171043396 1
63 29 103.195823669 1
63 29 103.197975159 1
63 29 103.225242615 1
63 29 103.238113403 1
63 29 103.243171692 1
63 29 103.256484985 1
63 29 103.27583313 1
63 29 103.297294617 1
63 29 103.364677429 1
63 29 103.388526917 1
63 29 103.41532135 1
63 29 103.495735168 1
63 29 103.553504944 1
63 29 103.555450439 1
63 29 103.563926697 1
63 29 103.572631836 1
63 29 103.599914551 1
63 29 103.607116699 1
63 29 103.610206604 1
63 29 103.651580811 1
63 29 103.673210144 1
63 29 103.684829712 1
63 29 103.70514679 1
63 29 103.711265564 1
63 29 103.769241333 1
63 29 103.83795929 1
63 29 103.853424072 1
63 29 103.860458374 1
63 29 103.865608215 1
63 29 103.903617859 1
63 29 103.910903931 1
63 29 103.944961548 1
63 29 104.052986145 1
63 29 104.219985962 1
63 29 104.255081177 1
63 29 104.30846405 1
63 29 104.319747925 1
63 29 104.324333191 1
63 29 104.332809448 1
63 29 104.356582642 1
63 29 104.361175537 1
63 29 104.43473053 1
63 29 104.455192566 1
63 29 104.478118896 1
63 29 104.631996155 1
63 29 104.750282288 1
63 29 104.788314819 1
63 29 104.835716248 1
63 29 104.850097656 1
63 29 104.926048279 1
63 29 105.000923157 1
63 29 105.202522278 1
63 29 105.24672699 1
63 29 105.284584045 1
63 29 105.302513123 1
63 29 105.351455688 1
63 29 105.455444336 1
63 29 105.489814758 1
63 29 105.515235901 1
63 29 105.542251587 1
63 29 105.629615784 1
63 29 105.701942444 1
63 29 105.731765747 1
63 29 105.782112122 1
63 29 105.819755554 1
63 29 105.83065033 1
63 29 105.833229065 1
63 29 105.907188416 1
63 29 106.01991272 1
63 29 106.027992249 1
63 29 106.038841248 1
63 29 106.079078674 1
63 29 106.112449646 1
63 29 106.156356812 1
63 29 106.165863037 1
63 29 106.174499512 1
63 29 106.20942688 1
63 29 106.242004395 1
63 29 106.282875061 1
63 29 106.288887024 1
63 29 106.308158875 1
63 29 106.31073761 1
63 29 106.314743042 1
63 29 106.331047058 1
63 29 106.504600525 1
63 29 106.513923645 1
63 29 106.598709106 1
63 29 106.621887207 1
63 29 106.624855042 1
63 29 106.657203674 1
63 29 106.684196472 1
63 29 106.703598022 1
63 29 106.804420471 1
63 29 106.807563782 1
63 29 106.81552124 1
63 29 106.863182068 1
63 29 106.876487732 1
63 29 106.883369446 1
63 29 106.901016235 1
63 29 107.027763367 1
63 29 107.036476135 1
63 29 107.045555115 1
63 29 107.176055908 1
63 29 107.225234985 1
63 29 107.283370972 1
63 29 107.291625977 1
63 29 107.310394287 1
63 29 107.331771851 1
63 29 107.333328247 1
63 29 107.35307312 1
63 29 107.377334595 1
63 29 107.384994507 1
63 29 107.391098022 1
63 29 107.452575684 1
63 29 107.55242157 1
63 29 107.655471802 1
63 29 107.688072205 1
63 29 107.768913269 1
63 29 107.769668579 1
63 29 107.792259216 1
63 29 107.833404541 1
63 29 107.856674194 1
63 29 107.876304626 1
63 29 107.929595947 1
63 29 108.075813293 1
63 29 108.150276184 1
63 29 108.158111572 1
63 29 108.169273376 1
63 29 108.178634644 1
63 29 108.179267883 1
63 29 108.184501648 1
63 29 108.189178467 1
63 29 108.213973999 1
63 29 108.222358704 1
63 29 108.264350891 1
63 29 108.319488525 1
63 29 108.32775116 1
63 29 108.46647644 1
63 29 108.482131958 1
63 29 108.562301636 1
63 29 108.660324097 1
63 29 108.697090149 1
63 29 108.897186279 1
63 29 108.905578613 1
63 29 108.919136047 1
63 29 108.933006287 1
63 29 109.101791382 1
63 29 109.132820129 1
63 29 109.14250946 1
63 29 109.1563797 1
63 29 109.162254333 1
63 29 109.218200684 1
63 29 109.246437073 1
63 29 109.26398468 1
63 29 109.287666321 1
63 29 109.324768066 1
63 29 109.340553284 1
63 29 109.348983765 1
63 29 109.382164001 1
63 29 109.502212524 1
63 29 109.547431946 1
63 29 109.565719604 1
63 29 109.613258362 1
63 29 109.709266663 1
63 29 109.722854614 1
63 29 109.724891663 1
63 29 109.725830078 1
63 29 109.729286194 1
63 29 109.756736755 1
63 29 109.863624573 1
63 29 109.866134644 1
63 29 109.938583374 1
63 29 110.018127441 1
63 29 110.065109253 1
63 29 110.084960938 1
63 29 110.204093933 1
63 29 110.205123901 1
63 29 110.24256897 1
63 29 110.317382812 1
63 29 110.499420166 1
63 29 110.527328491 1
63 29 110.547576904 1
63 29 110.558135986 1
63 29 110.589042664 1
63 29 110.630607605 1
63 29 110.677497864 1
63 29 110.740501404 1
63 29 110.771499634 1
63 29 110.803573608 1
63 29 110.89264679 1
63 29 110.926124573 1
63 29 110.959457397 1
63 29 110.988365173 1
63 29 111.102119446 1
63 29 111.148483276 1
63 29 111.149101257 1
63 29 111.164596558 1
63 29 111.219841003 1
63 29 111.268013 1
63 29 111.296096802 1
63 29 111.314529419 1
63 29 111.320205688 1
63 29 111.481170654 1
63 29 111.49546051 1
63 29 111.521629333 1
63 29 111.524261475 1
63 29 111.534194946 1
63 29 111.535461426 1
63 29 111.625740051 1
63 29 111.71736145 1
63 29 111.724807739 1
63 29 111.725135803 1
63 29 111.738121033 1
63 29 111.777877808 1
63 29 112.010482788 1
63 29 112.134941101 1
63 29 112.146430969 1
63 29 112.2108078 1
63 29 112.390228271 1
63 29 112.42111969 1
63 29 112.468002319 1
63 29 112.574516296 1
63 29 112.63269043 1
63 29 112.653831482 1
63 29 112.665870667 1
63 29 112.748718262 1
63 29 112.899085999 1
63 29 112.986846924 1
63 29 113.044219971 1
63 29 113.113677979 1
63 29 113.269699097 1
63 29 113.299446106 1
63 29 113.306724548 1
63 29 113.35634613 1
63 29 113.470077515 1
63 29 113.505767822 1
63 29 113.511985779 1
63 29 113.613609314 1
63 29 113.705780029 1
63 29 113.773391724 1
63 29 113.805328369 1
63 29 114.019386292 1
63 29 114.097854614 1
63 29 114.133659363 1
63 29 114.157432556 1
63 29 114.254776001 1
63 29 114.261405945 1
63 29 114.286453247 1
63 29 114.370277405 1
63 29 114.387001038 1
63 29 114.410896301 1
63 29 114.4190979 1
63 29 114.423858643 1
63 29 114.54524231 1
63 29 114.581268311 1
63 29 114.608818054 1
63 29 114.641716003 1
63 29 114.67791748 1
63 29 114.795135498 1
63 29 114.802528381 1
63 29 114.80506897 1
63 29 114.823417664 1
63 29 114.851905823 1
63 29 114.884262085 1
63 29 114.92124176 1
63 29 115.001869202 1
63 29 115.023529053 1
63 29 115.088508606 1
63 29 115.132003784 1
63 29 115.169891357 1
63 29 115.18548584 1
63 29 115.19581604 1
63 29 115.295127869 1
63 29 115.614379883 1
63 29 115.659835815 1
63 29 115.6612854 1
63 29 115.753639221 1
63 29 115.761360168 1
63 29 115.765869141 1
63 29 115.796173096 1
63 29 115.806785583 1
63 29 115.854286194 1
63 29 115.948974609 1
63 29 116.018371582 1
63 29 116.204780579 1
63 29 116.429542542 1
63 29 116.523979187 1
63 29 116.524642944 1
63 29 116.610084534 1
63 29 116.631286621 1
63 29 116.743103027 1
63 29 116.90007782 1
63 29 116.93850708 1
63 29 117.004470825 1
63 29 117.026901245 1
63 29 117.104095459 1
63 29 117.167831421 1
63 29 117.289054871 1
63 29 117.289138794 1
63 29 117.299369812 1
63 29 117.3307724 1
63 29 117.356338501 1
63 29 117.393737793 1
63 29 117.721946716 1
63 29 117.747901917 1
63 29 117.876968384 1
63 29 117.957473755 1
63 29 118.030281067 1
63 29 118.047340393 1
63 29 118.077827454 1
63 29 118.129150391 1
63 29 118.338989258 1
63 29 118.371444702 1
63 29 118.41620636 1
63 29 118.665840149 1
63 29 118.68044281 1
63 29 118.966690063 1
63 29 119.120429993 1
63 29 119.169677734 1
63 29 119.226898193 1
63 29 119.234901428 1
63 29 119.267227173 1
63 29 119.328826904 1
63 29 119.447296143 1
63 29 119.450614929 1
63 29 119.524017334 1
63 29 119.585792542 1
63 29 119.603721619 1
63 29 119.604446411 1
63 29 119.658988953 1
63 29 119.675819397 1
63 29 119.860580444 1
63 29 119.865516663 1
63 29 119.869911194 1
63 29 119.874580383 1
63 29 120.02898407 1
63 29 120.084899902 1
63 29 120.170127869 1
63 29 120.295379639 1
63 29 120.309707642 1
63 29 120.488883972 1
63 29 120.522666931 1
63 29 120.604881287 1
63 29 120.6197052 1
63 29 120.639228821 1
63 29 120.757240295 1
63 29 120.811454773 1
63 29 120.830924988 1
63 29 120.866264343 1
63 29 120.99521637 1
63 29 121.023513794 1
63 29 121.037063599 1
63 29 121.203330994 1
63 29 121.43182373 1
63 29 121.69644165 1
63 29 121.798912048 1
63 29 121.813041687 1
63 29 122.123558044 1
63 29 122.152008057 1
63 29 122.426467896 1
63 29 122.476470947 1
63 29 122.56804657 1
63 29 122.675170898 1
63 29 122.715072632 1
63 29 122.80015564 1
63 29 122.84135437 1
63 29 122.882164001 1
63 29 122.990333557 1
63 29 123.127082825 1
63 29 123.132614136 1
63 29 123.142189026 1
63 29 123.175704956 1
63 29 123.178565979 1
63 29 123.262191772 1
63 29 123.447174072 1
63 29 123.516853333 1
63 29 123.552986145 1
63 29 123.8020401 1
63 29 123.832496643 1
63 29 124.094352722 1
63 29 124.120094299 1
63 29 124.19493103 1
63 29 124.252410889 1
63 29 124.314331055 1
63 29 124.363853455 1
63 29 124.634933472 1
63 29 124.821662903 1
63 29 124.878105164 1
63 29 124.932830811 1
63 29 125.218009949 1
63 29 125.36504364 1
63 29 125.667373657 1
63 29 126.049720764 1
63 29 126.064445496 1
63 29 126.106971741 1
63 29 126.174972534 1
63 29 126.43813324 1
63 29 126.539138794 1
63 29 126.83996582 1
63 29 126.903587341 1
63 29 126.913017273 1
63 29 126.954368591 1
63 29 127.311820984 1
63 29 127.41544342 1
63 29 127.567802429 1
63 29 128.008468628 1
63 29 128.015411377 1
63 29 128.071762085 1
63 29 128.074249268 1
63 29 128.312973022 1
63 29 128.436035156 1
63 29 128.438323975 1
63 29 128.45904541 1
63 29 128.701721191 1
63 29 128.968963623 1
63 29 128.980758667 1
63 29 129.189239502 1
63 29 129.38168335 1
63 29 129.514877319 1
63 29 129.845108032 1
63 29 129.902999878 1
63 29 130.103973389 1
63 29 130.111190796 1
63 29 130.405700684 1
63 29 130.425048828 1
63 29 130.52166748 1
63 29 130.774734497 1
63 29 130.814254761 1
63 29 130.976638794 1
63 29 131.148254395 1
63 29 131.234313965 1
63 29 131.255081177 1
63 29 131.276657104 1
63 29 131.303619385 1
63 29 131.336120605 1
63 29 131.475891113 1
63 29 131.554885864 1
63 29 131.762252808 1
63 29 132.16897583 1
63 29 132.231018066 1
63 29 132.307662964 1
63 29 132.689056396 1
63 29 132.700454712 1
63 29 132.875488281 1
63 29 133.115188599 1
63 29 133.554000854 1
63 29 133.858718872 1
63 29 134.367218018 1
63 29 134.571792603 1
63 29 134.766448975 1
63 29 135.064758301 1
63 29 135.486373901 1
63 29 135.646987915 1
63 29 135.696990967 1
63 29 135.997314453 1
63 29 136.342697144 1
63 29 136.347961426 1
63 29 136.511459351 1
63 29 136.534500122 1
63 29 136.669250488 1
63 29 137.174835205 1
63 29 137.375366211 1
63 29 137.614395142 1
63 29 137.689117432 1
63 29 137.800704956 1
63 29 138.808364868 1
63 29 138.842819214 1
63 29 139.192260742 1
63 29 139.225326538 1
63 29 139.480361938 1
63 29 139.502410889 1
63 29 139.634414673 1
63 29 140.014068604 1
63 29 140.250396729 1
63 29 140.287109375 1
63 29 140.302597046 1
63 29 140.315124512 1
63 29 140.9559021 1
63 29 140.984436035 1
63 29 141.141464233 1
63 29 141.318832397 1
63 29 141.429916382 1
63 29 141.710418701 1
63 29 141.78074646 1
63 29 142.003952026 1
63 29 142.037826538 1
63 29 142.234985352 1
63 29 142.328933716 1
63 29 142.390670776 1
63 29 142.443435669 1
63 29 142.696914673 1
63 29 142.92427063 1
63 29 142.972015381 1
63 29 143.049026489 1
63 29 144.151596069 1
63 29 144.845275879 1
63 29 145.140823364 1
63 29 145.158798218 1
63 29 145.653656006 1
63 29 145.713348389 1
63 29 146.119369507 1
63 29 146.168869019 1
63 29 146.592208862 1
63 29 146.749847412 1
63 29 147.498641968 1
63 29 147.50958252 1
63 29 148.065826416 1
63 29 149.724822998 1
63 29 149.989013672 1
63 29 150.290115356 1
63 29 150.348266602 1
63 29 150.389022827 1
63 29 150.636123657 1
63 29 150.743743896 1
63 29 150.774154663 1
63 29 150.95085144 1
63 29 151.015579224 1
63 29 151.384780884 1
63 29 152.352508545 1
63 29 152.36390686 1
63 29 152.825820923 1
63 29 152.847763062 1
63 29 152.930847168 1
63 29 153.066390991 1
63 29 153.18208313 1
63 29 153.415359497 1
63 29 153.710098267 1
63 29 154.479309082 1
63 29 154.726043701 1
63 29 154.905334473 1
63 29 155.466751099 1
63 29 155.568603516 1
63 29 155.847961426 1
63 29 156.001434326 1
63 29 156.450149536 1
63 29 158.000137329 1
63 29 158.558059692 1
63 29 158.885162354 1
63 29 159.075561523 1
63 29 159.305709839 1
63 29 159.32409668 1
63 29 159.492736816 1
63 29 159.861572266 1
63 29 160.822570801 1
63 29 162.063522339 1
63 29 162.262527466 1
63 29 162.339736938 1
63 29 162.576583862 1
63 29 163.144790649 1
63 29 163.740936279 1
63 29 163.915924072 1
63 29 164.366836548 1
63 29 164.495254517 1
63 29 164.605682373 1
63 29 164.922363281 1
63 29 165.505523682 1
63 29 165.714248657 1
63 29 166.123764038 1
63 29 166.291229248 1
63 29 166.648117065 1
63 29 166.725692749 1
63 29 166.94859314 1
63 29 168.80581665 1
63 29 168.980911255 1
63 29 169.351989746 1
63 29 169.668960571 1
63 29 170.25793457 1
63 29 170.789154053 1
63 29 172.814788818 1
63 29 173.385162354 1
63 29 174.053955078 1
63 29 174.181762695 1
63 29 175.714065552 1
63 29 176.283981323 1
63 29 176.388839722 1
63 29 176.444839478 1
63 29 176.584976196 1
63 29 177.603378296 1
63 29 177.690689087 1
63 29 177.753479004 1
63 29 178.198379517 1
63 29 178.347549438 1
63 29 178.350906372 1
63 29 178.897598267 1
63 29 179.121398926 1
63 29 180.038406372 1
63 29 180.771759033 1
63 29 181.376022339 1
63 29 181.891357422 1
63 29 182.404327393 1
63 29 184.760406494 1
63 29 187.231002808 1
63 29 187.407546997 1
63 29 190.056045532 1
63 29 191.304107666 1
63 29 191.765335083 1
63 29 193.028091431 1
63 29 193.786911011 1
63 29 194.407226562 1
63 29 195.733474731 1
63 29 196.410263062 1
63 29 196.957839966 1
63 29 199.310928345 1
63 29 199.8881073 1
63 29 199.933319092 1
63 29 202.286575317 1
63 29 203.564422607 1
63 29 207.625167847 1
63 29 209.09576416 1
63 29 211.952224731 1
63 29 212.555740356 1
63 29 213.774871826 1
63 29 214.440185547 1
63 29 214.524215698 1
63 29 214.598403931 1
63 29 215.855102539 1
63 29 216.242843628 1
63 29 217.15486145 1
63 29 218.817733765 1
63 29 219.016891479 1
63 29 220.042800903 1
63 29 222.754608154 1
63 29 222.816696167 1
63 29 223.398117065 1
63 29 224.221939087 1
63 29 225.442382812 1
63 29 227.368530273 1
63 29 228.999893188 1
63 29 229.373214722 1
63 29 229.53755188 1
63 29 229.770782471 1
63 29 231.461090088 1
63 29 231.877471924 1
63 29 232.269607544 1
63 29 235.236404419 1
63 29 236.13192749 1
63 29 236.303192139 1
63 29 238.486755371 1
63 29 239.795654297 1
63 29 240.270492554 1
63 29 241.632736206 1
63 29 243.391113281 1
63 29 245.877990723 1
63 29 247.70161438 1
63 29 247.765991211 1
63 29 249.144256592 1
63 29 249.953643799 1
63 29 251.771270752 1
63 29 251.789901733 1
63 29 252.375610352 1
63 29 254.820159912 1
63 29 258.346588135 1
63 29 269.155578613 1
63 29 269.370758057 1
63 29 271.48336792 1
63 29 275.631225586 1
63 29 279.511230469 1
63 29 279.589324951 1
63 29 280.086029053 1
63 29 281.199371338 1
63 29 283.025939941 1
63 29 284.698547363 1
63 29 289.687072754 1
63 29 290.900817871 1
63 29 291.475982666 1
63 29 291.853515625 1
63 29 295.551361084 1
63 29 301.540130615 1
63 29 306.759735107 1
63 29 307.446166992 1
63 29 307.989776611 1
63 29 310.698669434 1
63 29 317.540985107 1
63 29 320.087432861 1
63 29 324.675964355 1
63 29 324.817687988 1
63 29 328.375213623 1
63 29 331.075134277 1
63 29 332.107543945 1
63 29 338.348175049 1
63 29 340.311096191 1
63 29 342.069610596 1
63 29 343.099578857 1
63 29 346.1300354 1
63 29 349.688049316 1
63 29 352.805603027 1
63 29 365.148345947 1
63 29 368.365325928 1
63 29 369.70324707 1
63 29 371.081176758 1
63 29 373.08682251 1
63 29 375.16784668 1
63 29 380.794464111 1
63 29 382.910430908 1
63 29 390.835479736 1
63 29 391.069030762 1
63 29 394.321685791 1
63 29 424.838165283 1
63 29 425.861572266 1
63 29 428.339935303 1
63 29 439.607879639 1
63 29 441.664855957 1
63 29 454.983886719 1
63 29 469.252838135 1
63 29 470.117706299 1
63 29 471.1769104 1
63 29 485.148742676 1
63 29 493.482574463 1
63 29 497.676391602 1
63 29 510.450286865 1
63 29 511.452880859 1
63 29 525.055725098 1
63 29 527.047790527 1
63 29 558.227050781 1
63 29 558.972961426 1
63 29 566.149780273 1
63 29 575.753479004 1
63 29 585.639892578 1
63 29 591.24621582 1
63 29 594.008666992 1
63 29 610.676879883 1
63 29 635.409301758 1
63 29 659.984558105 1
63 29 672.781616211 1
63 29 697.612854004 1
63 29 703.002319336 1
63 29 706.085998535 1
63 29 707.657836914 1
63 29 730.923339844 1
63 29 743.10736084 1
63 29 749.877197266 1
63 29 883.318786621 1
63 29 887.650512695 1
63 29 888.797546387 1
63 29 936.863098145 1
63 29 978.522094727 1
63 29 997.192016602 1
63 29 1014.42480469 1
63 29 1017.48712158 1
63 29 1035.69262695 1
63 29 1093.1385498 1
63 29 1159.45776367 1
63 29 1210.13085938 1
63 29 1286.02294922 1
63 29 1337.26184082 1
63 29 1449.84350586 1
63 29 1617.69848633 1
63 29 1718.12634277 1
63 29 1729.01293945 1
63 31 95.3085327148 1
63 31 97.1408157349 1
63 31 98.736869812 1
63 31 100.143829346 1
63 31 100.248374939 1
63 31 105.669364929 1
63 31 105.714347839 1
63 31 107.824806213 1
63 31 109.141700745 1
63 31 109.680763245 1
63 31 110.620376587 1
63 31 111.25479126 1
63 31 112.91381073 1
63 31 115.531295776 1
63 31 115.619102478 1
63 31 116.439659119 1
63 31 116.756408691 1
63 31 118.053726196 1
63 31 118.640007019 1
63 31 121.59173584 1
63 31 122.045639038 1
63 31 122.226150513 1
63 31 122.298683167 1
63 31 123.596717834 1
63 31 123.821426392 1
63 31 124.685791016 1
63 31 125.290710449 1
63 31 125.33821106 1
63 31 127.137672424 1
63 31 128.580245972 1
63 31 129.694671631 1
63 31 131.23236084 1
63 31 132.80897522 1
63 31 134.739852905 1
63 31 134.819137573 1
63 31 135.487930298 1
63 31 135.55065918 1
63 31 135.994171143 1
63 31 136.358291626 1
63 31 136.575363159 1
63 31 137.06640625 1
63 31 138.330764771 1
63 31 138.948150635 1
63 31 139.44708252 1
63 31 139.455383301 1
63 31 139.536300659 1
63 31 140.021270752 1
63 31 141.0440979 1
63 31 141.51524353 1
63 31 141.627227783 1
63 31 150.165863037 1
63 31 150.193222046 1
63 31 151.126358032 1
63 31 153.267745972 1
63 31 153.275619507 1
63 31 153.388153076 1
63 31 153.399734497 1
63 31 153.651107788 1
63 31 153.874908447 1
63 31 154.62878418 1
63 31 155.975311279 1
63 31 157.782165527 1
63 31 158.20489502 1
63 31 159.657028198 1
63 31 161.537887573 1
63 31 161.614227295 1
63 31 161.686828613 1
63 31 164.916976929 1
63 31 165.954833984 1
63 31 169.150238037 1
63 31 170.855026245 1
63 31 170.999267578 1
63 31 171.577026367 1
63 31 173.942810059 1
63 31 175.008911133 1
63 31 175.18397522 1
63 31 175.552047729 1
63 31 175.564407349 1
63 31 176.222045898 1
63 31 177.532836914 1
63 31 180.52772522 1
63 31 183.121658325 1
63 31 183.180679321 1
63 31 184.560012817 1
63 31 184.680786133 1
63 31 184.730041504 1
63 31 186.271820068 1
63 31 187.975692749 1
63 31 190.015075684 1
63 31 190.076248169 1
63 31 191.372650146 1
63 31 191.474243164 1
63 31 192.051773071 1
63 31 192.074172974 1
63 31 195.304626465 1
63 31 196.308151245 1
63 31 197.375061035 1
63 31 197.509231567 1
63 31 197.820037842 1
63 31 198.441223145 1
63 31 199.496337891 1
63 31 199.93586731 1
63 31 200.431274414 1
63 31 200.613311768 1
63 31 201.582595825 1
63 31 201.871398926 1
63 31 202.74911499 1
63 31 202.98576355 1
63 31 203.01852417 1
63 31 206.011062622 1
63 31 211.989028931 1
63 31 212.861358643 1
63 31 213.967346191 1
63 31 214.748245239 1
63 31 217.018249512 1
63 31 219.903427124 1
63 31 220.268875122 1
63 31 222.031143188 1
63 31 224.641601562 1
63 31 225.13420105 1
63 31 225.548355103 1
63 31 226.532546997 1
63 31 228.166976929 1
63 31 232.283920288 1
63 31 234.458297729 1
63 31 236.016372681 1
63 31 236.477432251 1
63 31 237.472442627 1
63 31 237.528778076 1
63 31 238.640914917 1
63 31 238.937774658 1
63 31 242.055953979 1
63 31 244.548294067 1
63 31 244.568649292 1
63 31 244.583343506 1
63 31 245.778076172 1
63 31 246.22102356 1
63 31 246.521606445 1
63 31 247.060821533 1
63 31 248.452819824 1
63 31 248.773422241 1
63 31 253.779098511 1
63 31 254.737350464 1
63 31 258.798461914 1
63 31 258.952545166 1
63 31 266.283935547 1
63 31 268.362945557 1
63 31 271.233856201 1
63 31 272.184875488 1
63 31 274.280395508 1
63 31 276.912658691 1
63 31 277.308563232 1
63 31 280.514434814 1
63 31 283.220275879 1
63 31 285.546539307 1
63 31 287.799499512 1
63 31 290.389190674 1
63 31 292.862335205 1
63 31 297.328430176 1
63 31 297.336395264 1
63 31 297.646362305 1
63 31 302.378631592 1
63 31 303.354431152 1
63 31 303.743377686 1
63 31 305.559204102 1
63 31 310.152893066 1
63 31 320.459381104 1
63 31 323.919799805 1
63 31 330.85244751 1
63 31 331.471008301 1
63 31 334.945343018 1
63 31 338.477172852 1
63 31 340.920227051 1
63 31 345.871826172 1
63 31 353.977661133 1
63 31 355.919067383 1
63 31 368.017120361 1
63 31 379.410522461 1
63 31 383.945953369 1
63 31 387.520935059 1
63 31 404.427825928 1
63 31 404.697631836 1
63 31 405.328125 1
63 31 406.26171875 1
63 31 407.411315918 1
63 31 409.400909424 1
63 31 428.562255859 1
63 31 430.701873779 1
63 31 438.5887146 1
63 31 443.096038818 1
63 31 443.478179932 1
63 31 448.85848999 1
63 31 449.866119385 1
63 31 454.814117432 1
63 31 457.674591064 1
63 31 461.896148682 1
63 31 463.341125488 1
63 31 485.443725586 1
63 31 503.630187988 1
63 31 513.055664062 1
63 31 526.452453613 1
63 31 526.666625977 1
63 31 576.504455566 1
63 31 625.333740234 1
63 31 650.167053223 1
63 31 650.272521973 1
63 31 662.914428711 1
63 31 684.938659668 1
63 31 695.772460938 1
63 31 740.926940918 1
63 31 747.416137695 1
63 31 781.036010742 1
63 31 797.327392578 1
63 31 814.10144043 1
63 31 843.698059082 1
63 31 887.000732422 1
63 31 949.251220703 1
63 31 1085.53271484 1
63 31 1114.28234863 1
63 32 207.915908813 1
63 32 214.531707764 1
63 32 221.33001709 1
63 32 221.864349365 1
63 32 222.547332764 1
63 32 223.631713867 1
63 32 226.643539429 1
63 32 229.457763672 1
63 32 229.88899231 1
63 32 233.250228882 1
63 32 236.824325562 1
63 32 247.318099976 1
63 32 252.812210083 1
63 32 261.356506348 1
63 32 261.831298828 1
63 32 270.755584717 1
63 32 274.819610596 1
63 32 276.739654541 1
63 32 282.799285889 1
63 32 283.52557373 1
63 32 286.426330566 1
63 32 287.812957764 1
63 32 290.818023682 1
63 32 293.659729004 1
63 32 297.747344971 1
63 32 304.947540283 1
63 32 315.004058838 1
63 32 316.026519775 1
63 32 316.076843262 1
63 32 316.761444092 1
63 32 323.520202637 1
63 32 327.18536377 1
63 32 332.199371338 1
63 32 336.988708496 1
63 32 341.34664917 1
63 32 353.409576416 1
63 32 358.566864014 1
63 32 365.776245117 1
63 32 377.793151855 1
63 32 382.311431885 1
63 32 385.751434326 1
63 32 388.290588379 1
63 32 390.341125488 1
63 32 412.832977295 1
63 32 423.094421387 1
63 32 428.671783447 1
63 32 433.402740479 1
63 32 450.873840332 1
63 32 457.366119385 1
63 32 459.025115967 1
63 32 460.859863281 1
63 32 470.064941406 1
63 32 472.88381958 1
63 32 489.257720947 1
63 32 491.839324951 1
63 32 495.025665283 1
63 32 498.042694092 1
63 32 514.12689209 1
63 32 522.843139648 1
63 32 558.08807373 1
63 32 580.972961426 1
63 32 596.561279297 1
63 32 610.146972656 1
63 32 638.679138184 1
63 32 811.198425293 1
63 32 867.544372559 1
63 32 880.025268555 1
63 32 903.335632324 1
63 32 950.075683594 1
63 32 1245.17712402 1
63 32 1382.05395508 1
63 33 363.411468506 1
63 33 398.319793701 1
63 33 411.431945801 1
63 33 447.560943604 1
63 33 504.156616211 1
63 33 513.549316406 1
63 33 544.971557617 1
63 33 576.898010254 1
63 33 719.087280273 1
63 33 896.290588379 1
63 33 1234.47412109 1
63 33 1574.82458496 1
63 33 1708.08862305 1
63 34 582.380004883 1
63 34 852.479248047 1
64 21 1705.06237793 1
64 23 2152.56152344 1
64 23 2195.70117188 1
64 24 1035.30554199 1
64 24 1278.15063477 1
64 25 1002.50775146 1
64 25 1748.32458496 1
64 26 842.333190918 1
64 26 1321.45483398 1
64 27 814.075500488 1
64 27 921.995727539 1
64 27 963.402648926 1
64 27 1064.49902344 1
64 27 1166.06408691 1
64 28 736.376342773 1
64 28 741.775756836 1
64 28 758.792480469 1
64 28 948.858215332 1
64 28 1151.5760498 1
64 28 1227.1541748 1
64 28 1338.29833984 1
64 29 766.558654785 1
64 29 839.345336914 1
64 29 861.154541016 1
64 29 894.565307617 1
64 29 917.990722656 1
64 29 928.057189941 1
64 29 989.994018555 1
64 29 1024.23754883 1
64 29 1146.95007324 1
64 29 1475.24462891 1
64 29 1930.35437012 1
64 30 641.71697998 1
64 30 653.926757812 1
64 30 850.441711426 1
64 30 864.171386719 1
64 30 922.013916016 1
64 30 1149.4510498 1
64 30 1270.94848633 1
64 31 613.625610352 1
64 31 646.518981934 1
64 31 800.303466797 1
64 31 1129.96289062 1
64 31 1223.95153809 1
64 31 1228.87670898 1
64 31 1617.73803711 1
64 32 825.595458984 1
64 32 879.041137695 1
64 33 871.624694824 1
64 33 1005.64147949 1
64 36 1564.7791748 1
69 28 3408.72802734 1
70 21 2185.10546875 1
70 22 1025.56677246 1
70 23 1004.89630127 1
70 24 962.971374512 1
70 24 1376.4309082 1
70 25 1116.6472168 1
70 25 1429.90112305 1
70 26 783.871704102 1
70 26 804.371704102 1
70 26 891.676025391 1
70 26 1031.69165039 1
70 26 1489.13269043 1
70 27 707.737426758 1
70 27 723.708374023 1
70 27 750.743225098 1
70 27 880.991333008 1
70 27 958.607116699 1
70 27 1001.14929199 1
70 27 1004.96002197 1
70 27 1014.22705078 1
70 27 1049.18969727 1
70 27 1613.16931152 1
70 28 698.352844238 1
70 28 699.225280762 1
70 28 703.741516113 1
70 28 773.743713379 1
70 28 1001.40063477 1
70 28 1166.72033691 1
70 28 1191.42944336 1
70 28 1321.60339355 1
70 28 1356.86022949 1
70 29 625.978149414 1
70 29 690.269287109 1
70 29 698.561279297 1
70 29 701.410644531 1
70 29 829.386413574 1
70 29 892.865234375 1
70 29 1003.14978027 1
70 29 1132.43664551 1
70 29 1176.64001465 1
70 29 1177.57287598 1
70 30 773.20300293 1
70 30 1219.29248047 1
70 32 1098.12255859 1
70 32 1149.81591797 1
70 32 1929.83105469 1
70 33 726.315551758 1
71 23 1225.9642334 1
71 24 1290.10131836 1
71 25 1333.0135498 1
71 26 859.588500977 1
71 26 875.441040039 1
71 26 881.005737305 1
71 26 1008.43017578 1
71 26 2187.6484375 1
71 27 874.666870117 1
71 27 957.949890137 1
71 27 1227.87780762 1
71 27 2014.81445312 1
71 28 696.109191895 1
71 28 761.598449707 1
71 28 776.078552246 1
71 28 839.071166992 1
71 28 896.668884277 1
71 28 921.422851562 1
71 28 1216.65783691 1
71 28 1234.20068359 1
71 29 751.948608398 1
71 29 889.700012207 1
71 29 904.394958496 1
71 29 1229.89868164 1
71 29 1277.26989746 1
71 29 1368.24707031 1
71 29 1418.73168945 1
71 30 692.667541504 1
71 30 758.760681152 1
71 30 852.619445801 1
71 30 865.281860352 1
71 30 1077.77307129 1
71 30 1137.78771973 1
71 30 1421.04907227 1
71 30 1824.92663574 1
71 31 913.098449707 1
71 31 921.170898438 1
71 31 1226.13537598 1
71 32 1018.67138672 1
71 32 1055.54284668 1
71 33 999.476989746 1
72 28 1611.0234375 1
72 28 1637.94445801 1
72 29 1913.1340332 1
77 21 1920.86987305 1
77 30 1530.78356934 1
