string dom time hits
45 24 2700.16015625 1
53 27 1601.52514648 1
53 30 1731.05554199 1
54 24 1053.91772461 1
54 24 1286.09448242 1
54 25 951.541503906 1
54 25 1168.62683105 1
54 25 1818.24511719 1
54 27 702.368591309 1
54 27 790.83013916 1
54 27 851.637512207 1
54 27 895.79083252 1
54 27 1047.55822754 1
54 27 1070.56335449 1
54 27 1086.62670898 1
54 27 1198.73071289 1
54 27 1280.15368652 1
54 27 1541.56542969 1
54 27 2222.17407227 1
54 28 665.845947266 1
54 28 691.364135742 1
54 28 726.729003906 1
54 28 727.771118164 1
54 28 738.899108887 1
54 28 811.811889648 1
54 28 958.903930664 1
54 28 1013.18182373 1
54 28 1019.559021 1
54 28 1040.23815918 1
54 29 765.470581055 1
54 29 795.120849609 1
54 29 822.332641602 1
54 29 829.335021973 1
54 29 860.486572266 1
54 29 877.326293945 1
54 29 890.752929688 1
54 29 946.774169922 1
54 29 1079.19189453 1
54 29 1482.7623291 1
54 29 2076.47558594 1
54 29 2389.54321289 1
54 30 724.470336914 1
54 30 878.202026367 1
54 30 896.725952148 1
54 30 1391.14501953 1
54 30 1550.89306641 1
54 30 1597.31933594 1
54 31 869.985595703 1
54 31 982.70880127 1
54 31 1050.66699219 1
54 31 1132.07299805 1
54 31 1494.9251709 1
54 31 1782.1595459 1
54 32 1867.96154785 1
55 22 1945.4453125 1
55 23 2198.45483398 1
55 25 1040.76623535 1
55 25 1282.5657959 1
55 25 1680.06481934 1
55 25 1681.0111084 1
55 26 954.350891113 1
55 26 1149.30078125 1
55 26 1269.64196777 1
55 26 1274.16784668 1
55 26 1324.48791504 1
55 26 1387.81237793 1
55 27 771.076782227 1
55 27 812.550720215 1
55 27 995.97076416 1
55 27 1016.81433105 1
55 27 1155.4432373 1
55 27 1256.49621582 1
55 28 700.099487305 1
55 28 704.859802246 1
55 28 799.10144043 1
55 28 807.480712891 1
55 28 864.803039551 1
55 28 891.004455566 1
55 28 1215.60766602 1
55 28 1483.13464355 1
55 28 1947.75354004 1
55 29 690.463989258 1
55 29 731.032470703 1
55 29 830.071166992 1
55 29 929.093994141 1
55 29 965.26171875 1
55 29 974.819458008 1
55 29 1046.41809082 1
55 29 1148.7800293 1
55 29 1174.75866699 1
55 30 683.782409668 1
55 30 791.557800293 1
55 30 1552.78564453 1
55 30 1579.31054688 1
55 30 1628.64428711 1
55 30 1812.61621094 1
55 30 1864.02380371 1
55 31 1436.58337402 1
55 32 931.179016113 1
56 27 1524.95422363 1
61 29 1480.45300293 1
62 23 1297.04699707 1
62 24 1253.70483398 1
62 24 1376.5213623 1
62 24 1396.42614746 1
62 24 1612.23632812 1
62 25 864.66607666 1
62 25 1040.22949219 1
62 25 1220.25842285 1
62 26 808.394226074 1
62 26 914.667053223 1
62 26 917.737731934 1
62 26 1101.08911133 1
62 26 1193.16357422 1
62 26 1206.14880371 1
62 26 1261.85400391 1
62 26 1297.92919922 1
62 26 1490.00317383 1
62 26 1731.49414062 1
62 27 886.020751953 1
62 27 910.088623047 1
62 27 1002.52960205 1
62 27 1076.91638184 1
62 27 1133.4954834 1
62 27 1190.81518555 1
62 27 1217.7755127 1
62 27 1570.5760498 1
62 27 1661.39111328 1
62 27 1820.33154297 1
62 28 705.688903809 1
62 28 754.107727051 1
62 28 754.28527832 1
62 28 780.95916748 1
62 28 787.368286133 1
62 28 876.848083496 1
62 28 890.220703125 1
62 28 940.167419434 1
62 28 965.36907959 1
62 28 990.292358398 1
62 28 1001.82666016 1
62 28 1018.78045654 1
62 28 1025.95385742 1
62 28 1129.1348877 1
62 28 1146.91333008 1
62 28 1546.62988281 1
62 29 768.603820801 1
62 29 771.67956543 1
62 29 818.661560059 1
62 29 834.703491211 1
62 29 886.535522461 1
62 29 1045.45825195 1
62 29 1053.80126953 1
62 29 1369.99975586 1
62 29 1392.4173584 1
62 29 1448.26062012 1
62 29 1960.37780762 1
62 29 2049.73950195 1
62 30 698.959411621 1
62 30 699.142272949 1
62 30 806.973876953 1
62 30 813.276855469 1
62 30 861.391174316 1
62 30 864.980224609 1
62 30 909.004638672 1
62 30 1022.96136475 1
62 31 866.104187012 1
62 31 924.418640137 1
62 31 1171.42578125 1
62 32 1075.31274414 1
62 32 1085.14196777 1
63 20 1613.38525391 1
63 21 1549.63415527 1
63 21 1657.18212891 1
63 22 886.613037109 1
63 22 1007.41912842 1
63 22 1085.44555664 1
63 22 1489.74890137 1
63 22 2459.72241211 1
63 23 649.514282227 1
63 23 707.544799805 1
63 23 761.319091797 1
63 23 997.399169922 1
63 23 1448.80200195 1
63 23 1933.03210449 1
63 24 593.984802246 1
63 24 642.848937988 1
63 24 653.048461914 1
63 24 653.947814941 1
63 24 673.026855469 1
63 24 741.638916016 1
63 24 746.457519531 1
63 24 1408.68908691 1
63 24 1500.4119873 1
63 24 2219.34838867 1
63 24 2929.07177734 1
63 25 479.288360596 1
63 25 505.553955078 1
63 25 520.432373047 1
63 25 529.893859863 1
63 25 545.13092041 1
63 25 547.27545166 1
63 25 556.272521973 1
63 25 557.133483887 1
63 25 570.910217285 1
63 25 582.11895752 1
63 25 582.92010498 1
63 25 589.374450684 1
63 25 597.955444336 1
63 25 639.984313965 1
63 25 652.218383789 1
63 25 724.145080566 1
63 25 746.248596191 1
63 25 765.707824707 1
63 25 774.407836914 1
63 25 800.864685059 1
63 25 871.427246094 1
63 25 907.72668457 1
63 25 994.671203613 1
63 25 1058.37402344 1
63 25 1177.82104492 1
63 25 1196.71777344 1
63 25 1596.19628906 1
63 26 340.591064453 1
63 26 353.78024292 1
63 26 354.993408203 1
63 26 358.595458984 1
63 26 382.261108398 1
63 26 386.654541016 1
63 26 390.735107422 1
63 26 392.248413086 1
63 26 392.653869629 1
63 26 399.266265869 1
63 26 400.085876465 1
63 26 402.83303833 1
63 26 403.218475342 1
63 26 408.948547363 1
63 26 413.598907471 1
63 26 413.623443604 1
63 26 414.745513916 1
63 26 416.325012207 1
63 26 420.808044434 1
63 26 422.058105469 1
63 26 424.024963379 1
63 26 427.543426514 1
63 26 432.5440979 1
63 26 441.551116943 1
63 26 441.677032471 1
63 26 444.898986816 1
63 26 445.337890625 1
63 26 448.485412598 1
63 26 452.128631592 1
63 26 452.931762695 1
63 26 454.671173096 1
63 26 455.913330078 1
63 26 457.366729736 1
63 26 459.009857178 1
63 26 460.473144531 1
63 26 462.719177246 1
63 26 472.95111084 1
63 26 478.440246582 1
63 26 479.356781006 1
63 26 498.160125732 1
63 26 500.820373535 1
63 26 501.241363525 1
63 26 505.957794189 1
63 26 507.111450195 1
63 26 509.351226807 1
63 26 510.187072754 1
63 26 514.087524414 1
63 26 517.417236328 1
63 26 522.868286133 1
63 26 544.680114746 1
63 26 550.325073242 1
63 26 556.674499512 1
63 26 563.74810791 1
63 26 572.222290039 1
63 26 574.327514648 1
63 26 574.587402344 1
63 26 578.210021973 1
63 26 591.363952637 1
63 26 591.49206543 1
63 26 595.345825195 1
63 26 596.734130859 1
63 26 610.961181641 1
63 26 617.919921875 1
63 26 630.43951416 1
63 26 631.06451416 1
63 26 644.309692383 1
63 26 655.206542969 1
63 26 663.620422363 1
63 26 667.128662109 1
63 26 679.201293945 1
63 26 699.745178223 1
63 26 710.870788574 1
63 26 724.271911621 1
63 26 736.46685791 1
63 26 747.478088379 1
63 26 748.919311523 1
63 26 766.632995605 1
63 26 876.383666992 1
63 26 876.768798828 1
63 26 880.140441895 1
63 26 915.904785156 1
63 26 935.051513672 1
63 26 944.924743652 1
63 26 970.088562012 1
63 26 1059.15429688 1
63 26 1215.04125977 1
63 27 264.487731934 1
63 27 265.405181885 1
63 27 277.132263184 1
63 27 280.768432617 1
63 27 280.811401367 1
63 27 283.136352539 1
63 27 283.245635986 1
63 27 284.038665771 1
63 27 285.140563965 1
63 27 286.867797852 1
63 27 289.300231934 1
63 27 291.285552979 1
63 27 292.110107422 1
63 27 292.374267578 1
63 27 294.156097412 1
63 27 294.282073975 1
63 27 295.002838135 1
63 27 296.91708374 1
63 27 298.442962646 1
63 27 301.850250244 1
63 27 304.074279785 1
63 27 305.046478271 1
63 27 305.203521729 1
63 27 306.764312744 1
63 27 306.911346436 1
63 27 307.288360596 1
63 27 307.34967041 1
63 27 308.371002197 1
63 27 309.18371582 1
63 27 312.983612061 1
63 27 314.669708252 1
63 27 314.750396729 1
63 27 315.648040771 1
63 27 315.77911377 1
63 27 316.100280762 1
63 27 316.198822021 1
63 27 316.604034424 1
63 27 317.4581604 1
63 27 319.374420166 1
63 27 319.464569092 1
63 27 320.419525146 1
63 27 322.437713623 1
63 27 322.920135498 1
63 27 323.007415771 1
63 27 323.549957275 1
63 27 324.960296631 1
63 27 325.449432373 1
63 27 325.491394043 1
63 27 326.381408691 1
63 27 327.36126709 1
63 27 329.959472656 1
63 27 332.621765137 1
63 27 334.095245361 1
63 27 334.4296875 1
63 27 334.562042236 1
63 27 335.263763428 1
63 27 335.530303955 1
63 27 336.098236084 1
63 27 336.461425781 1
63 27 338.307891846 1
63 27 340.067901611 1
63 27 345.523651123 1
63 27 345.848999023 1
63 27 346.881713867 1
63 27 347.205505371 1
63 27 347.422698975 1
63 27 349.299163818 1
63 27 350.078552246 1
63 27 352.202941895 1
63 27 353.734832764 1
63 27 354.417663574 1
63 27 354.889312744 1
63 27 355.188903809 1
63 27 356.835021973 1
63 27 357.897949219 1
63 27 358.187042236 1
63 27 359.576812744 1
63 27 360.171783447 1
63 27 364.275512695 1
63 27 366.584747314 1
63 27 370.599060059 1
63 27 372.052124023 1
63 27 372.373962402 1
63 27 372.448883057 1
63 27 372.469421387 1
63 27 373.423980713 1
63 27 375.689971924 1
63 27 376.633483887 1
63 27 377.272155762 1
63 27 377.833709717 1
63 27 381.536346436 1
63 27 382.695098877 1
63 27 385.039916992 1
63 27 386.844909668 1
63 27 387.089019775 1
63 27 388.148590088 1
63 27 388.980560303 1
63 27 391.673461914 1
63 27 392.243591309 1
63 27 393.214141846 1
63 27 394.032897949 1
63 27 396.720275879 1
63 27 398.673034668 1
63 27 399.15802002 1
63 27 399.417480469 1
63 27 401.28817749 1
63 27 403.617034912 1
63 27 405.483947754 1
63 27 411.722015381 1
63 27 415.225158691 1
63 27 415.479309082 1
63 27 416.140350342 1
63 27 418.518890381 1
63 27 424.867919922 1
63 27 429.386871338 1
63 27 436.294067383 1
63 27 440.896240234 1
63 27 442.734588623 1
63 27 444.918243408 1
63 27 446.754089355 1
63 27 448.074951172 1
63 27 453.480529785 1
63 27 458.607788086 1
63 27 460.634796143 1
63 27 466.180389404 1
63 27 469.712585449 1
63 27 474.596130371 1
63 27 481.08001709 1
63 27 486.539001465 1
63 27 491.529602051 1
63 27 492.458465576 1
63 27 492.739898682 1
63 27 493.908782959 1
63 27 495.684936523 1
63 27 495.957061768 1
63 27 510.222442627 1
63 27 517.148010254 1
63 27 534.369140625 1
63 27 542.142211914 1
63 27 556.164123535 1
63 27 559.84564209 1
63 27 564.107849121 1
63 27 567.149719238 1
63 27 578.868164062 1
63 27 582.222839355 1
63 27 582.797302246 1
63 27 583.282104492 1
63 27 596.216674805 1
63 27 596.929016113 1
63 27 597.807312012 1
63 27 599.710205078 1
63 27 602.81237793 1
63 27 606.745483398 1
63 27 610.79901123 1
63 27 617.996520996 1
63 27 623.078796387 1
63 27 641.803161621 1
63 27 644.831176758 1
63 27 657.420898438 1
63 27 673.870300293 1
63 27 683.443664551 1
63 27 686.133850098 1
63 27 697.446166992 1
63 27 706.978759766 1
63 27 738.154907227 1
63 27 747.86114502 1
63 27 766.530761719 1
63 27 841.915039062 1
63 27 846.509094238 1
63 27 850.868103027 1
63 27 850.874328613 1
63 27 850.90057373 1
63 27 867.386657715 1
63 27 867.807983398 1
63 27 885.885925293 1
63 27 886.309448242 1
63 27 917.341430664 1
63 27 918.547058105 1
63 27 977.138122559 1
63 27 1126.42565918 1
63 27 1130.87182617 1
63 27 1262.38366699 1
63 27 1556.7578125 1
63 27 1569.42346191 1
63 27 1637.28259277 1
63 27 1655.50622559 1
63 28 175.081542969 1
63 28 176.204772949 1
63 28 176.341110229 1
63 28 177.25843811 1
63 28 177.715087891 1
63 28 177.896408081 1
63 28 178.465744019 1
63 28 179.675643921 1
63 28 180.053604126 1
63 28 180.275466919 1
63 28 180.84072876 1
63 28 182.077468872 1
63 28 183.628204346 1
63 28 186.689880371 1
63 28 188.652130127 1
63 28 189.256240845 1
63 28 189.597290039 1
63 28 189.662460327 1
63 28 190.297714233 1
63 28 190.608154297 1
63 28 190.966720581 1
63 28 191.946578979 1
63 28 193.383239746 1
63 28 196.328048706 1
63 28 197.246612549 1
63 28 197.520675659 1
63 28 197.795700073 1
63 28 198.0650177 1
63 28 200.282363892 1
63 28 201.853317261 1
63 28 201.951644897 1
63 28 202.468399048 1
63 28 202.982666016 1
63 28 203.279296875 1
63 28 203.420928955 1
63 28 204.033065796 1
63 28 207.915496826 1
63 28 209.965759277 1
63 28 210.176177979 1
63 28 210.243331909 1
63 28 210.246292114 1
63 28 210.315673828 1
63 28 211.081100464 1
63 28 211.936569214 1
63 28 212.982467651 1
63 28 213.02671814 1
63 28 213.710983276 1
63 28 213.97164917 1
63 28 214.546554565 1
63 28 214.836746216 1
63 28 215.329589844 1
63 28 215.677764893 1
63 28 216.250045776 1
63 28 216.399932861 1
63 28 216.401687622 1
63 28 216.438751221 1
63 28 217.265655518 1
63 28 217.314819336 1
63 28 217.94367981 1
63 28 219.066940308 1
63 28 219.558731079 1
63 28 219.619308472 1
63 28 219.722366333 1
63 28 220.670227051 1
63 28 221.730041504 1
63 28 221.830825806 1
63 28 222.385848999 1
63 28 223.800842285 1
63 28 223.822875977 1
63 28 224.432312012 1
63 28 224.890975952 1
63 28 226.400512695 1
63 28 226.512908936 1
63 28 226.740158081 1
63 28 227.524963379 1
63 28 227.769073486 1
63 28 228.090042114 1
63 28 229.447601318 1
63 28 229.905838013 1
63 28 230.251174927 1
63 28 230.321258545 1
63 28 230.391036987 1
63 28 230.526397705 1
63 28 230.949066162 1
63 28 231.079910278 1
63 28 231.609115601 1
63 28 231.869918823 1
63 28 232.202651978 1
63 28 232.367019653 1
63 28 232.817703247 1
63 28 233.000167847 1
63 28 233.071929932 1
63 28 233.386734009 1
63 28 234.196624756 1
63 28 234.622421265 1
63 28 235.890487671 1
63 28 236.252334595 1
63 28 236.585525513 1
63 28 237.67855835 1
63 28 238.332595825 1
63 28 239.235397339 1
63 28 239.314758301 1
63 28 239.316665649 1
63 28 239.484619141 1
63 28 239.667160034 1
63 28 239.718002319 1
63 28 239.738296509 1
63 28 240.154296875 1
63 28 240.596496582 1
63 28 241.647247314 1
63 28 242.405990601 1
63 28 242.424911499 1
63 28 242.449829102 1
63 28 242.687728882 1
63 28 242.688659668 1
63 28 243.327102661 1
63 28 244.422790527 1
63 28 245.421569824 1
63 28 245.685333252 1
63 28 246.258148193 1
63 28 246.691299438 1
63 28 247.733779907 1
63 28 247.817062378 1
63 28 247.944625854 1
63 28 248.109085083 1
63 28 248.449264526 1
63 28 248.995559692 1
63 28 250.075180054 1
63 28 250.699996948 1
63 28 251.3152771 1
63 28 251.425430298 1
63 28 251.917266846 1
63 28 252.104537964 1
63 28 252.15914917 1
63 28 252.320022583 1
63 28 252.864105225 1
63 28 253.274475098 1
63 28 254.259109497 1
63 28 254.289825439 1
63 28 254.838912964 1
63 28 255.746749878 1
63 28 257.220153809 1
63 28 257.327514648 1
63 28 258.110626221 1
63 28 258.290588379 1
63 28 258.612182617 1
63 28 258.854919434 1
63 28 258.945098877 1
63 28 260.662567139 1
63 28 260.99822998 1
63 28 261.897064209 1
63 28 262.302764893 1
63 28 262.95401001 1
63 28 263.674255371 1
63 28 263.861633301 1
63 28 264.316375732 1
63 28 264.3387146 1
63 28 264.906982422 1
63 28 264.979644775 1
63 28 265.295654297 1
63 28 265.318237305 1
63 28 265.4793396 1
63 28 265.97946167 1
63 28 266.187774658 1
63 28 266.418792725 1
63 28 268.739501953 1
63 28 270.50390625 1
63 28 271.054168701 1
63 28 271.942016602 1
63 28 273.64666748 1
63 28 274.145050049 1
63 28 275.253540039 1
63 28 276.424682617 1
63 28 276.697296143 1
63 28 277.410095215 1
63 28 278.352478027 1
63 28 279.189453125 1
63 28 279.739349365 1
63 28 280.303100586 1
63 28 281.223632812 1
63 28 281.324371338 1
63 28 282.645751953 1
63 28 282.728637695 1
63 28 283.722381592 1
63 28 286.785644531 1
63 28 287.262664795 1
63 28 288.429534912 1
63 28 288.801147461 1
63 28 288.818603516 1
63 28 289.438537598 1
63 28 290.535858154 1
63 28 292.092346191 1
63 28 292.346618652 1
63 28 292.681152344 1
63 28 292.760772705 1
63 28 292.764984131 1
63 28 293.094329834 1
63 28 294.269226074 1
63 28 294.616668701 1
63 28 294.875091553 1
63 28 294.919647217 1
63 28 294.933410645 1
63 28 296.655975342 1
63 28 297.167419434 1
63 28 297.93637085 1
63 28 299.779296875 1
63 28 301.196685791 1
63 28 301.225463867 1
63 28 302.914215088 1
63 28 303.29397583 1
63 28 304.787780762 1
63 28 305.371612549 1
63 28 306.049163818 1
63 28 306.403076172 1
63 28 308.880523682 1
63 28 309.474121094 1
63 28 310.870758057 1
63 28 313.503967285 1
63 28 315.639434814 1
63 28 316.082672119 1
63 28 316.381164551 1
63 28 318.244628906 1
63 28 319.475524902 1
63 28 319.6043396 1
63 28 320.059143066 1
63 28 321.573425293 1
63 28 321.639068604 1
63 28 322.654388428 1
63 28 323.182861328 1
63 28 324.455322266 1
63 28 324.894683838 1
63 28 325.023040771 1
63 28 325.281188965 1
63 28 325.772644043 1
63 28 326.904968262 1
63 28 327.22668457 1
63 28 329.716430664 1
63 28 330.995330811 1
63 28 333.88583374 1
63 28 341.393188477 1
63 28 349.180206299 1
63 28 349.228790283 1
63 28 349.449676514 1
63 28 351.965209961 1
63 28 352.108856201 1
63 28 353.968505859 1
63 28 354.508850098 1
63 28 354.690734863 1
63 28 355.624328613 1
63 28 355.6328125 1
63 28 361.16619873 1
63 28 361.657165527 1
63 28 365.986755371 1
63 28 366.20135498 1
63 28 366.5105896 1
63 28 367.251739502 1
63 28 369.552459717 1
63 28 371.238372803 1
63 28 377.208526611 1
63 28 378.778564453 1
63 28 378.910919189 1
63 28 383.330200195 1
63 28 394.96887207 1
63 28 396.798156738 1
63 28 405.384460449 1
63 28 406.504364014 1
63 28 407.936462402 1
63 28 412.383483887 1
63 28 415.106567383 1
63 28 420.420074463 1
63 28 421.838775635 1
63 28 426.288757324 1
63 28 426.943695068 1
63 28 427.65246582 1
63 28 430.926391602 1
63 28 432.629974365 1
63 28 444.675354004 1
63 28 447.387664795 1
63 28 451.463470459 1
63 28 457.764709473 1
63 28 458.699432373 1
63 28 460.39666748 1
63 28 463.753936768 1
63 28 468.884979248 1
63 28 472.505981445 1
63 28 473.314575195 1
63 28 475.732269287 1
63 28 476.400299072 1
63 28 476.499786377 1
63 28 478.821533203 1
63 28 481.702026367 1
63 28 485.905456543 1
63 28 494.434539795 1
63 28 497.8046875 1
63 28 498.410827637 1
63 28 506.608612061 1
63 28 519.141296387 1
63 28 520.836547852 1
63 28 527.914611816 1
63 28 529.168151855 1
63 28 532.645507812 1
63 28 532.674743652 1
63 28 537.758483887 1
63 28 540.11541748 1
63 28 541.35925293 1
63 28 544.518920898 1
63 28 547.49041748 1
63 28 549.033935547 1
63 28 549.104248047 1
63 28 549.486877441 1
63 28 554.499389648 1
63 28 557.122924805 1
63 28 569.653137207 1
63 28 573.248779297 1
63 28 584.396240234 1
63 28 585.161865234 1
63 28 585.172302246 1
63 28 597.018310547 1
63 28 600.664367676 1
63 28 610.970947266 1
63 28 651.57208252 1
63 28 654.731018066 1
63 28 674.447998047 1
63 28 681.666503906 1
63 28 685.420227051 1
63 28 691.558898926 1
63 28 752.916870117 1
63 28 779.223022461 1
63 28 781.156616211 1
63 28 803.917053223 1
63 28 824.746520996 1
63 28 827.768676758 1
63 28 839.602905273 1
63 28 843.573669434 1
63 28 847.627685547 1
63 28 863.174987793 1
63 28 868.208129883 1
63 28 986.542053223 1
63 28 1054.61987305 1
63 28 1074.1706543 1
63 28 1078.12451172 1
63 28 1145.4161377 1
63 28 1433.99279785 1
63 28 1444.56030273 1
63 28 2157.5625 1
63 28 2492.77319336 1
63 28 2678.11157227 1
63 29 83.9689102173 1
63 29 86.3148422241 1
63 29 88.4525985718 1
63 29 88.9291229248 1
63 29 89.7219848633 1
63 29 90.2918701172 1
63 29 91.5033874512 1
63 29 91.5103683472 1
63 29 91.5236206055 1
63 29 92.2625656128 1
63 29 92.9098892212 1
63 29 94.1297988892 1
63 29 94.1305770874 1
63 29 94.7294158936 1
63 29 94.7361907959 1
63 29 94.7851409912 1
63 29 95.1367645264 1
63 29 96.5206069946 1
63 29 96.5664367676 1
63 29 97.3369064331 1
63 29 97.4464874268 1
63 29 97.5034942627 1
63 29 99.2487716675 1
63 29 99.7640228271 1
63 29 100.034408569 1
63 29 100.888450623 1
63 29 102.502670288 1
63 29 102.525779724 1
63 29 102.668052673 1
63 29 102.947654724 1
63 29 102.992355347 1
63 29 103.055801392 1
63 29 103.076858521 1
63 29 103.419181824 1
63 29 104.128097534 1
63 29 104.132904053 1
63 29 104.241882324 1
63 29 104.445343018 1
63 29 104.752799988 1
63 29 104.791427612 1
63 29 104.897186279 1
63 29 104.965187073 1
63 29 105.121070862 1
63 29 105.458824158 1
63 29 105.510597229 1
63 29 105.607315063 1
63 29 105.650817871 1
63 29 105.900024414 1
63 29 106.098800659 1
63 29 106.134925842 1
63 29 106.332077026 1
63 29 106.531723022 1
63 29 106.586997986 1
63 29 107.015686035 1
63 29 107.27885437 1
63 29 107.468734741 1
63 29 107.861083984 1
63 29 108.091705322 1
63 29 108.388641357 1
63 29 108.756187439 1
63 29 108.756248474 1
63 29 108.791969299 1
63 29 108.799232483 1
63 29 108.857818604 1
63 29 109.262710571 1
63 29 109.364822388 1
63 29 109.395179749 1
63 29 109.430892944 1
63 29 109.533790588 1
63 29 109.732429504 1
63 29 109.736991882 1
63 29 109.925926208 1
63 29 110.4141922 1
63 29 110.42792511 1
63 29 110.918502808 1
63 29 110.987640381 1
63 29 111.126602173 1
63 29 111.383720398 1
63 29 111.560676575 1
63 29 111.673980713 1
63 29 111.879325867 1
63 29 112.542625427 1
63 29 112.675666809 1
63 29 113.332702637 1
63 29 113.533721924 1
63 29 114.001037598 1
63 29 114.104286194 1
63 29 114.306877136 1
63 29 114.461837769 1
63 29 114.47719574 1
63 29 114.536376953 1
63 29 114.581962585 1
63 29 114.599319458 1
63 29 114.992759705 1
63 29 115.020439148 1
63 29 115.072692871 1
63 29 115.24559021 1
63 29 115.543518066 1
63 29 116.05280304 1
63 29 116.540412903 1
63 29 116.964683533 1
63 29 117.055114746 1
63 29 117.141212463 1
63 29 117.382835388 1
63 29 117.914367676 1
63 29 118.216377258 1
63 29 118.285163879 1
63 29 118.359405518 1
63 29 118.455299377 1
63 29 118.461532593 1
63 29 118.470397949 1
63 29 118.691566467 1
63 29 118.806663513 1
63 29 118.833778381 1
63 29 118.93536377 1
63 29 119.036933899 1
63 29 119.045013428 1
63 29 119.345825195 1
63 29 119.445152283 1
63 29 119.538841248 1
63 29 119.702903748 1
63 29 119.99294281 1
63 29 120.310073853 1
63 29 120.535675049 1
63 29 120.634353638 1
63 29 120.680915833 1
63 29 120.832832336 1
63 29 120.928359985 1
63 29 121.130119324 1
63 29 121.207038879 1
63 29 121.340957642 1
63 29 121.497718811 1
63 29 122.034538269 1
63 29 122.057426453 1
63 29 122.425247192 1
63 29 122.453277588 1
63 29 122.546043396 1
63 29 122.884162903 1
63 29 123.166244507 1
63 29 123.181251526 1
63 29 123.416595459 1
63 29 123.852844238 1
63 29 123.923728943 1
63 29 124.033538818 1
63 29 124.141876221 1
63 29 124.181694031 1
63 29 124.232666016 1
63 29 124.279212952 1
63 29 124.296279907 1
63 29 124.663978577 1
63 29 124.785377502 1
63 29 124.854003906 1
63 29 124.928344727 1
63 29 125.024551392 1
63 29 125.21320343 1
63 29 125.356689453 1
63 29 125.403839111 1
63 29 125.642715454 1
63 29 125.687576294 1
63 29 125.723861694 1
63 29 125.76424408 1
63 29 126.165512085 1
63 29 126.291679382 1
63 29 126.512458801 1
63 29 126.755233765 1
63 29 126.757995605 1
63 29 127.742607117 1
63 29 127.751205444 1
63 29 127.752449036 1
63 29 127.846191406 1
63 29 127.884941101 1
63 29 127.938568115 1
63 29 127.953125 1
63 29 127.957565308 1
63 29 128.182388306 1
63 29 128.411010742 1
63 29 128.612335205 1
63 29 128.687133789 1
63 29 128.691925049 1
63 29 128.730529785 1
63 29 128.734146118 1
63 29 128.877914429 1
63 29 128.886367798 1
63 29 128.939300537 1
63 29 129.437667847 1
63 29 129.472564697 1
63 29 129.606445312 1
63 29 129.905319214 1
63 29 130.766204834 1
63 29 130.768447876 1
63 29 130.877548218 1
63 29 130.99180603 1
63 29 131.025863647 1
63 29 131.085418701 1
63 29 131.270965576 1
63 29 131.346496582 1
63 29 131.392456055 1
63 29 131.394332886 1
63 29 131.552215576 1
63 29 131.933944702 1
63 29 132.081436157 1
63 29 132.144287109 1
63 29 132.207824707 1
63 29 132.290252686 1
63 29 132.314590454 1
63 29 132.662826538 1
63 29 132.791992188 1
63 29 132.947265625 1
63 29 132.957809448 1
63 29 133.200759888 1
63 29 133.289703369 1
63 29 133.441345215 1
63 29 133.514297485 1
63 29 133.55531311 1
63 29 133.73097229 1
63 29 133.750534058 1
63 29 133.830856323 1
63 29 134.055175781 1
63 29 134.276138306 1
63 29 134.676055908 1
63 29 134.705474854 1
63 29 134.77255249 1
63 29 134.996841431 1
63 29 135.203186035 1
63 29 135.242721558 1
63 29 135.269042969 1
63 29 135.296035767 1
63 29 135.310653687 1
63 29 135.597839355 1
63 29 135.644012451 1
63 29 135.862258911 1
63 29 136.153823853 1
63 29 136.312438965 1
63 29 136.326858521 1
63 29 136.465377808 1
63 29 136.470901489 1
63 29 136.812728882 1
63 29 137.047561646 1
63 29 137.145355225 1
63 29 137.295028687 1
63 29 137.405166626 1
63 29 137.559036255 1
63 29 137.821304321 1
63 29 137.913009644 1
63 29 138.116455078 1
63 29 138.269485474 1
63 29 138.448806763 1
63 29 138.621032715 1
63 29 139.075531006 1
63 29 139.180664062 1
63 29 139.342483521 1
63 29 139.426483154 1
63 29 139.78453064 1
63 29 140.092697144 1
63 29 140.526016235 1
63 29 140.696456909 1
63 29 140.740844727 1
63 29 140.806137085 1
63 29 140.870727539 1
63 29 141.210845947 1
63 29 141.470214844 1
63 29 141.532180786 1
63 29 141.5884552 1
63 29 141.753677368 1
63 29 141.811294556 1
63 29 141.842712402 1
63 29 141.946472168 1
63 29 142.013214111 1
63 29 142.10559082 1
63 29 142.154434204 1
63 29 142.530853271 1
63 29 142.797653198 1
63 29 142.978378296 1
63 29 143.030471802 1
63 29 143.264434814 1
63 29 143.490905762 1
63 29 143.502288818 1
63 29 143.508468628 1
63 29 143.634689331 1
63 29 143.666397095 1
63 29 143.774673462 1
63 29 144.068405151 1
63 29 144.258148193 1
63 29 144.327407837 1
63 29 144.405426025 1
63 29 144.872497559 1
63 29 145.064620972 1
63 29 145.087997437 1
63 29 145.134307861 1
63 29 145.230056763 1
63 29 145.268371582 1
63 29 145.326446533 1
63 29 145.34362793 1
63 29 145.408920288 1
63 29 145.479217529 1
63 29 145.629058838 1
63 29 145.657073975 1
63 29 146.057739258 1
63 29 146.097137451 1
63 29 146.389801025 1
63 29 146.399719238 1
63 29 146.466125488 1
63 29 146.727615356 1
63 29 146.734771729 1
63 29 146.735839844 1
63 29 147.091659546 1
63 29 147.171203613 1
63 29 147.268875122 1
63 29 147.648971558 1
63 29 147.785568237 1
63 29 147.810745239 1
63 29 147.857772827 1
63 29 147.884735107 1
63 29 148.029312134 1
63 29 148.267822266 1
63 29 148.415313721 1
63 29 148.473449707 1
63 29 148.570968628 1
63 29 148.669204712 1
63 29 148.89440918 1
63 29 148.907852173 1
63 29 149.20866394 1
63 29 149.315155029 1
63 29 149.322174072 1
63 29 149.485626221 1
63 29 149.529708862 1
63 29 149.532958984 1
63 29 149.972106934 1
63 29 150.235122681 1
63 29 150.442092896 1
63 29 150.445526123 1
63 29 150.885574341 1
63 29 151.067672729 1
63 29 151.119155884 1
63 29 151.189575195 1
63 29 151.196487427 1
63 29 151.252716064 1
63 29 151.38571167 1
63 29 151.484695435 1
63 29 151.524505615 1
63 29 151.645889282 1
63 29 151.739471436 1
63 29 151.792892456 1
63 29 151.974853516 1
63 29 152.371078491 1
63 29 152.45350647 1
63 29 152.508590698 1
63 29 152.84928894 1
63 29 152.859893799 1
63 29 153.00793457 1
63 29 153.113723755 1
63 29 153.532913208 1
63 29 153.802932739 1
63 29 153.823410034 1
63 29 153.929870605 1
63 29 154.00617981 1
63 29 154.038619995 1
63 29 154.04788208 1
63 29 154.577056885 1
63 29 154.67741394 1
63 29 154.779846191 1
63 29 155.228225708 1
63 29 155.285751343 1
63 29 155.30847168 1
63 29 155.332885742 1
63 29 155.436294556 1
63 29 155.463043213 1
63 29 155.475250244 1
63 29 155.577972412 1
63 29 155.985061646 1
63 29 156.199951172 1
63 29 156.216812134 1
63 29 156.278518677 1
63 29 156.336013794 1
63 29 156.508407593 1
63 29 156.707443237 1
63 29 156.70916748 1
63 29 156.96635437 1
63 29 157.017623901 1
63 29 157.04574585 1
63 29 157.186813354 1
63 29 157.30305481 1
63 29 157.401870728 1
63 29 157.532104492 1
63 29 157.626312256 1
63 29 157.697601318 1
63 29 157.971954346 1
63 29 158.072113037 1
63 29 158.15953064 1
63 29 158.30758667 1
63 29 158.605270386 1
63 29 158.637634277 1
63 29 158.651641846 1
63 29 158.937057495 1
63 29 158.985870361 1
63 29 159.252304077 1
63 29 159.285812378 1
63 29 159.299850464 1
63 29 159.337081909 1
63 29 159.450073242 1
63 29 159.663360596 1
63 29 159.684814453 1
63 29 159.785736084 1
63 29 159.809143066 1
63 29 160.038925171 1
63 29 160.084594727 1
63 29 160.142150879 1
63 29 160.149841309 1
63 29 160.202972412 1
63 29 160.497009277 1
63 29 160.506820679 1
63 29 160.527938843 1
63 29 160.822463989 1
63 29 161.119171143 1
63 29 161.47895813 1
63 29 161.490005493 1
63 29 161.615524292 1
63 29 161.616073608 1
63 29 161.989593506 1
63 29 162.656295776 1
63 29 162.771270752 1
63 29 162.821395874 1
63 29 162.863037109 1
63 29 162.976211548 1
63 29 163.059677124 1
63 29 163.187026978 1
63 29 163.260345459 1
63 29 163.559173584 1
63 29 164.02104187 1
63 29 164.215332031 1
63 29 164.247543335 1
63 29 164.318115234 1
63 29 164.476593018 1
63 29 164.506744385 1
63 29 164.562896729 1
63 29 164.592498779 1
63 29 164.725387573 1
63 29 165.188751221 1
63 29 165.380661011 1
63 29 165.573455811 1
63 29 165.727401733 1
63 29 165.833602905 1
63 29 165.838745117 1
63 29 166.179870605 1
63 29 166.205459595 1
63 29 166.501739502 1
63 29 166.759841919 1
63 29 166.848999023 1
63 29 166.92388916 1
63 29 166.968902588 1
63 29 167.136154175 1
63 29 167.29838562 1
63 29 167.37260437 1
63 29 167.40385437 1
63 29 167.411682129 1
63 29 167.498077393 1
63 29 167.531021118 1
63 29 167.833999634 1
63 29 167.873397827 1
63 29 168.129928589 1
63 29 168.201965332 1
63 29 168.441802979 1
63 29 168.638778687 1
63 29 168.916809082 1
63 29 169.091171265 1
63 29 169.124771118 1
63 29 169.488754272 1
63 29 169.625076294 1
63 29 169.899200439 1
63 29 170.676681519 1
63 29 171.226226807 1
63 29 171.246932983 1
63 29 171.549316406 1
63 29 171.590759277 1
63 29 171.604537964 1
63 29 172.636245728 1
63 29 172.668502808 1
63 29 172.953018188 1
63 29 173.048217773 1
63 29 173.058380127 1
63 29 173.453933716 1
63 29 173.647140503 1
63 29 173.912506104 1
63 29 174.21963501 1
63 29 174.594451904 1
63 29 174.799057007 1
63 29 174.803024292 1
63 29 174.845672607 1
63 29 176.008575439 1
63 29 176.019668579 1
63 29 176.702850342 1
63 29 176.76751709 1
63 29 177.286346436 1
63 29 177.943649292 1
63 29 179.211975098 1
63 29 179.223526001 1
63 29 179.381500244 1
63 29 179.666778564 1
63 29 180.074661255 1
63 29 180.226501465 1
63 29 181.048675537 1
63 29 181.207519531 1
63 29 181.338745117 1
63 29 181.448730469 1
63 29 181.783554077 1
63 29 182.04888916 1
63 29 182.095489502 1
63 29 182.474533081 1
63 29 182.604888916 1
63 29 183.455490112 1
63 29 183.530105591 1
63 29 183.725250244 1
63 29 185.033752441 1
63 29 185.134979248 1
63 29 185.630111694 1
63 29 186.828536987 1
63 29 186.842132568 1
63 29 187.105560303 1
63 29 187.978408813 1
63 29 188.179000854 1
63 29 188.991729736 1
63 29 189.254989624 1
63 29 189.498565674 1
63 29 189.69694519 1
63 29 190.517440796 1
63 29 190.751235962 1
63 29 191.84916687 1
63 29 192.244155884 1
63 29 192.591186523 1
63 29 192.987030029 1
63 29 193.552047729 1
63 29 194.840835571 1
63 29 195.411132812 1
63 29 195.430801392 1
63 29 195.56098938 1
63 29 196.389022827 1
63 29 196.660202026 1
63 29 197.202774048 1
63 29 197.610122681 1
63 29 198.299133301 1
63 29 198.537521362 1
63 29 198.937225342 1
63 29 199.213424683 1
63 29 199.291427612 1
63 29 199.519119263 1
63 29 199.737609863 1
63 29 200.830612183 1
63 29 200.974746704 1
63 29 201.69317627 1
63 29 202.206817627 1
63 29 202.917205811 1
63 29 203.003082275 1
63 29 203.158599854 1
63 29 204.097015381 1
63 29 204.437667847 1
63 29 206.792510986 1
63 29 207.58303833 1
63 29 209.064422607 1
63 29 209.224121094 1
63 29 209.372695923 1
63 29 209.448944092 1
63 29 210.406158447 1
63 29 210.938354492 1
63 29 211.033050537 1
63 29 211.074645996 1
63 29 211.315551758 1
63 29 212.587417603 1
63 29 213.239120483 1
63 29 213.664901733 1
63 29 213.788223267 1
63 29 214.466262817 1
63 29 214.701843262 1
63 29 214.769088745 1
63 29 214.784179688 1
63 29 214.813400269 1
63 29 214.89352417 1
63 29 217.251052856 1
63 29 218.845901489 1
63 29 219.021209717 1
63 29 220.810501099 1
63 29 221.324234009 1
63 29 222.478683472 1
63 29 222.51335144 1
63 29 224.401885986 1
63 29 226.822509766 1
63 29 227.530899048 1
63 29 228.315261841 1
63 29 229.971572876 1
63 29 230.026626587 1
63 29 230.80921936 1
63 29 231.747909546 1
63 29 232.021057129 1
63 29 232.762329102 1
63 29 233.120819092 1
63 29 233.956283569 1
63 29 234.405014038 1
63 29 234.405136108 1
63 29 235.201828003 1
63 29 237.935058594 1
63 29 238.266204834 1
63 29 239.76864624 1
63 29 241.211044312 1
63 29 242.548965454 1
63 29 243.287139893 1
63 29 245.758407593 1
63 29 245.8775177 1
63 29 246.671859741 1
63 29 247.38369751 1
63 29 248.466323853 1
63 29 250.255187988 1
63 29 252.713165283 1
63 29 254.999252319 1
63 29 255.583709717 1
63 29 256.293243408 1
63 29 256.537994385 1
63 29 259.353942871 1
63 29 259.772369385 1
63 29 260.961334229 1
63 29 261.082183838 1
63 29 261.150878906 1
63 29 262.17590332 1
63 29 262.356994629 1
63 29 264.277770996 1
63 29 265.139312744 1
63 29 266.94934082 1
63 29 268.458862305 1
63 29 268.680084229 1
63 29 269.409698486 1
63 29 271.809783936 1
63 29 272.036010742 1
63 29 272.449401855 1
63 29 273.932525635 1
63 29 274.203826904 1
63 29 274.255737305 1
63 29 277.20980835 1
63 29 278.40927124 1
63 29 280.267913818 1
63 29 282.126373291 1
63 29 283.110168457 1
63 29 284.192016602 1
63 29 286.002990723 1
63 29 286.622375488 1
63 29 287.378265381 1
63 29 287.474578857 1
63 29 288.085174561 1
63 29 289.953735352 1
63 29 297.121887207 1
63 29 297.906341553 1
63 29 299.028717041 1
63 29 299.593963623 1
63 29 300.535522461 1
63 29 302.394012451 1
63 29 310.596405029 1
63 29 311.131500244 1
63 29 312.693786621 1
63 29 312.84262085 1
63 29 313.123199463 1
63 29 313.210906982 1
63 29 314.430877686 1
63 29 314.605957031 1
63 29 316.778045654 1
63 29 317.026397705 1
63 29 317.129180908 1
63 29 321.846191406 1
63 29 321.964233398 1
63 29 322.04574585 1
63 29 324.045043945 1
63 29 325.399810791 1
63 29 327.815002441 1
63 29 329.375946045 1
63 29 333.018463135 1
63 29 333.818695068 1
63 29 335.122924805 1
63 29 342.538848877 1
63 29 344.860626221 1
63 29 353.09173584 1
63 29 354.623474121 1
63 29 354.71585083 1
63 29 355.171325684 1
63 29 355.229034424 1
63 29 358.396118164 1
63 29 359.351318359 1
63 29 360.499511719 1
63 29 363.852905273 1
63 29 365.781555176 1
63 29 366.018554688 1
63 29 366.136016846 1
63 29 368.569000244 1
63 29 369.579833984 1
63 29 372.015167236 1
63 29 375.58190918 1
63 29 377.845458984 1
63 29 380.082092285 1
63 29 385.010284424 1
63 29 385.785675049 1
63 29 388.29864502 1
63 29 391.555755615 1
63 29 398.462646484 1
63 29 400.663299561 1
63 29 402.522949219 1
63 29 403.590484619 1
63 29 407.124023438 1
63 29 414.712005615 1
63 29 418.714111328 1
63 29 419.768218994 1
63 29 423.661895752 1
63 29 424.21472168 1
63 29 431.45980835 1
63 29 440.924682617 1
63 29 441.248779297 1
63 29 442.886505127 1
63 29 444.216125488 1
63 29 445.02444458 1
63 29 445.24609375 1
63 29 449.700866699 1
63 29 453.42767334 1
63 29 455.319122314 1
63 29 460.835205078 1
63 29 465.18850708 1
63 29 468.206420898 1
63 29 472.294250488 1
63 29 477.099334717 1
63 29 479.468444824 1
63 29 480.372833252 1
63 29 481.527313232 1
63 29 483.493377686 1
63 29 485.389556885 1
63 29 490.140106201 1
63 29 490.516235352 1
63 29 490.939056396 1
63 29 494.832489014 1
63 29 506.910400391 1
63 29 524.573547363 1
63 29 530.604919434 1
63 29 537.213928223 1
63 29 537.866210938 1
63 29 538.023254395 1
63 29 542.07244873 1
63 29 545.018981934 1
63 29 551.510559082 1
63 29 561.612182617 1
63 29 562.442016602 1
63 29 573.551452637 1
63 29 580.418212891 1
63 29 586.271179199 1
63 29 598.687561035 1
63 29 609.247558594 1
63 29 611.182678223 1
63 29 629.093200684 1
63 29 633.827331543 1
63 29 645.898681641 1
63 29 669.8125 1
63 29 669.951599121 1
63 29 671.846862793 1
63 29 685.796142578 1
63 29 705.211975098 1
63 29 710.709960938 1
63 29 712.55847168 1
63 29 719.589294434 1
63 29 726.008544922 1
63 29 737.934875488 1
63 29 739.578308105 1
63 29 765.355895996 1
63 29 767.984924316 1
63 29 780.592468262 1
63 29 802.08215332 1
63 29 817.334594727 1
63 29 821.072143555 1
63 29 861.250244141 1
63 29 873.455688477 1
63 29 886.721374512 1
63 29 887.665771484 1
63 29 928.700805664 1
63 29 939.342834473 1
63 29 974.198608398 1
63 29 980.469543457 1
63 29 1044.8248291 1
63 29 1063.37768555 1
63 29 1069.40905762 1
63 29 1137.99841309 1
63 29 1343.75622559 1
63 29 1408.15905762 1
63 29 1668.4251709 1
63 29 2062.87841797 1
63 31 89.5601654053 1
63 31 95.7986984253 1
63 31 97.3630142212 1
63 31 98.2607421875 1
63 31 98.6178588867 1
63 31 100.122596741 1
63 31 100.520195007 1
63 31 100.97543335 1
63 31 101.053146362 1
63 31 101.373023987 1
63 31 101.53276825 1
63 31 101.967895508 1
63 31 102.772567749 1
63 31 103.764312744 1
63 31 104.652275085 1
63 31 105.678672791 1
63 31 106.905952454 1
63 31 107.922927856 1
63 31 107.926147461 1
63 31 109.267532349 1
63 31 109.511894226 1
63 31 110.227920532 1
63 31 110.801712036 1
63 31 111.058326721 1
63 31 111.271347046 1
63 31 112.504005432 1
63 31 113.017021179 1
63 31 113.221435547 1
63 31 113.47605896 1
63 31 113.942169189 1
63 31 114.321479797 1
63 31 114.429244995 1
63 31 115.20602417 1
63 31 115.227752686 1
63 31 115.370582581 1
63 31 115.54183197 1
63 31 116.128044128 1
63 31 116.526679993 1
63 31 116.635978699 1
63 31 117.081062317 1
63 31 117.541854858 1
63 31 117.749015808 1
63 31 117.770736694 1
63 31 118.69178009 1
63 31 118.801567078 1
63 31 118.852035522 1
63 31 119.056724548 1
63 31 119.237785339 1
63 31 119.301864624 1
63 31 119.520645142 1
63 31 119.825645447 1
63 31 120.110191345 1
63 31 120.184257507 1
63 31 120.380386353 1
63 31 120.401657104 1
63 31 120.418212891 1
63 31 120.991584778 1
63 31 121.465141296 1
63 31 121.581062317 1
63 31 122.197822571 1
63 31 122.581123352 1
63 31 122.658058167 1
63 31 122.69959259 1
63 31 122.701660156 1
63 31 122.732139587 1
63 31 123.172302246 1
63 31 124.255973816 1
63 31 124.745933533 1
63 31 124.963516235 1
63 31 125.04914093 1
63 31 125.15284729 1
63 31 125.153381348 1
63 31 125.159103394 1
63 31 125.254501343 1
63 31 125.373474121 1
63 31 125.486061096 1
63 31 125.632911682 1
63 31 125.716873169 1
63 31 125.912582397 1
63 31 126.876464844 1
63 31 127.375846863 1
63 31 127.673957825 1
63 31 127.844268799 1
63 31 128.282836914 1
63 31 128.562835693 1
63 31 128.859619141 1
63 31 128.951568604 1
63 31 128.973327637 1
63 31 129.014541626 1
63 31 129.343109131 1
63 31 129.393341064 1
63 31 129.538467407 1
63 31 129.54524231 1
63 31 129.71963501 1
63 31 129.751678467 1
63 31 129.834884644 1
63 31 130.2525177 1
63 31 130.498123169 1
63 31 131.065353394 1
63 31 131.566268921 1
63 31 131.676925659 1
63 31 132.007369995 1
63 31 132.481704712 1
63 31 132.484054565 1
63 31 132.491256714 1
63 31 132.546783447 1
63 31 133.13458252 1
63 31 133.236206055 1
63 31 133.59286499 1
63 31 133.626937866 1
63 31 133.682327271 1
63 31 134.131546021 1
63 31 134.584701538 1
63 31 135.117355347 1
63 31 135.162490845 1
63 31 135.242919922 1
63 31 136.013824463 1
63 31 136.106567383 1
63 31 136.226470947 1
63 31 136.323043823 1
63 31 136.631881714 1
63 31 136.721420288 1
63 31 136.773910522 1
63 31 137.4947052 1
63 31 137.78453064 1
63 31 137.991348267 1
63 31 138.483718872 1
63 31 138.795272827 1
63 31 138.825195312 1
63 31 138.986877441 1
63 31 139.03666687 1
63 31 139.395385742 1
63 31 139.415527344 1
63 31 139.751022339 1
63 31 140.150619507 1
63 31 140.628723145 1
63 31 140.669219971 1
63 31 141.1590271 1
63 31 141.233398438 1
63 31 141.525817871 1
63 31 141.562393188 1
63 31 141.636901855 1
63 31 142.05909729 1
63 31 142.413467407 1
63 31 142.790664673 1
63 31 142.811935425 1
63 31 143.133758545 1
63 31 143.456069946 1
63 31 143.8956604 1
63 31 144.474746704 1
63 31 144.765716553 1
63 31 144.83807373 1
63 31 145.113555908 1
63 31 145.316253662 1
63 31 145.451156616 1
63 31 145.523376465 1
63 31 145.561813354 1
63 31 145.610412598 1
63 31 145.719985962 1
63 31 145.848602295 1
63 31 146.276824951 1
63 31 146.330657959 1
63 31 146.518676758 1
63 31 146.593704224 1
63 31 146.877807617 1
63 31 147.442199707 1
63 31 147.53187561 1
63 31 147.566970825 1
63 31 147.850646973 1
63 31 148.019790649 1
63 31 148.491073608 1
63 31 148.780914307 1
63 31 148.928939819 1
63 31 148.979324341 1
63 31 149.017150879 1
63 31 149.228134155 1
63 31 149.234924316 1
63 31 149.415466309 1
63 31 149.891357422 1
63 31 149.894180298 1
63 31 150.009506226 1
63 31 150.149368286 1
63 31 150.334213257 1
63 31 150.575775146 1
63 31 150.626739502 1
63 31 150.630447388 1
63 31 150.825622559 1
63 31 151.272064209 1
63 31 151.363586426 1
63 31 151.41343689 1
63 31 151.439239502 1
63 31 151.885543823 1
63 31 152.020706177 1
63 31 152.129348755 1
63 31 152.675292969 1
63 31 152.822067261 1
63 31 152.822372437 1
63 31 152.908828735 1
63 31 153.001159668 1
63 31 153.293167114 1
63 31 153.625259399 1
63 31 153.735198975 1
63 31 153.765762329 1
63 31 153.848083496 1
63 31 153.86907959 1
63 31 153.97845459 1
63 31 154.024520874 1
63 31 154.540618896 1
63 31 154.548217773 1
63 31 154.874206543 1
63 31 154.927185059 1
63 31 154.971282959 1
63 31 155.569213867 1
63 31 155.710540771 1
63 31 155.768722534 1
63 31 155.885940552 1
63 31 155.962814331 1
63 31 156.014984131 1
63 31 156.170410156 1
63 31 156.387832642 1
63 31 156.419250488 1
63 31 156.55430603 1
63 31 156.608612061 1
63 31 156.915512085 1
63 31 156.988708496 1
63 31 156.99118042 1
63 31 157.113830566 1
63 31 157.186386108 1
63 31 157.344177246 1
63 31 157.510238647 1
63 31 157.579116821 1
63 31 157.635787964 1
63 31 157.78968811 1
63 31 157.84588623 1
63 31 158.027404785 1
63 31 158.309295654 1
63 31 158.514526367 1
63 31 158.532119751 1
63 31 158.563446045 1
63 31 159.005615234 1
63 31 159.166503906 1
63 31 159.278793335 1
63 31 159.283691406 1
63 31 159.553634644 1
63 31 159.609603882 1
63 31 159.648757935 1
63 31 159.694091797 1
63 31 159.711639404 1
63 31 159.736419678 1
63 31 159.791885376 1
63 31 159.889816284 1
63 31 160.138183594 1
63 31 160.234085083 1
63 31 160.25138855 1
63 31 160.677825928 1
63 31 160.931991577 1
63 31 161.130554199 1
63 31 161.145904541 1
63 31 161.253997803 1
63 31 161.301589966 1
63 31 161.340927124 1
63 31 161.424591064 1
63 31 161.686462402 1
63 31 161.817901611 1
63 31 161.859359741 1
63 31 161.977523804 1
63 31 162.164642334 1
63 31 162.235900879 1
63 31 162.537445068 1
63 31 162.98260498 1
63 31 163.50038147 1
63 31 163.637786865 1
63 31 163.64453125 1
63 31 163.953826904 1
63 31 164.006607056 1
63 31 164.022781372 1
63 31 164.50177002 1
63 31 164.708312988 1
63 31 164.945800781 1
63 31 165.257080078 1
63 31 165.439666748 1
63 31 165.696990967 1
63 31 166.20085144 1
63 31 166.57901001 1
63 31 166.581558228 1
63 31 166.584121704 1
63 31 166.628921509 1
63 31 167.21786499 1
63 31 167.33001709 1
63 31 167.587814331 1
63 31 167.676864624 1
63 31 167.79095459 1
63 31 168.056533813 1
63 31 168.635253906 1
63 31 169.117584229 1
63 31 169.249694824 1
63 31 169.398864746 1
63 31 169.530441284 1
63 31 169.543670654 1
63 31 169.732543945 1
63 31 169.748016357 1
63 31 169.94342041 1
63 31 169.978591919 1
63 31 170.212677002 1
63 31 170.376266479 1
63 31 170.52015686 1
63 31 170.563308716 1
63 31 171.3931427 1
63 31 171.443481445 1
63 31 171.895355225 1
63 31 171.948654175 1
63 31 172.387908936 1
63 31 172.522537231 1
63 31 173.097717285 1
63 31 173.211074829 1
63 31 173.341003418 1
63 31 173.398834229 1
63 31 173.623977661 1
63 31 173.784881592 1
63 31 174.116897583 1
63 31 174.282974243 1
63 31 174.473861694 1
63 31 174.543792725 1
63 31 174.571411133 1
63 31 174.6796875 1
63 31 174.841522217 1
63 31 175.200973511 1
63 31 175.551040649 1
63 31 176.126861572 1
63 31 176.266845703 1
63 31 176.383926392 1
63 31 176.605392456 1
63 31 176.613998413 1
63 31 176.905960083 1
63 31 177.174209595 1
63 31 177.33984375 1
63 31 177.355117798 1
63 31 177.641769409 1
63 31 177.673477173 1
63 31 178.197357178 1
63 31 178.387268066 1
63 31 178.418746948 1
63 31 178.474822998 1
63 31 178.53767395 1
63 31 179.23664856 1
63 31 179.350250244 1
63 31 179.401306152 1
63 31 179.418121338 1
63 31 179.46661377 1
63 31 179.605392456 1
63 31 179.625671387 1
63 31 180.056015015 1
63 31 180.576049805 1
63 31 181.18309021 1
63 31 181.320922852 1
63 31 181.395187378 1
63 31 181.457550049 1
63 31 181.505401611 1
63 31 181.696334839 1
63 31 181.994125366 1
63 31 182.135955811 1
63 31 182.719924927 1
63 31 183.141860962 1
63 31 183.271942139 1
63 31 183.475570679 1
63 31 183.849456787 1
63 31 183.859817505 1
63 31 184.003921509 1
63 31 184.369689941 1
63 31 184.423599243 1
63 31 184.611022949 1
63 31 185.050125122 1
63 31 185.099777222 1
63 31 185.79447937 1
63 31 185.869033813 1
63 31 185.925140381 1
63 31 185.978042603 1
63 31 186.254699707 1
63 31 186.331420898 1
63 31 186.398483276 1
63 31 186.469970703 1
63 31 187.032592773 1
63 31 187.275497437 1
63 31 188.009963989 1
63 31 188.925323486 1
63 31 189.308822632 1
63 31 189.870956421 1
63 31 190.328048706 1
63 31 190.664550781 1
63 31 190.95715332 1
63 31 191.03855896 1
63 31 191.201950073 1
63 31 191.761322021 1
63 31 191.949493408 1
63 31 191.979125977 1
63 31 192.13835144 1
63 31 192.361999512 1
63 31 192.468948364 1
63 31 192.681747437 1
63 31 193.047363281 1
63 31 193.35005188 1
63 31 193.92918396 1
63 31 194.249557495 1
63 31 194.690704346 1
63 31 195.580703735 1
63 31 196.005584717 1
63 31 196.69934082 1
63 31 197.506500244 1
63 31 198.139205933 1
63 31 198.361465454 1
63 31 198.525009155 1
63 31 199.886566162 1
63 31 199.904571533 1
63 31 200.406570435 1
63 31 201.097259521 1
63 31 201.440536499 1
63 31 201.520904541 1
63 31 201.569564819 1
63 31 202.228744507 1
63 31 202.570968628 1
63 31 203.06362915 1
63 31 203.148147583 1
63 31 203.418609619 1
63 31 203.460494995 1
63 31 203.46282959 1
63 31 203.884353638 1
63 31 203.892166138 1
63 31 203.898666382 1
63 31 204.861419678 1
63 31 204.936904907 1
63 31 205.275604248 1
63 31 206.047225952 1
63 31 206.773635864 1
63 31 206.981338501 1
63 31 207.505584717 1
63 31 207.910430908 1
63 31 208.828170776 1
63 31 209.133926392 1
63 31 209.324996948 1
63 31 211.046127319 1
63 31 212.154693604 1
63 31 212.567672729 1
63 31 212.667160034 1
63 31 212.854125977 1
63 31 214.170532227 1
63 31 214.257415771 1
63 31 214.45022583 1
63 31 214.691314697 1
63 31 216.254547119 1
63 31 216.469085693 1
63 31 216.505813599 1
63 31 216.630020142 1
63 31 217.267532349 1
63 31 218.798904419 1
63 31 221.582763672 1
63 31 221.639572144 1
63 31 221.93447876 1
63 31 222.83921814 1
63 31 224.162765503 1
63 31 224.223144531 1
63 31 224.462127686 1
63 31 224.507537842 1
63 31 224.732925415 1
63 31 224.960220337 1
63 31 225.017715454 1
63 31 225.023834229 1
63 31 225.298294067 1
63 31 226.36479187 1
63 31 226.738204956 1
63 31 226.908843994 1
63 31 226.995956421 1
63 31 227.462738037 1
63 31 227.725112915 1
63 31 228.095550537 1
63 31 228.230712891 1
63 31 228.437866211 1
63 31 228.469421387 1
63 31 228.592269897 1
63 31 229.420272827 1
63 31 229.552871704 1
63 31 230.039459229 1
63 31 230.285385132 1
63 31 231.094146729 1
63 31 231.153305054 1
63 31 231.779159546 1
63 31 232.059188843 1
63 31 232.990844727 1
63 31 233.009475708 1
63 31 233.088897705 1
63 31 234.652679443 1
63 31 235.994445801 1
63 31 237.083343506 1
63 31 237.837631226 1
63 31 238.651153564 1
63 31 238.97567749 1
63 31 239.063934326 1
63 31 239.666061401 1
63 31 239.961761475 1
63 31 242.455276489 1
63 31 242.949676514 1
63 31 243.111175537 1
63 31 244.051376343 1
63 31 246.26373291 1
63 31 246.835617065 1
63 31 247.253494263 1
63 31 247.629302979 1
63 31 247.922286987 1
63 31 248.418762207 1
63 31 248.557815552 1
63 31 248.595443726 1
63 31 249.398910522 1
63 31 249.505493164 1
63 31 249.679611206 1
63 31 250.201263428 1
63 31 251.071960449 1
63 31 251.4087677 1
63 31 251.768920898 1
63 31 252.152404785 1
63 31 252.316589355 1
63 31 253.378326416 1
63 31 253.459381104 1
63 31 255.09715271 1
63 31 255.883300781 1
63 31 257.320648193 1
63 31 257.616668701 1
63 31 257.719116211 1
63 31 258.577880859 1
63 31 258.836914062 1
63 31 260.472076416 1
63 31 260.661071777 1
63 31 263.026947021 1
63 31 263.132781982 1
63 31 265.373077393 1
63 31 266.029418945 1
63 31 266.185760498 1
63 31 267.183929443 1
63 31 269.684509277 1
63 31 269.715362549 1
63 31 270.748474121 1
63 31 271.724761963 1
63 31 272.449676514 1
63 31 273.534606934 1
63 31 273.753417969 1
63 31 273.897277832 1
63 31 276.127319336 1
63 31 277.681671143 1
63 31 278.069030762 1
63 31 278.082122803 1
63 31 279.621337891 1
63 31 280.587402344 1
63 31 280.908691406 1
63 31 281.799346924 1
63 31 281.869445801 1
63 31 282.740142822 1
63 31 284.267028809 1
63 31 284.942779541 1
63 31 285.098846436 1
63 31 285.334960938 1
63 31 286.070617676 1
63 31 286.163421631 1
63 31 286.898254395 1
63 31 287.085632324 1
63 31 287.919494629 1
63 31 287.970306396 1
63 31 288.863128662 1
63 31 288.946350098 1
63 31 289.315551758 1
63 31 290.247161865 1
63 31 291.887390137 1
63 31 292.613342285 1
63 31 292.707000732 1
63 31 293.510894775 1
63 31 293.719543457 1
63 31 295.505249023 1
63 31 297.037322998 1
63 31 299.51473999 1
63 31 301.653411865 1
63 31 303.24621582 1
63 31 304.982513428 1
63 31 305.174987793 1
63 31 305.475006104 1
63 31 306.692504883 1
63 31 308.930297852 1
63 31 313.805389404 1
63 31 318.567962646 1
63 31 318.900878906 1
63 31 320.157714844 1
63 31 321.622528076 1
63 31 325.214324951 1
63 31 326.016143799 1
63 31 327.811584473 1
63 31 327.905944824 1
63 31 328.128875732 1
63 31 328.130065918 1
63 31 328.253082275 1
63 31 331.063720703 1
63 31 332.042114258 1
63 31 335.715057373 1
63 31 338.116394043 1
63 31 338.322601318 1
63 31 338.596069336 1
63 31 343.311981201 1
63 31 343.505737305 1
63 31 343.621490479 1
63 31 345.475769043 1
63 31 346.617706299 1
63 31 347.237548828 1
63 31 350.521942139 1
63 31 355.264282227 1
63 31 356.653869629 1
63 31 356.998809814 1
63 31 357.341400146 1
63 31 358.237945557 1
63 31 366.156005859 1
63 31 366.514892578 1
63 31 374.547332764 1
63 31 375.784942627 1
63 31 380.099945068 1
63 31 382.312561035 1
63 31 383.307189941 1
63 31 388.596496582 1
63 31 389.30770874 1
63 31 392.350616455 1
63 31 393.205200195 1
63 31 393.442657471 1
63 31 394.779724121 1
63 31 395.574584961 1
63 31 398.901580811 1
63 31 403.459350586 1
63 31 410.414367676 1
63 31 412.256011963 1
63 31 412.923706055 1
63 31 415.10458374 1
63 31 415.637451172 1
63 31 416.936248779 1
63 31 417.632659912 1
63 31 422.902862549 1
63 31 427.505187988 1
63 31 427.578186035 1
63 31 428.013702393 1
63 31 428.292236328 1
63 31 428.937103271 1
63 31 432.279968262 1
63 31 436.307128906 1
63 31 437.401580811 1
63 31 437.98223877 1
63 31 438.065704346 1
63 31 440.311462402 1
63 31 441.684570312 1
63 31 442.416320801 1
63 31 450.518280029 1
63 31 451.128143311 1
63 31 453.122833252 1
63 31 453.805999756 1
63 31 454.118408203 1
63 31 458.235717773 1
63 31 462.466156006 1
63 31 463.403625488 1
63 31 463.970397949 1
63 31 466.447967529 1
63 31 469.51663208 1
63 31 477.697265625 1
63 31 481.309967041 1
63 31 491.121856689 1
63 31 492.801208496 1
63 31 495.338623047 1
63 31 497.241851807 1
63 31 500.985595703 1
63 31 502.788024902 1
63 31 515.23248291 1
63 31 515.407958984 1
63 31 516.567932129 1
63 31 522.875732422 1
63 31 527.198974609 1
63 31 527.546569824 1
63 31 529.211120605 1
63 31 531.430541992 1
63 31 532.871643066 1
63 31 533.469238281 1
63 31 536.28503418 1
63 31 537.874572754 1
63 31 539.014160156 1
63 31 540.906433105 1
63 31 541.378479004 1
63 31 542.793945312 1
63 31 545.596740723 1
63 31 547.045227051 1
63 31 549.11730957 1
63 31 551.017089844 1
63 31 555.481384277 1
63 31 560.35333252 1
63 31 574.052978516 1
63 31 574.949279785 1
63 31 583.899108887 1
63 31 588.667541504 1
63 31 604.698608398 1
63 31 620.571044922 1
63 31 624.825195312 1
63 31 627.62121582 1
63 31 646.075744629 1
63 31 657.405334473 1
63 31 718.463500977 1
63 31 722.554504395 1
63 31 727.241821289 1
63 31 733.669677734 1
63 31 738.649902344 1
63 31 753.743713379 1
63 31 755.187866211 1
63 31 814.429504395 1
63 31 847.926086426 1
63 31 871.096740723 1
63 31 874.997070312 1
63 31 954.471252441 1
63 31 964.688720703 1
63 31 1128.96386719 1
63 31 1160.15649414 1
63 31 1237.03637695 1
63 31 2000.52062988 1
63 32 178.294250488 1
63 32 191.623626709 1
63 32 194.723007202 1
63 32 195.863723755 1
63 32 195.925979614 1
63 32 201.952667236 1
63 32 204.912521362 1
63 32 205.764770508 1
63 32 207.407943726 1
63 32 208.451416016 1
63 32 211.392349243 1
63 32 214.561859131 1
63 32 214.570968628 1
63 32 215.619812012 1
63 32 216.55619812 1
63 32 218.139129639 1
63 32 218.939254761 1
63 32 223.161392212 1
63 32 223.318008423 1
63 32 225.936859131 1
63 32 227.745132446 1
63 32 228.775192261 1
63 32 228.973922729 1
63 32 229.459365845 1
63 32 229.464538574 1
63 32 229.722915649 1
63 32 233.53263855 1
63 32 235.352081299 1
63 32 235.718719482 1
63 32 237.416091919 1
63 32 237.502120972 1
63 32 238.032104492 1
63 32 240.629470825 1
63 32 241.47203064 1
63 32 242.082992554 1
63 32 242.212127686 1
63 32 243.358413696 1
63 32 244.31993103 1
63 32 244.379074097 1
63 32 244.418258667 1
63 32 244.933395386 1
63 32 245.763717651 1
63 32 246.522018433 1
63 32 246.540298462 1
63 32 247.794967651 1
63 32 248.671173096 1
63 32 249.556793213 1
63 32 251.241012573 1
63 32 251.838134766 1
63 32 252.331756592 1
63 32 252.483566284 1
63 32 252.84777832 1
63 32 253.190979004 1
63 32 253.218841553 1
63 32 256.800994873 1
63 32 258.241333008 1
63 32 258.775024414 1
63 32 258.915679932 1
63 32 260.939483643 1
63 32 261.26071167 1
63 32 261.951324463 1
63 32 262.054748535 1
63 32 264.864654541 1
63 32 264.963195801 1
63 32 268.853912354 1
63 32 271.914825439 1
63 32 276.692810059 1
63 32 278.202331543 1
63 32 279.321563721 1
63 32 281.753814697 1
63 32 282.861846924 1
63 32 283.205108643 1
63 32 284.934692383 1
63 32 287.309753418 1
63 32 288.469848633 1
63 32 288.603149414 1
63 32 288.896026611 1
63 32 289.033538818 1
63 32 289.267181396 1
63 32 289.46295166 1
63 32 289.901123047 1
63 32 290.824707031 1
63 32 291.361450195 1
63 32 295.54107666 1
63 32 295.857727051 1
63 32 295.909576416 1
63 32 297.520050049 1
63 32 297.567016602 1
63 32 303.296020508 1
63 32 303.595581055 1
63 32 303.751831055 1
63 32 303.939605713 1
63 32 304.544250488 1
63 32 308.031463623 1
63 32 308.384063721 1
63 32 308.606079102 1
63 32 310.88079834 1
63 32 311.702026367 1
63 32 314.361328125 1
63 32 316.247406006 1
63 32 316.930908203 1
63 32 319.670776367 1
63 32 321.61038208 1
63 32 322.543334961 1
63 32 324.317626953 1
63 32 327.899719238 1
63 32 328.102539062 1
63 32 328.785247803 1
63 32 330.740325928 1
63 32 333.392211914 1
63 32 336.203735352 1
63 32 336.737121582 1
63 32 336.991271973 1
63 32 338.010650635 1
63 32 338.267913818 1
63 32 338.603607178 1
63 32 338.708953857 1
63 32 339.555145264 1
63 32 339.953491211 1
63 32 340.529998779 1
63 32 343.278594971 1
63 32 343.342010498 1
63 32 345.210601807 1
63 32 346.395233154 1
63 32 346.891265869 1
63 32 348.543792725 1
63 32 349.88494873 1
63 32 353.842529297 1
63 32 356.330566406 1
63 32 359.139770508 1
63 32 359.14364624 1
63 32 362.632415771 1
63 32 370.928771973 1
63 32 371.833099365 1
63 32 372.31060791 1
63 32 374.939544678 1
63 32 377.968566895 1
63 32 378.797454834 1
63 32 379.099182129 1
63 32 383.300933838 1
63 32 395.51071167 1
63 32 400.176208496 1
63 32 400.245574951 1
63 32 400.901672363 1
63 32 401.643341064 1
63 32 402.871307373 1
63 32 409.287811279 1
63 32 416.657989502 1
63 32 417.628448486 1
63 32 419.842559814 1
63 32 426.791320801 1
63 32 436.567871094 1
63 32 440.100341797 1
63 32 445.831970215 1
63 32 451.38269043 1
63 32 461.012176514 1
63 32 461.904937744 1
63 32 467.82144165 1
63 32 469.452667236 1
63 32 469.735961914 1
63 32 471.736846924 1
63 32 474.728546143 1
63 32 480.030883789 1
63 32 485.361114502 1
63 32 490.872253418 1
63 32 497.511657715 1
63 32 498.666229248 1
63 32 506.893981934 1
63 32 511.239379883 1
63 32 519.055541992 1
63 32 519.15423584 1
63 32 524.144897461 1
63 32 524.694824219 1
63 32 536.213806152 1
63 32 543.717895508 1
63 32 547.549682617 1
63 32 558.403564453 1
63 32 559.249267578 1
63 32 564.428344727 1
63 32 568.55682373 1
63 32 570.572143555 1
63 32 577.979064941 1
63 32 578.419433594 1
63 32 598.265258789 1
63 32 600.352539062 1
63 32 602.452270508 1
63 32 614.725524902 1
63 32 653.162597656 1
63 32 653.312683105 1
63 32 678.712646484 1
63 32 710.255859375 1
63 32 718.598937988 1
63 32 814.164489746 1
63 32 890.271789551 1
63 32 975.089050293 1
63 32 1092.41503906 1
63 32 1277.74047852 1
63 32 1335.02197266 1
63 32 1410.38415527 1
63 32 1416.71130371 1
63 33 316.222717285 1
63 33 337.617645264 1
63 33 356.943817139 1
63 33 357.027587891 1
63 33 358.939971924 1
63 33 362.618377686 1
63 33 362.67199707 1
63 33 373.762207031 1
63 33 380.051300049 1
63 33 390.520080566 1
63 33 395.191162109 1
63 33 397.981445312 1
63 33 409.370788574 1
63 33 416.905334473 1
63 33 429.358276367 1
63 33 438.410491943 1
63 33 438.85824585 1
63 33 450.597930908 1
63 33 454.229034424 1
63 33 471.722229004 1
63 33 474.395294189 1
63 33 522.378723145 1
63 33 530.923034668 1
63 33 545.810241699 1
63 33 628.200622559 1
63 33 674.685180664 1
63 33 685.560913086 1
63 33 718.04876709 1
63 33 726.562561035 1
63 33 749.22644043 1
63 33 763.323059082 1
63 33 822.201782227 1
63 33 829.219970703 1
63 33 939.121520996 1
63 33 2049.85083008 1
63 34 482.221160889 1
63 34 528.045837402 1
63 34 557.907348633 1
63 34 558.622070312 1
63 34 644.83581543 1
63 34 839.630859375 1
64 21 1774.12597656 1
64 23 1973.64294434 1
64 24 1714.42614746 1
64 26 1096.56188965 1
64 26 1700.9876709 1
64 27 1098.66967773 1
64 27 1287.91210938 1
64 27 1865.50708008 1
64 28 730.324035645 1
64 28 809.364196777 1
64 28 1013.04638672 1
64 28 1031.87585449 1
64 28 1037.22277832 1
64 28 1090.70996094 1
64 28 1277.38525391 1
64 28 1292.54919434 1
64 29 727.082092285 1
64 29 773.444580078 1
64 29 806.049377441 1
64 29 813.861450195 1
64 29 823.849365234 1
64 29 839.667053223 1
64 29 853.550109863 1
64 29 897.450622559 1
64 29 900.505249023 1
64 29 909.861206055 1
64 29 910.280639648 1
64 30 693.290161133 1
64 30 694.247924805 1
64 30 711.366149902 1
64 30 724.820983887 1
64 30 733.586181641 1
64 30 738.530761719 1
64 30 800.590332031 1
64 30 836.080444336 1
64 30 844.389038086 1
64 30 924.583435059 1
64 30 1072.80236816 1
64 30 1178.74536133 1
64 30 1546.47192383 1
64 31 729.818908691 1
64 31 731.181762695 1
64 31 792.565307617 1
64 31 957.042053223 1
64 31 1068.08276367 1
64 31 1562.00317383 1
64 32 832.20703125 1
64 32 864.523071289 1
64 32 882.800476074 1
64 32 1042.25830078 1
64 32 1117.44360352 1
64 33 795.853393555 1
64 33 815.308410645 1
64 33 870.191162109 1
64 33 2744.98535156 1
64 34 1315.35888672 1
64 34 1834.60375977 1
65 32 1473.25390625 1
68 28 2351.95288086 1
69 27 1476.08227539 1
69 28 1149.21630859 1
69 29 1761.21801758 1
69 31 1695.53442383 1
70 22 1156.25 1
70 23 1461.88439941 1
70 24 1644.04614258 1
70 25 1126.33496094 1
70 25 1669.1776123 1
70 26 749.678894043 1
70 26 845.754333496 1
70 26 946.140319824 1
70 26 983.039245605 1
70 26 1328.56811523 1
70 27 751.704956055 1
70 27 824.405822754 1
70 27 905.800476074 1
70 27 917.667785645 1
70 27 1321.44104004 1
70 27 1377.65759277 1
70 27 1616.0925293 1
70 27 2202.89233398 1
70 28 684.596069336 1
70 28 770.836669922 1
70 28 810.801818848 1
70 28 820.081298828 1
70 28 885.690490723 1
70 28 1115.10717773 1
70 28 1124.15551758 1
70 28 1261.57531738 1
70 28 1407.33447266 1
70 28 1710.41772461 1
70 28 1822.79711914 1
70 28 2055.90527344 1
70 29 700.36138916 1
70 29 714.016906738 1
70 29 717.398742676 1
70 29 788.089416504 1
70 29 910.1328125 1
70 29 989.236755371 1
70 29 989.42767334 1
70 29 1019.03601074 1
70 29 1180.12792969 1
70 29 1907.66369629 1
70 30 705.151977539 1
70 30 713.964050293 1
70 30 778.026489258 1
70 30 862.779052734 1
70 30 879.296325684 1
70 30 1074.82507324 1
70 30 1102.54272461 1
70 30 1115.24707031 1
70 30 1269.86828613 1
70 30 1342.64050293 1
70 30 1413.26159668 1
70 30 1655.55407715 1
70 31 804.379272461 1
70 31 1156.22644043 1
70 31 1308.74267578 1
70 32 1073.46813965 1
70 32 1143.75402832 1
70 32 1308.1875 1
71 20 1901.10632324 1
71 23 1082.33068848 1
71 23 2351.71899414 1
71 25 1721.03845215 1
71 25 1816.90100098 1
71 26 792.772583008 1
71 26 1174.83422852 1
71 26 1551.41516113 1
71 27 691.427062988 1
71 27 948.489501953 1
71 27 1077.77392578 1
71 27 1303.24914551 1
71 28 666.593200684 1
71 28 695.594482422 1
71 28 745.379882812 1
71 28 777.991882324 1
71 28 801.035339355 1
71 28 919.793762207 1
71 28 937.747558594 1
71 28 1029.4786377 1
71 28 1054.34228516 1
71 28 1145.95825195 1
71 28 1194.60388184 1
71 28 1213.87036133 1
71 28 1317.6541748 1
71 28 1342.34106445 1
71 28 1621.63024902 1
71 29 704.495056152 1
71 29 767.006530762 1
71 29 786.212402344 1
71 29 792.563354492 1
71 29 834.431152344 1
71 29 855.838134766 1
71 29 914.936584473 1
71 29 1074.38598633 1
71 29 1390.44384766 1
71 29 1397.5111084 1
71 29 1470.81933594 1
71 29 1592.33972168 1
71 30 700.783447266 1
71 30 763.173828125 1
71 30 769.809265137 1
71 30 917.397460938 1
71 30 1245.82946777 1
71 30 1315.67675781 1
71 30 2350.34375 1
71 30 2958.26977539 1
71 31 862.694030762 1
71 31 1084.4395752 1
71 32 1212.55749512 1
71 32 1424.2512207 1
71 33 1395.61035156 1
72 22 2679.89648438 1
72 24 2218.70849609 1
76 20 2912.06445312 1
76 29 2219.00732422 1
76 30 1789.4284668 1
77 23 1376.75634766 1
77 26 1891.08532715 1
77 29 1379.79187012 1
