000 323.0 0.0 1000000.0
008 244.0 0.0 1000000.0
009 241.0 0.0 1000000.0
010 238.0 0.0 1000000.0
011 274.0 0.0 1000000.0
013 265.0 0.0 1000000.0
016 254.0 0.0 1000000.0
022 240.0 0.0 1000000.0
027 304.0 0.0 1000000.0
034 268.0 0.0 1000000.0
045 245.0 0.0 1000000.0
063 233.0 0.0 1000000.0
090 163.0 0.0 1000000.0
117 91.0 0.0 1000000.0
135 62.0 0.0 1000000.0
146 27.0 0.0 1000000.0
153 24.0 0.0 1000000.0
158 20.0 0.0 1000000.0
162 26.0 0.0 1000000.0
164 15.0 0.0 1000000.0
166 29.0 0.0 1000000.0
167 14.0 0.0 1000000.0
169 15.0 0.0 1000000.0
171 16.0 0.0 1000000.0
172 16.0 0.0 1000000.0
180 19.0 0.0 1000000.0
