000 1537.0 0.0 1000000.0
010 1131.0 0.0 1000000.0
020 1150.0 0.0 1000000.0
030 1353.0 0.0 1000000.0
040 1666.0 0.0 1000000.0
050 1923.0 0.0 1000000.0
060 1929.0 0.0 1000000.0
070 1956.0 0.0 1000000.0
090 1512.0 0.0 1000000.0
120 774.0 0.0 1000000.0
140 435.0 0.0 1000000.0
150 270.0 0.0 1000000.0
160 182.0 0.0 1000000.0
170 97.0 0.0 1000000.0
190 133.0 0.0 1000000.0
200 164.0 0.0 1000000.0
210 280.0 0.0 1000000.0
220 360.0 0.0 1000000.0
240 841.0 0.0 1000000.0
260 1413.0 0.0 1000000.0
270 1770.0 0.0 1000000.0
290 2567.0 0.0 1000000.0
300 2817.0 0.0 1000000.0
310 3040.0 0.0 1000000.0
320 3220.0 0.0 1000000.0
330 2872.0 0.0 1000000.0
340 2291.0 0.0 1000000.0
350 1552.0 0.0 1000000.0
