000 370.0 0.0 1000000.0
008 323.0 0.0 1000000.0
009 322.0 0.0 1000000.0
010 316.0 0.0 1000000.0
011 358.0 0.0 1000000.0
013 321.0 0.0 1000000.0
016 317.0 0.0 1000000.0
022 326.0 0.0 1000000.0
027 334.0 0.0 1000000.0
034 311.0 0.0 1000000.0
045 284.0 0.0 1000000.0
063 227.0 0.0 1000000.0
090 160.0 0.0 1000000.0
117 79.0 0.0 1000000.0
135 46.0 0.0 1000000.0
146 31.0 0.0 1000000.0
153 15.0 0.0 1000000.0
158 16.0 0.0 1000000.0
162 19.0 0.0 1000000.0
164 26.0 0.0 1000000.0
166 12.0 0.0 1000000.0
167 11.0 0.0 1000000.0
169 10.0 0.0 1000000.0
171 16.0 0.0 1000000.0
172 14.0 0.0 1000000.0
180 12.0 0.0 1000000.0
