string dom time hits
44 28 1439.30371094 1
44 31 2671.90869141 1
45 26 1509.91540527 1
46 27 3188.34863281 1
46 32 1635.01220703 1
52 29 2513.83447266 1
53 24 1478.52075195 1
53 28 2025.95715332 1
54 21 1150.4473877 1
54 23 1264.29199219 1
54 24 1056.32678223 1
54 24 1294.23046875 1
54 25 1531.42114258 1
54 26 722.824035645 1
54 26 1041.73388672 1
54 26 1042.54638672 1
54 26 1204.57702637 1
54 27 804.898010254 1
54 27 807.381713867 1
54 27 811.192321777 1
54 27 854.907470703 1
54 27 859.812744141 1
54 27 882.911010742 1
54 27 945.345031738 1
54 27 985.705749512 1
54 27 1078.26635742 1
54 27 1089.50463867 1
54 27 1192.98486328 1
54 27 1385.15185547 1
54 28 781.911010742 1
54 28 856.862243652 1
54 28 1022.22796631 1
54 28 1466.81091309 1
54 28 1899.7890625 1
54 29 710.328979492 1
54 29 761.429016113 1
54 29 784.373840332 1
54 29 820.430786133 1
54 29 825.998352051 1
54 29 886.548461914 1
54 29 905.079162598 1
54 29 914.719177246 1
54 29 945.870605469 1
54 29 952.60546875 1
54 29 1229.15686035 1
54 29 1240.19787598 1
54 30 669.71105957 1
54 30 972.387451172 1
54 30 995.853393555 1
54 30 1204.60546875 1
54 30 1655.96203613 1
54 31 1351.54138184 1
54 31 2114.78466797 1
54 32 918.091552734 1
54 32 974.329406738 1
54 32 1823.55627441 1
55 23 908.594726562 1
55 23 1065.59545898 1
55 25 1291.60498047 1
55 25 1531.82653809 1
55 26 837.840576172 1
55 26 967.196960449 1
55 26 1429.22607422 1
55 27 773.125976562 1
55 27 841.586914062 1
55 27 930.884643555 1
55 27 938.054443359 1
55 27 1815.4642334 1
55 28 631.832275391 1
55 28 701.579956055 1
55 28 785.536743164 1
55 28 826.059997559 1
55 28 951.969543457 1
55 28 1001.60986328 1
55 28 1053.23962402 1
55 28 1122.22875977 1
55 28 1167.9128418 1
55 28 1284.99987793 1
55 28 1720.79101562 1
55 29 636.022460938 1
55 29 691.424804688 1
55 29 750.878540039 1
55 29 874.956787109 1
55 29 975.863586426 1
55 29 1158.15283203 1
55 30 782.804504395 1
55 30 1280.63696289 1
55 31 935.123901367 1
55 31 1063.59423828 1
56 27 2515.61572266 1
56 29 2346.39233398 1
62 22 2022.26928711 1
62 23 1081.0513916 1
62 24 1026.29162598 1
62 24 1183.29504395 1
62 25 1071.81262207 1
62 26 835.382385254 1
62 26 920.251708984 1
62 26 927.065612793 1
62 26 1051.86132812 1
62 26 1137.87609863 1
62 26 2268.36938477 1
62 27 741.72479248 1
62 27 768.758239746 1
62 27 775.738769531 1
62 27 802.708374023 1
62 27 811.265930176 1
62 27 819.612915039 1
62 27 844.898498535 1
62 27 853.993713379 1
62 27 894.722106934 1
62 27 1194.73779297 1
62 27 1931.81359863 1
62 28 688.892578125 1
62 28 692.219055176 1
62 28 714.585021973 1
62 28 720.943359375 1
62 28 730.820373535 1
62 28 754.495300293 1
62 28 779.367858887 1
62 28 943.332275391 1
62 29 644.833740234 1
62 29 711.315490723 1
62 29 715.975708008 1
62 29 792.83392334 1
62 29 805.980407715 1
62 29 849.455322266 1
62 29 854.922485352 1
62 29 860.246459961 1
62 29 863.098327637 1
62 29 885.071472168 1
62 29 889.565734863 1
62 29 947.993591309 1
62 29 1005.22808838 1
62 29 1459.51953125 1
62 30 760.377075195 1
62 30 858.19128418 1
62 30 1146.26611328 1
62 31 1130.89648438 1
62 31 1184.34912109 1
62 31 1290.80651855 1
62 31 1547.89404297 1
62 32 965.414672852 1
62 32 1131.42297363 1
63 19 1174.70666504 1
63 20 2098.08618164 1
63 21 800.671142578 1
63 21 922.813293457 1
63 21 1101.79150391 1
63 21 1223.65966797 1
63 21 1577.21960449 1
63 21 1904.39453125 1
63 22 772.93347168 1
63 22 929.96307373 1
63 22 948.06640625 1
63 22 1108.35864258 1
63 22 1216.86743164 1
63 23 650.077514648 1
63 23 774.9140625 1
63 23 780.951782227 1
63 23 791.294799805 1
63 23 916.938720703 1
63 23 972.574462891 1
63 24 504.026641846 1
63 24 515.112121582 1
63 24 571.258178711 1
63 24 581.928283691 1
63 24 646.458496094 1
63 24 657.12109375 1
63 24 680.657470703 1
63 24 683.253051758 1
63 24 701.100585938 1
63 24 706.219360352 1
63 24 732.832458496 1
63 24 738.544067383 1
63 24 751.262878418 1
63 24 916.206848145 1
63 24 925.789855957 1
63 24 1008.71923828 1
63 24 1009.42572021 1
63 24 1046.67028809 1
63 24 1054.92590332 1
63 24 1131.72497559 1
63 24 1245.9901123 1
63 24 1503.73779297 1
63 25 415.091217041 1
63 25 421.492889404 1
63 25 423.342437744 1
63 25 428.457580566 1
63 25 439.360015869 1
63 25 440.208740234 1
63 25 446.895507812 1
63 25 451.694580078 1
63 25 457.143676758 1
63 25 457.67489624 1
63 25 466.7215271 1
63 25 473.803741455 1
63 25 479.900970459 1
63 25 493.791229248 1
63 25 502.053710938 1
63 25 502.069641113 1
63 25 505.897186279 1
63 25 507.038665771 1
63 25 514.128234863 1
63 25 520.253295898 1
63 25 520.375854492 1
63 25 527.941589355 1
63 25 530.123962402 1
63 25 535.064941406 1
63 25 538.629577637 1
63 25 565.817199707 1
63 25 568.655273438 1
63 25 573.607421875 1
63 25 578.972900391 1
63 25 604.153808594 1
63 25 624.942626953 1
63 25 631.418762207 1
63 25 645.428833008 1
63 25 661.793945312 1
63 25 664.43927002 1
63 25 667.95880127 1
63 25 696.261230469 1
63 25 705.127075195 1
63 25 719.220703125 1
63 25 734.765197754 1
63 25 735.045471191 1
63 25 735.465454102 1
63 25 765.099914551 1
63 25 776.317626953 1
63 25 908.216186523 1
63 25 926.965698242 1
63 25 932.64251709 1
63 25 963.180297852 1
63 25 1047.81396484 1
63 25 1172.17797852 1
63 25 1238.08056641 1
63 25 1857.36242676 1
63 26 313.21395874 1
63 26 326.975616455 1
63 26 334.135223389 1
63 26 337.525878906 1
63 26 338.823059082 1
63 26 339.078338623 1
63 26 344.107208252 1
63 26 344.89074707 1
63 26 344.925628662 1
63 26 346.892425537 1
63 26 349.820465088 1
63 26 349.900390625 1
63 26 350.229278564 1
63 26 350.614074707 1
63 26 351.056335449 1
63 26 351.07522583 1
63 26 351.2137146 1
63 26 353.125244141 1
63 26 354.549224854 1
63 26 355.148590088 1
63 26 357.288604736 1
63 26 358.995544434 1
63 26 359.91317749 1
63 26 361.341766357 1
63 26 361.540466309 1
63 26 362.419006348 1
63 26 362.945922852 1
63 26 365.211730957 1
63 26 368.401367188 1
63 26 369.728607178 1
63 26 369.862182617 1
63 26 370.160705566 1
63 26 370.33102417 1
63 26 370.53616333 1
63 26 370.764160156 1
63 26 370.944152832 1
63 26 373.841033936 1
63 26 374.90435791 1
63 26 377.40914917 1
63 26 377.437286377 1
63 26 379.340301514 1
63 26 380.85168457 1
63 26 381.029754639 1
63 26 381.253448486 1
63 26 382.109588623 1
63 26 384.578979492 1
63 26 385.296905518 1
63 26 385.475128174 1
63 26 386.90423584 1
63 26 387.120727539 1
63 26 391.550567627 1
63 26 393.69039917 1
63 26 393.925842285 1
63 26 393.987640381 1
63 26 396.752624512 1
63 26 397.647857666 1
63 26 399.31729126 1
63 26 400.384063721 1
63 26 402.21762085 1
63 26 404.002929688 1
63 26 405.540222168 1
63 26 407.810424805 1
63 26 412.39666748 1
63 26 412.573364258 1
63 26 415.456420898 1
63 26 416.28125 1
63 26 417.184112549 1
63 26 421.837280273 1
63 26 421.844482422 1
63 26 428.972503662 1
63 26 429.572723389 1
63 26 430.053833008 1
63 26 441.940246582 1
63 26 445.457275391 1
63 26 446.057067871 1
63 26 447.340148926 1
63 26 447.526245117 1
63 26 448.12689209 1
63 26 470.023284912 1
63 26 480.038879395 1
63 26 482.455841064 1
63 26 487.291534424 1
63 26 493.53692627 1
63 26 493.683563232 1
63 26 495.926879883 1
63 26 516.407531738 1
63 26 518.769836426 1
63 26 519.897583008 1
63 26 520.565551758 1
63 26 536.185119629 1
63 26 546.857910156 1
63 26 549.027832031 1
63 26 553.726379395 1
63 26 556.114501953 1
63 26 558.330505371 1
63 26 558.825317383 1
63 26 560.444458008 1
63 26 574.186462402 1
63 26 588.225830078 1
63 26 588.247802734 1
63 26 594.936828613 1
63 26 663.804199219 1
63 26 672.907653809 1
63 26 693.010742188 1
63 26 698.385437012 1
63 26 709.718811035 1
63 26 711.414550781 1
63 26 738.271850586 1
63 26 767.830688477 1
63 26 788.197021484 1
63 26 833.922546387 1
63 26 837.882446289 1
63 26 893.596008301 1
63 26 945.199890137 1
63 26 950.767822266 1
63 26 1007.59503174 1
63 26 1014.33453369 1
63 26 1026.84069824 1
63 26 1032.19177246 1
63 26 1059.39099121 1
63 26 1082.37487793 1
63 26 1163.31933594 1
63 26 1228.36706543 1
63 26 1443.31689453 1
63 26 1561.10241699 1
63 26 1589.00598145 1
63 27 238.820587158 1
63 27 241.79460144 1
63 27 242.633773804 1
63 27 244.046966553 1
63 27 245.100997925 1
63 27 245.221862793 1
63 27 245.675842285 1
63 27 247.163574219 1
63 27 247.322433472 1
63 27 249.178359985 1
63 27 249.50692749 1
63 27 249.837646484 1
63 27 250.167694092 1
63 27 250.250366211 1
63 27 250.530853271 1
63 27 250.961990356 1
63 27 252.442230225 1
63 27 253.200057983 1
63 27 253.361099243 1
63 27 253.592514038 1
63 27 253.741424561 1
63 27 254.273330688 1
63 27 254.307281494 1
63 27 254.527862549 1
63 27 254.857162476 1
63 27 255.217376709 1
63 27 255.281814575 1
63 27 256.035858154 1
63 27 256.06237793 1
63 27 256.342224121 1
63 27 257.117828369 1
63 27 257.233398438 1
63 27 257.486022949 1
63 27 258.317199707 1
63 27 258.50012207 1
63 27 258.910522461 1
63 27 258.913208008 1
63 27 259.647369385 1
63 27 260.059448242 1
63 27 260.207550049 1
63 27 260.657043457 1
63 27 261.194976807 1
63 27 261.426452637 1
63 27 261.556030273 1
63 27 261.863555908 1
63 27 261.877868652 1
63 27 262.118774414 1
63 27 262.524719238 1
63 27 262.671569824 1
63 27 262.758178711 1
63 27 262.845794678 1
63 27 263.049224854 1
63 27 263.10848999 1
63 27 263.135101318 1
63 27 263.217346191 1
63 27 265.196868896 1
63 27 265.566925049 1
63 27 265.965881348 1
63 27 266.186065674 1
63 27 266.227630615 1
63 27 266.373596191 1
63 27 266.452636719 1
63 27 266.545379639 1
63 27 266.708404541 1
63 27 266.830047607 1
63 27 267.111114502 1
63 27 267.133544922 1
63 27 267.219909668 1
63 27 267.360443115 1
63 27 267.671661377 1
63 27 267.736785889 1
63 27 267.911529541 1
63 27 268.027374268 1
63 27 268.118011475 1
63 27 268.129669189 1
63 27 268.297424316 1
63 27 268.446777344 1
63 27 268.578735352 1
63 27 268.633422852 1
63 27 268.669555664 1
63 27 269.558013916 1
63 27 269.55947876 1
63 27 269.648925781 1
63 27 269.952056885 1
63 27 270.255615234 1
63 27 270.308563232 1
63 27 270.973083496 1
63 27 271.128753662 1
63 27 271.289855957 1
63 27 272.182678223 1
63 27 272.41229248 1
63 27 272.738342285 1
63 27 272.792785645 1
63 27 273.026184082 1
63 27 273.411376953 1
63 27 273.642456055 1
63 27 273.689086914 1
63 27 274.40927124 1
63 27 274.834289551 1
63 27 275.104797363 1
63 27 275.21081543 1
63 27 275.649871826 1
63 27 276.105560303 1
63 27 277.039123535 1
63 27 277.190826416 1
63 27 277.278747559 1
63 27 277.644195557 1
63 27 278.225982666 1
63 27 278.602661133 1
63 27 278.714141846 1
63 27 279.211730957 1
63 27 279.21774292 1
63 27 279.229766846 1
63 27 279.265228271 1
63 27 279.590759277 1
63 27 279.628570557 1
63 27 280.158447266 1
63 27 280.206420898 1
63 27 280.381500244 1
63 27 280.944610596 1
63 27 281.244537354 1
63 27 281.469543457 1
63 27 281.810760498 1
63 27 281.858184814 1
63 27 281.978942871 1
63 27 282.401550293 1
63 27 282.415161133 1
63 27 282.509002686 1
63 27 282.52645874 1
63 27 282.604705811 1
63 27 282.830200195 1
63 27 282.911651611 1
63 27 283.106964111 1
63 27 283.185882568 1
63 27 283.218292236 1
63 27 283.219451904 1
63 27 283.384002686 1
63 27 283.571472168 1
63 27 285.149536133 1
63 27 285.410644531 1
63 27 286.010284424 1
63 27 286.400634766 1
63 27 287.091674805 1
63 27 287.166900635 1
63 27 287.213989258 1
63 27 287.631988525 1
63 27 287.7237854 1
63 27 288.653106689 1
63 27 288.975372314 1
63 27 289.189697266 1
63 27 289.450866699 1
63 27 289.535064697 1
63 27 290.01953125 1
63 27 292.163726807 1
63 27 292.262817383 1
63 27 292.36517334 1
63 27 292.495025635 1
63 27 292.730804443 1
63 27 292.818481445 1
63 27 293.114013672 1
63 27 293.419464111 1
63 27 293.467224121 1
63 27 293.803466797 1
63 27 293.807647705 1
63 27 294.044677734 1
63 27 294.38684082 1
63 27 294.919616699 1
63 27 294.941802979 1
63 27 295.585174561 1
63 27 296.709136963 1
63 27 297.107177734 1
63 27 297.394775391 1
63 27 297.450592041 1
63 27 297.720306396 1
63 27 297.791564941 1
63 27 298.227508545 1
63 27 298.477264404 1
63 27 300.030700684 1
63 27 300.655548096 1
63 27 301.187164307 1
63 27 301.710083008 1
63 27 302.756439209 1
63 27 302.81451416 1
63 27 302.879302979 1
63 27 303.287567139 1
63 27 303.589904785 1
63 27 304.323699951 1
63 27 304.392425537 1
63 27 304.46383667 1
63 27 304.486694336 1
63 27 305.487121582 1
63 27 306.285064697 1
63 27 306.726959229 1
63 27 307.244903564 1
63 27 307.871429443 1
63 27 308.447998047 1
63 27 308.619934082 1
63 27 308.83682251 1
63 27 309.099609375 1
63 27 309.234161377 1
63 27 309.426971436 1
63 27 310.937286377 1
63 27 310.957305908 1
63 27 310.994506836 1
63 27 311.162719727 1
63 27 311.23928833 1
63 27 311.590515137 1
63 27 312.1953125 1
63 27 312.230926514 1
63 27 312.874603271 1
63 27 314.044525146 1
63 27 315.004638672 1
63 27 315.063232422 1
63 27 316.461608887 1
63 27 317.441253662 1
63 27 318.179016113 1
63 27 318.276245117 1
63 27 318.526428223 1
63 27 320.339691162 1
63 27 321.104797363 1
63 27 321.470794678 1
63 27 322.324310303 1
63 27 323.541900635 1
63 27 323.592651367 1
63 27 324.184082031 1
63 27 324.327301025 1
63 27 324.71206665 1
63 27 324.937255859 1
63 27 327.99432373 1
63 27 328.965393066 1
63 27 330.16708374 1
63 27 330.703033447 1
63 27 334.385955811 1
63 27 334.426971436 1
63 27 334.569732666 1
63 27 334.622375488 1
63 27 335.266143799 1
63 27 339.897857666 1
63 27 339.927001953 1
63 27 341.728973389 1
63 27 341.994537354 1
63 27 342.274475098 1
63 27 343.325714111 1
63 27 344.735168457 1
63 27 347.46661377 1
63 27 349.924133301 1
63 27 350.929382324 1
63 27 351.876556396 1
63 27 353.458068848 1
63 27 354.796630859 1
63 27 355.789794922 1
63 27 356.348693848 1
63 27 360.503967285 1
63 27 362.474456787 1
63 27 366.459747314 1
63 27 373.045410156 1
63 27 373.590911865 1
63 27 375.433685303 1
63 27 375.675994873 1
63 27 376.518615723 1
63 27 379.946777344 1
63 27 381.650665283 1
63 27 384.584472656 1
63 27 387.300354004 1
63 27 387.353637695 1
63 27 390.686309814 1
63 27 391.442718506 1
63 27 391.624237061 1
63 27 392.078979492 1
63 27 393.660858154 1
63 27 395.417572021 1
63 27 396.067871094 1
63 27 398.602081299 1
63 27 399.434387207 1
63 27 399.498138428 1
63 27 399.679534912 1
63 27 401.262207031 1
63 27 401.291687012 1
63 27 402.266998291 1
63 27 405.14730835 1
63 27 409.580657959 1
63 27 412.881469727 1
63 27 414.245178223 1
63 27 419.109710693 1
63 27 426.222076416 1
63 27 429.650238037 1
63 27 435.014099121 1
63 27 439.291259766 1
63 27 446.53112793 1
63 27 464.876647949 1
63 27 469.23034668 1
63 27 470.322418213 1
63 27 475.095855713 1
63 27 490.714477539 1
63 27 496.259155273 1
63 27 505.081420898 1
63 27 505.298858643 1
63 27 506.888763428 1
63 27 514.107055664 1
63 27 520.584350586 1
63 27 523.79498291 1
63 27 525.717773438 1
63 27 526.32043457 1
63 27 539.397155762 1
63 27 542.436157227 1
63 27 553.980529785 1
63 27 561.974365234 1
63 27 566.381347656 1
63 27 575.974975586 1
63 27 585.61340332 1
63 27 592.411315918 1
63 27 602.319152832 1
63 27 613.910644531 1
63 27 623.799743652 1
63 27 661.050109863 1
63 27 664.264648438 1
63 27 694.091491699 1
63 27 699.235168457 1
63 27 707.50567627 1
63 27 707.651672363 1
63 27 715.430114746 1
63 27 736.000183105 1
63 27 767.059082031 1
63 27 802.151916504 1
63 27 805.782592773 1
63 27 836.165893555 1
63 27 842.544067383 1
63 27 873.822753906 1
63 27 896.745178223 1
63 27 897.409118652 1
63 27 934.72277832 1
63 27 938.524047852 1
63 27 1123.80554199 1
63 27 1226.64746094 1
63 27 1279.6348877 1
63 27 1298.24768066 1
63 27 1555.10876465 1
63 27 1777.78430176 1
63 28 158.27796936 1
63 28 159.33706665 1
63 28 160.094085693 1
63 28 160.61265564 1
63 28 161.111450195 1
63 28 161.455322266 1
63 28 161.706481934 1
63 28 162.092132568 1
63 28 162.572647095 1
63 28 162.675033569 1
63 28 163.283416748 1
63 28 163.870605469 1
63 28 163.973327637 1
63 28 164.086196899 1
63 28 164.452102661 1
63 28 164.463226318 1
63 28 164.518722534 1
63 28 164.7449646 1
63 28 164.831100464 1
63 28 164.881835938 1
63 28 164.949188232 1
63 28 165.231719971 1
63 28 165.340881348 1
63 28 165.364257812 1
63 28 165.51550293 1
63 28 165.638244629 1
63 28 165.846343994 1
63 28 166.061523438 1
63 28 166.59803772 1
63 28 166.606811523 1
63 28 166.63319397 1
63 28 167.05305481 1
63 28 167.0990448 1
63 28 167.205108643 1
63 28 167.286941528 1
63 28 167.329986572 1
63 28 167.450515747 1
63 28 167.459213257 1
63 28 167.469619751 1
63 28 167.480728149 1
63 28 167.496765137 1
63 28 167.711791992 1
63 28 167.764984131 1
63 28 167.848693848 1
63 28 167.8646698 1
63 28 167.871765137 1
63 28 167.967056274 1
63 28 168.023529053 1
63 28 168.193771362 1
63 28 168.264205933 1
63 28 168.487380981 1
63 28 168.556945801 1
63 28 168.646514893 1
63 28 168.688735962 1
63 28 168.880081177 1
63 28 169.07711792 1
63 28 169.252975464 1
63 28 169.259994507 1
63 28 169.274124146 1
63 28 169.370864868 1
63 28 169.378372192 1
63 28 169.46257019 1
63 28 169.463928223 1
63 28 169.62651062 1
63 28 169.670089722 1
63 28 169.756027222 1
63 28 169.96232605 1
63 28 169.999511719 1
63 28 170.009155273 1
63 28 170.055023193 1
63 28 170.090545654 1
63 28 170.11946106 1
63 28 170.13899231 1
63 28 170.270782471 1
63 28 170.351654053 1
63 28 170.411804199 1
63 28 170.513244629 1
63 28 170.518203735 1
63 28 170.596206665 1
63 28 170.703567505 1
63 28 170.726333618 1
63 28 170.837814331 1
63 28 170.842727661 1
63 28 170.862625122 1
63 28 170.954269409 1
63 28 171.017883301 1
63 28 171.034408569 1
63 28 171.140441895 1
63 28 171.292709351 1
63 28 171.309875488 1
63 28 171.367843628 1
63 28 171.443634033 1
63 28 171.521621704 1
63 28 171.611740112 1
63 28 171.647750854 1
63 28 171.721389771 1
63 28 171.827896118 1
63 28 171.906555176 1
63 28 171.934692383 1
63 28 171.957733154 1
63 28 171.969482422 1
63 28 171.973754883 1
63 28 171.976577759 1
63 28 172.00718689 1
63 28 172.044570923 1
63 28 172.055984497 1
63 28 172.088302612 1
63 28 172.165649414 1
63 28 172.40574646 1
63 28 172.547531128 1
63 28 172.54826355 1
63 28 172.595092773 1
63 28 172.65007019 1
63 28 172.657989502 1
63 28 172.69078064 1
63 28 172.764190674 1
63 28 172.771697998 1
63 28 172.891464233 1
63 28 173.004104614 1
63 28 173.008514404 1
63 28 173.068725586 1
63 28 173.145294189 1
63 28 173.186096191 1
63 28 173.201263428 1
63 28 173.267440796 1
63 28 173.36680603 1
63 28 173.505203247 1
63 28 173.517715454 1
63 28 173.730728149 1
63 28 173.797836304 1
63 28 173.801757812 1
63 28 173.948471069 1
63 28 174.044830322 1
63 28 174.094772339 1
63 28 174.133590698 1
63 28 174.199081421 1
63 28 174.234909058 1
63 28 174.391311646 1
63 28 174.471481323 1
63 28 174.497955322 1
63 28 174.526077271 1
63 28 174.544754028 1
63 28 174.57069397 1
63 28 174.762496948 1
63 28 174.891143799 1
63 28 174.971862793 1
63 28 175.049667358 1
63 28 175.05557251 1
63 28 175.070266724 1
63 28 175.117645264 1
63 28 175.195465088 1
63 28 175.302520752 1
63 28 175.311538696 1
63 28 175.503250122 1
63 28 175.508682251 1
63 28 175.765365601 1
63 28 175.796829224 1
63 28 175.811141968 1
63 28 175.853134155 1
63 28 175.937316895 1
63 28 176.054031372 1
63 28 176.056518555 1
63 28 176.083755493 1
63 28 176.103912354 1
63 28 176.109283447 1
63 28 176.137237549 1
63 28 176.237731934 1
63 28 176.343399048 1
63 28 176.393310547 1
63 28 176.465759277 1
63 28 176.477493286 1
63 28 176.601959229 1
63 28 176.782699585 1
63 28 176.784332275 1
63 28 176.925338745 1
63 28 176.931091309 1
63 28 176.956481934 1
63 28 176.984207153 1
63 28 176.99055481 1
63 28 176.997009277 1
63 28 177.01763916 1
63 28 177.017913818 1
63 28 177.046661377 1
63 28 177.179702759 1
63 28 177.211776733 1
63 28 177.274932861 1
63 28 177.355911255 1
63 28 177.378189087 1
63 28 177.381973267 1
63 28 177.387451172 1
63 28 177.423294067 1
63 28 177.490493774 1
63 28 177.648574829 1
63 28 177.699691772 1
63 28 177.81892395 1
63 28 177.956451416 1
63 28 177.970962524 1
63 28 178.03062439 1
63 28 178.07220459 1
63 28 178.200317383 1
63 28 178.267211914 1
63 28 178.296646118 1
63 28 178.313934326 1
63 28 178.37562561 1
63 28 178.427322388 1
63 28 178.501342773 1
63 28 178.518936157 1
63 28 178.590927124 1
63 28 178.603805542 1
63 28 178.690490723 1
63 28 178.768218994 1
63 28 179.057037354 1
63 28 179.112579346 1
63 28 179.134552002 1
63 28 179.167480469 1
63 28 179.252975464 1
63 28 179.274841309 1
63 28 179.301376343 1
63 28 179.308944702 1
63 28 179.332550049 1
63 28 179.430358887 1
63 28 179.514770508 1
63 28 179.587890625 1
63 28 179.689575195 1
63 28 179.723358154 1
63 28 179.777999878 1
63 28 179.812576294 1
63 28 179.957763672 1
63 28 179.960220337 1
63 28 180.082595825 1
63 28 180.093154907 1
63 28 180.319213867 1
63 28 180.335479736 1
63 28 180.422607422 1
63 28 180.507385254 1
63 28 180.595993042 1
63 28 180.684326172 1
63 28 180.734832764 1
63 28 180.791015625 1
63 28 180.867843628 1
63 28 180.932037354 1
63 28 181.004943848 1
63 28 181.030853271 1
63 28 181.059661865 1
63 28 181.069885254 1
63 28 181.134078979 1
63 28 181.151031494 1
63 28 181.214096069 1
63 28 181.276412964 1
63 28 181.321044922 1
63 28 181.434127808 1
63 28 181.498413086 1
63 28 181.504043579 1
63 28 181.524963379 1
63 28 181.699584961 1
63 28 181.811004639 1
63 28 181.971466064 1
63 28 182.042190552 1
63 28 182.124557495 1
63 28 182.229858398 1
63 28 182.458312988 1
63 28 182.504837036 1
63 28 182.610427856 1
63 28 182.735900879 1
63 28 182.740219116 1
63 28 182.838027954 1
63 28 182.893188477 1
63 28 183.131637573 1
63 28 183.153411865 1
63 28 183.181427002 1
63 28 183.223556519 1
63 28 183.299743652 1
63 28 183.408599854 1
63 28 183.459655762 1
63 28 183.48991394 1
63 28 183.543457031 1
63 28 183.575500488 1
63 28 183.783447266 1
63 28 183.8203125 1
63 28 184.0443573 1
63 28 184.068496704 1
63 28 184.07623291 1
63 28 184.166091919 1
63 28 184.19342041 1
63 28 184.239486694 1
63 28 184.510421753 1
63 28 184.536880493 1
63 28 184.55947876 1
63 28 184.608016968 1
63 28 184.730712891 1
63 28 184.741134644 1
63 28 184.764129639 1
63 28 185.138473511 1
63 28 185.262298584 1
63 28 185.351119995 1
63 28 185.435394287 1
63 28 185.478057861 1
63 28 185.551483154 1
63 28 185.612731934 1
63 28 185.613708496 1
63 28 185.635772705 1
63 28 185.845748901 1
63 28 185.895523071 1
63 28 185.911483765 1
63 28 186.002685547 1
63 28 186.260391235 1
63 28 186.266677856 1
63 28 186.301803589 1
63 28 186.332244873 1
63 28 186.41947937 1
63 28 186.449630737 1
63 28 186.498260498 1
63 28 186.698883057 1
63 28 186.72203064 1
63 28 186.7318573 1
63 28 186.786819458 1
63 28 186.829803467 1
63 28 186.909225464 1
63 28 186.932632446 1
63 28 186.971084595 1
63 28 187.03024292 1
63 28 187.090988159 1
63 28 187.149307251 1
63 28 187.301589966 1
63 28 187.552963257 1
63 28 187.569900513 1
63 28 187.623443604 1
63 28 187.669143677 1
63 28 187.769546509 1
63 28 187.781509399 1
63 28 187.955825806 1
63 28 188.026947021 1
63 28 188.102645874 1
63 28 188.114974976 1
63 28 188.331573486 1
63 28 188.394210815 1
63 28 188.398803711 1
63 28 188.45854187 1
63 28 188.626647949 1
63 28 188.645141602 1
63 28 188.685791016 1
63 28 188.929168701 1
63 28 189.018997192 1
63 28 189.17388916 1
63 28 189.186462402 1
63 28 189.260055542 1
63 28 189.268249512 1
63 28 189.392715454 1
63 28 189.858291626 1
63 28 189.94052124 1
63 28 189.96043396 1
63 28 190.028961182 1
63 28 190.040313721 1
63 28 190.10559082 1
63 28 190.1849823 1
63 28 190.302825928 1
63 28 190.309158325 1
63 28 190.421829224 1
63 28 190.51008606 1
63 28 190.519470215 1
63 28 190.623382568 1
63 28 190.831253052 1
63 28 190.861999512 1
63 28 190.893661499 1
63 28 190.915328979 1
63 28 190.988250732 1
63 28 191.045974731 1
63 28 191.083618164 1
63 28 191.144470215 1
63 28 191.249542236 1
63 28 191.385543823 1
63 28 191.544586182 1
63 28 191.647506714 1
63 28 191.771011353 1
63 28 191.853775024 1
63 28 191.878997803 1
63 28 192.048706055 1
63 28 192.136474609 1
63 28 192.248153687 1
63 28 192.434326172 1
63 28 192.495483398 1
63 28 192.532012939 1
63 28 192.649459839 1
63 28 192.69744873 1
63 28 192.81312561 1
63 28 192.818984985 1
63 28 192.89289856 1
63 28 192.968963623 1
63 28 193.032562256 1
63 28 193.03553772 1
63 28 193.057220459 1
63 28 193.075515747 1
63 28 193.217010498 1
63 28 193.242233276 1
63 28 193.249298096 1
63 28 193.331924438 1
63 28 193.523864746 1
63 28 193.828170776 1
63 28 193.926330566 1
63 28 194.073150635 1
63 28 194.127807617 1
63 28 194.22895813 1
63 28 194.308807373 1
63 28 194.423751831 1
63 28 194.463226318 1
63 28 194.627914429 1
63 28 194.635131836 1
63 28 194.887649536 1
63 28 195.303634644 1
63 28 195.454498291 1
63 28 195.945358276 1
63 28 196.037033081 1
63 28 196.407440186 1
63 28 196.446426392 1
63 28 196.500442505 1
63 28 197.201263428 1
63 28 197.302642822 1
63 28 197.308410645 1
63 28 197.319274902 1
63 28 197.515060425 1
63 28 197.666381836 1
63 28 198.625671387 1
63 28 198.66569519 1
63 28 198.994430542 1
63 28 199.218322754 1
63 28 199.283111572 1
63 28 199.675552368 1
63 28 199.749359131 1
63 28 199.965332031 1
63 28 200.108917236 1
63 28 200.478149414 1
63 28 200.511871338 1
63 28 200.77230835 1
63 28 200.878204346 1
63 28 200.905349731 1
63 28 201.040634155 1
63 28 201.383651733 1
63 28 201.423995972 1
63 28 201.708526611 1
63 28 201.748916626 1
63 28 201.919448853 1
63 28 201.934341431 1
63 28 201.961105347 1
63 28 201.971069336 1
63 28 202.440368652 1
63 28 202.778305054 1
63 28 203.040939331 1
63 28 203.111358643 1
63 28 203.31678772 1
63 28 203.434249878 1
63 28 203.469924927 1
63 28 203.500442505 1
63 28 203.642074585 1
63 28 203.878463745 1
63 28 203.935150146 1
63 28 204.184188843 1
63 28 204.242919922 1
63 28 204.353652954 1
63 28 204.400543213 1
63 28 204.438858032 1
63 28 204.541244507 1
63 28 204.701278687 1
63 28 204.912200928 1
63 28 205.150421143 1
63 28 205.321716309 1
63 28 205.405059814 1
63 28 205.572006226 1
63 28 205.58303833 1
63 28 205.647842407 1
63 28 205.651077271 1
63 28 205.664230347 1
63 28 205.843429565 1
63 28 205.873031616 1
63 28 206.095275879 1
63 28 206.112579346 1
63 28 206.301437378 1
63 28 206.422897339 1
63 28 206.649581909 1
63 28 206.859588623 1
63 28 207.285980225 1
63 28 207.703521729 1
63 28 207.822265625 1
63 28 208.6222229 1
63 28 208.704833984 1
63 28 208.815994263 1
63 28 209.120559692 1
63 28 209.1953125 1
63 28 209.555587769 1
63 28 209.625061035 1
63 28 209.807830811 1
63 28 209.84375 1
63 28 209.879150391 1
63 28 210.526733398 1
63 28 210.531585693 1
63 28 210.557891846 1
63 28 210.721130371 1
63 28 211.063415527 1
63 28 211.700714111 1
63 28 211.923019409 1
63 28 212.101776123 1
63 28 212.196670532 1
63 28 212.686187744 1
63 28 212.884109497 1
63 28 213.320404053 1
63 28 213.91859436 1
63 28 213.956771851 1
63 28 213.990036011 1
63 28 214.025375366 1
63 28 214.576263428 1
63 28 214.593399048 1
63 28 214.614974976 1
63 28 216.372634888 1
63 28 216.636993408 1
63 28 216.802474976 1
63 28 217.234039307 1
63 28 217.38633728 1
63 28 217.390625 1
63 28 217.528244019 1
63 28 218.058425903 1
63 28 219.245361328 1
63 28 219.971481323 1
63 28 220.110061646 1
63 28 220.165725708 1
63 28 220.428924561 1
63 28 220.674163818 1
63 28 220.893051147 1
63 28 221.100479126 1
63 28 221.138442993 1
63 28 221.235443115 1
63 28 221.652770996 1
63 28 222.014968872 1
63 28 222.066970825 1
63 28 222.182510376 1
63 28 223.309783936 1
63 28 223.590805054 1
63 28 224.095489502 1
63 28 225.117095947 1
63 28 225.219146729 1
63 28 225.428161621 1
63 28 226.171127319 1
63 28 226.564041138 1
63 28 226.612182617 1
63 28 226.702392578 1
63 28 226.75302124 1
63 28 227.028381348 1
63 28 227.18711853 1
63 28 227.286727905 1
63 28 227.296203613 1
63 28 227.60748291 1
63 28 227.653579712 1
63 28 228.584579468 1
63 28 230.295501709 1
63 28 231.096557617 1
63 28 231.28515625 1
63 28 231.484542847 1
63 28 231.965087891 1
63 28 232.230499268 1
63 28 232.262023926 1
63 28 232.640396118 1
63 28 232.735443115 1
63 28 233.742752075 1
63 28 234.795288086 1
63 28 235.385543823 1
63 28 235.605041504 1
63 28 237.072021484 1
63 28 237.191925049 1
63 28 240.118087769 1
63 28 240.12902832 1
63 28 240.320373535 1
63 28 241.255065918 1
63 28 242.446289062 1
63 28 242.971206665 1
63 28 243.446655273 1
63 28 244.211456299 1
63 28 244.255203247 1
63 28 244.737991333 1
63 28 244.74987793 1
63 28 244.918807983 1
63 28 246.095108032 1
63 28 246.398742676 1
63 28 246.547180176 1
63 28 246.995315552 1
63 28 247.535018921 1
63 28 249.319854736 1
63 28 249.384048462 1
63 28 249.488677979 1
63 28 250.847106934 1
63 28 253.24861145 1
63 28 253.498764038 1
63 28 254.570678711 1
63 28 254.85194397 1
63 28 256.001953125 1
63 28 256.080810547 1
63 28 259.517089844 1
63 28 260.471282959 1
63 28 263.140167236 1
63 28 263.275695801 1
63 28 263.90713501 1
63 28 265.046203613 1
63 28 268.614990234 1
63 28 272.675170898 1
63 28 279.797119141 1
63 28 281.138092041 1
63 28 281.341522217 1
63 28 282.595214844 1
63 28 284.142181396 1
63 28 284.988311768 1
63 28 285.218811035 1
63 28 288.511657715 1
63 28 288.808105469 1
63 28 289.015563965 1
63 28 289.318634033 1
63 28 292.88571167 1
63 28 293.885101318 1
63 28 294.670471191 1
63 28 295.750030518 1
63 28 296.155914307 1
63 28 299.729248047 1
63 28 299.901489258 1
63 28 300.437072754 1
63 28 301.122772217 1
63 28 302.478118896 1
63 28 303.52130127 1
63 28 303.788299561 1
63 28 305.072509766 1
63 28 306.254089355 1
63 28 307.213470459 1
63 28 307.417907715 1
63 28 308.903808594 1
63 28 309.255004883 1
63 28 316.592346191 1
63 28 317.714630127 1
63 28 322.376159668 1
63 28 328.21206665 1
63 28 330.219116211 1
63 28 335.029174805 1
63 28 335.539489746 1
63 28 336.568206787 1
63 28 339.920684814 1
63 28 339.946044922 1
63 28 339.9480896 1
63 28 342.91986084 1
63 28 346.739807129 1
63 28 347.369934082 1
63 28 347.947753906 1
63 28 348.30456543 1
63 28 349.298492432 1
63 28 350.196533203 1
63 28 353.649108887 1
63 28 363.519470215 1
63 28 366.538879395 1
63 28 367.036834717 1
63 28 374.380279541 1
63 28 377.764770508 1
63 28 379.617706299 1
63 28 380.124969482 1
63 28 384.045410156 1
63 28 386.548431396 1
63 28 394.822021484 1
63 28 395.44354248 1
63 28 401.071563721 1
63 28 403.645385742 1
63 28 403.913391113 1
63 28 407.551025391 1
63 28 431.658966064 1
63 28 440.91708374 1
63 28 452.733398438 1
63 28 463.774353027 1
63 28 470.348144531 1
63 28 471.759521484 1
63 28 476.223571777 1
63 28 484.560913086 1
63 28 498.625854492 1
63 28 511.540405273 1
63 28 514.137451172 1
63 28 540.788696289 1
63 28 556.293823242 1
63 28 561.887329102 1
63 28 565.57019043 1
63 28 573.865661621 1
63 28 582.958679199 1
63 28 586.495849609 1
63 28 618.007995605 1
63 28 631.774291992 1
63 28 632.339416504 1
63 28 649.682800293 1
63 28 659.829772949 1
63 28 661.98614502 1
63 28 687.45135498 1
63 28 700.530090332 1
63 28 719.582763672 1
63 28 788.755249023 1
63 28 821.642578125 1
63 28 828.065673828 1
63 28 839.244995117 1
63 28 845.651733398 1
63 28 860.575927734 1
63 28 891.360656738 1
63 28 1387.56762695 1
63 28 1551.56921387 1
63 28 1651.66491699 1
63 29 78.2263183594 1
63 29 80.1402664185 1
63 29 80.1985778809 1
63 29 80.3048019409 1
63 29 80.5635910034 1
63 29 80.6010055542 1
63 29 80.9454879761 1
63 29 80.9550704956 1
63 29 81.1222457886 1
63 29 81.1814575195 1
63 29 81.3354263306 1
63 29 81.460723877 1
63 29 81.5679168701 1
63 29 81.6177062988 1
63 29 81.6548614502 1
63 29 81.6691055298 1
63 29 81.6901092529 1
63 29 81.8194503784 1
63 29 81.8349227905 1
63 29 81.853225708 1
63 29 81.8817825317 1
63 29 81.9124221802 1
63 29 81.9529037476 1
63 29 81.9551849365 1
63 29 81.9841918945 1
63 29 81.9942779541 1
63 29 82.0162582397 1
63 29 82.0291824341 1
63 29 82.0759124756 1
63 29 82.0993118286 1
63 29 82.1131362915 1
63 29 82.1173400879 1
63 29 82.1757202148 1
63 29 82.2588729858 1
63 29 82.2775726318 1
63 29 82.3013916016 1
63 29 82.3740921021 1
63 29 82.4046173096 1
63 29 82.4661560059 1
63 29 82.4722213745 1
63 29 82.4939804077 1
63 29 82.5366287231 1
63 29 82.5908508301 1
63 29 82.5949554443 1
63 29 82.625038147 1
63 29 82.6726379395 1
63 29 82.6868896484 1
63 29 82.7100296021 1
63 29 82.7125396729 1
63 29 82.7184677124 1
63 29 82.7548599243 1
63 29 82.7724304199 1
63 29 82.8620223999 1
63 29 82.897102356 1
63 29 82.8975448608 1
63 29 82.8977584839 1
63 29 82.9699630737 1
63 29 83.0223007202 1
63 29 83.0851669312 1
63 29 83.1520385742 1
63 29 83.1644897461 1
63 29 83.2325210571 1
63 29 83.2510375977 1
63 29 83.3054428101 1
63 29 83.3230285645 1
63 29 83.3666534424 1
63 29 83.3743057251 1
63 29 83.4180526733 1
63 29 83.4316864014 1
63 29 83.4984359741 1
63 29 83.5454330444 1
63 29 83.554977417 1
63 29 83.6133651733 1
63 29 83.693687439 1
63 29 83.7178726196 1
63 29 83.7588806152 1
63 29 83.7917556763 1
63 29 83.7956390381 1
63 29 83.9493255615 1
63 29 83.9530487061 1
63 29 83.9839324951 1
63 29 84.0015716553 1
63 29 84.0426101685 1
63 29 84.0479736328 1
63 29 84.0495605469 1
63 29 84.0537796021 1
63 29 84.0690841675 1
63 29 84.1115264893 1
63 29 84.1135940552 1
63 29 84.1289901733 1
63 29 84.1469268799 1
63 29 84.1616134644 1
63 29 84.1680755615 1
63 29 84.1864318848 1
63 29 84.2040023804 1
63 29 84.222984314 1
63 29 84.2356643677 1
63 29 84.2372665405 1
63 29 84.2400894165 1
63 29 84.2707824707 1
63 29 84.2785186768 1
63 29 84.3829421997 1
63 29 84.3899154663 1
63 29 84.390045166 1
63 29 84.4036483765 1
63 29 84.4337768555 1
63 29 84.4389419556 1
63 29 84.4479217529 1
63 29 84.4546279907 1
63 29 84.4979553223 1
63 29 84.4983062744 1
63 29 84.5183410645 1
63 29 84.5709457397 1
63 29 84.6653366089 1
63 29 84.6691589355 1
63 29 84.6893386841 1
63 29 84.724571228 1
63 29 84.729057312 1
63 29 84.7378234863 1
63 29 84.7704925537 1
63 29 84.7977752686 1
63 29 84.7982711792 1
63 29 84.8016052246 1
63 29 84.8129425049 1
63 29 84.8162612915 1
63 29 84.8684692383 1
63 29 84.8883972168 1
63 29 84.9572601318 1
63 29 84.9706802368 1
63 29 85.0000610352 1
63 29 85.0001983643 1
63 29 85.0353088379 1
63 29 85.0600891113 1
63 29 85.0686264038 1
63 29 85.0727081299 1
63 29 85.0754089355 1
63 29 85.0875701904 1
63 29 85.1187438965 1
63 29 85.1277084351 1
63 29 85.1391830444 1
63 29 85.2434768677 1
63 29 85.2503585815 1
63 29 85.2843093872 1
63 29 85.2936019897 1
63 29 85.3064041138 1
63 29 85.3141174316 1
63 29 85.3306350708 1
63 29 85.3432159424 1
63 29 85.3441467285 1
63 29 85.3544921875 1
63 29 85.3553848267 1
63 29 85.3557662964 1
63 29 85.3624954224 1
63 29 85.4549179077 1
63 29 85.4707183838 1
63 29 85.4801635742 1
63 29 85.4948120117 1
63 29 85.4979400635 1
63 29 85.5450210571 1
63 29 85.62865448 1
63 29 85.6382675171 1
63 29 85.6974487305 1
63 29 85.7430343628 1
63 29 85.7469406128 1
63 29 85.7557525635 1
63 29 85.7589797974 1
63 29 85.7647705078 1
63 29 85.7805175781 1
63 29 85.7808227539 1
63 29 85.8089370728 1
63 29 85.8419876099 1
63 29 85.8518371582 1
63 29 85.8735580444 1
63 29 85.8987045288 1
63 29 85.9143371582 1
63 29 85.977355957 1
63 29 85.9813690186 1
63 29 85.9979095459 1
63 29 86.0159759521 1
63 29 86.0599441528 1
63 29 86.0639190674 1
63 29 86.0652694702 1
63 29 86.1004104614 1
63 29 86.1145477295 1
63 29 86.1216430664 1
63 29 86.1312484741 1
63 29 86.1773986816 1
63 29 86.1910629272 1
63 29 86.2144546509 1
63 29 86.2234725952 1
63 29 86.2297286987 1
63 29 86.2544784546 1
63 29 86.2660140991 1
63 29 86.2824935913 1
63 29 86.3427886963 1
63 29 86.3497619629 1
63 29 86.3566741943 1
63 29 86.3823547363 1
63 29 86.3887481689 1
63 29 86.4111785889 1
63 29 86.4150848389 1
63 29 86.4340057373 1
63 29 86.4663848877 1
63 29 86.4947052002 1
63 29 86.5103530884 1
63 29 86.5173492432 1
63 29 86.5216293335 1
63 29 86.5241470337 1
63 29 86.525352478 1
63 29 86.5347747803 1
63 29 86.5376586914 1
63 29 86.5489578247 1
63 29 86.5507202148 1
63 29 86.5578155518 1
63 29 86.5786056519 1
63 29 86.593421936 1
63 29 86.6022567749 1
63 29 86.611038208 1
63 29 86.6535186768 1
63 29 86.6603469849 1
63 29 86.6666870117 1
63 29 86.6904144287 1
63 29 86.7226486206 1
63 29 86.7292251587 1
63 29 86.7338409424 1
63 29 86.8141098022 1
63 29 86.8274688721 1
63 29 86.8383026123 1
63 29 86.8537826538 1
63 29 86.903503418 1
63 29 86.9217300415 1
63 29 86.9305496216 1
63 29 86.9462051392 1
63 29 86.9560470581 1
63 29 86.9707565308 1
63 29 86.9801177979 1
63 29 87.0252075195 1
63 29 87.0277328491 1
63 29 87.0454101562 1
63 29 87.0534362793 1
63 29 87.0582504272 1
63 29 87.0723724365 1
63 29 87.08568573 1
63 29 87.0975036621 1
63 29 87.103805542 1
63 29 87.1158599854 1
63 29 87.1292877197 1
63 29 87.1449890137 1
63 29 87.1594314575 1
63 29 87.1613769531 1
63 29 87.1639404297 1
63 29 87.1652908325 1
63 29 87.1811294556 1
63 29 87.1992874146 1
63 29 87.2042312622 1
63 29 87.2136230469 1
63 29 87.2168731689 1
63 29 87.2282791138 1
63 29 87.2329711914 1
63 29 87.2431640625 1
63 29 87.2713470459 1
63 29 87.3473205566 1
63 29 87.3571472168 1
63 29 87.3684234619 1
63 29 87.370223999 1
63 29 87.3775024414 1
63 29 87.418296814 1
63 29 87.4249725342 1
63 29 87.4556884766 1
63 29 87.4836349487 1
63 29 87.4907836914 1
63 29 87.5114212036 1
63 29 87.5116348267 1
63 29 87.5221786499 1
63 29 87.5266418457 1
63 29 87.5360641479 1
63 29 87.5376434326 1
63 29 87.5762939453 1
63 29 87.5777511597 1
63 29 87.6033782959 1
63 29 87.6350631714 1
63 29 87.676109314 1
63 29 87.7031478882 1
63 29 87.7074050903 1
63 29 87.7567977905 1
63 29 87.7776565552 1
63 29 87.7877883911 1
63 29 87.8042755127 1
63 29 87.8047103882 1
63 29 87.8146438599 1
63 29 87.8178863525 1
63 29 87.8217086792 1
63 29 87.8217697144 1
63 29 87.8262557983 1
63 29 87.82787323 1
63 29 87.8480453491 1
63 29 87.8656616211 1
63 29 87.8877410889 1
63 29 87.8925018311 1
63 29 87.8963088989 1
63 29 87.9012985229 1
63 29 87.905960083 1
63 29 87.9229507446 1
63 29 87.9370422363 1
63 29 87.9373550415 1
63 29 87.9632110596 1
63 29 87.9782409668 1
63 29 87.9906463623 1
63 29 88.0018234253 1
63 29 88.0098648071 1
63 29 88.0126495361 1
63 29 88.014831543 1
63 29 88.0168762207 1
63 29 88.0427474976 1
63 29 88.0507202148 1
63 29 88.0727996826 1
63 29 88.0896835327 1
63 29 88.0986633301 1
63 29 88.0993499756 1
63 29 88.1078720093 1
63 29 88.1344833374 1
63 29 88.1349487305 1
63 29 88.1433334351 1
63 29 88.1623764038 1
63 29 88.1668395996 1
63 29 88.1702880859 1
63 29 88.1895065308 1
63 29 88.1970901489 1
63 29 88.2035980225 1
63 29 88.2374420166 1
63 29 88.2431411743 1
63 29 88.2556762695 1
63 29 88.2791137695 1
63 29 88.3138961792 1
63 29 88.3152618408 1
63 29 88.3200302124 1
63 29 88.3274765015 1
63 29 88.328742981 1
63 29 88.3406906128 1
63 29 88.3468856812 1
63 29 88.3560714722 1
63 29 88.363243103 1
63 29 88.3647232056 1
63 29 88.3756103516 1
63 29 88.4013900757 1
63 29 88.4251480103 1
63 29 88.4439544678 1
63 29 88.4748306274 1
63 29 88.4770507812 1
63 29 88.5257339478 1
63 29 88.5348968506 1
63 29 88.5529632568 1
63 29 88.5581207275 1
63 29 88.5796508789 1
63 29 88.5856323242 1
63 29 88.5886993408 1
63 29 88.5980072021 1
63 29 88.6102218628 1
63 29 88.6145248413 1
63 29 88.6378936768 1
63 29 88.640914917 1
63 29 88.6498260498 1
63 29 88.6586990356 1
63 29 88.6644287109 1
63 29 88.6928710938 1
63 29 88.7205734253 1
63 29 88.7460174561 1
63 29 88.7493209839 1
63 29 88.7680740356 1
63 29 88.7752685547 1
63 29 88.8036193848 1
63 29 88.8083648682 1
63 29 88.8176498413 1
63 29 88.8197479248 1
63 29 88.829750061 1
63 29 88.8383483887 1
63 29 88.8624649048 1
63 29 88.9028396606 1
63 29 88.9036712646 1
63 29 88.9076004028 1
63 29 88.9169464111 1
63 29 88.9172058105 1
63 29 88.9222946167 1
63 29 88.9603652954 1
63 29 88.9716110229 1
63 29 88.9876785278 1
63 29 89.0053787231 1
63 29 89.030128479 1
63 29 89.0505599976 1
63 29 89.0556411743 1
63 29 89.0647201538 1
63 29 89.0671463013 1
63 29 89.0742874146 1
63 29 89.0891189575 1
63 29 89.0996551514 1
63 29 89.1003417969 1
63 29 89.1278915405 1
63 29 89.1324386597 1
63 29 89.1335601807 1
63 29 89.1401062012 1
63 29 89.143409729 1
63 29 89.1492996216 1
63 29 89.1629104614 1
63 29 89.1797027588 1
63 29 89.216255188 1
63 29 89.2314987183 1
63 29 89.2334518433 1
63 29 89.2397766113 1
63 29 89.2563247681 1
63 29 89.2668533325 1
63 29 89.2740783691 1
63 29 89.2809677124 1
63 29 89.2854919434 1
63 29 89.3019790649 1
63 29 89.3251495361 1
63 29 89.334312439 1
63 29 89.3451843262 1
63 29 89.3476867676 1
63 29 89.3499221802 1
63 29 89.3813476562 1
63 29 89.3989105225 1
63 29 89.4004058838 1
63 29 89.4028091431 1
63 29 89.4044876099 1
63 29 89.4182434082 1
63 29 89.427482605 1
63 29 89.4335327148 1
63 29 89.4386367798 1
63 29 89.4477462769 1
63 29 89.4485168457 1
63 29 89.4510421753 1
63 29 89.4613876343 1
63 29 89.4659957886 1
63 29 89.4687652588 1
63 29 89.4851760864 1
63 29 89.5024032593 1
63 29 89.5151367188 1
63 29 89.5419158936 1
63 29 89.5883865356 1
63 29 89.5964202881 1
63 29 89.620552063 1
63 29 89.6344680786 1
63 29 89.6367645264 1
63 29 89.6586074829 1
63 29 89.6892623901 1
63 29 89.6951065063 1
63 29 89.7045059204 1
63 29 89.7184906006 1
63 29 89.7311553955 1
63 29 89.7328186035 1
63 29 89.7521972656 1
63 29 89.7669372559 1
63 29 89.779045105 1
63 29 89.7819976807 1
63 29 89.7906494141 1
63 29 89.7957992554 1
63 29 89.798324585 1
63 29 89.8201675415 1
63 29 89.8518676758 1
63 29 89.8649291992 1
63 29 89.8695220947 1
63 29 89.8728866577 1
63 29 89.8943557739 1
63 29 89.9032440186 1
63 29 89.9039993286 1
63 29 89.9119415283 1
63 29 89.9245529175 1
63 29 89.9546432495 1
63 29 89.9594268799 1
63 29 89.9653930664 1
63 29 90.0018005371 1
63 29 90.0082168579 1
63 29 90.0104446411 1
63 29 90.0116882324 1
63 29 90.0213775635 1
63 29 90.0268478394 1
63 29 90.0874481201 1
63 29 90.0908584595 1
63 29 90.0914993286 1
63 29 90.0930480957 1
63 29 90.1090011597 1
63 29 90.115486145 1
63 29 90.1203689575 1
63 29 90.1313323975 1
63 29 90.1347198486 1
63 29 90.1375579834 1
63 29 90.1392059326 1
63 29 90.1413421631 1
63 29 90.1463241577 1
63 29 90.1586074829 1
63 29 90.1719818115 1
63 29 90.174331665 1
63 29 90.1770629883 1
63 29 90.1854629517 1
63 29 90.1952362061 1
63 29 90.2110595703 1
63 29 90.2192153931 1
63 29 90.2215423584 1
63 29 90.230430603 1
63 29 90.2352371216 1
63 29 90.2416305542 1
63 29 90.2417831421 1
63 29 90.275642395 1
63 29 90.3129959106 1
63 29 90.322517395 1
63 29 90.3251037598 1
63 29 90.346244812 1
63 29 90.3487701416 1
63 29 90.3491516113 1
63 29 90.3530273438 1
63 29 90.3750457764 1
63 29 90.3863677979 1
63 29 90.3904647827 1
63 29 90.4033737183 1
63 29 90.419631958 1
63 29 90.4282608032 1
63 29 90.4461517334 1
63 29 90.4562606812 1
63 29 90.466583252 1
63 29 90.5174865723 1
63 29 90.5225143433 1
63 29 90.5227355957 1
63 29 90.523727417 1
63 29 90.5283508301 1
63 29 90.5308380127 1
63 29 90.5372467041 1
63 29 90.5400619507 1
63 29 90.5436553955 1
63 29 90.5445098877 1
63 29 90.5614929199 1
63 29 90.5760040283 1
63 29 90.5808105469 1
63 29 90.5994262695 1
63 29 90.6056060791 1
63 29 90.6095733643 1
63 29 90.6129302979 1
63 29 90.6237258911 1
63 29 90.6339492798 1
63 29 90.6567840576 1
63 29 90.6661758423 1
63 29 90.6757888794 1
63 29 90.6838607788 1
63 29 90.6849822998 1
63 29 90.6946716309 1
63 29 90.7010345459 1
63 29 90.7020568848 1
63 29 90.7085418701 1
63 29 90.7365036011 1
63 29 90.7414169312 1
63 29 90.7533569336 1
63 29 90.7647705078 1
63 29 90.7750091553 1
63 29 90.7857971191 1
63 29 90.8262710571 1
63 29 90.8312683105 1
63 29 90.8332138062 1
63 29 90.8442306519 1
63 29 90.8542480469 1
63 29 90.8741226196 1
63 29 90.876739502 1
63 29 90.8830795288 1
63 29 90.891784668 1
63 29 90.8959274292 1
63 29 90.8960113525 1
63 29 90.9002075195 1
63 29 90.9232559204 1
63 29 90.9430007935 1
63 29 90.9443206787 1
63 29 90.9580841064 1
63 29 90.9595413208 1
63 29 90.9618453979 1
63 29 90.9683151245 1
63 29 90.9683456421 1
63 29 90.9697265625 1
63 29 91.0038299561 1
63 29 91.0088882446 1
63 29 91.0093078613 1
63 29 91.0101852417 1
63 29 91.0140151978 1
63 29 91.0273132324 1
63 29 91.0329437256 1
63 29 91.047958374 1
63 29 91.0733947754 1
63 29 91.0869140625 1
63 29 91.0921859741 1
63 29 91.0931549072 1
63 29 91.1075439453 1
63 29 91.1076889038 1
63 29 91.1102981567 1
63 29 91.1260681152 1
63 29 91.1367721558 1
63 29 91.1387557983 1
63 29 91.1722412109 1
63 29 91.1784210205 1
63 29 91.196647644 1
63 29 91.1984405518 1
63 29 91.2151031494 1
63 29 91.25440979 1
63 29 91.2720184326 1
63 29 91.2735443115 1
63 29 91.2743606567 1
63 29 91.2931900024 1
63 29 91.2970504761 1
63 29 91.2992019653 1
63 29 91.3061065674 1
63 29 91.3164596558 1
63 29 91.3257293701 1
63 29 91.3279190063 1
63 29 91.3282089233 1
63 29 91.3369598389 1
63 29 91.342628479 1
63 29 91.3581466675 1
63 29 91.3607177734 1
63 29 91.4135131836 1
63 29 91.4355010986 1
63 29 91.4356689453 1
63 29 91.4469146729 1
63 29 91.4701385498 1
63 29 91.4713363647 1
63 29 91.4786834717 1
63 29 91.4974594116 1
63 29 91.4978485107 1
63 29 91.5029983521 1
63 29 91.5047988892 1
63 29 91.5184631348 1
63 29 91.5515213013 1
63 29 91.5606307983 1
63 29 91.5758972168 1
63 29 91.5968093872 1
63 29 91.6500167847 1
63 29 91.6536483765 1
63 29 91.6625213623 1
63 29 91.6864395142 1
63 29 91.6881713867 1
63 29 91.6940078735 1
63 29 91.6942367554 1
63 29 91.7028121948 1
63 29 91.7107467651 1
63 29 91.7178115845 1
63 29 91.7253341675 1
63 29 91.7321777344 1
63 29 91.7334899902 1
63 29 91.7362670898 1
63 29 91.7363739014 1
63 29 91.739364624 1
63 29 91.7545928955 1
63 29 91.7574081421 1
63 29 91.7778167725 1
63 29 91.7985153198 1
63 29 91.8076019287 1
63 29 91.8115310669 1
63 29 91.821144104 1
63 29 91.821395874 1
63 29 91.8344497681 1
63 29 91.8506698608 1
63 29 91.8617858887 1
63 29 91.8645858765 1
63 29 91.8713378906 1
63 29 91.8795700073 1
63 29 91.8799514771 1
63 29 91.8904495239 1
63 29 91.8995666504 1
63 29 91.9185638428 1
63 29 91.9293212891 1
63 29 91.9307937622 1
63 29 91.9393157959 1
63 29 91.941116333 1
63 29 91.9419555664 1
63 29 91.9556808472 1
63 29 91.9643325806 1
63 29 91.967628479 1
63 29 91.9759597778 1
63 29 92.0154266357 1
63 29 92.0324707031 1
63 29 92.0340499878 1
63 29 92.0391845703 1
63 29 92.0510635376 1
63 29 92.0531005859 1
63 29 92.0587692261 1
63 29 92.0625228882 1
63 29 92.0865402222 1
63 29 92.1125564575 1
63 29 92.1148452759 1
63 29 92.1242141724 1
63 29 92.1414031982 1
63 29 92.1620941162 1
63 29 92.17628479 1
63 29 92.1775894165 1
63 29 92.1785125732 1
63 29 92.1852722168 1
63 29 92.1868438721 1
63 29 92.2027511597 1
63 29 92.2087936401 1
63 29 92.2158355713 1
63 29 92.2168273926 1
63 29 92.2331771851 1
63 29 92.234664917 1
63 29 92.2395706177 1
63 29 92.2463989258 1
63 29 92.2509536743 1
63 29 92.2550735474 1
63 29 92.2616577148 1
63 29 92.2798461914 1
63 29 92.2807769775 1
63 29 92.2819976807 1
63 29 92.2973403931 1
63 29 92.304107666 1
63 29 92.3319473267 1
63 29 92.3458099365 1
63 29 92.3642425537 1
63 29 92.3793640137 1
63 29 92.3864135742 1
63 29 92.3884277344 1
63 29 92.3974380493 1
63 29 92.397857666 1
63 29 92.4021453857 1
63 29 92.4082489014 1
63 29 92.4161758423 1
63 29 92.4206542969 1
63 29 92.4576339722 1
63 29 92.4612731934 1
63 29 92.4713058472 1
63 29 92.4950332642 1
63 29 92.4957046509 1
63 29 92.4972763062 1
63 29 92.5036468506 1
63 29 92.5094833374 1
63 29 92.5198898315 1
63 29 92.5211791992 1
63 29 92.5329055786 1
63 29 92.5388412476 1
63 29 92.559135437 1
63 29 92.5729904175 1
63 29 92.5979537964 1
63 29 92.6062850952 1
63 29 92.6417617798 1
63 29 92.641960144 1
63 29 92.6422729492 1
63 29 92.6439437866 1
63 29 92.6442489624 1
63 29 92.6480102539 1
63 29 92.6530303955 1
63 29 92.6951293945 1
63 29 92.7024078369 1
63 29 92.7209091187 1
63 29 92.7244949341 1
63 29 92.7315368652 1
63 29 92.7335357666 1
63 29 92.7429199219 1
63 29 92.7439041138 1
63 29 92.7442550659 1
63 29 92.7444152832 1
63 29 92.7491226196 1
63 29 92.7559432983 1
63 29 92.7741012573 1
63 29 92.7745361328 1
63 29 92.8026809692 1
63 29 92.8263473511 1
63 29 92.8375473022 1
63 29 92.8409423828 1
63 29 92.8446807861 1
63 29 92.8460464478 1
63 29 92.8702316284 1
63 29 92.8709793091 1
63 29 92.8764801025 1
63 29 92.8986206055 1
63 29 92.9182891846 1
63 29 92.9272232056 1
63 29 92.9391326904 1
63 29 92.9456100464 1
63 29 92.9474334717 1
63 29 92.9486312866 1
63 29 92.9527740479 1
63 29 92.9569168091 1
63 29 92.965637207 1
63 29 92.9688415527 1
63 29 92.977355957 1
63 29 92.9819335938 1
63 29 92.9858016968 1
63 29 93.0199508667 1
63 29 93.056098938 1
63 29 93.0567321777 1
63 29 93.0713119507 1
63 29 93.1152038574 1
63 29 93.1234054565 1
63 29 93.1369247437 1
63 29 93.1437606812 1
63 29 93.1453933716 1
63 29 93.1490936279 1
63 29 93.1514282227 1
63 29 93.1744689941 1
63 29 93.1761245728 1
63 29 93.185760498 1
63 29 93.2129211426 1
63 29 93.2303237915 1
63 29 93.251991272 1
63 29 93.2696456909 1
63 29 93.2769317627 1
63 29 93.2859802246 1
63 29 93.2919921875 1
63 29 93.304649353 1
63 29 93.3714065552 1
63 29 93.3732376099 1
63 29 93.3986663818 1
63 29 93.4230957031 1
63 29 93.4234848022 1
63 29 93.4280548096 1
63 29 93.4342880249 1
63 29 93.436340332 1
63 29 93.4683990479 1
63 29 93.4890136719 1
63 29 93.5045623779 1
63 29 93.517616272 1
63 29 93.5192489624 1
63 29 93.5201263428 1
63 29 93.5207290649 1
63 29 93.525352478 1
63 29 93.5273284912 1
63 29 93.5390548706 1
63 29 93.5601654053 1
63 29 93.5620574951 1
63 29 93.5692367554 1
63 29 93.5728988647 1
63 29 93.5736618042 1
63 29 93.5745239258 1
63 29 93.5782546997 1
63 29 93.5824050903 1
63 29 93.5864181519 1
63 29 93.6099777222 1
63 29 93.6131362915 1
63 29 93.626663208 1
63 29 93.6275024414 1
63 29 93.6279525757 1
63 29 93.6343917847 1
63 29 93.6396713257 1
63 29 93.6428604126 1
63 29 93.6506118774 1
63 29 93.6542129517 1
63 29 93.7007751465 1
63 29 93.7029724121 1
63 29 93.7046737671 1
63 29 93.7231826782 1
63 29 93.7274703979 1
63 29 93.7279434204 1
63 29 93.7315216064 1
63 29 93.7373123169 1
63 29 93.7383117676 1
63 29 93.7485961914 1
63 29 93.7575378418 1
63 29 93.7650985718 1
63 29 93.789894104 1
63 29 93.7941589355 1
63 29 93.8049240112 1
63 29 93.820854187 1
63 29 93.8317718506 1
63 29 93.8329315186 1
63 29 93.8515167236 1
63 29 93.857925415 1
63 29 93.8603820801 1
63 29 93.8624038696 1
63 29 93.8787460327 1
63 29 93.8974990845 1
63 29 93.8997955322 1
63 29 93.90284729 1
63 29 93.9090423584 1
63 29 93.9139862061 1
63 29 93.9289093018 1
63 29 93.9370193481 1
63 29 93.9426574707 1
63 29 93.9538574219 1
63 29 93.9549713135 1
63 29 93.9616470337 1
63 29 93.9623031616 1
63 29 93.9650878906 1
63 29 93.9795761108 1
63 29 93.9804992676 1
63 29 93.9870223999 1
63 29 93.9917907715 1
63 29 93.9931869507 1
63 29 93.9951019287 1
63 29 94.0001831055 1
63 29 94.0062561035 1
63 29 94.009979248 1
63 29 94.0145568848 1
63 29 94.0199890137 1
63 29 94.0301513672 1
63 29 94.0305175781 1
63 29 94.0469055176 1
63 29 94.0824813843 1
63 29 94.0827560425 1
63 29 94.0948486328 1
63 29 94.0964660645 1
63 29 94.09715271 1
63 29 94.1137390137 1
63 29 94.1198120117 1
63 29 94.1351852417 1
63 29 94.1480178833 1
63 29 94.1539382935 1
63 29 94.1856460571 1
63 29 94.1877746582 1
63 29 94.1913299561 1
63 29 94.2031097412 1
63 29 94.2111206055 1
63 29 94.236541748 1
63 29 94.2436904907 1
63 29 94.2578353882 1
63 29 94.2596435547 1
63 29 94.2713165283 1
63 29 94.2969970703 1
63 29 94.3061828613 1
63 29 94.313659668 1
63 29 94.3193664551 1
63 29 94.3243865967 1
63 29 94.3289260864 1
63 29 94.3343658447 1
63 29 94.3346252441 1
63 29 94.3456420898 1
63 29 94.3638687134 1
63 29 94.3721923828 1
63 29 94.3752975464 1
63 29 94.3837203979 1
63 29 94.3852996826 1
63 29 94.4023895264 1
63 29 94.4100418091 1
63 29 94.4297027588 1
63 29 94.4303588867 1
63 29 94.4319229126 1
63 29 94.4446258545 1
63 29 94.4566879272 1
63 29 94.4656524658 1
63 29 94.4942245483 1
63 29 94.5013198853 1
63 29 94.5250167847 1
63 29 94.5331420898 1
63 29 94.5401000977 1
63 29 94.541229248 1
63 29 94.5433273315 1
63 29 94.5995559692 1
63 29 94.6004257202 1
63 29 94.6118469238 1
63 29 94.6292419434 1
63 29 94.6365890503 1
63 29 94.6411819458 1
63 29 94.6490707397 1
63 29 94.6657943726 1
63 29 94.6668243408 1
63 29 94.6756668091 1
63 29 94.684753418 1
63 29 94.7063598633 1
63 29 94.7163085938 1
63 29 94.7180862427 1
63 29 94.7750854492 1
63 29 94.7793121338 1
63 29 94.793296814 1
63 29 94.8172988892 1
63 29 94.8312530518 1
63 29 94.8663406372 1
63 29 94.8687133789 1
63 29 94.8726272583 1
63 29 94.9046554565 1
63 29 94.9101715088 1
63 29 94.9116134644 1
63 29 94.9265823364 1
63 29 94.9374542236 1
63 29 94.968536377 1
63 29 94.9715194702 1
63 29 94.9761276245 1
63 29 94.9803771973 1
63 29 94.9814834595 1
63 29 94.9842071533 1
63 29 94.9906082153 1
63 29 95.0260314941 1
63 29 95.0593795776 1
63 29 95.0708618164 1
63 29 95.0717926025 1
63 29 95.0972290039 1
63 29 95.1135787964 1
63 29 95.1172332764 1
63 29 95.1395874023 1
63 29 95.1421813965 1
63 29 95.1573944092 1
63 29 95.1593780518 1
63 29 95.16456604 1
63 29 95.1770324707 1
63 29 95.1882705688 1
63 29 95.1960906982 1
63 29 95.205329895 1
63 29 95.2141723633 1
63 29 95.2197647095 1
63 29 95.2227172852 1
63 29 95.2238922119 1
63 29 95.2357711792 1
63 29 95.2383956909 1
63 29 95.2490539551 1
63 29 95.2556686401 1
63 29 95.2562408447 1
63 29 95.2736587524 1
63 29 95.2844924927 1
63 29 95.2891998291 1
63 29 95.2893829346 1
63 29 95.2939758301 1
63 29 95.3083267212 1
63 29 95.3090209961 1
63 29 95.3738174438 1
63 29 95.3810501099 1
63 29 95.3900222778 1
63 29 95.3986129761 1
63 29 95.4049301147 1
63 29 95.4092254639 1
63 29 95.4341201782 1
63 29 95.4367218018 1
63 29 95.4430007935 1
63 29 95.4464645386 1
63 29 95.4649581909 1
63 29 95.4684066772 1
63 29 95.4779205322 1
63 29 95.484954834 1
63 29 95.487701416 1
63 29 95.490020752 1
63 29 95.4903411865 1
63 29 95.4981765747 1
63 29 95.5052719116 1
63 29 95.5411911011 1
63 29 95.5413818359 1
63 29 95.5689239502 1
63 29 95.5750656128 1
63 29 95.6133270264 1
63 29 95.6153640747 1
63 29 95.6190719604 1
63 29 95.6341781616 1
63 29 95.6366653442 1
63 29 95.6385726929 1
63 29 95.6509857178 1
63 29 95.6649780273 1
63 29 95.6687088013 1
63 29 95.67212677 1
63 29 95.6763763428 1
63 29 95.6965637207 1
63 29 95.6972579956 1
63 29 95.7064056396 1
63 29 95.7155990601 1
63 29 95.729385376 1
63 29 95.7375106812 1
63 29 95.7391891479 1
63 29 95.7431030273 1
63 29 95.7643051147 1
63 29 95.7711029053 1
63 29 95.8181991577 1
63 29 95.8410873413 1
63 29 95.8426895142 1
63 29 95.8494262695 1
63 29 95.8706893921 1
63 29 95.8841934204 1
63 29 95.891746521 1
63 29 95.897315979 1
63 29 95.9056091309 1
63 29 95.9195098877 1
63 29 95.9294967651 1
63 29 95.9478988647 1
63 29 95.962928772 1
63 29 95.9819259644 1
63 29 95.9868240356 1
63 29 95.9948120117 1
63 29 96.005355835 1
63 29 96.015296936 1
63 29 96.0205383301 1
63 29 96.0228500366 1
63 29 96.0686340332 1
63 29 96.0715026855 1
63 29 96.0966415405 1
63 29 96.1021957397 1
63 29 96.1043930054 1
63 29 96.1054229736 1
63 29 96.1062240601 1
63 29 96.1410598755 1
63 29 96.148475647 1
63 29 96.1672058105 1
63 29 96.168006897 1
63 29 96.1702880859 1
63 29 96.1778717041 1
63 29 96.1835861206 1
63 29 96.1892318726 1
63 29 96.2127990723 1
63 29 96.2370223999 1
63 29 96.2479553223 1
63 29 96.2581558228 1
63 29 96.272277832 1
63 29 96.2832489014 1
63 29 96.2983093262 1
63 29 96.3005371094 1
63 29 96.3055801392 1
63 29 96.3253326416 1
63 29 96.3364257812 1
63 29 96.3693313599 1
63 29 96.3847808838 1
63 29 96.4124908447 1
63 29 96.4133453369 1
63 29 96.4156265259 1
63 29 96.4203796387 1
63 29 96.4222488403 1
63 29 96.4288253784 1
63 29 96.4348831177 1
63 29 96.439201355 1
63 29 96.46459198 1
63 29 96.4766998291 1
63 29 96.4824447632 1
63 29 96.4832763672 1
63 29 96.5129623413 1
63 29 96.521697998 1
63 29 96.5263824463 1
63 29 96.5284957886 1
63 29 96.5440063477 1
63 29 96.5577468872 1
63 29 96.573387146 1
63 29 96.5906982422 1
63 29 96.6138839722 1
63 29 96.6176071167 1
63 29 96.6215820312 1
63 29 96.6270523071 1
63 29 96.630569458 1
63 29 96.632850647 1
63 29 96.6356582642 1
63 29 96.6390533447 1
63 29 96.6497116089 1
63 29 96.6645889282 1
63 29 96.6733398438 1
63 29 96.693359375 1
63 29 96.6957931519 1
63 29 96.7107315063 1
63 29 96.7120361328 1
63 29 96.7246856689 1
63 29 96.7267837524 1
63 29 96.7358932495 1
63 29 96.7365951538 1
63 29 96.7533416748 1
63 29 96.7751312256 1
63 29 96.7783050537 1
63 29 96.787147522 1
63 29 96.7881469727 1
63 29 96.8009719849 1
63 29 96.8137893677 1
63 29 96.8273391724 1
63 29 96.8301086426 1
63 29 96.8303604126 1
63 29 96.8581390381 1
63 29 96.8642807007 1
63 29 96.8879089355 1
63 29 96.8925476074 1
63 29 96.9017868042 1
63 29 96.9121932983 1
63 29 96.9141159058 1
63 29 96.9219207764 1
63 29 96.9332199097 1
63 29 96.933303833 1
63 29 96.9364624023 1
63 29 96.9600906372 1
63 29 96.9717025757 1
63 29 96.972618103 1
63 29 96.9813308716 1
63 29 97.0067825317 1
63 29 97.0177612305 1
63 29 97.0342178345 1
63 29 97.0446243286 1
63 29 97.047492981 1
63 29 97.0498657227 1
63 29 97.1092681885 1
63 29 97.1201629639 1
63 29 97.1525497437 1
63 29 97.1544952393 1
63 29 97.1585845947 1
63 29 97.1762771606 1
63 29 97.2251281738 1
63 29 97.2266998291 1
63 29 97.2342910767 1
63 29 97.243637085 1
63 29 97.2506484985 1
63 29 97.2751464844 1
63 29 97.315246582 1
63 29 97.3167266846 1
63 29 97.328956604 1
63 29 97.3407897949 1
63 29 97.3484344482 1
63 29 97.3486328125 1
63 29 97.3554077148 1
63 29 97.3720550537 1
63 29 97.3862380981 1
63 29 97.3973922729 1
63 29 97.3993453979 1
63 29 97.4012145996 1
63 29 97.404045105 1
63 29 97.4122848511 1
63 29 97.4221572876 1
63 29 97.4303741455 1
63 29 97.4304656982 1
63 29 97.4377746582 1
63 29 97.4569320679 1
63 29 97.4793548584 1
63 29 97.4809494019 1
63 29 97.4818344116 1
63 29 97.5114212036 1
63 29 97.513053894 1
63 29 97.514793396 1
63 29 97.5354537964 1
63 29 97.5401382446 1
63 29 97.5408706665 1
63 29 97.589012146 1
63 29 97.60206604 1
63 29 97.6183395386 1
63 29 97.6209716797 1
63 29 97.6346740723 1
63 29 97.6346740723 1
63 29 97.6425704956 1
63 29 97.6798553467 1
63 29 97.6976699829 1
63 29 97.6980361938 1
63 29 97.7018432617 1
63 29 97.7074584961 1
63 29 97.7116241455 1
63 29 97.7202987671 1
63 29 97.7276229858 1
63 29 97.7292251587 1
63 29 97.7491149902 1
63 29 97.753692627 1
63 29 97.756111145 1
63 29 97.7574768066 1
63 29 97.7602615356 1
63 29 97.7914505005 1
63 29 97.794342041 1
63 29 97.8269042969 1
63 29 97.8276519775 1
63 29 97.834236145 1
63 29 97.8348770142 1
63 29 97.8562164307 1
63 29 97.861869812 1
63 29 97.8642654419 1
63 29 97.8997192383 1
63 29 97.9030990601 1
63 29 97.9034576416 1
63 29 97.9101104736 1
63 29 97.9137420654 1
63 29 97.9315948486 1
63 29 97.955619812 1
63 29 97.9677276611 1
63 29 97.9684371948 1
63 29 97.9741744995 1
63 29 97.9869613647 1
63 29 97.9891662598 1
63 29 98.0024032593 1
63 29 98.005027771 1
63 29 98.0175247192 1
63 29 98.0193481445 1
63 29 98.0265045166 1
63 29 98.0357666016 1
63 29 98.0480957031 1
63 29 98.0583496094 1
63 29 98.0668258667 1
63 29 98.0898361206 1
63 29 98.0951309204 1
63 29 98.1121673584 1
63 29 98.1165618896 1
63 29 98.1303253174 1
63 29 98.1586151123 1
63 29 98.1965179443 1
63 29 98.2082519531 1
63 29 98.2196426392 1
63 29 98.2230072021 1
63 29 98.2283096313 1
63 29 98.2800598145 1
63 29 98.2974395752 1
63 29 98.2980651855 1
63 29 98.3006896973 1
63 29 98.3172531128 1
63 29 98.3438568115 1
63 29 98.3484954834 1
63 29 98.3929901123 1
63 29 98.4038085938 1
63 29 98.4039535522 1
63 29 98.4124984741 1
63 29 98.4244995117 1
63 29 98.4311065674 1
63 29 98.4338684082 1
63 29 98.4474487305 1
63 29 98.4504013062 1
63 29 98.4624557495 1
63 29 98.4666976929 1
63 29 98.4687728882 1
63 29 98.4728393555 1
63 29 98.512550354 1
63 29 98.522102356 1
63 29 98.5364456177 1
63 29 98.5475540161 1
63 29 98.5476074219 1
63 29 98.5615997314 1
63 29 98.5686264038 1
63 29 98.5886459351 1
63 29 98.594619751 1
63 29 98.5981063843 1
63 29 98.6020202637 1
63 29 98.6036148071 1
63 29 98.6046676636 1
63 29 98.6100082397 1
63 29 98.6122970581 1
63 29 98.6249694824 1
63 29 98.6278839111 1
63 29 98.6313323975 1
63 29 98.6390151978 1
63 29 98.6391448975 1
63 29 98.6497879028 1
63 29 98.6584014893 1
63 29 98.6789779663 1
63 29 98.6808776855 1
63 29 98.6844406128 1
63 29 98.6900024414 1
63 29 98.6953659058 1
63 29 98.7106018066 1
63 29 98.7219390869 1
63 29 98.7350616455 1
63 29 98.7416229248 1
63 29 98.7563095093 1
63 29 98.7568130493 1
63 29 98.7573165894 1
63 29 98.7641448975 1
63 29 98.7682342529 1
63 29 98.7770996094 1
63 29 98.7832946777 1
63 29 98.7988128662 1
63 29 98.8180160522 1
63 29 98.8328170776 1
63 29 98.849105835 1
63 29 98.8527526855 1
63 29 98.8624725342 1
63 29 98.8657913208 1
63 29 98.8711547852 1
63 29 98.8900375366 1
63 29 98.9068527222 1
63 29 98.9087982178 1
63 29 98.9106674194 1
63 29 98.9465866089 1
63 29 98.9488830566 1
63 29 98.9600143433 1
63 29 98.98487854 1
63 29 98.9856719971 1
63 29 98.9863891602 1
63 29 99.0024261475 1
63 29 99.0140075684 1
63 29 99.0679397583 1
63 29 99.0802383423 1
63 29 99.0966949463 1
63 29 99.1183319092 1
63 29 99.1217727661 1
63 29 99.1944503784 1
63 29 99.1966629028 1
63 29 99.1979293823 1
63 29 99.1994934082 1
63 29 99.2064666748 1
63 29 99.2214355469 1
63 29 99.2417755127 1
63 29 99.2453536987 1
63 29 99.2470703125 1
63 29 99.2733306885 1
63 29 99.279045105 1
63 29 99.2933273315 1
63 29 99.3121490479 1
63 29 99.3383255005 1
63 29 99.3409423828 1
63 29 99.3524017334 1
63 29 99.3538208008 1
63 29 99.3620071411 1
63 29 99.4393615723 1
63 29 99.4695739746 1
63 29 99.487953186 1
63 29 99.5089950562 1
63 29 99.536857605 1
63 29 99.5997619629 1
63 29 99.6122589111 1
63 29 99.614440918 1
63 29 99.6262588501 1
63 29 99.6356735229 1
63 29 99.6422119141 1
63 29 99.6589431763 1
63 29 99.6591415405 1
63 29 99.6623077393 1
63 29 99.6726226807 1
63 29 99.6904754639 1
63 29 99.6979217529 1
63 29 99.6987533569 1
63 29 99.7005996704 1
63 29 99.7010803223 1
63 29 99.7397232056 1
63 29 99.7498321533 1
63 29 99.7991943359 1
63 29 99.8059234619 1
63 29 99.8079528809 1
63 29 99.8113632202 1
63 29 99.8283996582 1
63 29 99.834312439 1
63 29 99.8386917114 1
63 29 99.843132019 1
63 29 99.8435592651 1
63 29 99.8665618896 1
63 29 99.8728256226 1
63 29 99.8759613037 1
63 29 99.8830566406 1
63 29 99.9092254639 1
63 29 99.9176483154 1
63 29 99.9275970459 1
63 29 99.9292678833 1
63 29 99.9612731934 1
63 29 99.9866104126 1
63 29 100.025764465 1
63 29 100.029205322 1
63 29 100.033920288 1
63 29 100.065742493 1
63 29 100.074050903 1
63 29 100.134262085 1
63 29 100.173706055 1
63 29 100.220100403 1
63 29 100.222122192 1
63 29 100.240661621 1
63 29 100.271224976 1
63 29 100.294242859 1
63 29 100.307365417 1
63 29 100.308647156 1
63 29 100.311126709 1
63 29 100.314842224 1
63 29 100.317253113 1
63 29 100.322097778 1
63 29 100.322822571 1
63 29 100.324897766 1
63 29 100.33367157 1
63 29 100.375007629 1
63 29 100.375442505 1
63 29 100.390190125 1
63 29 100.393180847 1
63 29 100.395889282 1
63 29 100.422828674 1
63 29 100.431587219 1
63 29 100.444335938 1
63 29 100.448760986 1
63 29 100.45791626 1
63 29 100.491165161 1
63 29 100.57359314 1
63 29 100.585220337 1
63 29 100.613082886 1
63 29 100.634254456 1
63 29 100.65561676 1
63 29 100.690071106 1
63 29 100.703346252 1
63 29 100.724075317 1
63 29 100.728668213 1
63 29 100.744659424 1
63 29 100.763786316 1
63 29 100.769638062 1
63 29 100.780784607 1
63 29 100.784416199 1
63 29 100.785743713 1
63 29 100.789131165 1
63 29 100.827613831 1
63 29 100.83631897 1
63 29 100.846237183 1
63 29 100.880432129 1
63 29 100.894958496 1
63 29 100.899627686 1
63 29 100.918800354 1
63 29 100.935447693 1
63 29 100.944046021 1
63 29 100.949302673 1
63 29 100.951667786 1
63 29 100.980773926 1
63 29 100.987518311 1
63 29 101.04209137 1
63 29 101.069007874 1
63 29 101.104393005 1
63 29 101.173439026 1
63 29 101.183509827 1
63 29 101.192581177 1
63 29 101.198646545 1
63 29 101.259284973 1
63 29 101.280731201 1
63 29 101.284355164 1
63 29 101.293037415 1
63 29 101.296257019 1
63 29 101.395843506 1
63 29 101.409263611 1
63 29 101.41431427 1
63 29 101.480384827 1
63 29 101.4815979 1
63 29 101.502944946 1
63 29 101.518928528 1
63 29 101.534446716 1
63 29 101.540420532 1
63 29 101.564460754 1
63 29 101.574455261 1
63 29 101.576683044 1
63 29 101.591407776 1
63 29 101.623016357 1
63 29 101.648925781 1
63 29 101.704238892 1
63 29 101.708770752 1
63 29 101.729919434 1
63 29 101.739639282 1
63 29 101.749488831 1
63 29 101.752403259 1
63 29 101.837463379 1
63 29 101.847839355 1
63 29 101.880737305 1
63 29 101.909202576 1
63 29 101.931358337 1
63 29 101.956787109 1
63 29 101.966125488 1
63 29 101.971473694 1
63 29 101.981231689 1
63 29 101.991355896 1
63 29 101.992492676 1
63 29 102.020401001 1
63 29 102.020523071 1
63 29 102.053497314 1
63 29 102.114601135 1
63 29 102.121353149 1
63 29 102.126838684 1
63 29 102.128646851 1
63 29 102.190917969 1
63 29 102.221885681 1
63 29 102.236785889 1
63 29 102.252487183 1
63 29 102.257049561 1
63 29 102.264846802 1
63 29 102.266044617 1
63 29 102.270713806 1
63 29 102.317832947 1
63 29 102.344718933 1
63 29 102.393119812 1
63 29 102.433151245 1
63 29 102.44707489 1
63 29 102.490966797 1
63 29 102.491760254 1
63 29 102.536956787 1
63 29 102.551521301 1
63 29 102.554031372 1
63 29 102.565162659 1
63 29 102.573028564 1
63 29 102.58014679 1
63 29 102.583137512 1
63 29 102.585914612 1
63 29 102.607795715 1
63 29 102.628204346 1
63 29 102.640045166 1
63 29 102.674499512 1
63 29 102.694908142 1
63 29 102.698326111 1
63 29 102.719482422 1
63 29 102.731781006 1
63 29 102.732971191 1
63 29 102.740539551 1
63 29 102.741722107 1
63 29 102.749191284 1
63 29 102.749649048 1
63 29 102.786132812 1
63 29 102.7862854 1
63 29 102.825469971 1
63 29 102.826507568 1
63 29 102.879356384 1
63 29 102.88394928 1
63 29 102.910072327 1
63 29 102.919776917 1
63 29 102.933944702 1
63 29 102.940803528 1
63 29 103.027366638 1
63 29 103.041809082 1
63 29 103.081672668 1
63 29 103.108726501 1
63 29 103.133865356 1
63 29 103.165016174 1
63 29 103.165412903 1
63 29 103.192222595 1
63 29 103.225204468 1
63 29 103.242324829 1
63 29 103.243721008 1
63 29 103.25113678 1
63 29 103.253173828 1
63 29 103.259414673 1
63 29 103.263938904 1
63 29 103.271492004 1
63 29 103.360229492 1
63 29 103.424514771 1
63 29 103.427017212 1
63 29 103.438674927 1
63 29 103.440635681 1
63 29 103.449729919 1
63 29 103.489349365 1
63 29 103.530059814 1
63 29 103.555717468 1
63 29 103.575469971 1
63 29 103.642295837 1
63 29 103.653526306 1
63 29 103.658462524 1
63 29 103.662940979 1
63 29 103.675437927 1
63 29 103.72064209 1
63 29 103.740432739 1
63 29 103.766708374 1
63 29 103.79863739 1
63 29 103.831626892 1
63 29 103.858451843 1
63 29 103.90007019 1
63 29 103.949317932 1
63 29 103.982116699 1
63 29 103.993591309 1
63 29 104.034675598 1
63 29 104.037155151 1
63 29 104.049446106 1
63 29 104.061164856 1
63 29 104.108642578 1
63 29 104.123535156 1
63 29 104.14831543 1
63 29 104.196914673 1
63 29 104.197013855 1
63 29 104.20249939 1
63 29 104.220718384 1
63 29 104.280197144 1
63 29 104.28339386 1
63 29 104.30796814 1
63 29 104.363693237 1
63 29 104.374000549 1
63 29 104.388435364 1
63 29 104.389839172 1
63 29 104.418388367 1
63 29 104.437736511 1
63 29 104.473854065 1
63 29 104.583099365 1
63 29 104.586555481 1
63 29 104.594512939 1
63 29 104.596122742 1
63 29 104.597351074 1
63 29 104.618553162 1
63 29 104.676612854 1
63 29 104.678871155 1
63 29 104.710083008 1
63 29 104.763778687 1
63 29 104.819473267 1
63 29 104.877098083 1
63 29 104.883918762 1
63 29 104.915237427 1
63 29 104.915664673 1
63 29 104.929779053 1
63 29 104.940292358 1
63 29 104.963386536 1
63 29 104.981536865 1
63 29 105.021911621 1
63 29 105.026145935 1
63 29 105.042892456 1
63 29 105.046302795 1
63 29 105.050163269 1
63 29 105.080039978 1
63 29 105.099632263 1
63 29 105.147476196 1
63 29 105.173622131 1
63 29 105.207145691 1
63 29 105.233123779 1
63 29 105.244903564 1
63 29 105.261009216 1
63 29 105.289634705 1
63 29 105.296478271 1
63 29 105.30897522 1
63 29 105.309028625 1
63 29 105.309257507 1
63 29 105.318992615 1
63 29 105.36038208 1
63 29 105.419326782 1
63 29 105.43422699 1
63 29 105.458488464 1
63 29 105.459373474 1
63 29 105.468177795 1
63 29 105.487068176 1
63 29 105.499191284 1
63 29 105.51676178 1
63 29 105.531600952 1
63 29 105.55091095 1
63 29 105.655189514 1
63 29 105.675041199 1
63 29 105.687568665 1
63 29 105.696388245 1
63 29 105.730606079 1
63 29 105.73853302 1
63 29 105.777633667 1
63 29 105.8984375 1
63 29 105.90687561 1
63 29 105.913352966 1
63 29 105.941123962 1
63 29 105.976783752 1
63 29 106.029922485 1
63 29 106.073234558 1
63 29 106.097915649 1
63 29 106.135803223 1
63 29 106.227050781 1
63 29 106.242706299 1
63 29 106.270462036 1
63 29 106.321090698 1
63 29 106.329841614 1
63 29 106.33417511 1
63 29 106.33694458 1
63 29 106.362663269 1
63 29 106.369155884 1
63 29 106.408378601 1
63 29 106.414207458 1
63 29 106.426315308 1
63 29 106.436294556 1
63 29 106.449569702 1
63 29 106.491676331 1
63 29 106.493522644 1
63 29 106.515922546 1
63 29 106.520050049 1
63 29 106.56350708 1
63 29 106.578781128 1
63 29 106.582458496 1
63 29 106.586585999 1
63 29 106.590019226 1
63 29 106.602981567 1
63 29 106.646682739 1
63 29 106.698669434 1
63 29 106.786979675 1
63 29 106.796813965 1
63 29 106.825500488 1
63 29 106.845275879 1
63 29 106.863105774 1
63 29 106.896148682 1
63 29 106.896354675 1
63 29 106.936447144 1
63 29 106.937347412 1
63 29 106.943191528 1
63 29 106.951599121 1
63 29 106.95262146 1
63 29 106.952789307 1
63 29 106.955039978 1
63 29 106.987243652 1
63 29 107.025672913 1
63 29 107.113746643 1
63 29 107.115158081 1
63 29 107.152648926 1
63 29 107.227020264 1
63 29 107.239585876 1
63 29 107.313819885 1
63 29 107.45350647 1
63 29 107.501571655 1
63 29 107.525840759 1
63 29 107.534980774 1
63 29 107.587005615 1
63 29 107.611282349 1
63 29 107.6300354 1
63 29 107.728820801 1
63 29 107.729187012 1
63 29 107.759185791 1
63 29 107.799446106 1
63 29 107.817802429 1
63 29 107.946861267 1
63 29 107.978065491 1
63 29 107.989028931 1
63 29 107.990486145 1
63 29 108.000976562 1
63 29 108.009223938 1
63 29 108.077629089 1
63 29 108.082092285 1
63 29 108.14478302 1
63 29 108.165290833 1
63 29 108.169532776 1
63 29 108.25617218 1
63 29 108.256988525 1
63 29 108.265205383 1
63 29 108.307197571 1
63 29 108.315925598 1
63 29 108.361030579 1
63 29 108.373023987 1
63 29 108.385856628 1
63 29 108.434776306 1
63 29 108.455024719 1
63 29 108.458480835 1
63 29 108.544830322 1
63 29 108.570854187 1
63 29 108.587913513 1
63 29 108.660552979 1
63 29 108.662498474 1
63 29 108.665901184 1
63 29 108.66645813 1
63 29 108.681404114 1
63 29 108.82283783 1
63 29 108.831268311 1
63 29 108.845596313 1
63 29 108.898925781 1
63 29 108.917884827 1
63 29 108.955001831 1
63 29 109.025848389 1
63 29 109.055938721 1
63 29 109.180297852 1
63 29 109.209838867 1
63 29 109.244972229 1
63 29 109.318969727 1
63 29 109.324836731 1
63 29 109.342460632 1
63 29 109.348693848 1
63 29 109.365119934 1
63 29 109.41633606 1
63 29 109.423675537 1
63 29 109.462028503 1
63 29 109.501296997 1
63 29 109.501815796 1
63 29 109.503494263 1
63 29 109.554031372 1
63 29 109.565086365 1
63 29 109.672027588 1
63 29 109.724906921 1
63 29 109.746864319 1
63 29 109.765991211 1
63 29 109.832931519 1
63 29 109.930908203 1
63 29 109.933914185 1
63 29 109.934501648 1
63 29 109.940338135 1
63 29 110.003616333 1
63 29 110.025444031 1
63 29 110.097854614 1
63 29 110.186599731 1
63 29 110.228279114 1
63 29 110.30947876 1
63 29 110.390060425 1
63 29 110.414382935 1
63 29 110.418060303 1
63 29 110.443557739 1
63 29 110.491157532 1
63 29 110.539497375 1
63 29 110.578865051 1
63 29 110.663291931 1
63 29 110.686653137 1
63 29 110.686973572 1
63 29 110.722755432 1
63 29 110.78993988 1
63 29 110.797210693 1
63 29 110.869491577 1
63 29 110.878555298 1
63 29 110.887619019 1
63 29 110.89604187 1
63 29 110.910545349 1
63 29 110.919418335 1
63 29 110.948638916 1
63 29 110.966629028 1
63 29 110.969917297 1
63 29 110.97000885 1
63 29 111.081298828 1
63 29 111.089637756 1
63 29 111.114151001 1
63 29 111.141876221 1
63 29 111.149154663 1
63 29 111.189048767 1
63 29 111.366333008 1
63 29 111.389877319 1
63 29 111.469284058 1
63 29 111.475601196 1
63 29 111.505447388 1
63 29 111.531005859 1
63 29 111.558280945 1
63 29 111.603141785 1
63 29 111.607177734 1
63 29 111.610054016 1
63 29 111.628700256 1
63 29 111.678909302 1
63 29 111.68825531 1
63 29 111.801521301 1
63 29 111.806671143 1
63 29 111.813041687 1
63 29 111.860160828 1
63 29 111.919296265 1
63 29 111.937484741 1
63 29 111.999923706 1
63 29 112.017410278 1
63 29 112.051071167 1
63 29 112.090660095 1
63 29 112.095367432 1
63 29 112.110916138 1
63 29 112.163948059 1
63 29 112.237045288 1
63 29 112.246109009 1
63 29 112.290908813 1
63 29 112.308586121 1
63 29 112.324516296 1
63 29 112.34942627 1
63 29 112.378463745 1
63 29 112.395339966 1
63 29 112.40802002 1
63 29 112.44026947 1
63 29 112.458442688 1
63 29 112.579467773 1
63 29 112.61075592 1
63 29 112.706802368 1
63 29 112.737457275 1
63 29 112.822418213 1
63 29 112.946548462 1
63 29 112.97051239 1
63 29 113.101989746 1
63 29 113.15802002 1
63 29 113.185951233 1
63 29 113.192947388 1
63 29 113.367294312 1
63 29 113.401847839 1
63 29 113.427139282 1
63 29 113.468658447 1
63 29 113.555709839 1
63 29 113.578849792 1
63 29 113.639144897 1
63 29 113.696517944 1
63 29 113.701522827 1
63 29 113.790885925 1
63 29 113.853507996 1
63 29 113.986480713 1
63 29 114.231704712 1
63 29 114.319992065 1
63 29 114.347663879 1
63 29 114.367866516 1
63 29 114.37335968 1
63 29 114.387763977 1
63 29 114.417900085 1
63 29 114.439407349 1
63 29 114.452171326 1
63 29 114.472145081 1
63 29 114.569862366 1
63 29 114.583335876 1
63 29 114.60018158 1
63 29 114.619270325 1
63 29 114.687088013 1
63 29 114.794708252 1
63 29 114.831695557 1
63 29 114.892990112 1
63 29 114.902252197 1
63 29 114.981948853 1
63 29 115.011581421 1
63 29 115.103897095 1
63 29 115.118728638 1
63 29 115.290748596 1
63 29 115.341751099 1
63 29 115.356460571 1
63 29 115.371490479 1
63 29 115.371910095 1
63 29 115.424545288 1
63 29 115.488426208 1
63 29 115.553596497 1
63 29 115.555679321 1
63 29 115.693847656 1
63 29 115.701217651 1
63 29 115.703140259 1
63 29 115.720252991 1
63 29 115.822967529 1
63 29 115.898956299 1
63 29 115.998275757 1
63 29 116.010719299 1
63 29 116.372001648 1
63 29 116.391708374 1
63 29 116.40813446 1
63 29 116.65486908 1
63 29 116.699676514 1
63 29 116.795700073 1
63 29 116.817184448 1
63 29 116.831802368 1
63 29 116.866844177 1
63 29 116.92729187 1
63 29 116.975494385 1
63 29 117.05380249 1
63 29 117.147956848 1
63 29 117.219230652 1
63 29 117.251937866 1
63 29 117.338554382 1
63 29 117.339317322 1
63 29 117.370895386 1
63 29 117.439292908 1
63 29 117.449462891 1
63 29 117.511154175 1
63 29 117.793685913 1
63 29 117.847702026 1
63 29 117.941116333 1
63 29 117.988845825 1
63 29 118.197532654 1
63 29 118.289749146 1
63 29 118.299850464 1
63 29 118.359031677 1
63 29 118.417198181 1
63 29 118.519142151 1
63 29 118.555007935 1
63 29 118.766578674 1
63 29 118.773353577 1
63 29 118.886695862 1
63 29 118.920257568 1
63 29 118.999412537 1
63 29 119.006034851 1
63 29 119.131828308 1
63 29 119.221862793 1
63 29 119.275299072 1
63 29 119.315551758 1
63 29 119.356742859 1
63 29 119.427520752 1
63 29 119.466018677 1
63 29 119.490158081 1
63 29 119.527183533 1
63 29 119.570655823 1
63 29 119.65057373 1
63 29 119.662284851 1
63 29 119.735954285 1
63 29 119.768211365 1
63 29 119.852783203 1
63 29 119.994255066 1
63 29 120.016990662 1
63 29 120.026115417 1
63 29 120.04473877 1
63 29 120.131271362 1
63 29 120.162979126 1
63 29 120.163696289 1
63 29 120.172042847 1
63 29 120.181945801 1
63 29 120.205238342 1
63 29 120.320281982 1
63 29 120.34727478 1
63 29 120.426399231 1
63 29 120.499221802 1
63 29 120.571083069 1
63 29 120.603904724 1
63 29 120.609619141 1
63 29 120.749916077 1
63 29 120.77015686 1
63 29 120.813568115 1
63 29 120.89276123 1
63 29 121.01499176 1
63 29 121.069839478 1
63 29 121.083839417 1
63 29 121.085700989 1
63 29 121.094604492 1
63 29 121.256248474 1
63 29 121.260673523 1
63 29 121.331062317 1
63 29 121.352752686 1
63 29 121.373207092 1
63 29 121.398078918 1
63 29 121.466255188 1
63 29 121.522750854 1
63 29 121.591796875 1
63 29 121.597068787 1
63 29 121.699226379 1
63 29 121.812301636 1
63 29 122.018424988 1
63 29 122.049110413 1
63 29 122.143768311 1
63 29 122.178611755 1
63 29 122.225822449 1
63 29 122.415916443 1
63 29 122.539962769 1
63 29 122.62197876 1
63 29 122.712005615 1
63 29 122.855529785 1
63 29 123.004493713 1
63 29 123.030944824 1
63 29 123.074394226 1
63 29 123.107040405 1
63 29 123.131126404 1
63 29 123.213973999 1
63 29 123.526626587 1
63 29 123.556686401 1
63 29 123.63192749 1
63 29 123.647712708 1
63 29 123.653404236 1
63 29 123.699737549 1
63 29 123.805633545 1
63 29 123.971717834 1
63 29 124.045944214 1
63 29 124.057815552 1
63 29 124.119659424 1
63 29 124.319145203 1
63 29 124.65410614 1
63 29 124.77721405 1
63 29 124.784820557 1
63 29 125.145828247 1
63 29 125.444404602 1
63 29 125.640045166 1
63 29 125.672401428 1
63 29 125.797538757 1
63 29 126.00113678 1
63 29 126.436592102 1
63 29 126.61290741 1
63 29 126.768531799 1
63 29 127.002906799 1
63 29 127.018157959 1
63 29 127.298362732 1
63 29 127.311805725 1
63 29 127.445655823 1
63 29 127.464439392 1
63 29 127.725654602 1
63 29 127.759643555 1
63 29 127.905677795 1
63 29 128.038009644 1
63 29 128.230209351 1
63 29 128.399917603 1
63 29 128.724105835 1
63 29 129.001983643 1
63 29 129.242538452 1
63 29 129.331268311 1
63 29 129.412643433 1
63 29 129.708190918 1
63 29 129.80078125 1
63 29 130.329620361 1
63 29 130.383422852 1
63 29 130.663818359 1
63 29 131.033996582 1
63 29 131.050186157 1
63 29 131.211349487 1
63 29 131.235015869 1
63 29 131.424667358 1
63 29 131.53465271 1
63 29 131.813934326 1
63 29 131.880233765 1
63 29 131.984741211 1
63 29 132.437774658 1
63 29 132.486206055 1
63 29 132.512420654 1
63 29 132.544937134 1
63 29 132.68699646 1
63 29 132.840103149 1
63 29 133.00428772 1
63 29 133.21534729 1
63 29 133.329238892 1
63 29 133.618331909 1
63 29 133.631256104 1
63 29 133.736068726 1
63 29 133.910736084 1
63 29 134.022399902 1
63 29 134.046112061 1
63 29 134.289108276 1
63 29 134.293014526 1
63 29 134.428009033 1
63 29 134.449554443 1
63 29 134.487625122 1
63 29 134.570495605 1
63 29 134.870254517 1
63 29 135.296691895 1
63 29 135.495437622 1
63 29 135.789871216 1
63 29 135.818069458 1
63 29 135.868011475 1
63 29 135.947647095 1
63 29 135.988235474 1
63 29 136.43536377 1
63 29 136.90057373 1
63 29 137.455993652 1
63 29 138.299041748 1
63 29 138.345001221 1
63 29 138.639678955 1
63 29 138.892974854 1
63 29 139.207809448 1
63 29 139.376052856 1
63 29 139.506256104 1
63 29 139.538665771 1
63 29 139.603393555 1
63 29 139.684707642 1
63 29 139.888412476 1
63 29 140.467788696 1
63 29 140.946060181 1
63 29 140.966552734 1
63 29 141.281814575 1
63 29 142.472167969 1
63 29 142.714889526 1
63 29 142.74446106 1
63 29 143.182037354 1
63 29 143.448654175 1
63 29 143.495666504 1
63 29 143.668823242 1
63 29 143.75970459 1
63 29 143.814163208 1
63 29 143.905273438 1
63 29 144.810302734 1
63 29 145.09602356 1
63 29 145.171066284 1
63 29 145.594497681 1
63 29 146.117401123 1
63 29 146.259887695 1
63 29 146.309661865 1
63 29 146.519699097 1
63 29 146.62272644 1
63 29 146.742492676 1
63 29 146.97177124 1
63 29 147.642959595 1
63 29 147.851257324 1
63 29 148.136581421 1
63 29 148.198806763 1
63 29 148.34866333 1
63 29 148.642288208 1
63 29 148.758728027 1
63 29 148.944869995 1
63 29 149.413299561 1
63 29 149.485229492 1
63 29 149.760360718 1
63 29 149.802307129 1
63 29 150.149017334 1
63 29 150.632476807 1
63 29 150.964508057 1
63 29 151.046432495 1
63 29 151.655288696 1
63 29 151.760177612 1
63 29 151.775726318 1
63 29 151.803833008 1
63 29 153.229873657 1
63 29 153.270629883 1
63 29 153.515518188 1
63 29 153.744338989 1
63 29 153.802108765 1
63 29 154.169998169 1
63 29 154.559783936 1
63 29 154.695709229 1
63 29 154.841751099 1
63 29 155.10710144 1
63 29 155.197402954 1
63 29 155.408081055 1
63 29 155.758743286 1
63 29 155.958206177 1
63 29 156.270126343 1
63 29 156.426681519 1
63 29 156.458236694 1
63 29 156.533279419 1
63 29 157.063552856 1
63 29 157.408538818 1
63 29 157.454544067 1
63 29 157.621307373 1
63 29 157.755752563 1
63 29 159.556716919 1
63 29 160.445602417 1
63 29 160.687911987 1
63 29 160.970565796 1
63 29 161.720474243 1
63 29 162.228057861 1
63 29 162.658538818 1
63 29 162.917602539 1
63 29 162.929016113 1
63 29 163.913650513 1
63 29 164.404541016 1
63 29 165.053268433 1
63 29 165.394302368 1
63 29 165.500595093 1
63 29 166.341400146 1
63 29 166.679534912 1
63 29 166.955154419 1
63 29 167.384963989 1
63 29 167.65536499 1
63 29 167.830993652 1
63 29 168.343643188 1
63 29 168.616394043 1
63 29 169.168426514 1
63 29 169.180419922 1
63 29 169.318939209 1
63 29 170.774124146 1
63 29 172.652786255 1
63 29 173.723922729 1
63 29 175.755813599 1
63 29 176.487472534 1
63 29 177.227966309 1
63 29 177.814758301 1
63 29 179.661300659 1
63 29 180.787109375 1
63 29 181.110321045 1
63 29 184.528182983 1
63 29 184.922683716 1
63 29 184.972839355 1
63 29 185.070663452 1
63 29 186.00541687 1
63 29 186.774856567 1
63 29 186.912811279 1
63 29 187.419311523 1
63 29 188.425765991 1
63 29 189.209915161 1
63 29 190.77961731 1
63 29 191.424606323 1
63 29 192.119781494 1
63 29 192.459701538 1
63 29 192.955612183 1
63 29 197.508636475 1
63 29 197.74369812 1
63 29 198.009262085 1
63 29 198.143707275 1
63 29 198.247055054 1
63 29 200.891571045 1
63 29 201.563705444 1
63 29 203.139251709 1
63 29 205.47618103 1
63 29 206.059265137 1
63 29 206.151535034 1
63 29 206.413925171 1
63 29 206.648651123 1
63 29 209.604827881 1
63 29 209.922393799 1
63 29 209.963195801 1
63 29 211.751647949 1
63 29 212.265975952 1
63 29 212.760040283 1
63 29 213.054321289 1
63 29 213.631164551 1
63 29 218.859039307 1
63 29 220.650604248 1
63 29 222.090667725 1
63 29 222.798522949 1
63 29 222.984954834 1
63 29 223.441467285 1
63 29 225.230941772 1
63 29 225.862884521 1
63 29 226.932815552 1
63 29 230.519866943 1
63 29 231.149993896 1
63 29 231.803939819 1
63 29 233.178115845 1
63 29 240.3331604 1
63 29 241.284301758 1
63 29 242.202178955 1
63 29 242.231369019 1
63 29 242.245986938 1
63 29 242.6796875 1
63 29 243.644500732 1
63 29 244.182525635 1
63 29 244.671463013 1
63 29 245.252685547 1
63 29 246.1668396 1
63 29 246.605026245 1
63 29 247.83291626 1
63 29 253.120346069 1
63 29 262.740814209 1
63 29 262.797943115 1
63 29 264.01473999 1
63 29 266.418548584 1
63 29 267.897277832 1
63 29 268.386901855 1
63 29 274.046203613 1
63 29 274.734649658 1
63 29 275.915618896 1
63 29 277.153198242 1
63 29 280.058227539 1
63 29 284.866546631 1
63 29 287.17489624 1
63 29 287.946044922 1
63 29 288.824493408 1
63 29 290.92010498 1
63 29 291.470031738 1
63 29 294.992767334 1
63 29 295.064910889 1
63 29 295.578613281 1
63 29 297.893218994 1
63 29 297.900756836 1
63 29 300.036743164 1
63 29 304.227020264 1
63 29 311.744293213 1
63 29 312.090881348 1
63 29 313.727783203 1
63 29 314.697479248 1
63 29 315.236755371 1
63 29 318.484313965 1
63 29 320.559509277 1
63 29 323.143737793 1
63 29 326.624908447 1
63 29 335.853424072 1
63 29 338.418792725 1
63 29 340.295257568 1
63 29 344.638916016 1
63 29 345.33493042 1
63 29 349.496795654 1
63 29 352.94821167 1
63 29 354.189941406 1
63 29 367.36328125 1
63 29 367.62298584 1
63 29 369.158843994 1
63 29 369.9737854 1
63 29 376.707305908 1
63 29 378.216247559 1
63 29 379.475708008 1
63 29 380.155853271 1
63 29 381.08291626 1
63 29 384.116485596 1
63 29 384.286560059 1
63 29 386.138183594 1
63 29 388.431976318 1
63 29 392.142944336 1
63 29 394.210754395 1
63 29 395.184997559 1
63 29 395.42791748 1
63 29 395.961486816 1
63 29 419.659545898 1
63 29 424.957000732 1
63 29 426.082397461 1
63 29 428.222412109 1
63 29 430.720855713 1
63 29 432.099914551 1
63 29 433.309204102 1
63 29 438.100921631 1
63 29 464.414306641 1
63 29 468.457824707 1
63 29 471.226715088 1
63 29 475.167785645 1
63 29 478.525604248 1
63 29 483.275756836 1
63 29 490.983001709 1
63 29 492.140716553 1
63 29 515.666931152 1
63 29 517.331176758 1
63 29 544.024291992 1
63 29 562.515319824 1
63 29 585.008300781 1
63 29 587.932067871 1
63 29 610.7578125 1
63 29 621.331726074 1
63 29 635.821289062 1
63 29 655.377502441 1
63 29 660.838012695 1
63 29 679.435302734 1
63 29 692.702941895 1
63 29 711.827575684 1
63 29 787.877990723 1
63 29 833.562561035 1
63 29 863.301391602 1
63 29 867.75 1
63 29 879.592468262 1
63 29 887.462524414 1
63 29 960.42767334 1
63 29 983.492370605 1
63 29 986.627929688 1
63 29 1027.88305664 1
63 29 1103.40124512 1
63 29 1118.60681152 1
63 29 1126.1697998 1
63 29 1204.4407959 1
63 29 1232.90185547 1
63 29 1320.37463379 1
63 29 1876.3347168 1
63 31 101.442146301 1
63 31 101.515541077 1
63 31 102.310256958 1
63 31 106.165008545 1
63 31 108.79120636 1
63 31 108.904243469 1
63 31 111.13105011 1
63 31 112.24382782 1
63 31 112.764144897 1
63 31 115.86000824 1
63 31 116.058830261 1
63 31 119.586807251 1
63 31 120.570960999 1
63 31 122.0184021 1
63 31 122.281471252 1
63 31 122.633460999 1
63 31 124.603416443 1
63 31 126.442390442 1
63 31 129.823974609 1
63 31 130.253417969 1
63 31 130.442718506 1
63 31 137.213851929 1
63 31 137.705245972 1
63 31 138.519897461 1
63 31 141.189239502 1
63 31 141.235198975 1
63 31 142.838134766 1
63 31 143.268478394 1
63 31 143.405639648 1
63 31 143.579269409 1
63 31 144.661865234 1
63 31 150.864120483 1
63 31 152.567977905 1
63 31 153.011871338 1
63 31 153.606811523 1
63 31 154.513092041 1
63 31 155.849578857 1
63 31 155.895462036 1
63 31 158.459228516 1
63 31 163.950531006 1
63 31 165.943466187 1
63 31 169.233123779 1
63 31 170.999160767 1
63 31 171.251296997 1
63 31 171.716812134 1
63 31 172.043060303 1
63 31 175.46144104 1
63 31 176.259017944 1
63 31 177.845352173 1
63 31 178.491973877 1
63 31 180.497314453 1
63 31 184.189529419 1
63 31 185.966598511 1
63 31 186.010253906 1
63 31 187.942504883 1
63 31 189.590377808 1
63 31 189.912857056 1
63 31 190.699417114 1
63 31 191.153839111 1
63 31 193.677902222 1
63 31 193.87677002 1
63 31 196.233032227 1
63 31 198.973510742 1
63 31 200.6512146 1
63 31 204.631439209 1
63 31 204.730911255 1
63 31 204.884735107 1
63 31 205.284576416 1
63 31 206.374725342 1
63 31 206.931259155 1
63 31 207.593978882 1
63 31 209.303985596 1
63 31 211.12361145 1
63 31 212.143051147 1
63 31 212.548660278 1
63 31 213.263656616 1
63 31 216.344467163 1
63 31 217.724319458 1
63 31 220.845840454 1
63 31 221.31211853 1
63 31 222.374557495 1
63 31 223.764511108 1
63 31 223.966751099 1
63 31 224.366333008 1
63 31 225.105255127 1
63 31 229.20324707 1
63 31 231.288635254 1
63 31 232.986816406 1
63 31 235.202163696 1
63 31 235.234695435 1
63 31 239.555999756 1
63 31 240.822433472 1
63 31 241.252151489 1
63 31 242.970108032 1
63 31 247.259613037 1
63 31 252.831573486 1
63 31 258.144683838 1
63 31 259.092102051 1
63 31 261.25378418 1
63 31 262.687286377 1
63 31 266.446044922 1
63 31 267.501708984 1
63 31 267.569763184 1
63 31 268.287994385 1
63 31 276.791992188 1
63 31 282.367126465 1
63 31 286.738220215 1
63 31 288.500701904 1
63 31 289.213134766 1
63 31 289.952178955 1
63 31 294.5390625 1
63 31 296.793609619 1
63 31 302.608642578 1
63 31 303.190673828 1
63 31 304.467285156 1
63 31 306.308898926 1
63 31 311.743896484 1
63 31 316.41104126 1
63 31 323.9637146 1
63 31 326.489593506 1
63 31 333.668487549 1
63 31 333.923706055 1
63 31 337.844238281 1
63 31 346.06539917 1
63 31 357.719451904 1
63 31 362.07232666 1
63 31 389.662536621 1
63 31 393.121154785 1
63 31 393.636169434 1
63 31 396.429748535 1
63 31 401.364044189 1
63 31 408.745422363 1
63 31 412.765350342 1
63 31 414.304229736 1
63 31 417.263183594 1
63 31 417.713500977 1
63 31 439.502960205 1
63 31 445.242828369 1
63 31 449.576080322 1
63 31 467.217163086 1
63 31 472.880279541 1
63 31 475.202819824 1
63 31 481.051086426 1
63 31 484.860351562 1
63 31 492.08380127 1
63 31 501.060302734 1
63 31 512.506347656 1
63 31 533.46472168 1
63 31 534.395202637 1
63 31 547.372192383 1
63 31 556.91418457 1
63 31 570.004943848 1
63 31 629.225585938 1
63 31 662.010498047 1
63 31 686.325378418 1
63 31 720.330322266 1
63 31 736.106201172 1
63 31 747.321044922 1
63 31 793.13470459 1
63 31 797.874084473 1
63 31 801.251220703 1
63 31 824.022949219 1
63 31 909.629272461 1
63 31 929.181640625 1
63 31 981.350158691 1
63 31 1041.98803711 1
63 31 1057.94458008 1
63 31 1106.40185547 1
63 31 1151.62341309 1
63 31 1235.80773926 1
63 31 1432.29907227 1
63 31 2159.62109375 1
63 32 211.449081421 1
63 32 230.258773804 1
63 32 232.974853516 1
63 32 233.580429077 1
63 32 234.930236816 1
63 32 242.1822052 1
63 32 243.692749023 1
63 32 246.728683472 1
63 32 251.115936279 1
63 32 257.113250732 1
63 32 262.510803223 1
63 32 266.511444092 1
63 32 271.022003174 1
63 32 282.464782715 1
63 32 291.808349609 1
63 32 293.957580566 1
63 32 294.737701416 1
63 32 298.125396729 1
63 32 300.96887207 1
63 32 318.416320801 1
63 32 320.203857422 1
63 32 321.964385986 1
63 32 323.730102539 1
63 32 325.73538208 1
63 32 330.559997559 1
63 32 333.412017822 1
63 32 343.67276001 1
63 32 345.520690918 1
63 32 346.560455322 1
63 32 357.428161621 1
63 32 366.776885986 1
63 32 367.533477783 1
63 32 383.869598389 1
63 32 391.289611816 1
63 32 392.410217285 1
63 32 430.297454834 1
63 32 443.324157715 1
63 32 462.397613525 1
63 32 477.257659912 1
63 32 496.186798096 1
63 32 502.754943848 1
63 32 505.69128418 1
63 32 547.786987305 1
63 32 550.488342285 1
63 32 634.815063477 1
63 32 750.499206543 1
63 32 760.653686523 1
63 32 798.579650879 1
63 32 812.789672852 1
63 32 930.650695801 1
63 32 949.755065918 1
63 33 356.201538086 1
63 33 540.611816406 1
63 33 596.569458008 1
63 33 635.64465332 1
63 33 639.61541748 1
63 33 656.235717773 1
63 33 726.191040039 1
63 33 737.891357422 1
63 33 867.264221191 1
63 33 949.145019531 1
63 34 544.150268555 1
63 34 549.975830078 1
63 34 784.132995605 1
63 34 953.460144043 1
63 34 1054.1418457 1
63 35 580.905334473 1
64 19 1748.00109863 1
64 21 1453.56030273 1
64 22 2135.71899414 1
64 24 1089.75830078 1
64 24 1614.69787598 1
64 25 1012.31762695 1
64 25 1063.15820312 1
64 26 811.69732666 1
64 27 796.219970703 1
64 27 1516.7097168 1
64 28 720.876464844 1
64 28 731.913085938 1
64 28 794.453552246 1
64 28 810.267272949 1
64 28 914.233764648 1
64 28 924.052429199 1
64 28 942.389038086 1
64 28 970.06842041 1
64 28 992.786315918 1
64 28 1062.34887695 1
64 28 1590.96936035 1
64 29 702.199951172 1
64 29 723.100952148 1
64 29 730.476501465 1
64 29 774.982788086 1
64 29 818.818847656 1
64 29 835.782226562 1
64 29 853.191650391 1
64 29 1330.30871582 1
64 29 1467.04016113 1
64 29 2066.50341797 1
64 30 665.511535645 1
64 30 712.188293457 1
64 30 720.537109375 1
64 30 727.260620117 1
64 30 790.988464355 1
64 30 839.32208252 1
64 30 1211.56555176 1
64 30 1486.57080078 1
64 30 1867.37548828 1
64 31 729.916442871 1
64 31 925.003417969 1
64 31 1001.20703125 1
64 31 1198.11010742 1
64 31 1586.25756836 1
64 32 1886.33520508 1
64 33 957.12298584 1
64 34 1350.49145508 1
65 28 1662.03662109 1
69 30 1596.05993652 1
70 24 950.397766113 1
70 25 913.739318848 1
70 25 1156.89074707 1
70 25 1477.57995605 1
70 26 800.702148438 1
70 26 820.925109863 1
70 26 881.67175293 1
70 26 927.483703613 1
70 26 977.180664062 1
70 26 1321.6217041 1
70 26 1818.68798828 1
70 26 2165.70288086 1
70 27 790.260375977 1
70 27 943.919677734 1
70 27 1362.47558594 1
70 28 695.311096191 1
70 28 761.044677734 1
70 28 765.156677246 1
70 28 830.588623047 1
70 28 837.353515625 1
70 28 930.638183594 1
70 28 1243.34375 1
70 29 778.514221191 1
70 29 781.210266113 1
70 29 903.21661377 1
70 29 904.297546387 1
70 29 951.039123535 1
70 29 1030.83312988 1
70 29 1168.01086426 1
70 29 1378.41394043 1
70 29 1831.72155762 1
70 30 709.752563477 1
70 30 730.565551758 1
70 30 794.993896484 1
70 30 808.644592285 1
70 30 1519.34399414 1
70 30 1933.58984375 1
70 31 1601.10375977 1
70 31 1792.19689941 1
71 19 1743.70532227 1
71 23 1738.72045898 1
71 26 738.260803223 1
71 26 885.758972168 1
71 26 911.205078125 1
71 26 934.767272949 1
71 26 1237.4453125 1
71 27 718.203613281 1
71 27 730.674743652 1
71 27 766.82409668 1
71 27 805.849182129 1
71 27 912.082092285 1
71 27 931.041015625 1
71 27 1412.92578125 1
71 28 878.547241211 1
71 28 883.110656738 1
71 28 914.675415039 1
71 28 1077.0045166 1
71 28 1079.78308105 1
71 28 1228.57641602 1
71 30 871.032958984 1
71 30 1089.85693359 1
71 30 1199.83435059 1
71 30 1321.66418457 1
71 30 1443.05175781 1
71 30 2154.32226562 1
71 31 2346.19970703 1
71 32 1278.82580566 1
71 32 1725.19494629 1
72 27 1351.09472656 1
72 29 1354.61914062 1
72 33 1931.26171875 1
73 29 2743.72338867 1
77 28 1302.15795898 1
77 28 1865.31726074 1
